5486.340051853061 2546.1220828026467 3378.8181251966244
3995.565246120052 3406.2164170152046 4520.201857518454
2149.766934020006 3963.653474641419 5259.945818220639
112.95239573547512 4168.9025268389705 5532.320510081898
-1933.8984585935773 4003.726294599474 5313.124246433704
-3808.913948102984 3482.8014110213676 4621.833577228162
-5345.490718179903 2652.4143380517576 3519.8727121033116
-6407.097179646892 1586.3486112176518 2105.1557098011135
-6899.404939619399 379.3288487006411 503.3863843594177
-6778.670293166844 -861.3959466806598 -1143.1110304073802
-6055.621043461805 -2025.5819320255337 -2688.0380136623494
-4794.503289389948 -3009.78607359004 -3994.121023142888
-3107.3728777246547 -3726.5575142874413 -4945.308851805776
-1144.13874939226 -4112.207966112112 -5457.084286855276
920.7571277938342 -4132.470694020299 -5483.973834997739
2903.8396934993425 -3785.5452657158435 -5023.588241877868
4628.90335914684 -3102.25752796076 -4116.83478781326
5942.668647726334 -2143.320594813436 -2844.2824964195465
6728.401747983522 -993.9402210094343 -1319.0032232908154
6916.286825827644 243.75610326607543 323.47527457761527
6489.629467572164 1459.7936280603542 1937.2115747519636
5224.79853156533 3026.7094220552813 3396.9967805775323
3659.156466079806 3749.3633260370207 4533.423138686098
1768.382290639427 4138.869844690424 5267.034956322644
-279.5204117421263 4160.619614511933 5532.647604087725
-2302.586498885263 3812.680073005615 5306.66023260551
-4121.057670868035 3125.967175341833 4609.1528115614365
-5573.354783830468 2161.4983760679283 3502.101936276171
-6530.434865984945 1004.9709605010015 2083.8739352315574
-6907.257151955277 -240.8525351488553 480.4845901114851
-6670.339327975639 -1465.2752260867999 -1165.5979194118922
-5840.732582403369 -2559.50178293251 -2708.1119386532987
-4492.151115251798 -3426.3053741760996 -4009.998327791866
-2744.422308029633 -3988.6666968306668 -4955.578767918314
-752.8395350401107 -4196.617479496336 -5460.834287315993
1305.636334419616 -4031.6803825562856 -5480.870715809093
3248.100685875469 -3508.510790888167 -5013.907728797585
4901.957037336211 -2673.594618603627 -4101.437036910755
6120.252994145495 -1601.1178315794207 -2824.535665434423
6794.737614137063 -386.374698829515 -1296.6619048136424
6865.479978897667 862.6995214888348 346.42595635687957
6326.194318870575 2035.1191034284054 1958.732351039819
4921.296891098543 3480.932500412823 3415.116774796013
3293.4697876403716 4059.663765985526 4546.566134271431
1373.0034403962468 4277.676090409416 5274.033140439985
-669.4602878534341 4115.598121928103 5532.879157367222
-2652.439531649259 3587.8311993086013 5300.104580522126
-4399.737883018885 2741.269729692646 4596.392452571786
-5756.1002155505985 1651.1344147294353 3484.2706842744005
-6601.007783700908 414.28856113347894 2062.5561752091817
-6859.386842223862 -859.3686491945924 457.5744985979366
-6508.279277891877 -2056.6671837645213 -1188.0646802463446
-5578.882538606013 -3071.221813521697 -2728.1390985147673
-4153.77760324224 -3812.8849073125325 -4025.806385638909
-2359.591299277617 -4215.756444518836 -4965.763108438706
-355.74495347631273 -4244.039521087204 -5464.489987161253
1679.7108926023693 -3895.2210615463014 -5477.672950005195
3565.9170545834913 -3200.295116790935 -5004.14063286937
5135.275837495628 -2221.0089066448936 -4085.9684601936387
6248.342826459452 -1044.3763084064046 -2804.7400588524547
6806.217134891496 225.05370800393072 -1274.2981948832164
6759.329182296499 1474.4867148261899 369.37065586691983
6111.845169026921 2592.905106357766 1980.2193028868464
4578.454278673256 3905.140636986825 3433.1777949462867
2901.682164605542 4334.637931537195 4559.630617314149
967.082856390181 4378.983623625237 5280.940249724263
-1053.4460075886614 4034.2374039010624 5533.015165921804
-2980.3715708215855 3331.031486881034 5293.457403390072
-4642.478040841805 2331.8488042607164 4583.552720611935
-5892.0799637539085 1125.4711222319077 3466.3792640176216
-6618.144724919448 -180.90960805587721 2041.2027978604951
-6756.158284026137 -1471.2157257591596 434.65650544252566
-6293.857530684821 -2630.7978699048667 -1210.5109249426653
-5272.319915603308 -3556.6220782432374 -2748.1191474070115
-3782.313538825589 -4166.424806950779 -4041.5449237019966
-1956.2320057136417 -4406.022407506634 -4975.8616974982915
43.66932588872089 -4254.1255816446655 -5468.051323262468
2039.6904462461944 -3724.2310289309457 -5474.3805928067795
3854.4761194205944 -2863.422205778037 -4994.287122756677
5326.774674294639 -1748.1857537203673 -4070.4293247815945
6325.7659231919715 -477.61532565782534 -2784.8960185147935
6762.685109647177 835.3933200697448 -1251.9124796880762
6598.710046555447 2074.17360324592 392.30897688635804
5848.4106378651895 3128.6544594127586 2001.6720592448462
4199.206257383124 4295.94034104901 3451.1795291409708
2487.178839375716 4572.110866249072 4572.6163622097565
554.1546666852162 4442.029276604845 5287.7561648998135
-1428.1085800079593 3917.253892209876 5533.0556274028
-3283.4781122161558 3044.4133089064962 5286.718815996364
-4847.096204847581 1901.063242919025 4570.633837405261
-5980.028528546966 588.7953651195622 3448.4279844644707
-6581.609074561995 -775.7895647566673 2019.8141719270668
-6598.384771386496 -2071.4421873078413 411.7310064054405
-6028.865024738681 -3183.038081142399 -1232.9362658870668
-4923.654163404446 -4011.807072934912 -2768.0517403038275
-3380.9550225513194 -4484.109400771797 -4057.2136701996073
-1537.8431908677737 -4557.97893016012 -4985.874360709222
441.9127570380672 -4226.852029242638 -5471.518234120578
2382.4028171788736 -3520.150776292343 -5470.993701068038
4111.205932010779 -2500.668678941233 -4984.347368615198
5474.710358053462 -1258.9911954624465 -4054.819899012746
6351.762743412408 94.553180725038 -2765.0038870989715
6664.433134767475 1439.6960918653003 -1229.5051457967581
6384.939395715355 2656.9156872411 415.24052330396626
5538.1157715089 3638.0566641230776 2023.0902496561082
3786.7797892528447 4650.222622506559 3469.1216665164634
2053.5242889799683 4770.22978818906 4585.52314471344
137.80414388830775 4466.381103382336 5294.480768265756
-1790.1605041313537 3765.6748571494563 5533.000541111501
-3559.061535368962 2730.3718744669277 5279.888934706548
-5011.72433050475 1452.463368698394 4557.636026041965
-6019.073425285219 45.49711859050034 3430.4171556072856
-6491.6014319604365 -1365.5117501649727 1998.3906667591702
-6387.322163482307 -2655.188907468679 388.7983973764998
-5715.501290477146 -3708.940878239189 -1255.3403158267288
-4535.833045748804 -4433.13717555919 -2787.9365329985135
-2953.1361297302124 -4763.429780328698 -4072.8123545554254
-1108.0401089606405 -4670.470745148717 -4995.800925167459
835.5101380440011 -4162.519888238997 -5474.890659867105
2704.821642707594 -3284.710872341583 -5467.512333275632
4333.797874502339 -2115.0408807203853 -4974.321542089946
5577.69714658884 -757.4402251431483 -4039.1404524390296
6325.993549880155 667.4623184097359 -2745.064008112984
6512.197665099177 2033.057905861771 -1207.0765801511225
6119.764439465394 3218.007376450326 438.16489912549616
5183.563287241216 4117.022769648495 2044.4735042598188
3344.6658729167634 4965.187888433862 3487.003897238313
1604.4317465326376 4927.478662870211 4598.350741943962
-278.3631814636629 4451.941334226594 5301.113943698035
-2136.42431921021 3580.829481014194 5532.849907999165
-3804.6547806512344 2391.54521420233 5272.967877462673
-5134.824968378897 989.7616599852811 4544.5595109752285
-6008.743423857871 -499.9665612189601 3412.3470884667104
-6348.7586571908805 -1945.2705593917847 1976.9326523093746
-6124.6588227640095 -3217.7287316834063 365.8590743683014
-5356.356174312014 -4204.277585394998 -1277.7226878764952
-4112.117773790492 -4817.257925475952 -2807.7731821098037
-2502.4996633360574 -5002.203758690162 -4088.340707403003
-670.5234757553372 -4742.681836135124 -5005.641219455756
1221.0316651900644 -4061.7518195230477 -5478.168542265194
3004.092784274119 -3019.9173290420777 -5463.936549547689
4520.227076231372 -1709.749931186807 -4964.2098163122655
5634.719355775675 -247.6637488315965 -4023.3912558215384
6248.5420930007 1236.4284444617624 -2725.076725889356
6307.154443987292 2610.6585444878315 -1184.6271700596703
5805.348444134227 3752.9201761498407 461.08170848053055
4787.711758667813 4561.718380742005 2065.821453798477
2876.590066284502 5238.3682251093605 3504.8259125065683
1143.731557560219 5042.689907999043 4611.098932387488
-690.7525192365625 4398.9464630828425 5307.655576651414
-2463.860203381673 3364.337320463139 5532.603730667008
-4018.0430959839055 2030.7920427691379 5265.95576378127
-5215.205226616276 516.801980091004 4531.404518017328
-5948.973486312615 -1043.1082064663497 3394.2180950863553
-6154.149345109933 -2510.3336512741976 1955.4404991261915
-5812.502027554665 -3754.504934748559 342.91343350937376
-4954.388397106153 -4665.071978396984 -1300.0829955255651
-3656.0556155993922 -5161.126904433659 -2827.5613450878027
-2032.8662483108176 -5198.593055779037 -4103.798460590411
-229.04779377322572 -4774.141400468582 -5015.395073646648
1595.1225624007895 -3925.4863307520427 -5481.351824710612
3277.5592788254294 -2728.034573835163 -5460.266411632759
4668.770469994448 -1288.1849732504832 -4954.012365896863
5645.140916342714 266.1255153141448 -4007.5725811258453
6119.915818981058 1796.789583970522 -2705.0423855791973
6050.90934429472 3167.8010130099005 -1162.1573031908567
5444.253020389505 4257.339420377582 483.99055562932097
4353.850923911826 4968.594537218392 2087.133729624257
2386.4811426018864 5467.646887052287 3522.587404561111
675.338639841675 5115.053138887388 4623.767495901435
-1095.8106647432699 4307.964472291372 5314.105554161471
-2769.5923828798855 3118.094257141563 5532.262013366149
-4197.2836636416405 1651.1676837134587 5258.852714751279
-5252.027871412861 37.52761555738795 4518.1712743357375
-5840.106354664361 -1579.4469459281904 3376.0304885274068
-5909.265759419328 -3056.0807149792913 1933.914578347641
-5453.360969064232 -4261.16830111516 319.9618710373506
-4512.901124927341 -5087.632383867862 -1322.420852644158
-3171.4502113002723 -5462.038002606929 -2847.300680219902
-1548.2020287191533 -5351.1175750554 -4119.185347184885
212.6106982863547 -4764.726867967507 -5025.0623193053325
1954.53203172244 -3754.969269001243 -5484.440452232732
3522.784616817442 -2411.5661720729954 -5456.501982908752
4778.022329222554 -853.8848377722285 -4943.729366938782
5608.711789670615 779.6679115764936 -3991.6847015173134
5941.042594180157 2343.94374546537 -2684.961333146242
5745.485692360795 3699.9498913419407 -1139.6673675663942
5039.417173126505 4727.199252410124 506.8910449696003
3885.5743229419186 5334.416214929436 2108.4099637053314
1878.4381432671955 5651.274838038961 3540.2880666869687
203.21932232954697 5144.120888432512 4636.356213718244
-1490.0564272103918 4179.889223286138 5320.463764846535
-3050.9341241877596 2844.256057509063 5531.824761997548
-4340.722935427163 1255.89825921019 5251.6588530319605
-5244.8194649050165 -444.0516108382405 4504.860008449205
-5682.8907684149435 -2104.545546575305 3357.7845828632044
-5616.012288195831 -3578.0413748531328 1912.355261694877
-5050.126470706528 -4733.612524999313 297.00478329212285
-4035.514754179958 -5468.581429182897 -1344.735873490171
-2662.3298421796994 -5717.642874909251 -2866.9908466366705
-1052.5852402597 -5458.666659737442 -4134.501101477403
650.6861794516309 -4714.663956883881 -5034.642789492639
2296.1412766294047 -3551.742671499202 -5487.4343714954775
3737.574144928634 -2073.2334631858303 -5452.643328381845
4846.90714837698 -410.50836343319526 -4933.3609970103635
5525.571181390353 1288.6922058967589 -3975.727891356366
5713.263966367457 2873.386817400191 -2664.8339153608727
5393.30817568686 4202.768400527254 -1117.1577515545519
4594.133285453391 5158.715567722131 529.7827810434377
3386.7494917855392 5656.2882180745055 2129.6497886322722
1356.6961035040852 5787.884213804115 3557.9275932196147
-268.6421566849711 5129.811261129407 4648.864868449193
-1870.1103823358817 4015.932066097421 5326.730098909612
-3305.411093672006 2545.2196833650887 5531.2919841118955
-4447.011523777713 848.353362253156 5244.374302850775
-5193.4754646071315 -923.8928780323796 4491.470950223806
-5478.476319214523 -2614.0471816676186 3339.48069317384
-5276.690510962369 -4071.9319216545855 1890.762921465735
-4606.047594436311 -5168.007641023626 274.0425667089902
-3526.1371358376464 -5804.883202059738 -1367.0276727158498
-2132.9139185218614 -5925.969416282495 -2886.6315043177547
-550.1719394068493 -5520.507242180106 -4149.745458987317
1081.4552309142498 -4624.523773263014 -5044.136318767861
2616.9903580805076 -3317.6310727031905 -5490.3335307982425
3919.994407458286 -1715.9522921495275 -5448.69051468535
4874.68975112128 38.196379894219454 -4922.90743515818
5396.247518173526 1788.951135962317 -3959.7024261937604
5438.325012193869 3380.7497329174116 -2644.660479794138
4997.183463184561 4672.153879926951 -1094.628843863457
4112.020233692879 5548.4166512953925 552.6653685440566
2861.48596113402 5931.6782543708105 2150.8528376243994
825.5907374215404 5876.498601892736 3575.5056795502433
-736.2772097652771 5072.407506427132 4661.293244088115
-2232.7236957651367 3817.610744121775 5332.904448140283
-3530.7828832497053 2223.6025138923947 5530.663688909485
-4515.116516972068 432.01744218476364 5236.9991900012465
-5098.262233898987 -1397.9542751383021 4478.004330868988
-5228.404977988676 -3103.7116202940397 3321.119135540691
-4893.980995306741 -4533.690567572545 1869.1379305283313
-4124.705324309951 -5560.831212148874 251.0756178118296
-2988.9314842770455 -6093.867600219947 -1389.2958653744547
-1587.5779651563437 -6085.437109513989 -2906.2223140977417
-45.161176860368 -5536.288826126826 -4164.918156466871
1501.2683801862297 -4495.216984934943 -5053.542743191649
2914.3036534454986 -3054.725387696779 -5493.137880076792
4068.3902578852003 -1342.8080343201955 -5444.643610078578
4860.982534075227 488.4237057217346 -4912.368861899949
5221.65518004218 2276.2568560981695 -3943.608582765829
5118.360848406055 3861.8345956215994 -2624.4413748117477
4560.277693832433 5104.271383942058 -1072.081033534376
3596.99385371276 5893.171260073247 575.538412322658
2314.1013245431864 6158.437007990818 2172.0187445360907
289.522377025097 5916.540060706318 3593.0220221310306
-1195.7662366259576 4972.554522659827 4673.64112601516
-2574.805772619095 3586.7356935789144 5338.986705916576
-3725.0625163660065 1882.2196579931738 5529.939887240057
-4544.331108366198 10.460145809820245 5229.533641840776
-4959.815938919453 -1862.228796232324 4464.460382933554
-4934.59935750597 -3569.450537472765 3302.7002270409907
-4470.921968045482 -4959.51093418307 1847.4806623146126
-3609.9835414062622 -5908.897019935955 228.10433320623798
-2428.2822349612557 -6333.251674700063 -1411.5400669268954
-1030.8173955988736 -6194.86912514987 -2925.762937672017
458.24009303009797 -5506.045268094731 -4180.0189319058045
1906.5809384398167 -4327.985126087704 -5062.861900328816
3185.513700576526 -2765.364512577886 -5495.847370904115
4181.399591020387 -957.0291265232464 -5440.502684445644
4805.749778032216 936.3424972761215 -4901.745459221397
5003.088007580352 2746.5159811211465 -3927.446638989684
4755.879911964882 4312.649467156699 -2604.176949568041
4086.091015336103 5495.58512228491 -1049.5147099349745
3053.235000479636 6190.213922320029 598.4015173952632
1749.08565692945 6334.815050050654 2193.1471438631215
-247.08053467997152 5907.832826962369 3610.4763184803796
-1643.2714567906676 4831.25232855535 4685.908301000473
-2893.450498587505 3325.3938591545516 5344.976767206803
-3886.5337658864714 1524.0595521172838 5529.120591602605
-4534.281452313916 -412.69413435078155 5221.977787288454
-4779.138333336862 -2312.7781359034075 4450.839340301655
-4599.347800539694 -4007.3616506213366 3284.224285742322
-4010.8850317592005 -5345.87349666461 1825.791490813899
-3066.0375264278546 -6209.381022549804 205.12910957267414
-1848.7591317893193 -6521.157795161655 -1433.7598932483636
-467.2103751454917 -6253.501080043764 -2945.253037602616
955.8520736489734 -5430.193350926511 -4195.047524535809
2293.9828710120014 -4124.389112568411 -5072.093629251165
3428.2832233075874 -2452.1148019751113 -5498.461956491275
4257.96556643917 -561.9593302977607 -5436.267809294278
4709.30898321852 1378.128693994451 -4891.037410573145
4742.209630376826 3195.7639360070984 -3911.2168739584436
4353.7441410319625 4729.441527926477 -2583.86755399999
3578.4293786649423 5842.88748527729 -1026.930262752647
2485.1554623248644 6437.167248471822 621.2542889495061
1171.0645772321072 6459.476452596449 2214.2376707489507
-779.7980932760022 5850.603688330974 3627.8682671881375
-2075.0689637283263 4649.846564733558 4698.0945572079045
-3185.9608504632297 3035.9301683440126 5350.874528571369
-4013.7661342755664 1152.2580535370043 5528.205816145167
-4484.930682934961 -833.7972459279472 5214.331756822831
-4557.589458621461 -2745.7660010332606 4437.141438188771
-4225.286410257533 -4413.761397351141 3265.691630697159
-3517.548121978224 -5689.5747240415085 1804.070790566436
-2497.2602465554646 -6459.844368213368 182.15034365961284
-1255.0798391801707 -6656.128491709384 -1455.954960634976
98.61991973343568 -6260.98638877825 -2964.6922773240403
1443.5568659923447 -5309.528169317951 -4210.003674835105
2660.22744976286 -3886.29507153317 -5081.23777054024
3640.525150406073 -2117.7476019176456 -5500.981591688203
4297.346215254226 -161.0289642894571 -5431.93905775457
4572.329210283791 1809.9978034798037 -4880.244900867522
4441.0406896434 3620.198323365365 -3894.919567936395
3915.146214542129 5108.728335241245 -2563.5135388211256
3041.373816942623 6143.325415245902 -1004.3280819877328
1897.3620088586003 6632.061072566431 644.0963323514701
584.7612598514639 6531.508999268787 2235.2899609910396
-1304.255421437357 5745.4790256979495 3645.197567920808
-2487.579732743585 4430.016112439995 4710.199684198639
-3449.871668231695 2720.9268267862417 5356.679888164568
-4105.627366484963 770.0712519818312 5527.195576664575
-4396.580055977107 -1249.2085329631984 5206.595682479659
-4296.8773134219 -3157.4906576930957 4423.366913137613
-3815.3781650336527 -4785.215881067433 3247.102581937323
-2994.8659231708652 -5987.7536738349245 1782.3189366569172
-1908.2467012817203 -6658.253275857983 159.1684322767285
-652.0713857809769 -6737.137855057828 -1478.124885810409
662.0433339145534 -6217.3981703932795 -2984.080321149075
1917.3325980624554 -5145.215373686821 -4224.887124532847
3002.2584467969937 -3615.857611622517 -5090.294166290114
3820.4204573394277 -1765.2150328357943 -5503.4062329844855
4299.121344608224 242.2746481369722 -5427.5165045777285
4395.826434025306 2228.2371634179844 -4869.36811647537
4101.943054012672 4016.2110282715835 -3878.55500235416
3443.5840325704107 5447.326918411452 -2543.115255515499
2479.2474579146524 6394.423906650018 -981.7085579468135
1294.6188666249093 6773.348269315617 666.9272531524982
-5.042292305768373 6550.430913903233 2256.303651047157
-1816.1586945434794 5593.478557100334 3662.4639214267286
-2877.3993242930483 4173.757940810719 4722.2234729348565
-3682.9703968202257 2383.1806152450386 5362.392745736339
-4161.293387140553 380.8472335989608 5526.089890606187
-4269.867198478195 -1655.3260960729413 5198.7696978496215
-3999.0445712274827 -3544.4164378298324 4409.516003014077
-3372.889284305163 -5118.569824670208 3228.457460468475
-2447.037982791503 -6237.915820114937 1760.5363047080414
-1303.7566178575087 -6802.99562029976 136.1837722879837
-44.630755985194064 -6763.599405166403 -1500.2692859325036
1218.460744415254 -6123.227701316903 -3003.4168342745716
2373.286660547502 -4938.780344863226 -4239.697616613657
3317.2356418931386 -3315.5006812878883 -5099.26266011008
3966.433679007728 -1397.6242323450379 -5505.73583851012
4263.196677334982 644.4372630145989 -5423.000226134771
4181.155942150554 2629.237679489035 -4858.407245222838
3727.6011528054187 4380.418789921364 -3862.123459803834
2942.8326427252955 5742.380467717942 -2522.6730563316114
1896.5805379306942 6594.1064409361625 -959.0720812359664
681.8089293343438 6859.917119117723 689.7466570960044
-593.5443947025632 6516.194057015241 2277.278378041641
-2311.3304060577393 5396.005842658033 3679.667029541247
-3241.3260359469173 3883.369317030512 4734.165715783319
-3883.315623217192 2025.6783856992747 5368.013002633992
-4180.255575714698 -12.00295974451953 5524.888777063581
-4105.761475560514 -2048.617789540886 5190.85393807602
-3666.4524504653123 -3903.2039385254593 4395.588947003099
-2901.363035184706 -5410.973288643689 3209.7565882645777
-1878.4747818059752 -6437.953916400759 1738.7232708739705
-688.6758005129798 -6892.894086190208 113.19676060481025
562.3150478595671 -6735.370367454186 -1522.3877785998905
1763.3417365508444 -5979.379433883846 -3022.7014827872595
2807.6877736518272 -4692.09439753848 -4254.434895322011
3602.558430728995 -2987.896183054707 -5108.143097127381
4077.325961668617 -1018.2102805400912 -5507.970368036226
4189.805187863714 1041.948073742727 -5418.390300415216
3930.0018364598986 3009.524769159692 -4847.362476388132
3321.0005753576274 4709.6919817549115 -3845.6252240341055
2416.9138391638526 5991.382393628364 -2502.1872942763207
1298.0737019086876 6740.712187079367 -936.4190427540103
63.89401973631839 6891.100121580165 712.5541501242816
-1175.9629264839102 6429.183569183779 2298.2137797716478
-2785.743582253551 5154.835636559002 3696.8065951918647
-3576.387269816373 3561.427535636528 4746.026206518974
-4049.253253738986 1651.570969105429 5373.540561803917
-4162.325316211671 -405.03492583050746 5523.592256778233
-3905.5565082751573 -2425.6516901399073 5182.848539852436
-3301.76186532596 -4230.73865698326 4381.58598560456
-2404.5911910992595 -5659.905927862862 3191.0002882623253
-1293.7620371687585 -6586.165718963787 1716.8802118338726
-67.97644865462128 -6927.215783022583 90.20779417926028
1163.8491456322047 -6652.752325174066 -1544.479981858556
2292.261635861758 -5787.162628111127 -3041.9339336694757
3216.996620320496 -4407.358134995623 -4269.098706166674
3855.887337506618 -2635.940530213154 -5116.935323989867
4152.165543472405 -630.3080416867645 -5510.10978297575
4079.505619422307 1431.3300824047872 -5413.686807025734
3644.3637184709996 3365.788247386054 -4836.23400069824
2885.404108106784 5001.181356068637 -3829.060579945364
1870.063680349911 6192.1975539416335 -2481.658323108754
688.559887954663 6833.0098251355275 -913.7498336857645
-554.1254721806583 6866.679187196414 735.3493383853076
-1747.5743523731433 6290.213969549622 2319.1094947134216
-3235.5546651909444 4872.098198123723 3713.88232240337
-3879.863897801514 3210.767343751892 4757.804740328508
-4179.430196590147 1264.1457206672942 5378.975327793257
-4107.635781284423 -794.8007973107077 5522.200352139148
-3670.859900748857 -2783.1257765218093 5174.753641420384
-2907.912008728415 -4524.157816942646 4367.507360629102
-1886.5833735707943 -5863.198581388558 3172.1888843555644
-697.6235265366357 -6681.268421654926 1695.007504785403
553.323232300724 -6905.678242393716 67.21726999714126
1755.104793729152 -6516.488246226012 -1566.545514208494
2800.9375920842185 -5548.2796722434805 -3061.1138548049466
3597.89479367044 -4087.0821011578064 -4283.688795925096
4075.1632537377986 -2262.729349519882 -5125.639188868648
4190.3355751511735 -237.32316535291721 -5512.154046384128
3933.178191727579 1809.1702235312057 -5408.889827188772
3326.5406655007914 3694.910898641823 -4825.022010325651
2424.325402860994 5252.342525558714 -3812.429813584762
1306.6981892001997 6343.080469554188 -2461.0864973341963
72.96510707841816 6870.207877679615 -891.0648454952898
-1167.251245009383 6786.8871664625285 758.1318282395448
-2303.7522015803756 6100.521746741487 2339.9651620285576
-3657.134794483818 4550.260698963194 3730.8939163029463
-4149.31242434931 2834.4562580375377 4769.50111381388
-4272.805436353711 866.7979397788414 5384.317206751557
-4016.6409344402714 -1177.879179309316 5520.713087182484
-3403.5802587634034 -3117.8965642781955 5166.5693825669105
-2488.0965407294552 -4780.875156847256 4353.353315193978
-1351.5345262198648 -6019.052011205384 3153.322701389698
-94.88273794406916 -6722.409680193221 1673.1055274382027
1170.1997979840944 -6828.451748286916 44.22558507115113
2331.304946524146 -6327.755912378393 -1588.5839946102617
3285.263419802278 -5264.811194755605 -3080.2409149845157
3947.311821089921 -3734.064898235409 -4298.20491264778
4258.624244581118 -1871.530548833086 -5134.254541460716
4191.539215276604 157.29750290958395 -5514.103122959921
3752.017532427888 2172.148981230026 -5403.999443741151
2979.1126263652172 3993.9954902493723 -4813.726698885031
1941.5004898295656 5460.957972599553 -3795.733212141296
731.3775146379938 6442.690374064924 -2440.472172197969
-543.7315623265185 6851.9614625136055 -868.3644699191295
-1770.5277038516635 6652.405705680345 780.9012262667387
-2840.0046890567332 5861.754508295794 2360.7804215702163
-4047.0992322500642 4192.105887047576 3747.8410831252654
-4382.584765396634 2435.767986469347 4781.115124995836
-4328.658409481251 463.0014111015666 5389.566106432388
-3890.111757878911 -1550.9048714908085 5519.130487591129
-3105.9116051147607 -3427.006450217304 5158.295904622184
-2045.7375761675892 -4998.60346667189 4339.124093718833
-803.7907860064364 -6126.052629102678 3134.4020651561095
509.5763428691469 -6709.175131698525 1651.174658007369
1777.665377441859 -6696.157981112843 21.23313643403706
2887.8010420728524 -6088.1578082999895 -1610.595042491554
3741.3429112095273 -4939.198096779206 -3099.314783911833
4262.4500440723 -3351.368959045757 -4312.646805662639
4404.81978506533 -1465.7559820606484 -5142.781232991543
4155.801957922062 550.0958462947285 -5515.956979045432
3537.522889380916 2517.0692446509497 -5399.015741132634
2604.9193879547734 4260.389994643494 -4802.34826142987
1440.857367408403 5625.156397198422 -3778.9710639408395
148.7688466693815 6490.102968270018 -2419.8157036792954
-1156.5384389575388 6778.375409263058 -845.6490989595449
-2359.0822088977425 6464.359448732543 803.6571392727117
-3352.0111719156266 5575.956782807953 2381.5549138893234
-4402.334691584401 3800.708190924195 3764.723530217562
-4577.845482647296 2018.1541835385715 4792.646573317405
-4346.594613032974 56.27832042178179 5394.721936194933
-3729.1297373343887 -1910.5981184378245 5517.452580694261
-2780.3153194573406 -3707.709529952483 5149.933350457065
-1584.4576842336915 -5175.374678715594 4324.819941921493
-247.81403048785745 -6183.185075517133 3115.427302386485
1110.8489873807828 -6641.592343898195 1629.2152752069082
2370.8081978401506 -6509.864986375968 -1.759678868271868
3420.1106958010128 -5799.707556742285 -1632.578277753786
4165.521349531375 -4574.220659094651 -3118.3351322091053
4540.807151266523 -2942.2941822497255 -4327.014225579318
4512.622310607674 -1048.931955266564 -5151.219116217643
4083.471174334501 937.6324791040992 -5517.715582627277
3291.4857042036188 2840.8841529740007 -5393.938805424471
2207.037284807149 4491.710802837396 -4790.886894449136
926.4839172319632 5743.429236320503 -3762.14365844115
-436.3916121969878 6484.818777532473 -2399.117448485153
-1760.491831809183 6650.003712202209 -822.9191248777453
-2928.1646263739854 6224.306633982157 826.3991742961548
-3835.657143846643 5245.552596413033 2402.288280240791
-4720.024346801052 3379.4074681799943 3781.540966044682
-4733.586334119481 1585.2147810093998 4804.095259647354
-4326.548402649917 -349.8311960543669 5399.78460700556
-3535.077658859974 -2253.7931361397805 5515.679395466877
-2429.4997516475346 -3957.49566547091 5141.481864480618
-1108.05012981716 -5309.557337741273 4310.441106813726
311.8546086453697 -6189.8415399447285 3096.3987407472055
1704.0496965783525 -6520.131157651908 1607.227758243231
2944.832490871428 -6271.0785088774155 -24.752463783500918
3923.9539951660436 -5464.8130144144125 -1654.5333207786641
4554.4149670016795 -4172.974901683777 -3137.3016314227625
4780.196182298334 -2510.349656139815 -4341.3069242935035
4581.235989252354 -624.6688271598088 -5159.56804542913
3975.2128741383003 1316.5165684273397 -5519.3789033369485
3015.9746502226976 3140.7236894719144 -5388.768724287911
1788.7538432480553 4685.863727868015 -4779.342795863856
402.59440748387317 5814.644210468776 -3745.2512862268936
-1019.3373081417083 6426.76803782356 -2378.3777640441144
-2350.6964306507975 6467.845321610722 -800.1749401871145
-3473.185859435193 5934.2261649010825 849.126938615402
-4287.06748278367 4873.324971517399 2422.980162589737
-4997.670323407859 2931.7806213640297 3798.293100194126
-4848.638024815092 1140.6671478381024 4815.460986283625
-4268.7829598200005 -751.7996075085637 5404.754031439352
-3309.6277955994356 -2577.465668509863 5513.810962529291
-2056.397677677508 -4174.112593842274 5132.9415926376405
-620.4476017413607 -5399.871297420395 4295.987836696972
870.6319663989549 -6145.827739277835 3077.31670883368
2284.352063619274 -6345.700415979635 1585.212486808568
3495.0974552731063 -5981.729763074045 -47.74482125990416
4395.288100043367 -5086.256170330631 -1676.4597924347306
4904.938108720649 -3738.8463961857724 -3156.2139540291178
4978.762841471746 -2059.223712082658 -4355.524654991206
4610.202646817219 -196.62996440657102 -5167.827876452208
3832.0057154519004 1683.4352185034177 -5520.946912451331
2713.3182597885802 3413.919794615605 -5383.50558700269
1353.5405695419886 4841.062615235936 -4767.716165023721
-126.5051402233693 5838.055777839195 -3728.2942390046182
-1595.3103131212144 6316.312064695638 -2357.5970085001745
-2922.365163794239 6233.336305924931 -777.4169376464332
-3989.7550450758613 5596.501261826968 871.8400397552385
-4702.63768185086 4462.392520774419 2443.630203617654
-5233.113487128111 2461.6113218145547 3814.9796433810525
-4922.179065210692 688.3143421705341 4826.7435569567515
-4173.887432722256 -1146.1423873930762 5409.630123681624
-3054.7275850331475 -2878.7593360737847 5511.847314146605
-1664.1417859626338 -4355.585884517076 5124.3126824061255
-125.68968624340275 -5445.399512947197 4281.460381158049
1423.9304936786655 -6051.365497909801 3058.181536164662
2847.0282004213286 -6119.641102403031 1563.1698410744298
4017.1549575790914 -5644.15973934511 -70.73635425313029
4830.339867761782 -4667.17001445933 -1698.3573140839162
5214.3278830964755 -3275.481752250578 -3175.0717734400373
5134.999983317031 -1592.7525621394502 -4369.667172153031
4599.404800443605 231.4996827972633 -5175.998466651689
3655.1323168952513 2035.1821649978133 -5522.4195828932025
2386.0852867067815 3658.0297805884798 -5378.149484455484
905.0241076316033 4955.845397174577 -4756.007202703624
-656.4524350395258 5813.312401852404 -3711.2728095977072
-2159.6002980633334 6154.241088324365 -2336.775540706564
-3470.8581973543965 5948.338446656527 -754.6455102530956
-4473.7151142002085 5213.899830149937 894.5380854936442
-5079.062810573917 4016.1833329119872 2464.2380467285416
-5424.550374100735 1972.858097032573 3831.6003074532905
-4953.741669848385 232.01272541446892 4837.9427768332525
-4042.771279092751 -1529.4479950277912 5414.4127995294
-2772.5829187801833 -3155.010549239856 5509.788484228151
-1256.0383988542683 -4500.236570616209 5115.595282794724
372.11064484358184 -5445.596823730411 4266.858991064845
1967.1960247664035 -5907.091901448117 3038.9935531765927
3387.487404991167 -5843.715940876323 1541.1002016850557
4506.78566353885 -5261.10017423265 -93.72666573305087
5225.63623817797 -4211.012569150575 -1720.2255075880673
5480.166100728065 -2786.758017575192 -3193.874764008585
5247.759155915654 -1114.8877866521198 -4383.7342315584
4549.0657806883955 656.0451167194614 -5184.079674933439
3446.167947600612 2368.685532463936 -5523.796889231699
2037.0629691095642 3870.857843843749 -5372.700509138343
446.9560063095414 5029.0874488181835 -4744.21611110021
-1182.8649590852203 5740.460564178368 -3694.187291941334
-2707.5831819478835 5941.768566815046 -2315.9137202195625
-3991.720757061389 5615.12435726833 -731.8610512363211
-4921.176425531977 4789.55170701095 917.2206838685931
-5413.363972367013 3538.4063689841796 2484.8033360551053
-5570.547128471201 1469.621050286856 3848.15480539629
-4943.214653406083 -224.3607868255945 4849.058452518997
-3876.6558634456305 -1898.4071834374954 5419.101976392868
-2465.6391875939903 -3403.7717707782654 5507.63450832691
-835.539649645266 -4606.696299079004 5106.789544340166
868.8012528797997 -5400.295645052843 4252.183918562007
2495.94535141499 -5714.055024156639 3019.753091217846
3901.3137522011993 -5520.095538646664 1519.0039497508064
4960.033305470923 -4835.651339987661 -116.71535869063119
5578.032132801909 -3721.5382988643805 -1742.0639953154853
5700.398326342622 -2276.7502481851748 -3212.622601034634
5316.259112801769 -629.66294660081 -4397.725590289792
4459.746947069632 1073.372671019355 -5192.0713617468155
3206.966693813237 2681.034416401073 -5525.078807682757
1669.2333762700011 4050.4744883598105 -5367.1587551470975
-16.81865206483671 5060.012126813257 -4732.343093828369
-1701.3762693562783 5619.945482301875 -3677.0379810773825
-3234.7591387486336 5680.522018963437 -2295.0119072922703
-4480.719463156505 5236.359245679816 -709.0639540503738
-5328.548199949429 4326.922974033487 939.8874431848059
-5702.912045228227 3033.020607755568 2505.3257164649076
-5670.050338732124 956.1074919194696 3864.6428513381084
-4890.843307037754 -676.941559697013 4860.090392062532
-3677.0633844007484 -2249.841383025305 5423.697573296806
-2136.5602435328537 -3622.8329262055154 5505.385423638892
-406.2143488868693 -4673.9198653519325 5097.895619104667
1360.2254733000161 -5309.708513302336 4237.435417066554
3005.803292933026 -5473.706258573813 3000.460482543039
4384.302299238457 -5151.341181806736 1496.8814668416167
5373.236806062808 -4371.256834747703 -139.70203614479598
5884.735642607141 -3202.76713497668 -1763.8724001474545
5873.349892568822 -1749.6975201509047 -3231.314960770484
5340.091229804293 -141.15960223862837 -4411.641006736912
4332.342026667275 1479.920965801272 -5199.973389087091
2939.645222291041 2969.5040615035296 -5526.265316109521
1285.7480394936722 4195.233689887266 -5361.52431817973
-482.3934990250534 5048.198394444715 -4720.388355917735
-2207.6722582063944 5452.608518001984 -3659.8251731493483
-3736.7896490359703 5372.530446356416 -2274.0704628684025
-4933.876880917418 4815.079467590555 -686.2546123677553
-5692.567499967296 3829.7875475010665 962.5379720205391
-5945.448515224071 2504.2021970702835 2525.8048335664853
-5722.3946901728405 436.5967702606407 3881.0641605543215
-4797.226263280941 -1121.9098825518083 4871.038404958407
-3445.803230615826 -2580.7299188790976 5428.199510881981
-1788.205459252082 -3810.240776567274 5503.041269002499
28.28221457661377 -4701.195020291209 5088.913660673302
1842.2568895257173 -5174.427455607732 4222.613741263518
3492.5389552292727 -5187.8893038926335 2981.116060307277
4832.493608005939 -4740.384420849455 1474.7331349803917
5743.0599966623795 -3871.675579179412 -162.68630114926972
6143.330301611691 -2658.951371730848 -1785.6503454847486
5997.7387497018235 -1209.9676662880968 -3249.9515204264353
5319.221789237972 346.52697615999557 -4425.480240600896
4168.068629779987 1872.2311760676841 -5207.785620497811
2646.564281298139 3231.579419830574 -5527.356394022727
889.9010821668978 4303.787650588816 -5355.797295534712
-945.8337333814387 4993.585461731219 -4708.352103809135
-2697.5270709958686 5239.6812906099485 -3642.549165397232
-4209.533290449745 5020.208442855372 -2253.089748576061
-5347.504003814586 4354.668044131213 -663.4334200724046
-6010.3255193057075 3302.1962795400405 985.1718792343027
-6139.103236527407 1956.3098840620564 2546.2403337154506
-5727.307377433554 -84.59540390937097 3897.418449472954
-4663.309383216145 -1555.5231457377386 4881.902302150464
-3184.955885703822 -2888.2358297664205 5432.607711406523
-1423.6050807980228 -3964.3160855061824 5500.602084897849
464.2392829246719 -4688.149459934123 5079.843824151343
2310.833949078972 -4995.42018124188 4207.7191471015485
3952.1008779298613 -4858.825897405907 2961.720158560438
5242.206300267634 -4290.503609979172 1452.5593366364008
6066.518687783194 -3340.95124824082 -185.66775679943646
6351.794267410455 -2094.5407065732006 -1807.3974552541217
6072.685051988271 -662.0210313860656 -3268.531958176378
5253.991120157522 829.3221176711655 -4439.24305289842
3968.457020540504 2246.976357153155 -5215.50792107318
2330.308099361684 3464.9768866087475 -5528.352022581056
485.10107716592245 4375.099013888542 -5349.977786109354
-1403.2093045670515 4896.474393978557 -4696.234545351023
-3166.838381706635 4982.776536339624 -3625.2102561524034
-4649.07997119025 4626.337116892245 -2232.0701267214654
-5718.230403082194 3858.8273422629536 -640.6007712529179
-6279.290969619487 2748.4438240887266 1007.788773971637
-6282.408977291545 1393.84901079716 2566.6318640206173
-5684.909248209017 -603.1528418410082 3913.705435679373
-4490.376724616818 -1974.1472800906888 4892.681896035101
-2896.85452334873 -3169.7300691016667 5436.92209874726
-1045.9340850444246 -4083.6684313416636 5498.0679134460825
897.9221867222132 -4634.754932573219 5070.6862661615905
2761.994131731969 -4774.023118758629 4192.751891788479
4380.650777325728 -4489.09840038695 2942.2731122413447
5610.067377184802 -3805.297589057043 1430.3604547186874
6341.004871205829 -2783.3793876659956 -208.64600623919853
6508.516255378676 -1514.1457130215697 -1829.113353914813
6097.717408107986 -110.37354705616102 -3287.055953163353
5145.109609734806 1303.2057929315204 -4452.92920596587
3735.3362435950644 2600.989579192811 -5223.140157460364
1993.661859958791 3667.664027088056 -5529.25218459146
74.84187102420826 4408.4504308980495 -5344.065890398055
-1850.62814658901 4757.526667756683 -4684.035889795901
-3611.6617320299447 4683.875782123236 -3607.8087448324454
-5051.783323063564 4194.041978397825 -2211.0119602827276
-6043.03179645702 3331.549139641698 -617.7570601957192
-6497.330375327032 2173.0335395658185 1030.3882656718827
-6374.312637284522 821.4343732988982 2586.9790723501123
-5595.712676383475 -1114.7946716374086 3929.924837921165
-4280.038674339211 -2374.2871952937603 4903.377000464507
-2584.064453439551 -3422.813882260523 5441.142598401035
-658.4847658717124 -4167.208535017121 5495.438798408631
1325.6041828566206 -4541.328421944004 5061.441144841673
3191.9073826200083 -4511.931349289635 4177.712233786915
4774.595603982776 -4081.629375966286 2922.775257172022
5933.040052963979 -3288.6567206528402 1408.1368725694406
6564.3078565219075 -2203.472483677083 -231.62065266781505
6612.308100037315 -922.5000467468932 -1850.7976664650416
6072.775751228256 440.44056766154085 -3305.5231855050774
4993.650626985138 1764.2461047916404 -4466.538463463405
3470.817730259552 2931.290633244504 -5230.682197861817
1639.5874467676783 3837.8771251765224 -5530.05686450946
-337.3273765805013 4403.451392290251 -5338.061710490609
-2284.269182182692 4577.759678970844 -4671.756347796696
-4028.2436465977617 4345.313929007415 -3590.3449319359934
-5414.290985356543 3726.767967355583 -2189.915612903557
-6319.2548098417565 2777.082317152362 -594.9026813782684
-6662.725112879562 1580.6407160451374 1052.9699640748956
-6414.1830507504565 243.75225078977195 2607.2816073374283
-5460.616190075567 -1615.310746211731 3946.0763761129924
-4034.217351962547 -2752.615962283152 4913.987430749885
-2249.360598256409 -3645.3391704495243 5445.269137485998
-264.6382842387799 -4214.157996014002 5492.714785186463
1743.5983026794354 -4408.530390104871 5052.108619841299
3596.9085287494618 -4211.185512517963 4162.600432809731
5130.617647267016 -3639.658321660602 2903.226930051896
6208.448872480198 -2744.731516546231 1385.8889739574165
6734.632170044392 -1605.9232711308625 -254.59129934676383
6662.413844853653 -324.42169559731747 -1872.450018448473
5998.2108120260755 985.9061712912106 -3323.9333362994726
4801.040425835396 2208.631948282543 -4480.070590379074
3177.2765287903567 3235.111084247309 -5238.133912037535
1271.1976689139046 3974.136403325549 -5530.766048439409
-747.8326824046345 4360.042262757963 -5331.965350070409
-2700.414818081838 4358.539233414013 -4659.396131403122
-4413.053246597244 3969.7608660468445 -3572.819119037528
-5733.572527787292 3228.251824722792 -2168.7814488869944
-6544.63872851483 2199.8984418223313 -572.0380294622275
-6774.185057539822 976.0744282706537 1075.5334792278052
-6401.815316180926 -334.4780816649434 2627.5391183875104
-5280.895907002835 -2100.596371039394 3962.1597713414317
-3755.1294145031725 -3106.002496027747 4924.513003664629
-1895.703194410891 -3835.426668776588 5449.301644742859
132.1645736612427 -4224.0563505119235 5489.895920819301
2148.288939368891 -4237.3600885383 5042.6888523195175
3973.5284052028846 -3874.155787349585 4147.416749815612
5445.702434692418 -3166.715743002212 2883.628468451957
6434.00190478801 -2177.8991079859543 1363.617143071252
6850.612070490891 -995.5665796723225 -277.55754960661216
6658.515290314754 275.226408217161 -1894.0700359606742
5874.78020618109 1521.5643219253511 -3342.2860876301843
4569.0451196799395 2632.7045683554284 -4493.525353032844
2857.330323370967 3509.917460453429 -5245.495171307326
891.729188642901 4075.2587831710644 -5531.379724134741
-1153.105997785174 4278.495479025347 -5325.776914412683
-3095.482655987713 4101.569075700076 -4646.955454058027
-4762.8120959038615 3560.20026055943 -3555.2316087821887
-6006.94477984233 2702.492028586571 -2147.6098331891158
-6717.334059048828 1604.655520182871 -549.1634992866742
-6830.85872857386 364.2383268961529 1098.0784214917198
-6337.431623335319 -908.5430401688512 2647.7512556827837
-5058.193856016588 -2566.6860646638215 3978.174745869788
-3445.266413700181 -3431.537508191247 4934.953537447506
-1526.211931223886 -3991.481785061562 5453.240050536119
528.4531790123891 -4196.765388999853 5486.9822539848055
2536.1629052148414 -4029.1479709239456 5033.182004941927
4318.523427521357 -3503.52307400681 4132.161447004537
5717.164191764691 -2666.5947770063967 2863.98021080896
6607.809828207925 -1592.7278319105278 1341.3217645128589
6911.322563519071 -377.34002937844843 -300.51900685381275
6600.73395922204 871.5760906933496 -1915.6573456555825
5703.6411758042605 2043.0488502583719 -3360.581122572063
4299.754843899238 3032.9877537057323 -4506.902519080667
2513.8164249504366 3753.432385188807 -5252.76584855301
504.51438494309946 4140.368077581142 -5531.8978809981745
-1549.6159721913418 4159.413896574353 -5319.496510382651
-3466.056149818883 3808.8775375696996 -4634.4345305936995
-5074.522027998148 3119.9056943682135 -3537.58270488054
-6232.094354816651 2153.716538741482 -2126.4011314127433
-6835.917749114081 996.1602172182174 -526.2794858612648
-6832.339852471793 -249.9093111819984 1120.6044015484752
-6221.678576707797 -1473.7733005747416 2667.917670189211
-4794.503289389946 -3009.78607359004 3994.121023142889
-3107.372877724659 -3726.5575142874404 4945.308851805775
-1144.1387493922643 -4112.2079661121115 5457.084286855276
920.7571277938284 -4132.470694020299 5483.973834997739
2903.839693499344 -3785.545265715843 5023.588241877867
4628.9033591468415 -3102.25752796076 4116.83478781326
5942.668647726333 -2143.320594813437 2844.2824964195474
6728.401747983523 -993.940221009432 1319.0032232908113
6916.286825827644 243.7561032660751 -323.47527457761595
6489.629467572166 1459.7936280603503 -1937.2115747519595
5486.340051853058 2546.1220828026476 -3378.8181251966266
3995.565246120055 3406.2164170152028 -4520.201857518451
2149.7669340199986 3963.6534746414204 -5259.945818220642
112.95239573547171 4168.9025268389705 -5532.320510081898
-1933.8984585935762 4003.726294599475 -5313.124246433704
-3808.913948102982 3482.801411021369 -4621.833577228163
-5345.490718179899 2652.4143380517603 -3519.872712103315
-6407.097179646893 1586.348611217652 -2105.1557098011126
-6899.404939619399 379.3288487006415 -503.3863843594171
-6778.670293166845 -861.3959466806547 1143.1110304073745
-6055.621043461811 -2025.5819320255262 2688.0380136623403
-4492.151115251798 -3426.3053741760987 4009.998327791867
-2744.4223080296315 -3988.6666968306668 4955.578767918316
-752.8395350401108 -4196.617479496336 5460.834287315993
1305.636334419613 -4031.680382556286 5480.870715809093
3248.100685875473 -3508.510790888166 5013.907728797583
4901.957037336211 -2673.5946186036285 4101.4370369107555
6120.252994145493 -1601.1178315794243 2824.535665434426
6794.737614137062 -386.37469882951495 1296.6619048136406
6865.479978897667 862.6995214888319 -346.4259563568778
6326.194318870577 2035.1191034284027 -1958.7323510398173
5224.798531565331 3026.709422055279 -3396.996780577531
3659.1564660798067 3749.3633260370198 -4533.423138686098
1768.382290639429 4138.869844690424 -5267.034956322644
-279.5204117421186 4160.619614511934 -5532.647604087725
-2302.5864988852636 3812.6800730056157 -5306.66023260551
-4121.05767086803 3125.967175341836 -4609.152811561439
-5573.354783830466 2161.4983760679315 -3502.101936276173
-6530.434865984942 1004.9709605010045 -2083.8739352315592
-6907.257151955277 -240.85253514885247 -480.4845901114869
-6670.33932797564 -1465.275226086796 1165.597919411889
-5840.732582403372 -2559.5017829325075 2708.1119386532964
-4153.777603242237 -3812.8849073125334 4025.80638563891
-2359.5912992776175 -4215.756444518836 4965.763108438706
-355.744953476316 -4244.039521087205 5464.489987161253
1679.7108926023704 -3895.2210615463014 5477.672950005195
3565.917054583491 -3200.295116790935 5004.14063286937
5135.275837495629 -2221.008906644893 4085.9684601936387
6248.342826459452 -1044.3763084064044 2804.740058852455
6806.217134891496 225.0537080039311 1274.298194883217
6759.329182296499 1474.4867148261912 -369.3706558669204
6111.845169026915 2592.905106357773 -1980.2193028868562
4921.296891098541 3480.932500412824 -3415.116774796013
3293.4697876403725 4059.663765985526 -4546.56613427143
1373.0034403962495 4277.676090409416 -5274.033140439984
-669.46028785344 4115.598121928102 -5532.879157367222
-2652.439531649258 3587.8311993086018 -5300.1045805221265
-4399.737883018882 2741.2697296926467 -4596.392452571787
-5756.100215550598 1651.1344147294355 -3484.270684274401
-6601.0077837009085 414.28856113347723 -2062.556175209181
-6859.386842223863 -859.3686491945901 -457.5744985979409
-6508.279277891876 -2056.667183764525 1188.0646802463486
-5578.8825386060125 -3071.221813521699 2728.1390985147686
-3782.31353882559 -4166.424806950779 4041.5449237019957
-1956.2320057136394 -4406.022407506635 4975.861697498292
43.66932588872029 -4254.1255816446655 5468.051323262468
2039.6904462461923 -3724.231028930946 5474.3805928067795
3854.476119420599 -2863.4222057780344 4994.287122756675
5326.774674294641 -1748.1857537203655 4070.429324781593
6325.765923191971 -477.61532565782744 2784.896018514796
6762.685109647177 835.3933200697427 1251.9124796880792
6598.710046555446 2074.1736032459225 -392.3089768863612
5848.410637865188 3128.6544594127604 -2001.6720592448494
4578.454278673257 3905.1406369868246 -3433.1777949462853
2901.6821646055414 4334.637931537195 -4559.630617314149
967.0828563901813 4378.983623625237 -5280.940249724263
-1053.4460075886566 4034.2374039010638 -5533.015165921804
-2980.371570821588 3331.031486881033 -5293.457403390071
-4642.478040841803 2331.848804260717 -4583.552720611936
-5892.0799637539085 1125.4711222319074 -3466.3792640176216
-6618.144724919449 -180.90960805588026 -2041.2027978604924
-6756.158284026137 -1471.2157257591584 -434.6565054425275
-6293.857530684821 -2630.7978699048685 1210.510924942667
-5272.319915603312 -3556.622078243235 2748.119147407007
-3380.955022551321 -4484.109400771796 4057.2136701996064
-1537.8431908677746 -4557.97893016012 4985.874360709222
441.9127570380617 -4226.852029242639 5471.518234120577
2382.402817178868 -3520.150776292345 5470.993701068039
4111.205932010778 -2500.6686789412333 4984.347368615198
5474.710358053462 -1258.9911954624472 4054.819899012746
6351.762743412405 94.55318072503329 2765.0038870989765
6664.433134767475 1439.6960918652992 1229.5051457967588
6384.939395715355 2656.915687241098 -415.24052330396444
5538.115771508905 3638.056664123074 -2023.090249656102
4199.206257383124 4295.94034104901 -3451.1795291409708
2487.178839375719 4572.110866249072 -4572.616362209756
554.1546666852204 4442.029276604846 -5287.7561648998135
-1428.108580007964 3917.2538922098743 -5533.0556274028
-3283.478112216155 3044.4133089064962 -5286.718815996364
-4847.096204847581 1901.0632429190246 -4570.63383740526
-5980.028528546964 588.7953651195654 -3448.427984464474
-6581.609074561994 -775.7895647566676 -2019.8141719270666
-6598.384771386498 -2071.4421873078377 -411.73100640544476
-6028.865024738683 -3183.038081142395 1232.9362658870614
-4923.654163404453 -4011.807072934907 2768.051740303818
-2953.136129730214 -4763.429780328697 4072.812354555425
-1108.0401089606448 -4670.4707451487175 4995.800925167458
835.5101380439996 -4162.519888238998 5474.890659867105
2704.8216427075913 -3284.7108723415854 5467.512333275632
4333.797874502343 -2115.0408807203835 4974.321542089945
5577.697146588838 -757.4402251431517 4039.140452439031
6325.993549880156 667.4623184097356 2745.0640081129823
6512.197665099178 2033.0579058617716 1207.0765801511207
6119.764439465396 3218.007376450322 -438.16489912549196
5183.563287241216 4117.022769648495 -2044.4735042598195
3786.779789252851 4650.222622506557 -3469.1216665164598
2053.5242889799683 4770.22978818906 -4585.523144713441
137.80414388830508 4466.381103382336 -5294.4807682657565
-1790.1605041313494 3765.6748571494586 -5533.000541111501
-3559.0615353689645 2730.371874466927 -5279.888934706547
-5011.724330504746 1452.4633686983984 -4557.636026041967
-6019.073425285219 45.49711859050268 -3430.417155607286
-6491.6014319604365 -1365.5117501649731 -1998.3906667591673
-6387.32216348231 -2655.1889074686737 -388.79839737650644
-5715.501290477147 -3708.9408782391874 1255.340315826728
-4535.8330457488055 -4433.137175559189 2787.936532998513
-2502.499663336057 -5002.203758690163 4088.340707403003
-670.5234757553312 -4742.681836135123 5005.641219455758
1221.031665190066 -4061.751819523047 5478.168542265194
3004.0927842741203 -3019.9173290420763 5463.936549547689
4520.227076231372 -1709.7499311868062 4964.2098163122655
5634.719355775675 -247.66374883159548 4023.3912558215384
6248.5420930007 1236.4284444617629 2725.0767258893566
6307.154443987291 2610.6585444878324 1184.627170059671
5805.348444134228 3752.9201761498393 -461.0817084805263
4787.711758667803 4561.718380742011 -2065.821453798487
3344.6658729167593 4965.187888433863 -3487.0038972383154
1604.431746532641 4927.478662870212 -4598.35074194396
-278.36318146366455 4451.941334226593 -5301.113943698035
-2136.4243192102153 3580.8294810141906 -5532.849907999165
-3804.6547806512344 2391.5452142023296 -5272.967877462673
-5134.8249683788945 989.7616599852835 -4544.55951097523
-6008.743423857871 -499.9665612189615 -3412.3470884667104
-6348.7586571908805 -1945.2705593917865 -1976.9326523093744
-6124.65882276401 -3217.728731683405 -365.8590743683056
-5356.356174312009 -4204.2775853950025 1277.7226878765016
-4112.1177737904845 -4817.257925475955 2807.77318210981
-2032.8662483108126 -5198.593055779038 4103.798460590414
-229.04779377322836 -4774.141400468584 5015.395073646646
1595.1225624007884 -3925.486330752044 5481.351824710612
3277.5592788254335 -2728.0345738351607 5460.266411632759
4668.770469994446 -1288.1849732504854 4954.012365896864
5645.140916342713 266.1255153141421 4007.572581125848
6119.915818981058 1796.78958397052 2705.0423855792
6050.909344294719 3167.8010130099024 1162.157303190855
5444.253020389507 4257.339420377581 -483.9905556293168
4353.850923911824 4968.594537218393 -2087.1337296242573
2876.5900662845047 5238.3682251093605 -3504.825912506565
1143.7315575602192 5042.6899079990435 -4611.098932387488
-690.7525192365641 4398.946463082842 -5307.655576651414
-2463.8602033816705 3364.337320463141 -5532.603730667008
-4018.0430959839077 2030.7920427691358 -5265.9557637812695
-5215.205226616274 516.8019800910084 -4531.404518017331
-5948.973486312615 -1043.1082064663497 -3394.218095086356
-6154.149345109933 -2510.333651274203 -1955.4404991261865
-5812.502027554665 -3754.5049347485588 -342.9134335093755
-4954.3883971061505 -4665.071978396987 1300.0829955255692
-3656.055615599388 -5161.1269044336605 2827.561345087807
-1548.2020287191547 -5351.1175750554 4119.185347184884
212.61069828635425 -4764.726867967508 5025.0623193053325
1954.5320317224407 -3754.9692690012425 5484.440452232732
3522.784616817439 -2411.5661720729986 5456.501982908753
4778.022329222554 -853.8848377722293 4943.729366938783
5608.711789670614 779.6679115764931 3991.6847015173134
5941.042594180156 2343.943745465365 2684.961333146247
5745.485692360794 3699.949891341944 1139.66736756639
5039.417173126506 4727.199252410123 -506.89104496959845
3885.574322941924 5334.416214929435 -2108.409963705325
2386.481142601884 5467.646887052287 -3522.587404561113
675.3386398416798 5115.053138887391 -4623.767495901433
-1095.8106647432733 4307.96447229137 -5314.105554161472
-2769.59238287989 3118.09425714156 -5532.262013366149
-4197.2836636416405 1651.1676837134594 -5258.852714751279
-5252.027871412862 37.527615557387044 -4518.1712743357375
-5840.106354664362 -1579.446945928191 -3376.0304885274063
-5909.265759419327 -3056.080714979294 -1933.9145783476376
-5453.360969064232 -4261.16830111516 -319.96187103734985
-4512.901124927345 -5087.632383867861 1322.4208526441525
-3171.4502113002773 -5462.038002606928 2847.300680219897
-1052.585240259696 -5458.6666597374415 4134.501101477406
650.6861794516269 -4714.663956883884 5034.642789492637
2296.1412766294025 -3551.742671499204 5487.434371495477
3737.574144928636 -2073.233463185828 5452.643328381844
4846.907148376981 -410.50836343319384 4933.360997010363
5525.571181390352 1288.6922058967557 3975.7278913563673
5713.263966367457 2873.3868174001905 2664.8339153608727
5393.3081756868605 4202.768400527254 1117.1577515545525
4594.133285453394 5158.71556772213 -529.7827810434335
3386.749491785544 5656.2882180745055 -2129.6497886322686
1878.4381432671983 5651.274838038962 -3540.2880666869673
203.21932232954615 5144.120888432512 -4636.356213718245
-1490.0564272103938 4179.889223286138 -5320.463764846535
-3050.934124187757 2844.256057509066 -5531.824761997548
-4340.722935427165 1255.8982592101884 -5251.65885303196
-5244.819464905018 -444.0516108382436 -4504.860008449204
-5682.890768414944 -2104.545546575303 -3357.784582863205
-5616.012288195832 -3578.0413748531355 -1912.3552616948741
-5050.126470706526 -4733.612524999316 -297.0047832921172
-4035.5147541799593 -5468.581429182897 1344.73587349017
-2662.329842179701 -5717.642874909251 2866.99084663667
-550.1719394068506 -5520.507242180107 4149.745458987317
1081.4552309142487 -4624.523773263015 5044.136318767861
2616.990358080503 -3317.6310727031946 5490.333530798242
3919.9944074582863 -1715.9522921495275 5448.69051468535
4874.689751121279 38.19637989421775 4922.90743515818
5396.247518173525 1788.9511359623104 3959.702426193764
5438.32501219387 3380.7497329174084 2644.660479794141
4997.183463184563 4672.153879926949 1094.6288438634601
4112.020233692881 5548.416651295392 -552.6653685440549
2861.485961134014 5931.6782543708105 -2150.8528376244067
1356.6961035040806 5787.884213804114 -3557.9275932196188
-268.6421566849712 5129.811261129406 -4648.864868449194
-1870.1103823358806 4015.9320660974213 -5326.730098909612
-3305.411093672009 2545.219683365085 -5531.2919841118955
-4447.011523777713 848.3533622531559 -5244.374302850775
-5193.4754646071315 -923.8928780323747 -4491.470950223808
-5478.476319214523 -2614.0471816676186 -3339.480693173839
-5276.69051096237 -4071.9319216545846 -1890.7629214657343
-4606.04759443631 -5168.007641023627 -274.04256670898707
-3526.1371358376423 -5804.883202059739 1367.0276727158564
-2132.9139185218605 -5925.969416282495 2886.631504317756
-45.16117686036316 -5536.288826126823 4164.918156466875
1501.2683801862236 -4495.2169849349475 5053.542743191647
2914.3036534454955 -3054.7253876967825 5493.137880076792
4068.3902578852017 -1342.8080343201932 5444.643610078577
4860.982534075228 488.4237057217376 4912.368861899947
5221.655180042181 2276.2568560981745 3943.6085827658244
5118.360848406055 3861.8345956215962 2624.441374811748
4560.277693832431 5104.27138394206 1072.0810335343695
3596.9938537127614 5893.171260073245 -575.5384123226587
2314.101324543179 6158.437007990817 -2172.0187445361003
825.5907374215436 5876.498601892736 -3575.505679550241
-736.2772097652792 5072.407506427129 -4661.293244088117
-2232.723695765137 3817.6107441217737 -5332.904448140283
-3530.7828832497057 2223.6025138923937 -5530.663688909485
-4515.11651697207 432.0174421847616 -5236.9991900012465
-5098.262233898986 -1397.9542751382985 -4478.004330868989
-5228.404977988676 -3103.711620294036 -3321.1191355406922
-4893.980995306742 -4533.690567572545 -1869.1379305283303
-4124.7053243099535 -5560.831212148872 -251.07561781183136
-2988.9314842770436 -6093.867600219947 1389.2958653744588
-1587.5779651563503 -6085.437109513989 2906.2223140977367
458.2400930300951 -5506.045268094732 4180.018931905804
1906.5809384398165 -4327.985126087704 5062.861900328817
3185.5137005765246 -2765.364512577888 5495.847370904115
4181.399591020384 -957.0291265232532 5440.502684445645
4805.749778032217 936.3424972761243 4901.745459221395
5003.088007580353 2746.5159811211483 3927.4466389896807
4755.879911964885 4312.649467156694 2604.1769495680437
4086.0910153361037 5495.585122284908 1049.5147099349729
3053.2350004796363 6190.213922320029 -598.4015173952663
1749.0856569294492 6334.815050050653 -2193.1471438631243
289.5223770251007 5916.54006070632 -3593.0220221310296
-1195.7662366259567 4972.554522659827 -4673.641126015161
-2574.805772619093 3586.735693578916 -5338.986705916576
-3725.062516366005 1882.219657993176 -5529.939887240057
-4544.331108366198 10.460145809821473 -5229.533641840776
-4959.815938919454 -1862.228796232324 -4464.460382933554
-4934.599357505972 -3569.4505374727623 -3302.7002270409907
-4470.921968045483 -4959.510934183069 -1847.480662314612
-3609.9835414062622 -5908.897019935954 -228.1043332062349
-2428.2822349612607 -6333.251674700061 1411.5400669268922
-1030.8173955988836 -6194.869125149872 2925.76293767201
955.8520736489787 -5430.193350926508 4195.047524535812
2293.9828710120014 -4124.389112568412 5072.093629251164
3428.283223307587 -2452.114801975114 5498.461956491275
4257.96556643917 -561.9593302977614 5436.267809294278
4709.30898321852 1378.1286939944596 4891.037410573143
4742.209630376825 3195.763936007101 3911.2168739584426
4353.7441410319625 4729.441527926475 2583.8675539999927
3578.42937866494 5842.887485277292 1026.9302627526451
2485.1554623248617 6437.167248471823 -621.2542889495068
1171.064577232105 6459.476452596448 -2214.2376707489516
-247.08053467997192 5907.83282696237 -3610.4763184803783
-1643.271456790668 4831.252328555351 -4685.908301000473
-2893.450498587508 3325.393859154549 -5344.976767206803
-3886.5337658864714 1524.0595521172847 -5529.120591602605
-4534.281452313916 -412.6941343507806 -5221.977787288455
-4779.138333336861 -2312.7781359034066 -4450.839340301657
-4599.347800539693 -4007.3616506213393 -3284.2242857423216
-4010.8850317591964 -5345.873496664615 -1825.7914908138935
-3066.037526427849 -6209.3810225498055 -205.12910957266857
-1848.7591317893177 -6521.157795161655 1433.759893248363
-467.2103751454904 -6253.501080043765 2945.2530376026157
1443.5568659923415 -5309.528169317955 4210.0036748351
2660.2274497628623 -3886.2950715331676 5081.2377705402405
3640.5251504060748 -2117.747601917643 5500.981591688203
4297.346215254226 -161.02896428945817 5431.93905775457
4572.329210283791 1809.9978034798098 4880.244900867519
4441.040689643399 3620.198323365366 3894.919567936395
3915.1462145421265 5108.72833524125 2563.513538821122
3041.373816942619 6143.325415245907 1004.3280819877288
1897.362008858596 6632.061072566432 -644.0963323514733
584.7612598514551 6531.508999268786 -2235.2899609910473
-779.7980932760029 5850.603688330976 -3627.868267188137
-2075.0689637283285 4649.846564733557 -4698.094557207905
-3185.960850463228 3035.9301683440176 -5350.874528571368
-4013.766134275567 1152.258053537004 -5528.205816145167
-4484.9306829349625 -833.797245927955 -5214.331756822829
-4557.589458621461 -2745.766001033263 -4437.141438188771
-4225.286410257531 -4413.761397351145 -3265.691630697156
-3517.5481219782187 -5689.574724041516 -1804.0707905664285
-2497.2602465554637 -6459.844368213369 -182.15034365961463
-1255.0798391801634 -6656.128491709384 1455.9549606349824
98.61991973344487 -6260.986388778247 2964.6922773240476
1917.3325980624577 -5145.215373686819 4224.887124532848
3002.25844679699 -3615.857611622524 5090.294166290111
3820.420457339429 -1765.2150328357889 5503.4062329844855
4299.121344608224 242.27464813697475 5427.516504577728
4395.826434025305 2228.2371634179867 4869.36811647537
4101.94305401267 4016.211028271585 3878.555002354158
3443.5840325704103 5447.326918411452 2543.1152555154995
2479.2474579146524 6394.423906650018 981.7085579468142
1294.618866624908 6773.348269315617 -666.9272531524988
-5.042292305777784 6550.430913903229 -2256.303651047167
-1304.2554214373558 5745.4790256979495 -3645.197567920806
-2487.579732743584 4430.016112439996 -4710.199684198637
-3449.8716682316967 2720.926826786238 -5356.679888164569
-4105.627366484964 770.0712519818286 -5527.195576664575
-4396.580055977107 -1249.2085329631964 -5206.595682479659
-4296.8773134219 -3157.490657693094 -4423.366913137615
-3815.3781650336505 -4785.215881067437 -3247.1025819373185
-2994.865923170864 -5987.7536738349245 -1782.3189366569165
-1908.2467012817192 -6658.253275857983 -159.16843227672783
-652.0713857809727 -6737.137855057827 1478.1248858104132
662.0433339145534 -6217.3981703932795 2984.0803211490743
2373.286660547502 -4938.780344863226 4239.697616613657
3317.235641893139 -3315.500681287888 5099.26266011008
3966.43367900773 -1397.6242323450292 5505.735838510121
4263.196677334982 644.4372630146 5423.000226134771
4181.155942150554 2629.23767948904 4858.407245222837
3727.601152805417 4380.4187899213675 3862.1234598038313
2942.832642725297 5742.3804677179405 2522.673056331614
1896.5805379306955 6594.1064409361625 959.0720812359693
681.8089293343409 6859.917119117723 -689.7466570960074
-593.5443947025663 6516.19405701524 -2277.2783780416444
-1816.158694543478 5593.478557100335 -3662.4639214267268
-2877.3993242930474 4173.75794081072 -4722.223472934856
-3682.970396820226 2383.180615245037 -5362.392745736339
-4161.293387140552 380.8472335989612 -5526.089890606187
-4269.867198478195 -1655.3260960729424 -5198.7696978496215
-3999.044571227482 -3544.4164378298337 -4409.516003014076
-3372.8892843051626 -5118.569824670209 -3228.4574604684744
-2447.0379827915003 -6237.9158201149385 -1760.5363047080382
-1303.7566178575057 -6802.995620299761 -136.18377228798056
-44.63075598519204 -6763.599405166402 1500.2692859325055
1218.4607444152523 -6123.227701316905 3003.4168342745693
2807.6877736518277 -4692.09439753848 4254.434895322012
3602.5584307289937 -2987.8961830547096 5108.14309712738
4077.325961668617 -1018.210280540094 5507.970368036226
4189.805187863714 1041.9480737427275 5418.390300415216
3930.0018364598977 3009.5247691596996 4847.362476388129
3321.000575357629 4709.6919817549115 3845.625224034106
2416.913839163854 5991.382393628363 2502.187294276321
1298.0737019086853 6740.712187079367 936.4190427540062
63.894019736318455 6891.100121580165 -712.5541501242824
-1175.9629264839102 6429.183569183779 -2298.2137797716487
-2311.3304060577375 5396.005842658034 -3679.667029541245
-3241.326035946915 3883.3693170305164 -4734.165715783316
-3883.315623217192 2025.6783856992743 -5368.013002633992
-4180.255575714697 -12.002959744515346 -5524.888777063581
-4105.761475560515 -2048.617789540882 -5190.853938076021
-3666.4524504653155 -3903.203938525451 -4395.5889470031025
-2901.3630351847087 -5410.973288643685 -3209.756588264581
-1878.4747818059755 -6437.95391640076 -1738.7232708739698
-688.6758005129838 -6892.894086190207 -113.1967606048145
562.3150478595584 -6735.37036745419 1522.3877785998802
1763.3417365508365 -5979.379433883853 3022.7014827872504
3216.996620320495 -4407.358134995625 4269.098706166673
3855.8873375066178 -2635.940530213154 5116.935323989867
4152.165543472405 -630.3080416867627 5510.10978297575
4079.5056194223066 1431.3300824047903 5413.686807025734
3644.3637184709983 3365.788247386058 4836.234000698239
2885.4041081067844 5001.181356068635 3829.060579945364
1870.0636803499135 6192.197553941633 2481.6583231087566
688.5598879546625 6833.009825135528 913.7498336857628
-554.1254721806562 6866.679187196414 -735.3493383853058
-1747.5743523731444 6290.21396954962 -2319.1094947134243
-2785.7435822535504 5154.835636559002 -3696.8065951918657
-3576.3872698163736 3561.427535636524 -4746.026206518975
-4049.2532537389857 1651.5709691054285 -5373.540561803917
-4162.325316211671 -405.0349258305093 -5523.592256778233
-3905.556508275157 -2425.651690139909 -5182.848539852435
-3301.7618653259624 -4230.738656983254 -4381.585985604563
-2404.591191099263 -5659.905927862858 -3191.000288262329
-1293.7620371687572 -6586.165718963789 -1716.88021183387
-67.97644865462718 -6927.215783022583 -90.20779417926697
1163.8491456322015 -6652.752325174067 1544.4799818585527
2292.2616358617547 -5787.162628111129 3041.9339336694725
3597.8947936704385 -4087.0821011578055 4283.688795925097
4075.1632537377977 -2262.729349519887 5125.639188868648
4190.3355751511735 -237.32316535292392 5512.1540463841275
3933.17819172758 1809.1702235312032 5408.889827188772
3326.5406655007932 3694.9108986418214 4825.0220103256515
2424.325402860999 5252.342525558709 3812.4298135847657
1306.6981892002025 6343.080469554187 2461.0864973341972
72.9651070784173 6870.207877679615 891.0648454952857
-1167.251245009381 6786.887166462529 -758.1318282395455
-2303.75220158038 6100.521746741481 -2339.965162028567
-3235.554665190943 4872.098198123723 -3713.882322403371
-3879.863897801512 3210.767343751898 -4757.804740328505
-4179.430196590147 1264.1457206672903 -5378.975327793258
-4107.635781284422 -794.8007973107117 -5522.200352139148
-3670.8599007488583 -2783.125776521806 -5174.753641420385
-2907.9120087284186 -4524.157816942641 -4367.507360629104
-1886.5833735707959 -5863.198581388558 -3172.188884355564
-697.6235265366394 -6681.268421654926 -1695.0075047854048
553.3232323007185 -6905.678242393716 -67.2172699971455
1755.1047937291528 -6516.48824622601 1566.5455142084982
2800.937592084219 -5548.279672243478 3061.1138548049503
3947.3118210899206 -3734.0648982354105 4298.2049126477805
4258.624244581118 -1871.5305488330885 5134.254541460716
4191.5392152766035 157.29750290958933 5514.103122959921
3752.0175324278903 2172.1489812300224 5403.9994437411515
2979.1126263652163 3993.9954902493764 4813.726698885029
1941.500489829567 5460.957972599554 3795.7332121412956
731.3775146379986 6442.690374064923 2440.472172197972
-543.7315623265213 6851.9614625136055 868.3644699191229
-1770.5277038516635 6652.405705680345 -780.9012262667419
-2840.0046890567332 5861.754508295794 -2360.7804215702186
-3657.134794483817 4550.260698963196 -3730.893916302947
-4149.31242434931 2834.4562580375386 -4769.50111381388
-4272.805436353711 866.7979397788453 -5384.317206751556
-4016.640934440272 -1177.879179309317 -5520.713087182484
-3403.580258763402 -3117.8965642782023 -5166.569382566909
-2488.096540729458 -4780.875156847254 -4353.353315193979
-1351.5345262198744 -6019.052011205377 -3153.3227013897063
-94.8827379440728 -6722.409680193221 -1673.1055274382045
1170.1997979840908 -6828.451748286918 -44.225585071152906
2331.304946524142 -6327.755912378396 1588.5839946102587
3285.2634198022724 -5264.8111947556135 3080.2409149845093
4262.4500440722995 -3351.3689590457543 4312.646805662642
4404.819785065329 -1465.755982060655 5142.781232991541
4155.801957922064 550.0958462947193 5515.956979045432
3537.522889380917 2517.069244650948 5399.015741132634
2604.9193879547734 4260.389994643497 4802.348261429868
1440.8573674084046 5625.156397198423 3778.971063940838
148.76884666938577 6490.102968270017 2419.815703679296
-1156.5384389575381 6778.375409263059 845.6490989595407
-2359.0822088977393 6464.3594487325445 -803.6571392727122
-3352.0111719156203 5575.956782807958 -2381.554913889318
-4047.099232250062 4192.105887047577 -3747.8410831252663
-4382.584765396633 2435.767986469354 -4781.115124995835
-4328.65840948125 463.0014111015635 -5389.5661064323895
-3890.1117578789103 -1550.9048714908117 -5519.130487591129
-3105.911605114764 -3427.006450217302 -5158.295904622185
-2045.7375761675942 -4998.603466671886 -4339.124093718834
-803.790786006443 -6126.052629102675 -3134.4020651561127
509.5763428691436 -6709.175131698525 -1651.1746580073684
1777.6653774418555 -6696.157981112844 -21.233136434036382
2887.801042072843 -6088.157808299997 1610.5950424915443
3741.34291120952 -4939.198096779217 3099.314783911824
4540.807151266524 -2942.2941822497223 4327.01422557932
4512.622310607673 -1048.9319552665609 5151.219116217644
4083.4711743344997 937.6324791041026 5517.715582627277
3291.4857042036188 2840.884152974 5393.938805424471
2207.037284807144 4491.7108028374005 4790.886894449134
926.4839172319578 5743.429236320507 3762.143658441147
-436.3916121969873 6484.818777532472 2399.117448485156
-1760.4918318091866 6650.003712202209 822.9191248777435
-2928.164626373985 6224.306633982159 -826.3991742961506
-3835.6571438466426 5245.552596413036 -2402.2882802407876
-4402.3346915844 3800.708190924198 -3764.723530217558
-4577.845482647297 2018.1541835385694 -4792.6465733174055
-4346.594613032972 56.278320421778396 -5394.721936194933
-3729.1297373343887 -1910.598118437822 -5517.452580694261
-2780.315319457338 -3707.7095299524863 -5149.933350457064
-1584.4576842336926 -5175.374678715592 -4324.819941921495
-247.81403048785666 -6183.185075517131 -3115.427302386486
1110.8489873807832 -6641.5923438981945 -1629.21527520691
2370.8081978401506 -6509.864986375968 1.7596788682687337
3420.1106958010137 -5799.7075567422835 1632.5782777537856
4165.521349531375 -4574.22065909465 3118.3351322091044
4780.196182298334 -2510.3496561398097 4341.306924293506
4581.235989252355 -624.6688271598111 5159.568045429129
3975.2128741383017 1316.5165684273372 5519.3789033369485
3015.974650222696 3140.723689471916 5388.768724287911
1788.7538432480542 4685.863727868015 4779.342795863857
402.59440748387175 5814.644210468777 3745.2512862268945
-1019.3373081417099 6426.76803782356 2378.377764044115
-2350.696430650799 6467.845321610722 800.1749401871153
-3473.185859435195 5934.226164901082 -849.1269386154028
-4287.067482783673 4873.324971517392 -2422.980162589742
-4720.024346801052 3379.4074681799952 -3781.5409660446808
-4733.586334119481 1585.2147810094007 -4804.0952596473535
-4326.548402649917 -349.83119605436775 -5399.78460700556
-3535.0776588599706 -2253.7931361397864 -5515.679395466877
-2429.4997516475337 -3957.4956654709094 -5141.481864480618
-1108.0501298171616 -5309.557337741271 -4310.441106813729
311.8546086453724 -6189.8415399447285 -3096.398740747205
1704.049696578355 -6520.131157651907 -1607.22775824323
2944.832490871426 -6271.078508877416 24.75246378349533
3923.953995166048 -5464.813014414407 1654.5333207786707
4554.414967001681 -4172.974901683773 3137.3016314227634
4978.7628414717465 -2059.2237120826544 4355.524654991207
4610.20264681722 -196.62996440657156 5167.827876452208
3832.0057154518986 1683.4352185034206 5520.946912451331
2713.3182597885807 3413.919794615604 5383.50558700269
1353.5405695419836 4841.062615235941 4767.716165023719
-126.50514022337259 5838.055777839195 3728.294239004617
-1595.310313121215 6316.312064695638 2357.5970085001773
-2922.365163794239 6233.336305924931 777.4169376464364
-3989.755045075864 5596.5012618269675 -871.8400397552392
-4702.637681850862 4462.392520774417 -2443.630203617654
-4997.670323407859 2931.780621364033 -3798.2931001941224
-4848.638024815093 1140.667147838106 -4815.460986283622
-4268.78295982 -751.7996075085673 -5404.754031439353
-3309.6277955994365 -2577.465668509861 -5513.810962529291
-2056.397677677505 -4174.112593842276 -5132.9415926376405
-620.4476017413629 -5399.871297420393 -4295.987836696975
870.6319663989599 -6145.827739277835 -3077.3167088336772
2284.3520636192793 -6345.700415979635 -1585.2124868085648
3495.0974552731063 -5981.729763074046 47.74482125990102
4395.288100043371 -5086.256170330627 1676.4597924347347
4904.938108720649 -3738.8463961857765 3156.2139540291128
5134.9999833170305 -1592.7525621394498 4369.667172153031
4599.404800443605 231.49968279726286 5175.99846665169
3655.1323168952536 2035.182164997809 5522.419582893202
2386.0852867067815 3658.0297805884798 5378.149484455484
905.0241076316 4955.8453971745785 4756.007202703621
-656.4524350395245 5813.312401852405 3711.272809597708
-2159.6002980633293 6154.241088324365 2336.775540706567
-3470.858197354395 5948.338446656528 754.6455102530963
-4473.715114200207 5213.899830149939 -894.5380854936424
-5079.062810573915 4016.183332911994 -2464.238046728535
-5233.113487128111 2461.6113218145542 -3814.9796433810534
-4922.179065210692 688.3143421705372 -4826.74355695675
-4173.887432722256 -1146.1423873930755 -5409.630123681624
-3054.727585033145 -2878.759336073788 -5511.847314146604
-1664.1417859626351 -4355.585884517075 -5124.3126824061255
-125.68968624340306 -5445.399512947197 -4281.460381158048
1423.9304936786607 -6051.365497909801 -3058.181536164666
2847.0282004213286 -6119.641102403031 -1563.169841074429
4017.154957579087 -5644.159739345113 70.73635425312469
4830.33986776178 -4667.170014459336 1698.3573140839108
5214.327883096475 -3275.481752250587 3175.0717734400305
5247.759155915654 -1114.8877866521213 4383.7342315584
4549.065780688396 656.0451167194584 5184.079674933438
3446.167947600613 2368.685532463934 5523.796889231699
2037.0629691095667 3870.8578438437467 5372.7005091383435
446.9560063095377 5029.087448818186 4744.216111100208
-1182.8649590852165 5740.460564178367 3694.1872919413363
-2707.583181947884 5941.768566815046 2315.913720219561
-3991.7207570613878 5615.124357268332 731.8610512363217
-4921.176425531974 4789.551707010953 -917.220683868589
-5413.363972367012 3538.4063689841805 -2484.803336055106
-5424.550374100735 1972.8580970325806 -3831.600307453286
-4953.741669848385 232.01272541446912 -4837.9427768332525
-4042.771279092749 -1529.4479950277935 -5414.412799529401
-2772.582918780186 -3155.0105492398525 -5509.788484228151
-1256.0383988542676 -4500.23657061621 -5115.595282794723
372.11064484357314 -5445.596823730408 -4266.858991064851
1967.1960247664008 -5907.091901448117 -3038.9935531765937
3387.4874049911696 -5843.715940876323 -1541.1002016850528
4506.785663538846 -5261.100174232653 93.72666573304527
5225.63623817797 -4211.012569150576 1720.2255075880669
5480.166100728065 -2786.7580175751937 3193.874764008585
5316.259112801769 -629.6629466008112 4397.725590289792
4459.7469470696315 1073.372671019355 5192.0713617468155
3206.9666938132355 2681.0344164010744 5525.078807682757
1669.2333762700011 4050.4744883598105 5367.1587551470975
-16.818652064835085 5060.012126813257 4732.34309382837
-1701.3762693562765 5619.945482301874 3677.0379810773825
-3234.759138748633 5680.522018963438 2295.0119072922707
-4480.719463156502 5236.359245679818 709.0639540503769
-5328.548199949427 4326.922974033489 -939.887443184804
-5702.912045228226 3033.0206077555627 -2505.325716464915
-5570.547128471201 1469.6210502868566 -3848.154805396291
-4943.214653406085 -224.36078682559193 -4849.058452518996
-3876.65586344563 -1898.4071834374954 -5419.101976392868
-2465.6391875939867 -3403.7717707782685 -5507.634508326909
-835.5396496452668 -4606.696299079004 -5106.789544340166
868.801252879795 -5400.295645052842 -4252.183918562009
2495.94535141499 -5714.055024156639 -3019.753091217845
3901.3137522011984 -5520.095538646664 -1519.0039497508058
4960.033305470918 -4835.651339987666 116.7153586906256
5578.032132801911 -3721.5382988643764 1742.0639953154914
5700.398326342621 -2276.7502481851693 3212.6226010346395
5340.091229804291 -141.1596022386247 4411.641006736913
4332.34202666728 1479.9209658012637 5199.973389087088
2939.6452222910384 2969.5040615035314 5526.265316109521
1285.7480394936697 4195.233689887268 5361.524318179729
-482.39349902504665 5048.198394444712 4720.3883559177375
-2207.6722582063953 5452.6085180019845 3659.8251731493465
-3736.789649035965 5372.530446356418 2274.0704628684075
-4933.876880917419 4815.079467590555 686.2546123677536
-5692.567499967294 3829.7875475010705 -962.537972020535
-5945.44851522407 2504.2021970702845 -2525.8048335664857
-5670.050338732125 956.1074919194748 -3864.6428513381056
-4890.843307037758 -676.9415596970082 -4860.090392062531
-3677.063384400748 -2249.841383025305 -5423.697573296806
-2136.560243532857 -3622.8329262055126 -5505.385423638892
-406.21434888687145 -4673.919865351931 -5097.895619104667
1360.2254733000134 -5309.7085133023365 -4237.435417066555
3005.803292933027 -5473.706258573813 -3000.4604825430365
4384.302299238455 -5151.341181806737 -1496.8814668416185
5373.236806062807 -4371.2568347477045 139.70203614479533
5884.735642607142 -3202.767134976677 1763.8724001474588
5873.349892568821 -1749.6975201509058 3231.314960770483
5319.221789237974 346.5269761599893 4425.480240600894
4168.0686297799875 1872.2311760676823 5207.785620497811
2646.564281298141 3231.5794198305725 5527.356394022727
889.9010821669026 4303.787650588814 5355.797295534712
-945.833733381435 4993.585461731219 4708.352103809135
-2697.527070995865 5239.68129060995 3642.5491653972326
-4209.533290449737 5020.208442855377 2253.0897485760665
-5347.504003814584 4354.6680441312155 663.4334200724028
-6010.325519305703 3302.1962795400495 -985.1718792342961
-6139.103236527407 1956.3098840620664 -2546.2403337154446
-5722.394690172839 436.59677026064 -3881.064160554325
-4797.2262632809425 -1121.9098825518029 -4871.038404958405
-3445.8032306158248 -2580.729918879098 -5428.199510881982
-1788.2054592520801 -3810.240776567276 -5503.041269002499
28.282214576611054 -4701.195020291209 -5088.913660673301
1842.2568895257145 -5174.4274556077335 -4222.613741263518
3492.5389552292654 -5187.889303892636 -2981.116060307281
4832.493608005936 -4740.3844208494575 -1474.7331349803912
5743.059996662378 -3871.675579179415 162.6863011492715
6143.33030161169 -2658.951371730855 1785.6503454847457
5997.738749701825 -1209.9676662881072 3249.9515204264294
5253.99112015752 829.3221176711656 4439.243052898422
3968.457020540508 2246.97635715315 5215.507921073179
2330.308099361688 3464.9768866087447 5528.352022581056
485.1010771659214 4375.099013888542 5349.977786109353
-1403.2093045670508 4896.4743939785585 4696.234545351023
-3166.838381706628 4982.776536339626 3625.210256152406
-4649.079971190246 4626.337116892248 2232.070126721466
-5718.2304030821915 3858.8273422629577 640.6007712529185
-6279.290969619485 2748.4438240887303 -1007.7887739716376
-6282.408977291544 1393.8490107971634 -2566.631864020618
-5727.307377433554 -84.59540390936527 -3897.4184494729516
-4663.309383216145 -1555.523145737736 -4881.902302150464
-3184.955885703823 -2888.2358297664186 -5432.607711406523
-1423.6050807980284 -3964.316085506179 -5500.602084897849
464.2392829246726 -4688.149459934124 -5079.843824151341
2310.833949078973 -4995.420181241881 -4207.719147101546
3952.1008779298586 -4858.825897405909 -2961.720158560437
5242.206300267633 -4290.503609979172 -1452.5593366363955
6066.518687783193 -3340.951248240821 185.6677567994407
6351.794267410454 -2094.540706573205 1807.397455254121
6072.685051988271 -662.0210313860701 3268.5319581763774
5145.1096097348045 1303.2057929315238 4452.929205965872
3735.336243595064 2600.9895791928116 5223.140157460363
1993.6618599587946 3667.664027088055 5529.25218459146
74.84187102420759 4408.4504308980495 5344.065890398055
-1850.6281465890104 4757.526667756682 4684.035889795901
-3611.66173202994 4683.875782123236 3607.80874483245
-5051.783323063564 4194.041978397823 2211.0119602827285
-6043.03179645702 3331.5491396416983 617.7570601957224
-6497.330375327033 2173.0335395658103 -1030.3882656718906
-6374.312637284521 821.4343732988895 -2586.979072350119
-5684.909248209014 -603.1528418410148 -3913.7054356793765
-4490.376724616817 -1974.1472800906909 -4892.681896035101
-2896.8545233487293 -3169.7300691016676 -5436.92209874726
-1045.9340850444185 -4083.6684313416667 -5498.0679134460825
897.9221867222167 -4634.754932573219 -5070.68626616159
2761.994131731966 -4774.023118758628 -4192.751891788482
4380.650777325732 -4489.098400386949 -2942.2731122413425
5610.067377184809 -3805.297589057037 -1430.3604547186792
6341.004871205831 -2783.3793876659925 208.6460062392003
6508.516255378677 -1514.145713021563 1829.1133539148193
6097.717408107983 -110.37354705615489 3287.0559531633567
4993.650626985134 1764.2461047916445 4466.538463463406
3470.817730259552 2931.290633244505 5230.682197861817
1639.5874467676738 3837.8771251765247 5530.05686450946
-337.3273765805045 4403.4513922902515 5338.061710490609
-2284.269182182695 4577.759678970844 4671.756347796695
-4028.2436465977635 4345.313929007413 3590.344931935992
-5414.290985356544 3726.767967355582 2189.9156129035573
-6319.254809841758 2777.0823171523575 594.9026813782642
-6662.725112879563 1580.6407160451274 -1052.9699640749059
-6414.183050750453 243.75225078976126 -2607.2816073374374
-5595.712676383474 -1114.7946716374115 -3929.9248379211654
-4280.038674339207 -2374.2871952937635 -4903.377000464508
-2584.064453439548 -3422.8138822605247 -5441.142598401035
-658.4847658717149 -4167.208535017121 -5495.438798408632
1325.6041828566256 -4541.328421944004 -5061.441144841671
3191.907382620009 -4511.931349289635 -4177.712233786916
4774.595603982776 -4081.6293759662854 -2922.775257172023
5933.040052963981 -3288.6567206528384 -1408.13687256944
6564.307856521908 -2203.4724836770815 231.6206526678144
6612.308100037316 -922.5000467468878 1850.7976664650457
6072.775751228259 440.4405676615379 3305.5231855050724
4801.040425835397 2208.631948282542 4480.070590379071
3177.2765287903567 3235.1110842473104 5238.133912037535
1271.1976689139042 3974.1364033255495 5530.766048439409
-747.8326824046289 4360.042262757963 5331.965350070412
-2700.4148180818443 4358.5392334140115 4659.3961314031185
-4413.053246597247 3969.7608660468413 3572.819119037525
-5733.572527787292 3228.251824722791 2168.7814488869953
-6544.638728514832 2199.898441822324 572.0380294622208
-6774.185057539822 976.074428270649 -1075.5334792278084
-6401.815316180922 -334.4780816649524 -2627.5391183875176
-5460.616190075566 -1615.310746211734 -3946.0763761129933
-4034.2173519625458 -2752.615962283154 -4913.987430749885
-2249.360598256403 -3645.3391704495275 -5445.269137485999
-264.63828423878516 -4214.157996014001 -5492.714785186464
1743.5983026794381 -4408.530390104871 -5052.108619841298
3596.908528749465 -4211.185512517962 -4162.60043280973
5130.617647267018 -3639.6583216605995 -2903.226930051895
6208.4488724802 -2744.731516546227 -1385.8889739574138
6734.632170044392 -1605.923271130859 254.59129934676562
6662.413844853653 -324.4216955973175 1872.4500184484698
5998.210812026081 985.9061712912065 3323.9333362994657
4569.045119679937 2632.70456835543 4493.5253530328455
2857.33032337097 3509.917460453428 5245.495171307325
891.7291886429053 4075.2587831710634 5531.379724134741
-1153.1059977851753 4278.495479025348 5325.776914412683
-3095.4826559877197 4101.569075700075 4646.955454058023
-4762.8120959038615 3560.2002605594303 3555.2316087821887
-6006.94477984233 2702.4920285865724 2147.6098331891167
-6717.334059048828 1604.6555201828726 549.1634992866749
-6830.85872857386 364.23832689615676 -1098.078421491716
-6337.431623335318 -908.5430401688513 -2647.751255682784
-5280.895907002834 -2100.596371039394 -3962.1597713414326
-3755.1294145031748 -3106.0024960277456 -4924.513003664629
-1895.7031944108892 -3835.426668776588 -5449.301644742859
132.16457366123848 -4224.056350511923 -5489.895920819301
2148.2889393688943 -4237.3600885383 -5042.688852319517
3973.52840520289 -3874.1557873495835 -4147.4167498156085
5445.702434692418 -3166.715743002212 -2883.628468451956
6434.001904788011 -2177.899107985951 -1363.6171430712468
6850.612070490891 -995.5665796723276 277.5575496066066
6658.515290314754 275.22640821715976 1894.0700359606735
5874.78020618109 1521.5643219253498 3342.2860876301834
4299.754843899239 3032.9877537057314 4506.902519080666
2513.816424950435 3753.4323851888075 5252.765848553011
504.51438494310077 4140.368077581142 5531.8978809981745
-1549.615972191339 4159.413896574353 5319.496510382652
-3466.0561498188877 3808.8775375696982 4634.434530593697
-5074.52202799815 3119.9056943682126 3537.582704880537
-6232.094354816649 2153.716538741485 2126.401131412746
-6835.917749114082 996.1602172182171 526.279485861263
-6832.339852471792 -249.90931118199978 -1120.604401548478
-6221.678576707794 -1473.7733005747466 -2667.9176701892184
-5058.193856016589 -2566.6860646638197 -3978.1747458697864
-3445.2664137001807 -3431.537508191247 -4934.953537447507
-1526.2119312238933 -3991.481785061561 -5453.240050536119
528.4531790123881 -4196.765388999853 -5486.9822539848055
2536.162905214843 -4029.1479709239456 -5033.182004941926
4318.523427521361 -3503.523074006809 -4132.161447004535
5717.164191764692 -2666.5947770063967 -2863.980210808959
6607.8098282079245 -1592.72783191053 -1341.3217645128607
6911.322563519071 -377.34002937845156 300.51900685380957
6600.733959222036 871.5760906933557 1915.6573456555911
5703.641175804257 2043.0488502583737 3360.5811225720663
