1761.0474915974553 4032.510432830581 5351.3220880181
-292.22188897337594 4165.7461633154 5528.131874212791
-2319.526072314268 3928.837066113714 5213.742883576528
-4140.7301850575395 3342.833554170342 4436.089957600702
-5594.012249563329 2459.804611155507 3264.270971431921
-6550.241776777001 1358.2112337647666 1802.4071844342016
-6924.4535768614605 135.934827842197 180.3916093658494
-6683.397289177766 -1098.4199840743086 -1457.6525518301842
-5848.491822744708 -2235.175360069113 -2966.1778869932514
-4493.9221921771605 -3173.3255964162686 -4211.145300039708
-2740.0478535819548 -3829.511927611834 -5081.933972870878
-742.708238694046 -4145.429318502795 -5501.170510512558
1320.6242625232576 -4093.007122527856 -5431.603906806045
3266.6135025512485 -3676.903281850408 -4879.415459778674
4922.349797580314 -2934.0904487562725 -3893.6695361879156
6140.713711718078 -1930.570803246289 -2561.953987219543
6813.4482644914315 -755.5114696974443 -1002.5975835368185
6880.778038639496 486.67837344149376 645.8440152701783
6336.720488257372 1685.6247073472894 2236.899539080639
5229.617514253746 2734.7958887630894 3629.196722371844
3657.8400743102156 3540.9684540082076 4699.02385041282
1374.755237960762 4172.575476351906 5357.120371814103
-682.7642826787336 4121.154798358589 5527.114329423966
-2679.6172005405147 3703.551431141162 5205.999923522783
-4438.374370827878 2956.8712664990844 4422.309578262234
-5802.762500782068 1947.4601138127396 3245.677619987154
-6651.5497175379705 765.0085837261863 1780.6529617545798
-6909.317552045472 -485.4173162093165 157.40947360329125
-6553.162201013071 -1692.7117573808098 -1479.8205370577389
-5614.7296303420135 -2749.601330565822 -2985.5619989157244
-4177.403692179921 -3562.176759103371 -4226.023175247022
-2368.897103733498 -4058.237150239354 -5090.983646860375
-349.9036118866334 -4193.7053612961745 -5503.587880036438
1700.1803514030662 -3956.5444472289782 -5427.174177973658
3599.1958293520197 -3367.827196016167 -4868.532233436324
5178.406963052311 -2479.863718971097 -3877.2998347563657
6297.493913020743 -1371.5534677927678 -2541.552330508243
6857.02089272044 -141.3746720377936 -979.9767482757652
6807.271474561372 1101.365883740273 668.6740685981468
6152.666112668702 2246.245247483437 2257.9102600492865
4951.3693661349025 3191.5358635027947 3646.521216219081
3310.121722693451 3853.2445122254776 4711.122759833024
977.6474240431809 4275.90668636388 5362.826145982169
-1067.5223719896176 4040.146275797878 5526.001339460367
-3017.8381205263763 3445.4011387373275 5198.167063470057
-4700.005708489893 2544.5169906061137 4408.452832110011
-5964.557163618765 1417.5413414306506 3227.0282204403834
-6699.131539732123 164.6109232913548 1758.8679898045307
-6838.458679885741 -1102.9458977655095 134.4246196095144
-6370.158756249888 -2272.5011356075597 -1501.9629679505351
-5335.842272139975 -3240.1346748439064 -3004.8945545522624
-3827.4127861923007 -3919.868029123551 -4240.828073219463
-1978.900877867072 -4251.303906958059 -5099.945407013653
45.445057720104074 -4204.992776119436 -5505.910210652888
2065.753000496501 -3785.0495838157467 -5422.650729786632
3902.5097237710625 -3028.788125573517 -4857.564934668062
5392.511332206712 -2003.4055507563198 -3860.863178031633
6403.364644129595 -800.0116009539738 -2521.106784908107
6845.250906718668 474.4668903862226 -957.338990250593
6678.906586356969 1706.786916351948 691.4925749036449
5919.112105898661 2787.451434688785 2278.8819902125047
4633.378539235621 3620.4386605243885 3663.782739982097
2935.948956114693 4131.734023339026 4723.140315058544
573.1948425040831 4341.702865725142 5368.43931199193
-1443.1171283827675 3923.410869895149 5524.792923541698
-3331.201809397613 3156.5066006699562 5190.244438680381
-4923.294590909114 2109.1328678741825 4394.519958429754
-6077.931042495892 874.353423990649 3208.32309483945
-6692.5166483958565 -438.11615865126316 1737.0526447786526
-6712.44278046028 -1711.6571979559087 111.43744429930585
-6135.938914410851 -2833.1099837382803 -1524.0794621412049
-5014.229948691606 -3702.828514567126 -3024.175220057916
-3446.9846474454225 -4243.534482281391 -4255.559738298116
-1573.459633430728 -4407.183788800608 -5108.819098574221
439.87417402814157 -4179.235475077392 -5508.13746225866
2414.1232307686 -3579.9437491207477 -5418.033640358301
4173.866844249961 -2662.5583107303473 -4846.513752863101
5562.744071906767 -1508.5928819868586 -3844.359849850721
6457.347077074375 -220.5823553280252 -2500.6177034837856
6778.186456843028 1087.0278816114349 -934.6847003822616
6496.754224339846 2298.0509209264287 714.2991401444692
5638.056868467751 3304.882051086746 2299.8143674192133
4278.393417627255 4018.059907772009 3680.980995579647
2538.5759362103163 4374.215508686254 4735.076308563795
164.92396501804487 4369.488893811669 5373.9597729122215
-1806.2477636026813 3771.9509406818975 5523.489102535536
-3616.9264518395566 2839.258593538478 5182.232185965888
-5106.2253522101855 1654.2856604780563 4380.511197821804
-6141.813721736071 322.32218677110865 3189.562566194487
-6631.674989180127 -1038.2810277180702 1715.2073033960153
-6532.282831209182 -2306.6284164732606 88.4483446275285
-5852.468677234263 -3370.021747952716 -1546.169637710273
-4652.636998151315 -4133.973858029723 -3043.4036624838204
-3039.3981040214553 -4530.604249175323 -4270.217916088692
-1156.0953501704003 -4524.670570552428 -5117.604568306417
829.9315489841714 -4116.700055546201 -5510.269596392376
2742.2153879168886 -3342.9426747640614 -5413.322989419041
4410.841355619176 -2272.1501670668354 -4835.378878859164
5687.544712216225 -999.4671458589529 -3827.790135201952
6458.884761753999 362.02291734782295 -2480.085440051719
6656.3245558610115 1691.3456556368465 -912.0142698771945
6262.320702380588 2870.3849100743746 737.093370484616
5311.882172751901 3794.377868775092 2320.707030197888
3889.459601263233 4381.223702482132 3698.1156860230276
2121.441475590007 4578.778583540095 4746.930534231634
-243.61353598680006 4359.119181048434 5379.387433412768
-2153.720428890082 3587.0723731587254 5522.089898956962
-3872.4598102400582 2496.298443306031 5174.130443686454
-5247.114143440237 1183.7174419403088 4366.426792196942
-6155.539358414591 -234.04204880022982 3170.7469584723754
-6517.017888254273 -1631.0058764282633 1693.3323428936908
-6299.430779260618 -2883.047674384251 65.45771758230559
-5522.111600933017 -3878.918034424861 -1568.2331131927165
-4254.128573474891 -4530.12950475541 -3062.579549782919
-2608.147553327784 -4778.819088442548 -4284.802353465908
-730.4211774004876 -4602.889624619418 -5126.301664498038
1212.2063255393896 -4017.973218200439 -5512.306576235203
3047.1239767752577 -3076.042258759305 -5408.518858314896
4611.29129059131 -1860.7914456383019 -4824.160504939238
5765.725136919816 -480.20114662357025 -3811.1543202200482
6407.849002364984 943.0571315966804 -2459.510349174054
6480.607363567848 2282.5206451365175 -889.3280902205477
5977.535320840719 3419.1721826791054 759.8748723010946
4943.333032875203 4252.015267000672 2341.55961776283
3469.89391147902 4707.048135187572 3715.1865154212082
1688.1394886693085 4743.839120022548 4758.702787356926
-648.8714298851291 4310.778287860281 5384.722199765813
-2482.476001448385 3370.3733882075553 5520.595336968173
-4095.501686116456 2130.4960223725884 5165.939351747309
-5344.624073159958 701.3147354220179 4352.266984772254
-6118.853156806768 -790.1814434398188 3151.876596591112
-6349.395285326499 -2211.466533397883 1671.4281410202248
-6015.765778882705 -3436.2531170025113 42.465960178106435
-5147.609083231891 -4355.713531413037 -1590.26950758463
-3822.0647306255364 -4888.149683823522 -3081.702550815688
-2156.9131538482984 -4986.252285534721 -4299.3127985778765
-300.110377894173 -4641.304489868419 -5134.910236962963
1583.35852214856 -3883.9564222480335 -5514.248366611478
3326.139069043956 -2781.5017820488947 -5403.621330006184
4773.377563133921 -1431.8985020951836 -4812.858824828212
5796.480513117024 44.93524355275804 -3794.452692181183
6304.540732073922 1517.776295615965 -2438.8927861524876
6252.414839964754 2855.7562631621313 -866.6265531694346
5644.734451054124 3939.989754446401 782.6432521907127
4535.494634658211 4674.137865687853 2362.371770020364
3023.2562162825384 4992.968315446773 3732.193188985956
1242.388215748794 4868.151619097695 4770.3928646501
-1047.339472019682 4224.978706994021 5389.963979847752
-2789.616718401718 3123.730820617308 5519.005442378066
-4284.024277322435 1744.925742561825 5157.659051596625
-5397.777479072168 211.07635479922837 4338.032020066881
-6031.914464050029 -1341.5280933806018 3132.951806414235
-6130.089378276417 -2774.9318832644985 1649.4950760291338
-5683.578949788798 -3961.7707977323516 19.473469448929787
-4732.057589637044 -4796.5889908769 -1612.2784403497212
-3360.0721463533428 -5205.209202697954 -3100.7723353559045
-1689.5295474324068 -5151.323734174951 -4313.749000850449
131.13516615619162 -4639.720545658642 -5143.430137043744
1940.1479447546196 -3715.857825582312 -5516.094933989323
3576.7700642625896 -2461.824830929507 -5398.630489066042
4895.580467163923 -989.0478965082987 -4801.474033689565
5779.397061656723 571.6102838828758 -3777.6855394980316
6149.688864755064 2081.47838208065 -2418.2331070221594
5973.553824754842 3406.397991613128 -843.9100507461733
5266.6423129159675 4428.644190859412 805.3981169768695
4091.7665192954037 5057.385918962913 2383.1431275750915
2553.3193140138283 5236.75671419401 3749.1354130369127
787.9984826248781 4950.818694240651 4782.000564240634
-1435.5735879764138 4102.55583240232 5395.112683140715
-3072.431428312476 2849.2839814087347 5517.320242641794
-4436.290253099728 1342.8407447901864 5149.289686223067
-5405.965220559959 -282.9197849625212 4323.722143897829
-5895.296454485817 -1883.541650248286 3113.972914745161
-5860.804727348239 -3316.8025741230917 1627.533526672343
-5305.554780467853 -4455.351033738716 -3.5193575585634895
-4278.883008299232 -5198.022002020683 -1634.2595314259486
-2872.0137032744365 -5478.825904279273 -3119.7885740962984
-1209.9533770891571 -5272.81208151119 -4328.110710991546
559.6166164434288 -4598.285765946143 -5151.861217614179
2279.4622177679507 -3515.1815808320666 -5517.846246481225
3796.7675977886065 -2119.738086140777 -5393.546421678998
4976.713514905577 -535.9465601785082 -4790.006328121975
5714.4565962756515 1095.4661696183646 -3760.8531517147694
5944.44513158691 2629.5419228705377 -2397.531668545495
5646.2436301888865 3929.9713367210065 -821.1789752315188
4846.348604116526 4881.205550908666 828.1390737163545
3615.8342367178657 5398.72323108035 2403.873331736062
2064.0371295596283 5436.540660263871 3766.0128950066623
328.8412655622686 4991.297593917222 4793.525685680543
-1810.2254398864065 3944.6601618923787 5400.16822073413
-3328.4192421122116 2549.4162424326582 5515.539766860291
-4550.868388149091 927.645501903888 5140.83140015332
-5368.952906741944 -776.5506123742763 4309.337603375713
-5709.982398309019 -2411.7467969067534 3094.9402493215853
-5543.65489594131 -3832.648694757565 1605.5438721936664
-4884.749328140405 -4913.0029367774105 -26.512123791906355
-3791.812346164876 -5556.815307506309 -1656.212401232023
-2361.9561971382027 -5706.880252480949 -3138.750938654257
-722.2298747217416 -5349.863842791169 -4342.397680995451
981.6697415173403 -4517.4885531786185 -5160.203333081846
2598.3436932358995 -3283.7145809441654 -5519.502273844579
3984.1434051669744 -1758.1681578487248 -5388.369215639449
5015.934491423599 -76.40077833455938 -4778.455906155932
5602.037786051284 1612.155145613926 -3743.955819502112
5690.3754392504125 3157.464010048293 -2376.788828206029
5273.098262870833 4422.218340887285 -798.4337191578663
4387.283165224601 5294.0391655528965 850.8657297061371
3111.638705073116 5695.461377850915 2424.562024522993
1559.511490774336 5590.816852606299 3782.825343445792
-131.18516328319183 4989.403715111969 4804.968029947836
-2168.071122283279 3752.746804325111 5405.130505326264
-3555.311378958143 2226.7345008298144 5513.664045779768
-4626.6466173855715 502.8670650723826 5132.284339449607
-5286.884000154031 -1265.682316212491 4294.878646900499
-5477.3585384005155 -2921.7702693465317 3075.8541388097756
-5181.145733518077 -4318.246112071499 1583.5264923222376
-4424.565393129011 -5331.02683742797 -49.50443219967056
-3274.843000675016 -5870.12243345303 -1678.1366706740237
-1834.1364361992505 -5887.631890657789 -3157.6591015775043
-230.45880039200216 -5381.999416930619 -4356.6096641471
1393.6961111818632 -4398.15267649374 -5168.456339390617
2894.0150071425746 -3023.510769775275 -5521.062987482215
4137.18796954299 -1380.2166627038116 -5383.098960350168
5012.753625099151 385.7157518299486 -4766.822967250319
5442.914122958297 2117.375629127923 -3726.9938346522395
5389.447815157391 3660.8973898279755 -2356.0049442022596
4857.105417777572 4879.132351858234 -775.6746753025066
3893.1878889721643 5663.834992706236 873.5776924901272
2583.3435312579395 5945.281039121809 2445.2088486724433
1043.957763975084 5698.462774775305 3799.5724680279286
-588.1882319701363 4945.311085598024 4816.32739944999
-2506.038742804303 3528.5623851025707 5409.999451225725
-3751.0910179413045 1884.0466992124402 5511.693111791181
-4662.842394742426 72.12519609452164 5123.648651707161
-5160.2797622238695 -1746.2049472125996 4280.345524157199
-5199.20362731698 -3409.3771178656943 3056.714912798925
-4776.15543379366 -4769.6111697913775 1561.48176726601
-3928.724870164883 -5706.044338187226 -72.49588573835217
-2732.209860896835 -6135.470426572004 -1700.0319611519105
-1292.9260153826167 -6019.733042487373 -3176.5127363497404
261.2399805107026 -5369.1159604144 -4370.7464150263495
1792.193657702887 -4241.429363281297 -5176.620094023157
3163.9030634958326 -2736.873154014479 -5522.528360442894
4254.485797537284 -989.133754443446 -5377.735746820748
4967.038797964139 846.4945199518637 -4755.107712288964
5238.24860370114 2606.9080414694295 -3709.9674900738196
5044.017033323928 4135.6863432749315 -2335.1803754414486
4401.602414231722 5296.990764319878 -752.902236680811
3368.086104520984 5987.634310493904 896.2745698659618
2035.300563821145 6146.25027188017 2465.813447643969
521.6696362563807 5758.744924234824 3816.253979554734
-1038.3139277992443 4859.549818235372 4827.603598027311
-2821.234652860894 3274.129465808815 5414.774974352943
-3914.0109836115457 1524.3375942004875 5509.626998929675
-4659.010262114018 -360.89836209789866 5114.924486051665
-4990.036033097886 -2214.0669151475163 4265.738486111571
-4877.675204128561 -3870.50590651366 3037.5229017954457
-4331.911527947347 -5183.033462650651 1539.410077705105
-3401.2385022273884 -6035.02575026342 -95.48608737918988
-2168.3505094952034 -6350.779515691002 -1721.897894566055
-742.7950583448903 -6102.238651212576 -3195.311517396276
748.7609934417865 -5311.487103340672 -4384.807689512204
2173.786345077665 -4048.786617259716 -5184.694456003368
3405.6612404491425 -2426.3336724278165 -5523.898367421772
4334.928189108523 -588.2903330107691 -5372.27966766604
4879.017744646592 1302.0251841638963 -4743.310343577175
4989.585162356099 3076.6500498821906 -3692.8770797868874
4656.806041956439 4577.901057012085 -2314.3154815334037
3910.249268672233 5672.385465438572 -730.1167965394618
2816.24968802022 6262.853532407235 918.9559698918011
1472.0139636794224 6296.839578941475 2486.3754656263204
-3.016661161176334 5771.3237956614175 3832.8695899609334
-1477.779242419201 4733.0005660995275 4838.796430956364
-3110.9681052350925 2991.728614983805 5419.456992241623
-4042.6091118030718 1150.7429810760152 5507.465742873997
-4615.046558089465 -792.4912166527743 5106.11199313669
-4777.416864891371 -2665.309091991548 4251.05778500578
-4515.292717899086 -4301.302557990563 3018.2784372172946
-3851.9649978857474 -5555.106415756749 1517.3118047852977
-2846.3732837402863 -6315.314690299977 -118.47464011506543
-1587.8688122310962 -6514.37954030801 -1743.7340933237952
-188.27522850765703 -6134.6131802759355 -3214.0551200896857
1228.0474355009217 -5209.759517869817 -4398.793244787032
2535.2526956678294 -3821.9958596478978 -5192.67928589884
3617.189628051452 -2094.6310967436893 -5525.172984760829
4377.723388207479 -181.1491687566303 -5366.730817104541
4749.277213998606 1748.4286578344802 -4731.431064838238
4698.836917466191 3522.650925324207 -3675.72289891783
4230.884340310732 4983.870199199918 -2293.4106227843167
3386.9991225885487 6002.250734522595 -707.318748349663
2242.164169223541 6487.304951639438 941.6215008930569
898.1030898476363 6395.933654734249 2506.8945475435294
-525.7583903217281 5736.255584513386 3849.4190123192434
-1902.9039302583144 4566.8860324655 4849.9057049532985
-3372.7741292793044 2683.878286933421 5424.045424040171
-4135.721162085483 766.5225956769987 5505.209380945875
-4531.191220326981 -1218.9419920343305 5097.211325141093
-4524.045053837278 -3096.098234514585 4236.303674354058
-4114.917630869419 -4698.152561854902 2998.981851388199
-3340.1617183802227 -5882.755416571484 1495.1873301114165
-2268.617779154668 -6544.649636478763 -141.46114696730032
-995.4971945860868 -6625.023015463026 -1765.5401803459386
366.07768438896153 -6116.734026088763 -3232.743220755388
1695.1249546005877 -5064.946375651368 -4412.702839340758
2873.5529336626114 -3563.1160125862857 -5200.574445823247
3796.6531241893754 -1744.6871553258266 -5526.352190449294
4382.404023294099 228.7648121187948 -5361.089290956783
4578.759093065855 2181.890022088824 -4719.470081209917
4368.271323865388 3941.1447285296117 -3658.5052436942256
3769.643477696526 5350.211430411761 -2272.466160190494
2836.066265726396 6283.888367685697 -684.5084858003387
1650.4921201746663 6659.214247100863 964.270771469185
318.26450668005054 6442.839717180733 2527.3703390610876
-1042.242304913879 5653.990604452689 3865.90196084537
-2310.141313911182 4362.759614389941 4860.931228177212
-3604.434429889254 2353.3126840419377 5428.540190513083
-4192.491164159404 375.0319261229428 5502.857952109377
-4408.026660049558 -1636.5720642325816 5088.222635766384
-4231.88964288793 -3502.7594447028305 4221.476408938293
-3679.730659613899 -5057.71127690459 2979.6334775319538
-2800.611459001149 -6163.263266753021 1473.0370357407523
-1672.6456399751892 -6721.182268315089 -164.44521099257497
-396.05791555294104 -6681.89472991479 -1787.3157790732932
915.7212927377095 -6048.8915217495205 -3251.375496677229
2146.134645591917 -4878.417756753585 -4426.536232975048
3185.8545170285174 -3274.4751654863876 -5208.379799438732
3942.497233734862 -1379.5810859681462 -5527.435964124004
4348.8317698597275 637.8948272302525 -5355.355186643661
4368.753518698671 2598.690985673888 -4707.4275992408875
4000.492345442202 4328.582045872849 -3641.2244114398004
3276.769871421697 5673.859595626579 -2251.482455432151
2261.8920144576437 6514.989820986166 -661.6864027913394
1046.0351258594128 6777.234610189216 986.9033905004379
-262.7665741209627 6437.292362872736 2547.80248659205
-1548.220310858577 5525.368439522776 3882.3181509029096
-2696.1078787234733 4122.491282641208 4871.872810233454
-3803.996133550594 2002.9577951000447 5432.941214042322
-4212.379107484805 -20.30682355071707 5500.411496970237
-4246.473711997754 -2041.7670918139647 5079.14608023407
-3903.2504918567593 -3881.807393822246 4206.57624480366
-3213.2063363816374 -5376.932073858259 2960.2336497666474
-2237.6546969952624 -6394.2927428542025 1450.861304176478
-1063.2776179949553 -6843.492440756044 -187.42643528974406
205.5763434811781 -6684.617803124787 -1809.0605134731118
1456.1639446820739 -5931.785538723844 -3269.951626103079
2577.364989127756 -4651.888097995206 -4440.29318680744
3469.5558437094787 -2958.6499852850225 -5216.095211958263
4053.461435682578 -1002.5228375606582 -5528.424287069782
4277.19919077276 1042.6828637799806 -5349.528603184769
4120.889027583296 2995.2416169353814 -4695.303826887188
3598.4197900694226 4681.6600080247445 -3623.880700569218
2756.215162802733 5952.092362274557 -2230.4598708671615
1669.1087228699978 6693.655189809171 -638.8528934266285
433.6946481472779 6840.457379107268 1009.5189671546059
-840.2550993009376 6379.454911418912 2568.190637303129
-2039.5444937775 5351.609879074222 3898.667299008294
-3057.6114095883386 3848.25082382066 4882.730262176929
-3969.7882233808446 1635.905817547738 5437.248418628653
-4195.165906186131 -416.03436835491686 5497.870057775155
-4047.7846880444345 -2431.0080748924893 5069.981815282979
-3540.740036959463 -4229.976045672647 4191.603439254177
-2719.0850953089275 -5653.092081850651 2940.782703098932
-1655.8275104317877 -6573.906078370246 1428.6605183610118
-445.4423847734384 -6910.599670714991 -210.40442300670497
804.5222515637385 -6633.256155649558 -1830.7740080456726
1983.001555261725 -5766.5187215894875 -3288.4712882503754
2985.2824685157193 -4387.4007931655915 -4453.973463275483
3722.3079337457575 -2618.4430504776833 -5223.7205501479575
4128.590003983173 -616.8251519067694 -5529.317142219732
4168.028734347872 1439.6003683036565 -5343.609641196671
3837.119820572932 3368.1110782081437 -4683.09897350862
3165.265971817108 4997.35033810182 -3606.474410582983
2212.164350924409 6182.553089944407 -2209.398769524783
1062.5022195287177 6818.408868058083 -616.0083520074999
-181.56789678629352 6848.419096150325 1032.117110893779
-1409.504908674246 6269.917233757422 2588.5344391208005
-2512.201223916085 5134.305710066589 3914.94912283566
-3391.6774357994927 3542.488592506848 4893.5033965153225
-4100.435525040195 1255.3881851277101 5441.461729892957
-4140.955594627935 -808.6843211265773 5495.233678411066
-3813.5335873486706 -2800.9016765960896 5060.729999166558
-3147.2623854169738 -4544.24662654549 4176.558250848293
-2201.3431090074932 -5883.815321628458 2921.2809734181665
-1059.82483692758 -6700.581204686491 1406.4350616694396
175.8635228780442 -6921.971042691843 -233.37877734723156
1395.9256369115947 -6528.313376984432 -1852.4558878307046
2491.9536321867945 -5554.58641870057 -3306.9341633116574
3366.5606114837965 -4087.3100812141693 -4467.576826140813
3942.0339065425646 -2256.8583061470317 -5231.255682329385
4167.240189674164 -225.8747665191784 -5530.1145141555535
4022.1688943208546 1825.1787373489888 -5337.598402891179
3519.7102417096744 3714.057100738732 -4670.813249865144
2704.5098881286003 5272.925191856718 -3589.0058420622527
1649.0019624411486 6363.270739827156 -2188.2995150994193
446.972975864876 6888.211757810262 -593.1531730257475
-794.7715211255914 6801.104932692514 1054.697431481093
-1965.8970806666698 6109.690088147635 2608.8335407373856
-2962.344057393277 4875.402467337502 3931.1633412217425
-3695.573764587716 3207.913941953109 4904.1920272123725
-4194.870126496333 864.747434136595 5445.5810750775145
-4050.174732798347 -1194.8132572387517 5492.502404404382
-3545.6035401921663 -3148.2095473568243 5051.390791650125
-2725.9899134150555 -4821.873603502202 4161.440939394386
-1664.1601200213242 -6067.093029532628 2901.728797490692
-454.4623969172957 -6773.22461488986 1384.1853179028597
795.6163045282113 -6877.5254694074865 -256.3491015778554
1975.0010058117452 -6370.728004444851 -1874.1057784138784
2978.89820057975 -5297.863398807924 -3325.3399324600864
3718.107217546802 -3754.2603808963354 -4481.103040493271
4126.946091590051 -1877.0748528417857 -5238.700478381842
4169.087694590904 166.89701329507756 -5530.8163891078
3840.7875601873534 2196.039347385191 -5331.49499207358
3171.2165960425655 4030.0539483001885 -4658.446868113217
2219.8691206845865 5505.980570308255 -3571.475296663635
1071.2765322186008 6492.676656046681 -2167.162471944301
-172.50367735463612 6902.469928253157 -570.2877511568536
-1400.956178174996 6698.94845634398 1077.2595389874575
-2504.9275745695795 5900.196016237553 2629.0875916171076
-3386.3251632700576 4577.185267504672 3947.30967417072
-3966.8329005707774 2847.471521107312 4914.795969691071
-4252.340136718531 467.40815115132625 5449.606383047264
-3923.5690245731566 -1571.030606453284 5489.676282920209
-3246.171586295398 -3469.8764003202427 5041.964354008129
-2280.337556985922 -5060.408448716984 4146.251765946298
-1111.885528641707 -6201.300999208514 2882.1265129539643
155.36240835160027 -6791.180741959177 1361.91167128179
1408.8057135661736 -6777.634273180953 -279.314999034707
2537.0704486883405 -6161.865256072491 -1895.7233059332752
3439.9053406942703 -4998.587470061699 -3343.6882778549743
4037.0895474035674 -3391.163251396123 -4494.551872754935
4275.560631350387 -1482.419295969186 -5246.054809744603
4134.129390212936 558.044119394535 -5531.422754956119
3625.362610427059 2548.92286581378 -5325.299514140846
2794.4664530629702 4313.318629841704 -4646.000041802163
1715.2696880301912 5694.457104921168 -3553.88307711399
483.66368387889094 6569.618076514978 -2145.98800506524
-790.9179611081712 6861.039651716369 -547.4124812531919
-1995.2230743644664 6542.827744686172 1099.8030437983064
-3022.2438615712317 5643.256879813979 2649.296242002158
-3780.725018778662 4242.257876145396 3963.38784285906
-4203.272166629137 2464.3156433392487 4925.315040836862
-4272.415711256252 66.84725271443794 5453.53758429103
-3762.197175856033 -1934.0281144409607 5486.755362761528
-2917.6909112506355 -3763.0565962857 5032.450849021347
-1813.9350051049535 -5257.720985648577 4130.990992798824
-549.0030134330368 -6285.213792308073 2862.474458310744
764.7103052424433 -6754.237771314571 1339.6145064395027
2010.4757574212404 -6623.118083855516 -302.2760731303315
3077.6016157256104 -5903.505289570917 -1917.3080970858266
3871.2690646405263 -4659.340143201691 -3361.9788826472527
4320.957268377661 -3001.1721779315594 -4507.923090684153
4386.7094566107935 -1076.3368942250404 -5253.3185494191175
4062.683258866686 944.135645960036 -5531.933601229462
3377.669824780446 2880.7175907305314 -5319.012076079813
2392.5356041025802 4561.335135743691 -4633.472985870442
1194.8140955306405 5836.658036856476 -3536.229487205201
-109.07188878449325 6593.368257642655 -2124.776480114276
-1403.2663571270245 6764.228774217263 -524.5277583371975
-2572.774451505845 6334.057879873618 1122.3275566202997
-3513.680245433648 5341.078146348035 2669.4591429187158
-4142.380130022893 3873.5201805840434 3979.397569640314
-4403.011361523821 2061.782948111822 4935.749059000775
-4254.992296131434 -333.4361470774188 5457.374610922717
-3567.422043296366 -2280.6086200116824 5483.739694368355
-2562.8706865406366 -4025.139008771831 5022.850440974091
-1330.59702231301 -5412.018132571005 4115.658883483175
19.906026575977865 -6318.015695040855 2842.7729729232587
1368.6403376475357 -6662.629836851127 1317.2942084153951
2595.764948539916 -6415.240079187719 -325.2319273605957
3592.244452427672 -5597.828087671095 -1938.859779133791
4269.537272412102 -4283.024504900955 -3380.21143098495
4567.462969187005 -2587.655399126908 -4521.216463379557
4459.549537168546 -662.3617554017587 -5260.491571971242
3955.3855583618606 1321.7856370175277 -5532.348919106256
3099.768214771102 3188.486575027081 -5312.632786465334
1968.7228621891759 4771.87648840261 -4620.8659166419875
662.7478437037623 5931.264234748516 -3518.514831788927
-702.1152291157349 6563.633124912642 -2103.528263383409
-2004.5922826463695 6612.794407898741 -501.633977594533
-3128.9525148555376 6074.379887972758 1144.8326884880717
-3975.2915849378414 4996.230058023326 2689.575946183001
-4468.408552418639 3474.143261824043 3995.3385780499416
-4564.4878107290915 1643.3635907851099 4946.097844002581
-4200.291065341206 -729.9510218680444 5461.1173966824945
-3340.8991475728535 -2607.7138997899356 5480.62932981687
-2184.6536792482216 -4253.76995395154 5013.163295651348
-834.2921443276344 -5521.859880342564 4100.255702762445
590.1999088472423 -6299.3083240822025 2823.022397007316
1962.2501100714053 -6517.035579167879 1294.9511626483447
3159.9457778229407 -6155.695623504913 -348.18216531149614
4076.866396021273 -5247.395097868231 -1960.3779799111535
4631.539543899618 -3872.840489971857 -3398.3856080186406
4774.680078125966 -2154.1670088609367 -4534.431761284064
4493.569334072422 -244.0863356065033 -5267.573753533374
3813.1852349823234 1687.6824797218055 -5532.668701414575
2793.98289387626 3469.493300454263 -5306.161755458401
1526.5229114573144 4943.024415820791 -4608.179051822422
123.42466931993417 5977.346119736274 -3500.7394167713405
-1290.6403963267633 6480.554389761797 -2082.243721798234
-2590.0263988777424 6407.93696281247 -478.73153436728325
-3659.2771897447906 5765.946215949069 1167.3180507709314
-4403.385143829564 4611.625844360397 2709.646304407256
-4756.233003947663 3047.5422787136185 4011.210592810052
-4686.468689280261 1212.6712076841363 4956.361217133917
-4108.856551325099 -1119.2446109529399 5464.7658769379295
-3084.562647899104 -2912.4513398924573 5477.424322818514
-1786.1918168270497 -4446.8739862003395 5003.389580335949
-329.1100042562365 -5586.172364049256 4084.7817166270165
1157.2146764682084 -6229.114812838757 2803.223071626465
2540.715754835499 -6318.573074487428 1272.585754970065
3698.463088638202 -5846.59838986667 -371.12639066601434
4527.5857465774725 -4855.127780931824 -1981.8623278300865
4954.412541950545 -3432.257762283851 -3416.5010999068836
4941.018040889983 -1704.4165792418667 -4547.568756188819
4488.592403595816 174.8694965747324 -5274.564971806604
3637.335633378844 2038.617650218506 -5532.892942632241
2462.88562995164 3721.2256793141732 -5299.599094804252
1069.5974301076708 5073.186476472852 -4595.41261049534
-418.72919525237467 5974.372391884764 -3482.90354910784
-1869.849894051436 6344.709102176308 -2060.923222911637
-3154.8262240629306 6151.2905654422 -455.8208241471296
-4159.482399339582 5411.302867474527 1189.7832551795875
-4794.5503098470535 4190.497162620249 2729.66987100578
-5003.601384787139 2597.347395173256 4027.0133398341864
-4768.060518745877 773.4119133938204 4966.539001161359
-3981.551491792794 -1497.9322307130722 5468.319988685108
-2800.6088962635527 -3192.119204048522 5474.12472871907
-1370.819910031585 -4602.672377719865 4993.529463805648
180.7724409507749 -5604.257912135752 4069.2371922899843
1716.302367247872 -6107.880537177617 2783.3753386860653
3099.3312963461135 -6068.791172498999 1250.198371598401
4206.971038572637 -5490.463079692441 -394.06420721097504
4940.802942033655 -4424.283247754853 -2003.3124518873508
5235.622821738406 -2964.986433606999 -3434.5575938216525
5065.234637579384 -1242.237563204516 -4560.627221237152
4444.778127455349 590.8895661584448 -5281.465106062821
3429.38357511937 2371.513564492076 -5533.021638886941
2109.2732425320937 3941.418175404728 -5292.944917830429
601.7447259526775 5161.110484803898 -4582.566813118493
-959.2514502408634 5922.215478467927 -3465.007536797756
-2435.013925474852 6157.105637655524 -2039.567134897421
-3694.4147275477976 5844.909940924381 -432.902242568497
-4625.55056840613 5013.3683459773065 1212.2279137728435
-5145.685942367243 3736.3669726855437 2749.646300200875
-5208.604538878209 2127.3729970942686 4042.7465462320315
-4808.715764525312 329.3525948885453 4976.631020329464
-3819.5489401302057 -1862.7264638611223 5471.779670549722
-2491.4777107726486 -3444.230279466648 5470.730604497697
-942.0277531430919 -4719.6991199859385 4983.583116330226
691.1255043739363 -5575.801981636039 4053.6223981825256
2262.8692278730073 -5936.470368213804 2763.4795409274243
3633.54709003753 -5769.657310804658 1227.7893991306928
4681.368347693449 -5090.1848816064485 -416.9952188438297
5313.2294838101825 -3958.4271877690862 -2024.7279816706907
5472.986863566844 -2474.945867026837 -3452.5547779537264
5146.445342688334 -771.5547448782141 -4573.60693092848
4362.619568308574 1000.3924022650623 -5288.274037146809
3191.1559002439562 2683.450294317347 -5533.054787956277
1736.144026285655 4128.0718515918825 -5286.19933944483
126.86813664931212 5205.896109107536 -4569.641881520006
-1493.6805436799789 5821.153651630206 -3447.051688879028
-2981.509152794194 5919.1761464934925 -2018.1758265439776
-4204.417589545245 5491.253864864157 -409.976185401745
-5053.745072682507 4575.409579370971 1234.6516389642838
-5454.025128116967 3253.0200738964572 2769.575247028856
-5369.691116323185 1641.5854592127741 4058.4099403141386
-4808.236484342756 -115.711227501085 4986.637100363828
-3624.3217100000847 -2210.4654763570456 5475.144862788129
-2159.831527145073 -3666.5336954942304 5467.242008765952
-503.43083483867485 -4796.814305468655 4973.550709668542
1197.70189641296 -5500.8769139293245 4037.9376039492918
2792.413558140103 -5716.16246838665 2743.536021921841
4139.007020921442 -5423.541902562003 1205.3592245371055
5117.831546160773 -4649.015837873102 -439.919029579585
5641.914279289901 -3461.404314119213 -2046.1085473652602
5664.688169571114 -1966.2318269331909 -3470.4923415180724
5184.129656911353 -296.35101325790646 -4586.507661122213
4242.938474056738 1399.8618884603402 -5294.991647478293
2924.7435879533673 2971.6909181961823 -5532.992389267814
1346.6723990345176 4279.472168799488 -5279.362476133722
-351.0565423130387 5207.003537050678 -4556.638038894521
-2017.59256928982 5671.86979047626 -3429.036315422868
-3504.856642426041 5632.765522427425 -1996.749667247883
-4680.698822072673 5093.165318726559 -387.0430485463326
-5440.640370469694 4101.01502546898 1257.054043529002
-5717.157146093474 2744.471550190468 2789.456367345977
-5485.679419955957 1144.069733762515 4074.003251596615
-4766.775003847736 -557.9876991775689 4996.557068474101
-3397.6292475294404 -2538.14021954939 5478.415507288386
-1808.532605736901 -3857.034725622639 5463.659001766778
-58.73990531002065 -4833.214770006215 4963.432417065583
1696.2720934794784 -5379.94247186107 4022.183080443715
3300.562872795862 -5448.638675602404 2723.545126064698
4611.584156582723 -5033.1994220594715 1182.9082351539198
5512.845950453479 -4170.538312034698 -462.83524355758163
5924.267188900465 -2937.3065708797058 -2067.453779759983
5809.291289395301 -1443.0822507444911 -3488.369974759223
5178.134365172444 179.3662602315272 -4599.329189041623
4086.8774787356383 1785.8772918501077 -5301.617821053977
2632.483593346764 3233.705288894393 -5532.834443899085
944.1819882250481 4394.204380138497 -5272.434445959722
-828.0143300248585 5164.259128558983 -4543.555509799374
-2526.6379413710206 5475.446790429102 -3410.9617275284127
-4000.7586836583996 5300.116976367128 -1975.289027007552
-5119.39445986242 4653.848509774683 -364.10322802395785
-5783.149572215117 3594.0651800109595 1279.4347406102654
-5933.046466142617 2214.933386708007 2809.2893178343825
-5555.766144807777 638.9950419209754 4089.5262108058073
-4684.831620428622 -993.7208165242844 5006.3907533569545
-3141.5020464360964 -2842.9202848642867 5481.591547571248
-1440.6184883057877 -4014.0124005284297 5459.981645373463
388.27034456059647 -4828.44189920234 4953.228413249449
2182.659653416424 -5213.843145863853 4006.35909972336
3783.1100736220883 -5135.971548441582 2703.5071985695195
5047.414561881309 -4601.746340100374 1160.436818676862
5863.2341161034155 -3658.6357750100497 -485.74346504835006
6158.079588730613 -2390.439365651436 -2088.763310253924
5905.752665611936 -909.8419283843299 -3506.187368956621
5128.673701184941 651.5989569952724 -4612.071293277695
3895.889571593834 2155.142415550918 -5308.15244344954
2316.9385567368336 3467.1920127981484 -5532.580954577576
532.1173833963817 4471.166384186729 -5265.415368559779
-1299.9847546175185 5077.858000949827 -4530.394520150692
-3016.577542294522 5233.359650515729 -3392.828237317325
-4465.1341773061495 4923.854328912757 -1953.7942764168388
-5516.944045745537 4176.8429422070685 -341.15711997175526
-6078.5492250102625 3058.7007303129344 1301.7933437261852
-6100.048630358919 1668.7795356434322 2829.0737560080556
-5579.531945277688 130.5799559136338 4104.978549882927
-4563.249361485895 -1419.2222259397754 5016.137985199039
-2858.2237424036425 -3122.1781901110658 5484.6729287911485
-1059.2759139019904 -4136.034778466318 5456.210003088567
833.7932281056404 -4782.386526065175 4942.938874428351
2652.7761827547715 -5003.802243665547 3990.465935045208
4236.04833204961 -4780.608173091771 2683.422585461977
5442.928997449915 -4132.636086985378 1137.9453631544054
6166.181535526322 -3117.46114877557 -508.6432984604247
6341.5417843292435 -1825.2861067441397 -2110.03677086269
5953.428216196769 -370.92638399235545 -3523.944216429945
5036.326424865804 1116.3917757607867 -4624.7337537929325
3671.7249291310322 2504.513627032963 -5314.595401821616
1980.8745603435184 3670.0984516662365 -5532.231925680676
114.01479394464121 4509.578922907197 -5258.305365143078
-1762.975687241885 4948.363516886702 -4517.155297219504
-3483.3180419255978 4947.464296855208 -3374.6361579284635
-4894.152302294781 4506.96116245867 -1932.265786658617
-5870.119652971447 3665.9947503043873 -318.2051206354163
-6324.501111885805 2499.288616632581 1324.1294667764128
-6216.922892393121 1110.509721425532 2848.8093402186983
-5556.943791394565 -376.94283592182336 4120.3600019886835
-4403.205848284439 -1830.9023681111303 5025.7985956799275
-2550.311042790459 -3373.5118900996945 5487.659597737143
-667.8134166744758 -4221.971739283637 5452.344140042833
1274.022362163949 -4695.290871614424 4932.563978287561
3102.655663169053 -4751.41280505766 3974.503860860957
4655.604392721479 -4385.350859539868 2663.2916335739433
5794.88224119724 -3629.6312453566875 1115.4342569810522
6419.259372120767 -2551.4029666492074 -531.5343483472046
6473.257137375605 -1246.47133770744 -2131.2737942247527
5952.077598553571 169.21473963899834 -3541.6402105444336
4902.029844837735 1569.865344781862 -4637.316351925176
3416.4152272044144 2831.0265248002647 -5320.946584909748
1627.2371239427061 3840.6385743348865 -5531.787363235604
-306.52813879381193 4508.993032175079 -5251.104558488981
-2213.0570312219206 4776.70367171651 -4503.838069627814
-3922.9460945851447 4619.9832278071335 -3356.3858035123894
-5284.2641818790935 4052.7569996446377 -1910.703929498399
-6176.052207001683 3125.425526832559 -295.2476263623835
-6519.070890373473 1920.3862802573963 1346.4427240487928
-6282.841516664184 544.712285204979 2868.4957296616644
-5488.354102403425 -879.3617868183876 4135.670301507923
-4206.20234089885 -2225.3007050673004 5035.372417975018
-2220.4916661857787 -3594.765319654152 5490.55150283383
-269.6328398860413 -4271.005189439696 5448.384122994058
1705.184047501805 -4567.747505145965 4922.103903986357
3528.4878491921763 -4458.625409790251 3958.473152812261
5038.270020967938 -3953.3348804193406 2643.114690537492
6100.379791296889 -3096.7731979987966 1092.9038888906873
6620.444046093337 -1965.049626970724 -554.4162194137672
6552.252794054232 -658.722773108048 -2152.4740136078067
5901.865127175629 706.134489902552 -3559.275045716166
4727.070843838961 2008.2486046651377 -4649.818870391373
3132.2555716184715 3131.9210178493922 -5327.205883038295
1259.1256461825235 3977.308504388714 -5531.247274919302
-725.8831184986439 4469.294676182218 -5243.81307294487
-2646.3939826155993 4564.16440282029 -4490.443067344648
-4331.761127868452 4253.488092762203 -3338.0774892260292
-5632.232287289588 3564.8706995371504 -1889.1090772779
-6432.254891340763 2559.4989004808276 -272.2850335949864
-6660.743420810651 1326.704391940861 1368.732730226033
-6297.39566715046 -23.973623969373364 2888.1325843818095
-5374.496672798252 -1372.5214781834134 4150.909184054176
-3974.050063477749 -2599.1147758495586 5044.859286758409
-1871.6804832482337 -3784.0467941243332 5493.348594142244
131.7999900573767 -4282.636587507535 5444.330020325939
2123.569455851642 -4400.695326049582 4911.558832154908
3926.650456362443 -4127.732972738773 3942.3740877259866
5380.8313320037305 -3488.003430542332 2622.892104778889
6356.9017304071185 -2538.3494766912695 1070.3546479497766
6768.133513260078 -1363.1520324729854 -577.2885165236802
6577.986931995168 -66.83254807530999 -2173.637062915084
5803.3573448023035 1235.4253015086608 -3576.8484174173427
4513.0739899095215 2427.9101914789508 -4662.241093291332
2821.7842057142834 3404.664606227955 -5333.373188118343
879.7665116453081 4078.8996295890734 -5530.611670058305
-1140.4222977750967 4390.706520905008 -5236.431034424036
-3059.2795813773637 4312.379869540331 -4476.970521682091
-4706.306448746941 3850.879342199643 -3319.7115312271576
-5935.15733485967 3047.2112859988765 -1867.4816029086028
-6636.643445761166 1972.7851345706317 -249.31773886357598
-6748.434662076725 723.0683665108223 1390.999100392351
-6260.597843649039 -590.8961990467382 2907.719565279411
-5216.479432632022 -1852.3570442137373 4166.076386474258
-3708.8539318827243 -2949.227837067341 5054.259038205769
-1506.9540655362389 -3939.7451110013994 5496.05082336071
532.9851783233692 -4256.691722522146 5440.181902046899
2525.5663501220033 -4195.412594312855 4900.9289448911695
4293.739868446929 -3761.352645833946 3926.2069436094284
5680.395756693288 -2993.0800083484805 2602.6242255126094
6562.323553951254 -1958.8590772059829 1047.7869235507076
6861.160105158073 -750.5849207422548 -600.150844705864
6550.35247131641 524.3819998170821 -2194.7625766917017
5657.5172746499275 1752.7552784801792 -3594.360022181568
4261.986840525177 2825.3885588104586 -4674.5828061114435
2487.7601721985825 3646.9736666769604 -5339.448393649558
492.4850952164467 4144.50915977889 -5529.88055962858
-1546.549443710928 4273.786826155588 -5228.958570403473
-3448.166277644128 4023.319777823791 -4463.420665291288
-5043.398405780174 3415.3631111843174 -3301.2882466690075
-6190.5024529732955 2503.9364440419727 -1845.8218798653384
-6787.553190647185 1370.0240355023977 -226.34613877972623
-6781.500040645508 114.37897915698373 1413.2414500401317
-6172.880851909727 -1151.4291514304057 2927.256334115965
-5015.77411024033 -2314.9277489496076 4181.171646852768
-3412.9938275139484 -3272.734857081531 5063.571509997146
-1129.5238625356028 -4060.543216068719 5498.6581438256835
930.4190085837732 -4193.322701023826 5435.939839788865
2907.690067713914 -3953.5070618993905 4890.214425757736
4626.600104139978 -3362.4049706452206 3909.971999645499
5934.41641781307 -2472.5384420780465 2582.311402735255
6714.933790005967 -1362.9760223760068 1025.2011054050495
6898.799826955264 -132.3072017640946 -623.0028091613532
6469.677224395195 1110.117694345148 -2215.8501901309714
5465.695408736758 2253.9037616405535 -3611.809557609046
3976.0625702028246 3197.4205886204586 -4686.843795728387
2133.1391236431755 3856.832564652298 -5345.431394722035
100.67690482097113 4173.548041883849 -5529.053956255331
-1940.7308988078876 4119.425460280107 -5221.3958099217025
-3809.696245320405 3699.2738487296033 -4449.793732158428
-5340.153361859602 2950.425521723577 -3282.807953694719
-6396.11441732053 1939.4189393832778 -1824.1302821798274
-6883.752637916738 756.0864732789346 -203.37063002935346
-6759.739227783157 -494.4275940070794 1435.459395076539
-6035.093322634046 -1701.0095998058007 2946.7425535200755
-4774.202891198078 -2756.4494379041025 4196.194704516657
-3089.103581634863 -3566.9666469655044 5072.796541319776
-742.7082386940427 -4145.429318502795 5501.170510512558
1320.624262523252 -4093.007122527857 5431.603906806046
3266.613502551242 -3676.90328185041 4879.415459778676
4922.349797580309 -2934.090448756276 3893.6695361879197
6140.713711718078 -1930.57080324629 2561.9539872195433
6813.448264491431 -755.5114696974455 1002.5975835368191
6880.778038639496 486.67837344149336 -645.8440152701788
6336.720488257368 1685.624707347294 -2236.8995390806463
5229.617514253743 2734.7958887630907 -3629.196722371847
3657.8400743102175 3540.9684540082058 -4699.023850412818
1761.0474915974507 4032.510432830581 -5351.322088018101
-292.2218889733686 4165.7461633154 -5528.131874212791
-2319.5260723142765 3928.837066113713 -5213.742883576526
-4140.730185057544 3342.8335541703404 -4436.089957600699
-5594.012249563329 2459.804611155507 -3264.2709714319203
-6550.241776776999 1358.2112337647704 -1802.4071844342054
-6924.45357686146 135.93482784220475 -180.3916093658586
-6683.397289177766 -1098.4199840743072 1457.6525518301835
-5848.4918227447115 -2235.175360069109 2966.177886993247
-4493.922192177166 -3173.3255964162654 4211.145300039704
-2740.0478535819675 -3829.5119276118303 5081.933972870874
-349.90361188663513 -4193.7053612961745 5503.587880036438
1700.180351403066 -3956.5444472289782 5427.174177973658
3599.1958293520183 -3367.827196016168 4868.532233436324
5178.406963052307 -2479.8637189711003 3877.299834756368
6297.493913020743 -1371.5534677927678 2541.552330508241
6857.02089272044 -141.37467203779562 979.9767482757659
6807.271474561373 1101.3658837402686 -668.6740685981426
6152.666112668699 2246.245247483439 -2257.910260049292
4951.369366134905 3191.5358635027924 -3646.5212162190796
3310.121722693454 3853.244512225477 -4711.122759833024
1374.7552379607666 4172.575476351905 -5357.120371814102
-682.7642826787288 4121.154798358589 -5527.114329423966
-2679.6172005405147 3703.5514311411625 -5205.999923522783
-4438.374370827874 2956.8712664990876 -4422.309578262236
-5802.762500782068 1947.4601138127407 -3245.677619987154
-6651.549717537969 765.0085837261909 -1780.6529617545839
-6909.317552045472 -485.4173162093117 -157.4094736032955
-6553.162201013071 -1692.711757380808 1479.8205370577382
-5614.729630342014 -2749.6013305658207 2985.5619989157244
-4177.403692179924 -3562.176759103369 4226.023175247021
-2368.8971037335 -4058.2371502393535 5090.983646860375
45.445057720106796 -4204.992776119436 5505.910210652889
2065.753000496499 -3785.0495838157476 5422.650729786633
3902.509723771057 -3028.7881255735197 4857.564934668065
5392.511332206715 -2003.4055507563157 3860.8631780316296
6403.364644129594 -800.0116009539737 2521.106784908108
6845.250906718668 474.4668903862212 957.3389902505961
6678.906586356969 1706.7869163519476 -691.4925749036431
5919.112105898657 2787.451434688789 -2278.881990212509
4633.378539235619 3620.438660524389 -3663.782739982097
2935.9489561146784 4131.734023339029 -4723.14031505855
977.6474240431779 4275.906686363881 -5362.826145982169
-1067.522371989616 4040.1462757978784 -5526.001339460367
-3017.83812052637 3445.4011387373307 -5198.1670634700595
-4700.005708489898 2544.51699060611 -4408.452832110008
-5964.557163618766 1417.5413414306495 -3227.028220440383
-6699.131539732121 164.61092329135892 -1758.8679898045368
-6838.458679885741 -1102.9458977655072 -134.42461960951863
-6370.158756249888 -2272.5011356075597 1501.9629679505342
-5335.842272139978 -3240.134674843904 3004.8945545522574
-3827.4127861922952 -3919.8680291235523 4240.828073219465
-1978.9008778670684 -4251.303906958058 5099.945407013653
439.8741740281407 -4179.235475077392 5508.137462258659
2414.1232307685996 -3579.9437491207477 5418.033640358301
4173.866844249961 -2662.5583107303473 4846.513752863101
5562.744071906768 -1508.592881986857 3844.3598498507195
6457.347077074377 -220.58235532802163 2500.617703483782
6778.186456843028 1087.0278816114349 934.6847003822623
6496.754224339846 2298.0509209264296 -714.2991401444698
5638.05686846775 3304.8820510867463 -2299.814367419214
4278.393417627253 4018.0599077720094 -3680.9809955796477
2538.5759362103136 4374.215508686255 -4735.0763085637955
573.1948425040866 4341.702865725142 -5368.439311991928
-1443.1171283827703 3923.4108698951486 -5524.792923541698
-3331.201809397609 3156.5066006699585 -5190.244438680383
-4923.294590909112 2109.1328678741834 -4394.519958429754
-6077.931042495894 874.353423990646 -3208.323094839447
-6692.516648395856 -438.11615865126026 -1737.0526447786567
-6712.44278046028 -1711.6571979559055 -111.4374442993101
-6135.938914410849 -2833.1099837382835 1524.0794621412088
-5014.229948691606 -3702.828514567126 3024.1752200579153
-3446.9846474454175 -4243.534482281391 4255.559738298119
-1573.4596334307362 -4407.183788800608 5108.8190985742185
829.9315489841731 -4116.7000555462 5510.269596392376
2742.2153879168864 -3342.9426747640628 5413.322989419041
4410.841355619175 -2272.1501670668363 4835.378878859164
5687.544712216224 -999.4671458589542 3827.7901352019526
6458.884761753998 362.0229173478225 2480.085440051719
6656.3245558610115 1691.3456556368433 912.0142698771975
6262.320702380588 2870.3849100743746 -737.0933704846165
5311.882172751901 3794.377868775092 -2320.7070301978883
3889.459601263238 4381.223702482131 -3698.1156860230244
2121.4414755900143 4578.778583540095 -4746.93053423163
164.9239650180416 4369.488893811667 -5373.9597729122215
-1806.2477636026804 3771.950940681898 -5523.489102535536
-3616.9264518395544 2839.2585935384795 -5182.232185965889
-5106.225352210189 1654.2856604780523 -4380.5111978218
-6141.813721736072 322.32218677110836 -3189.5625661944864
-6631.674989180126 -1038.2810277180686 -1715.207303396017
-6532.282831209184 -2306.6284164732556 -88.44834462753518
-5852.468677234267 -3370.0217479527128 1546.1696377102678
-4652.636998151321 -4133.973858029721 3043.4036624838163
-3039.398104021464 -4530.604249175322 4270.217916088687
-1156.095350170415 -4524.670570552429 5117.604568306412
1212.206325539388 -4017.97321820044 5512.306576235203
3047.123976775252 -3076.042258759308 5408.518858314896
4611.291290591313 -1860.7914456383003 4824.1605049392365
5765.725136919814 -480.2011466235736 3811.1543202200496
6407.849002364985 943.0571315966824 2459.5103491740506
6480.607363567849 2282.520645136514 889.3280902205507
5977.535320840718 3419.1721826791063 -759.8748723010978
4943.333032875198 4252.015267000673 -2341.559617762835
3469.893911479024 4707.0481351875715 -3715.1865154212055
1688.1394886693085 4743.839120022548 -4758.702787356927
-243.6135359867927 4359.119181048436 -5379.387433412767
-2153.7204288900834 3587.072373158725 -5522.089898956962
-3872.4598102400614 2496.298443306029 -5174.130443686453
-5247.114143440232 1183.7174419403161 -4366.426792196946
-6155.539358414593 -234.04204880023156 -3170.746958472373
-6517.017888254275 -1631.0058764282608 -1693.3323428936922
-6299.430779260621 -2883.0476743842455 -65.45771758231227
-5522.111600933015 -3878.918034424862 1568.2331131927206
-4254.128573474902 -4530.129504755407 3062.5795497829104
-2608.147553327789 -4778.819088442548 4284.802353465906
-730.4211774004904 -4602.889624619419 5126.301664498037
1583.3585221485614 -3883.9564222480326 5514.248366611478
3326.13906904396 -2781.5017820488915 5403.621330006183
4773.377563133921 -1431.898502095183 4812.858824828213
5796.480513117026 44.93524355276319 3794.45269218118
6304.540732073922 1517.776295615966 2438.892786152488
6252.414839964753 2855.756263162132 866.6265531694352
5644.734451054124 3939.989754446401 -782.6432521907109
4535.494634658205 4674.137865687856 -2362.3717700203692
3023.2562162825416 4992.968315446773 -3732.1931889859534
1242.3882157487815 4868.151619097693 -4770.392864650104
-648.871429885134 4310.77828786028 -5384.722199765814
-2482.4760014483822 3370.373388207556 -5520.595336968173
-4095.5016861164577 2130.4960223725857 -5165.939351747309
-5344.624073159959 701.3147354220159 -4352.266984772254
-6118.853156806767 -790.1814434398207 -3151.876596591111
-6349.395285326499 -2211.466533397881 -1671.4281410202288
-6015.765778882705 -3436.2531170025113 -42.46596017810821
-5147.6090832318905 -4355.713531413038 1590.2695075846293
-3822.0647306255396 -4888.149683823521 3081.702550815683
-2156.91315384829 -4986.252285534721 4299.31279857788
-300.110377894163 -4641.304489868417 5134.910236962965
1940.1479447546249 -3715.8578255823095 5516.094933989323
3576.770064262587 -2461.8248309295095 5398.630489066043
4895.580467163921 -989.0478965083009 4801.474033689567
5779.397061656727 571.610283882883 3777.6855394980266
6149.688864755065 2081.478382080646 2418.2331070221644
5973.553824754844 3406.3979916131248 843.9100507461787
5266.64231291597 4428.644190859411 -805.398116976865
4091.7665192954023 5057.385918962914 -2383.143127575092
2553.3193140138287 5236.756714194011 -3749.1354130369123
787.9984826248761 4950.818694240652 -4782.000564240635
-1047.3394720196784 4224.978706994024 -5389.963979847751
-2789.616718401718 3123.7308206173084 -5519.005442378066
-4284.024277322437 1744.925742561823 -5157.659051596625
-5397.777479072168 211.0763547992297 -4338.032020066881
-6031.91446405003 -1341.5280933806048 -3132.9518064142326
-6130.089378276417 -2774.9318832644963 -1649.4950760291376
-5683.578949788799 -3961.770797732351 -19.473469448931567
-4732.057589637038 -4796.588990876903 1612.2784403497276
-3360.0721463533437 -5205.209202697955 3100.772335355904
-1689.5295474324046 -5151.323734174951 4313.74900085045
131.13516615619537 -4639.720545658641 5143.430137043745
2279.462217767951 -3515.181580832066 5517.846246481225
3796.767597788604 -2119.73808614078 5393.546421678999
4976.713514905578 -535.9465601785034 4790.006328121972
5714.4565962756515 1095.4661696183641 3760.8531517147703
5944.44513158691 2629.5419228705373 2397.531668545496
5646.243630188885 3929.971336721009 821.1789752315149
4846.348604116528 4881.205550908664 -828.1390737163503
3615.8342367178634 5398.72323108035 -2403.8733317360643
2064.0371295596306 5436.540660263872 -3766.012895006661
328.8412655622783 4991.297593917226 -4793.525685680537
-1435.5735879764168 4102.555832402318 -5395.112683140715
-3072.431428312474 2849.283981408736 -5517.320242641794
-4436.290253099731 1342.8407447901818 -5149.289686223065
-5405.9652205599605 -282.9197849625265 -4323.722143897825
-5895.296454485816 -1883.5416502482817 -3113.9729147451644
-5860.804727348239 -3316.802574123092 -1627.5335266723423
-5305.554780467852 -4455.351033738717 3.5193575585652694
-4278.883008299232 -5198.022002020683 1634.2595314259481
-2872.0137032744346 -5478.825904279273 3119.7885740962997
-1209.9533770891628 -5272.812081511191 4328.110710991542
559.6166164434214 -4598.285765946147 5151.861217614177
2598.3436932359023 -3283.714580944163 5519.502273844579
3984.1434051669717 -1758.1681578487296 5388.36921563945
5015.934491423601 -76.40077833455801 4778.455906155931
5602.0377860512845 1612.1551456139275 3743.9558195021104
5690.375439250413 3157.4640100482925 2376.7888282060294
5273.098262870835 4422.218340887284 798.433719157867
4387.283165224598 5294.039165552897 -850.8657297061426
3111.6387050731155 5695.461377850914 -2424.5620245229934
1559.5114907743377 5590.816852606299 -3782.82534344579
-131.18516328318742 4989.403715111972 -4804.968029947835
-1810.2254398864022 3944.6601618923823 -5400.168220734129
-3328.4192421122134 2549.416242432657 -5515.539766860291
-4550.868388149092 927.6455019038856 -5140.831400153318
-5368.952906741944 -776.5506123742742 -4309.337603375713
-5709.98239830902 -2411.746796906752 -3094.940249321586
-5543.65489594131 -3832.6486947575686 -1605.543872193661
-4884.749328140406 -4913.0029367774105 26.512123791905676
-3791.812346164877 -5556.815307506309 1656.2124012320226
-2361.9561971381995 -5706.880252480949 3138.7509386542606
-722.2298747217433 -5349.86384279117 4342.39768099545
981.6697415173367 -4517.48855317862 5160.203333081845
2894.0150071425737 -3023.510769775276 5521.062987482215
4137.187969542989 -1380.2166627038137 5383.098960350168
5012.753625099151 385.71575182994695 4766.822967250319
5442.914122958297 2117.3756291279255 3726.9938346522367
5389.447815157393 3660.8973898279733 2356.0049442022623
4857.105417777573 4879.132351858233 775.6746753025071
3893.1878889721647 5663.834992706235 -873.5776924901277
2583.343531257944 5945.28103912181 -2445.2088486724397
1043.957763975087 5698.462774775305 -3799.5724680279272
-588.1882319701434 4945.311085598019 -4816.327399449993
-2168.0711222832842 3752.7468043251056 -5405.130505326265
-3555.3113789581444 2226.7345008298134 -5513.664045779768
-4626.6466173855715 502.86706507238296 -5132.284339449607
-5286.884000154033 -1265.682316212496 -4294.878646900495
-5477.3585384005155 -2921.7702693465308 -3075.854138809775
-5181.14573351808 -4318.246112071491 -1583.5264923222464
-4424.565393129013 -5331.026837427969 49.504432199669886
-3274.843000675017 -5870.12243345303 1678.1366706740232
-1834.136436199248 -5887.631890657788 3157.6591015775075
-230.45880039199366 -5381.999416930615 4356.609664147107
1393.696111181867 -4398.152676493737 5168.456339390619
3163.903063495836 -2736.8731540144745 5522.528360442895
4254.48579753728 -989.1337544434544 5377.73574682075
4967.038797964138 846.4945199518563 4755.1077122889665
5238.248603701141 2606.9080414694336 3709.9674900738155
5044.017033323929 4135.686343274931 2335.180375441447
4401.602414231721 5296.990764319877 752.9022366808068
3368.086104520984 5987.634310493902 -896.2745698659648
2035.3005638211416 6146.250271880168 -2465.813447643974
521.6696362563804 5758.744924234822 -3816.2539795547355
-1038.3139277992548 4859.549818235363 -4827.603598027316
-2506.0387428042995 3528.562385102574 -5409.999451225724
-3751.0910179413077 1884.0466992124352 -5511.69311179118
-4662.842394742427 72.12519609451945 -5123.64865170716
-5160.27976222387 -1746.2049472126005 -4280.345524157197
-5199.20362731698 -3409.3771178656975 -3056.71491279892
-4776.155433793663 -4769.611169791373 -1561.481767266014
-3928.724870164885 -5706.044338187225 72.49588573835149
-2732.209860896835 -6135.470426572003 1700.0319611519124
-1292.9260153826235 -6019.733042487373 3176.5127363497363
261.23998051070424 -5369.115960414398 4370.746415026352
1792.1936577028807 -4241.429363281301 5176.620094023156
3405.661240449141 -2426.3336724278183 5523.898367421772
4334.928189108523 -588.2903330107704 5372.27966766604
4879.017744646593 1302.0251841638997 4743.310343577173
4989.585162356101 3076.6500498821883 3692.877079786888
4656.80604195644 4577.901057012085 2314.315481533402
3910.249268672235 5672.385465438573 730.1167965394601
2816.249688020222 6262.8535324072345 -918.9559698918018
1472.0139636794238 6296.8395789414735 -2486.3754656263213
-3.016661161174911 5771.323795661417 -3832.8695899609343
-1477.7792424192016 4733.000566099526 -4838.796430956366
-2821.2346528608923 3274.129465808817 -5414.774974352943
-3914.0109836115457 1524.3375942004868 -5509.626998929674
-4659.010262114018 -360.8983620978977 -5114.924486051665
-4990.0360330978865 -2214.0669151475154 -4265.73848611157
-4877.6752041285645 -3870.505906513654 -3037.52290179545
-4331.91152794735 -5183.033462650648 -1539.4100777051071
-3401.238502227391 -6035.025750263419 95.48608737918919
-2168.3505094952043 -6350.779515691001 1721.8978945660565
-742.795058344893 -6102.238651212575 3195.311517396276
748.7609934417835 -5311.487103340673 4384.807689512203
2173.786345077659 -4048.7866172597223 5184.694456003367
3617.189628051454 -2094.631096743686 5525.172984760829
4377.723388207478 -181.1491687566326 5366.7308171045415
4749.277213998606 1748.4286578344809 4731.431064838239
4698.83691746619 3522.65092532421 3675.722898917829
4230.884340310726 4983.870199199928 2293.410622784306
3386.999122588548 6002.250734522595 707.3187483496637
2242.1641692235385 6487.304951639438 -941.6215008930576
898.1030898476334 6395.933654734248 -2506.8945475435294
-525.758390321731 5736.255584513385 -3849.419012319244
-1902.9039302583187 4566.886032465495 -4849.9057049533
-3110.9681052350948 2991.7286149838023 -5419.456992241623
-4042.6091118030727 1150.7429810760132 -5507.465742873997
-4615.046558089466 -792.4912166527795 -5106.111993136688
-4777.416864891371 -2665.3090919915417 -4251.057785005784
-4515.292717899086 -4301.302557990562 -3018.2784372172982
-3851.9649978857456 -5555.10641575675 -1517.311804785297
-2846.3732837402868 -6315.314690299976 118.47464011506227
-1587.8688122310905 -6514.37954030801 1743.734093323799
-188.27522850765573 -6134.613180275935 3214.0551200896853
1228.0474355009203 -5209.759517869818 4398.793244787029
2535.252695667834 -3821.995859647893 5192.679285898842
3796.653124189373 -1744.6871553258318 5526.352190449293
4382.4040232941 228.76481211879505 5361.089290956784
4578.759093065855 2181.890022088825 4719.470081209917
4368.271323865388 3941.14472852961 3658.505243694228
3769.64347769652 5350.211430411769 2272.466160190486
2836.0662657263965 6283.888367685697 684.5084858003418
1650.4921201746602 6659.214247100865 -964.2707714691904
318.26450668003963 6442.839717180729 -2527.3703390610967
-1042.2423049138808 5653.990604452689 -3865.90196084537
-2310.141313911188 4362.759614389935 -4860.9312281772145
-3372.7741292793053 2683.8782869334204 -5424.045424040171
-4135.721162085484 766.522595676995 -5505.209380945874
-4531.191220326981 -1218.941992034327 -5097.211325141095
-4524.045053837278 -3096.0982345145817 -4236.303674354061
-4114.917630869417 -4698.152561854906 -2998.9818513881964
-3340.161718380221 -5882.755416571485 -1495.1873301114156
-2268.617779154668 -6544.649636478763 141.4611469672972
-995.4971945860773 -6625.023015463025 1765.5401803459474
366.07768438896306 -6116.734026088763 3232.7432207553875
1695.124954600594 -5064.946375651362 4412.702839340762
2873.5529336626187 -3563.116012586276 5200.574445823249
3942.497233734865 -1379.5810859681378 5527.435964124005
4348.831769859726 637.8948272302426 5355.355186643664
4368.75351869867 2598.690985673893 4707.427599240885
4000.4923454422005 4328.582045872852 3641.224411439799
3276.7698714216936 5673.859595626581 2251.4824554321467
2261.892014457642 6514.989820986167 661.6864027913376
1046.0351258594114 6777.234610189216 -986.9033905004386
-262.76657412096745 6437.292362872734 -2547.8024865920547
-1548.2203108585782 5525.368439522775 -3882.3181509029105
-2696.1078787234806 4122.491282641198 -4871.872810233459
-3604.4344298892534 2353.3126840419395 -5428.540190513083
-4192.491164159404 375.031926122943 -5502.857952109377
-4408.026660049558 -1636.5720642325873 -5088.222635766381
-4231.88964288793 -3502.7594447028287 -4221.476408938295
-3679.7306596138983 -5057.711276904591 -2979.6334775319533
-2800.6114590011475 -6163.2632667530215 -1473.0370357407514
-1672.645639975187 -6721.182268315089 164.44521099257676
-396.05791555294473 -6681.894729914791 1787.3157790732878
915.7212927377097 -6048.891521749521 3251.3754966772285
2146.1346455919193 -4878.4177567535835 4426.53623297505
3185.8545170285165 -3274.475165486389 5208.379799438732
4053.461435682579 -1002.5228375606526 5528.424287069782
4277.199190772761 1042.6828637799802 5349.52860318477
4120.889027583295 2995.241616935387 4695.303826887186
3598.4197900694217 4681.660008024744 3623.880700569218
2756.21516280273 5952.0923622745595 2230.4598708671574
1669.1087228699926 6693.655189809174 638.8528934266219
433.69464814728065 6840.457379107268 -1009.5189671546019
-840.2550993009388 6379.454911418912 -2568.1906373031297
-2039.5444937775026 5351.609879074219 -3898.667299008296
-3057.6114095883395 3848.2508238206588 -4882.7302621769295
-3803.9961335505945 2002.9577951000435 -5432.941214042322
-4212.379107484805 -20.30682355071677 -5500.411496970237
-4246.4737119977535 -2041.7670918139675 -5079.146080234069
-3903.2504918567583 -3881.8073938222474 -4206.576244803659
-3213.206336381639 -5376.932073858256 -2960.2336497666506
-2237.6546969952615 -6394.292742854203 -1450.8613041764775
-1063.2776179949533 -6843.492440756044 187.42643528974583
205.57634348117801 -6684.617803124788 1809.060513473111
1456.1639446820775 -5931.7855387238415 3269.9516261030826
2577.3649891277573 -4651.8880979952055 4440.293186807441
3469.555843709478 -2958.6499852850243 5216.095211958262
4128.590003983173 -616.8251519067691 5529.317142219732
4168.028734347872 1439.6003683036522 5343.609641196672
3837.119820572934 3368.1110782081405 4683.098973508621
3165.2659718171094 4997.350338101818 3606.474410582984
2212.164350924404 6182.553089944411 2209.3987695247747
1062.5022195287154 6818.4088680580835 616.0083520074957
-181.56789678629136 6848.4190961503255 -1032.1171108937772
-1409.5049086742476 6269.917233757421 -2588.534439120803
-2512.201223916085 5134.305710066588 -3914.9491228356605
-3391.6774357994923 3542.4885925068475 -4893.5033965153225
-3969.788223380844 1635.9058175477405 -5437.248418628653
-4195.165906186132 -416.0343683549128 -5497.870057775155
-4047.784688044435 -2431.0080748924915 -5069.981815282979
-3540.7400369594666 -4229.976045672642 -4191.6034392541815
-2719.085095308929 -5653.09208185065 -2940.7827030989333
-1655.8275104317913 -6573.906078370244 -1428.6605183610159
-445.4423847734416 -6910.599670714991 210.40442300670185
804.5222515637352 -6633.256155649559 1830.7740080456695
1983.0015552617201 -5766.518721589492 3288.47128825037
2985.282468515713 -4387.400793165602 4453.973463275476
3722.3079337457543 -2618.443050477691 5223.720550147955
4167.240189674163 -225.87476651918126 5530.114514155553
4022.1688943208555 1825.1787373489876 5337.59840289118
3519.710241709675 3714.057100738731 4670.813249865144
2704.509888128601 5272.925191856718 3589.0058420622518
1649.0019624411432 6363.2707398271605 2188.299515099411
446.9729758648736 6888.2117578102625 593.1531730257433
-794.7715211255875 6801.104932692516 -1054.6974314810886
-1965.8970806666694 6109.690088147635 -2608.833540737386
-2962.3440573932758 4875.402467337504 -3931.163341221742
-3695.573764587716 3207.913941953109 -4904.1920272123725
-4100.435525040194 1255.388185127716 -5441.461729892956
-4140.955594627934 -808.6843211265822 -5495.233678411065
-3813.533587348671 -2800.9016765960914 -5060.729999166558
-3147.2623854169756 -4544.246626545488 -4176.558250848295
-2201.343109007492 -5883.81532162846 -2921.280973418164
-1059.8248369275839 -6700.581204686489 -1406.435061669444
175.86352287804098 -6921.971042691843 233.37877734722844
1395.9256369115933 -6528.313376984432 1852.455887830704
2491.9536321867877 -5554.586418700579 3306.934163311649
3366.560611483796 -4087.31008121417 4467.576826140813
3942.033906542564 -2256.8583061470345 5231.255682329384
4169.087694590904 166.8970132950768 5530.8163891078
3840.787560187355 2196.039347385184 5331.494992073581
3171.2165960425696 4030.053948300181 4658.446868113219
2219.8691206845883 5505.980570308253 3571.475296663635
1071.2765322186015 6492.676656046681 2167.1624719442993
-172.5036773546332 6902.469928253157 570.2877511568543
-1400.9561781749974 6698.948456343978 -1077.2595389874627
-2504.9275745695804 5900.196016237549 -2629.087591617112
-3386.3251632700576 4577.18526750467 -3947.3096741707222
-3966.83290057078 2847.4715211072985 -4914.7959696910775
-4194.870126496333 864.7474341365983 -5445.5810750775145
-4050.1747327983485 -1194.8132572387467 -5492.502404404383
-3545.603540192165 -3148.2095473568293 -5051.390791650123
-2725.9899134150564 -4821.873603502201 -4161.440939394385
-1664.1601200213256 -6067.093029532627 -2901.7287974906917
-454.4623969173012 -6773.2246148898585 -1384.1853179028635
795.6163045282084 -6877.5254694074865 256.3491015778547
1975.0010058117427 -6370.728004444852 1874.1057784138775
2978.8982005797425 -5297.863398807933 3325.3399324600778
3718.1072175468025 -3754.260380896332 4481.103040493274
4126.946091590051 -1877.0748528417832 5238.700478381844
4134.129390212937 558.0441193945343 5531.422754956119
3625.3626104270606 2548.9228658137763 5325.299514140846
2794.46645306297 4313.318629841708 4646.000041802161
1715.2696880301955 5694.457104921165 3553.8830771139924
483.66368387889173 6569.618076514979 2145.988005065238
-790.917961108172 6861.039651716369 547.4124812531877
-1995.2230743644648 6542.827744686173 -1099.8030437983068
-3022.243861571236 5643.256879813973 -2649.2962420021677
-3780.7250187786617 4242.257876145395 -3963.387842859062
-4203.272166629138 2464.315643339246 -4925.315040836864
-4252.340136718531 467.40815115132506 -5449.606383047264
-3923.5690245731585 -1571.030606453279 -5489.676282920209
-3246.1715862954006 -3469.8764003202414 -5041.96435400813
-2280.337556985922 -5060.408448716987 -4146.2517659462965
-1111.8855286417038 -6201.300999208519 -2882.126512953958
155.36240835159833 -6791.180741959176 -1361.9116712817893
1408.8057135661636 -6777.6342731809555 279.31499903469654
2537.0704486883383 -6161.865256072493 1895.7233059332748
3439.905340694267 -4998.587470061705 3343.6882778549707
4037.0895474035665 -3391.163251396126 4494.551872754935
4275.560631350386 -1482.4192959691939 5246.0548097446
4062.683258866686 944.1356459600372 5531.933601229462
3377.66982478045 2880.717590730524 5319.0120760798145
2392.535604102586 4561.335135743686 4633.472985870445
1194.8140955306444 5836.6580368564755 3536.229487205202
-109.07188878449082 6593.3682576426545 2124.776480114275
-1403.2663571270236 6764.228774217262 524.5277583371934
-2572.7744515058403 6334.057879873621 -1122.327556620298
-3513.6802454336507 5341.078146348031 -2669.4591429187253
-4142.380130022892 3873.5201805840416 -3979.397569640317
-4403.01136152382 2061.7829481118324 -4935.749059000772
-4272.415711256252 66.84725271444113 -5453.53758429103
-3762.1971758560358 -1934.028114440955 -5486.755362761529
-2917.6909112506346 -3763.056596285704 -5032.450849021345
-1813.9350051049526 -5257.720985648581 -4130.99099279882
-549.0030134330398 -6285.213792308072 -2862.4744583107436
764.7103052424397 -6754.237771314572 -1339.614506439502
2010.4757574212324 -6623.118083855517 302.2760731303259
3077.601615725607 -5903.50528957092 1917.3080970858264
3871.2690646405217 -4659.340143201698 3361.9788826472486
4320.957268377659 -3001.172177931573 4507.923090684146
4386.709456610794 -1076.3368942250554 5253.318549419115
3955.3855583618597 1321.7856370175296 5532.348919106256
3099.7682147711002 3188.486575027083 5312.632786465334
1968.7228621891722 4771.876488402612 4620.865916641986
662.7478437037626 5931.264234748515 3518.5148317889293
-702.1152291157382 6563.633124912642 2103.528263383407
-2004.5922826463727 6612.794407898739 501.6339775945312
-3128.952514855537 6074.37988797276 -1144.8326884880676
-3975.2915849378446 4996.2300580233195 -2689.575946183006
-4468.408552418639 3474.1432618240433 -3995.33857804994
-4564.4878107290915 1643.3635907851103 -4946.09784400258
-4254.992296131434 -333.4361470774163 -5457.374610922716
-3567.422043296365 -2280.6086200116856 -5483.739694368355
-2562.8706865406325 -4025.1390087718346 -5022.850440974089
-1330.5970223130098 -5412.018132571003 -4115.658883483176
19.906026575982562 -6318.015695040856 -2842.772972923256
1368.6403376475362 -6662.629836851126 -1317.2942084153967
2595.7649485399174 -6415.240079187718 325.2319273605951
3592.244452427673 -5597.828087671095 1938.8597791337904
4269.537272412102 -4283.024504900956 3380.211430984947
4567.462969187006 -2587.655399126907 4521.216463379557
4459.549537168546 -662.3617554017579 5260.491571971242
3813.185234982321 1687.68247972181 5532.668701414575
2793.9828938762616 3469.49330045426 5306.161755458403
1526.5229114573176 4943.024415820785 4608.179051822424
123.42466931992847 5977.346119736276 3500.739416771337
-1290.6403963267644 6480.554389761796 2082.2437217982347
-2590.0263988777424 6407.93696281247 478.73153436728643
-3659.2771897447956 5765.946215949065 -1167.318050770937
-4403.385143829567 4611.625844360392 -2709.646304407261
-4756.233003947663 3047.542278713616 -4011.210592810052
-4686.46868928026 1212.6712076841256 -4956.361217133921
-4200.291065341208 -729.9510218680424 -5461.1173966824945
-3340.8991475728526 -2607.713899789936 -5480.62932981687
-2184.6536792482234 -4253.769953951537 -5013.16329565135
-834.2921443276277 -5521.859880342568 -4100.255702762442
590.199908847245 -6299.308324082203 -2823.0223970073152
1962.2501100714023 -6517.035579167879 -1294.951162648351
3159.945777822944 -6155.695623504911 348.1821653114979
4076.866396021274 -5247.39509786823 1960.3779799111533
4631.539543899618 -3872.8404899718635 3398.3856080186347
4774.680078125967 -2154.1670088609244 4534.43176128407
4493.56933407242 -244.0863356064965 5267.573753533376
3637.335633378843 2038.6176502185078 5532.892942632241
2462.885629951641 3721.225679314171 5299.599094804253
1069.597430107665 5073.186476472855 4595.4126104953375
-418.7291952523789 5974.3723918847645 3482.9035491078384
-1869.8498940514423 6344.709102176309 2060.9232229116333
-3154.826224062934 6151.290565442198 455.8208241471278
-4159.482399339587 5411.302867474526 -1189.7832551795907
-4794.550309847056 4190.497162620248 -2729.6698710057804
-5003.60138478714 2597.347395173254 -4027.013339834187
-4768.060518745877 773.4119133938152 -4966.539001161361
-4108.8565513251 -1119.2446109529378 -5464.765876937929
-3084.562647899105 -2912.4513398924546 -5477.424322818514
-1786.1918168270495 -4446.8739862003395 -5003.38958033595
-329.110004256236 -5586.172364049256 -4084.781716627018
1157.2146764682138 -6229.114812838758 -2803.223071626462
2540.7157548354967 -6318.573074487428 -1272.5857549700713
3698.463088638205 -5846.598389866668 371.1263906660161
4527.585746577476 -4855.127780931821 1981.8623278300906
4954.412541950545 -3432.257762283853 3416.5010999068804
4941.018040889983 -1704.41657924186 4547.568756188822
4488.592403595819 174.8694965747256 5274.564971806601
3429.38357511937 2371.5135644920756 5533.021638886941
2109.273242532095 3941.418175404727 5292.944917830429
601.7447259526797 5161.110484803897 4582.566813118493
-959.2514502408623 5922.215478467928 3465.007536797757
-2435.013925474854 6157.105637655523 2039.567134897417
-3694.4147275477962 5844.909940924382 432.90224256849774
-4625.550568406127 5013.368345977308 -1212.2279137728392
-5145.685942367242 3736.366972685544 -2749.6463002008754
-5208.6045388782095 2127.3729970942754 -4042.746546232028
-4808.715764525315 329.35259488855405 -4976.6310203294615
-3981.5514917927935 -1497.9322307130737 -5468.319988685109
-2800.6088962635536 -3192.119204048521 -5474.12472871907
-1370.8199100315849 -4602.672377719865 -4993.5294638056475
180.77244095077913 -5604.257912135754 -4069.2371922899806
1716.3023672478723 -6107.880537177619 -2783.375338686065
3099.33129634611 -6068.791172499001 -1250.1983715984054
4206.971038572631 -5490.463079692447 394.06420721096697
4940.802942033654 -4424.283247754854 2003.3124518873506
5235.622821738404 -2964.9864336070054 3434.5575938216475
5065.234637579385 -1242.2375632045253 4560.627221237148
4444.778127455353 590.8895661584365 5281.465106062818
3191.1559002439585 2683.4502943173443 5533.054787956277
1736.1440262856581 4128.07185159188 5286.199339444831
126.86813664930845 5205.896109107539 4569.641881520004
-1493.6805436799739 5821.153651630205 3447.0516888790307
-2981.5091527941963 5919.176146493492 2018.1758265439735
-4204.417589545241 5491.253864864159 409.9761854017506
-5053.745072682507 4575.409579370972 -1234.6516389642845
-5454.025128116968 3253.0200738964522 -2769.5752470288617
-5369.691116323186 1641.5854592127826 -4058.4099403141336
-4808.236484342755 -115.71122750108432 -4986.637100363828
-3819.5489401302098 -1862.7264638611155 -5471.779670549721
-2491.4777107726477 -3444.230279466649 -5470.730604497697
-942.027753143088 -4719.699119985942 -4983.583116330225
691.125504373929 -5575.8019816360365 -4053.62239818253
2262.869227873009 -5936.470368213804 -2763.479540927422
3633.547090037523 -5769.657310804661 -1227.7893991307017
4681.368347693444 -5090.184881606453 416.99521884382176
5313.2294838101825 -3958.4271877690835 2024.7279816706946
5472.986863566844 -2474.9458670268414 3452.5547779537246
5146.445342688335 -771.5547448782186 4573.6069309284785
4362.619568308576 1000.3924022650594 5288.274037146808
2924.743587953369 2971.69091819618 5532.992389267814
1346.672399034519 4279.472168799487 5279.362476133722
-351.05654231303663 5207.003537050677 4556.638038894522
-2017.5925692898231 5671.869790476262 3429.036315422865
-3504.856642426043 5632.765522427423 1996.7496672478794
-4680.698822072671 5093.165318726561 387.0430485463333
-5440.640370469694 4101.01502546898 -1257.054043529003
-5717.157146093473 2744.471550190469 -2789.456367345977
-5485.67941995596 1144.0697337625202 -4074.0032515966127
-4766.7750038477325 -557.9876991775745 -4996.557068474104
-3624.3217100000825 -2210.465476357048 -5475.144862788129
-2159.831527145074 -3666.53369549423 -5467.242008765952
-503.43083483868 -4796.814305468653 -4973.550709668544
1197.7018964129597 -5500.876913929326 -4037.9376039492918
2792.413558140103 -5716.162468386651 -2743.5360219218405
4139.007020921439 -5423.541902562005 -1205.3592245371096
5117.83154616077 -4649.015837873106 439.9190295795795
5641.914279289901 -3461.4043141192137 2046.1085473652597
5664.688169571114 -1966.2318269331945 3470.492341518069
5184.12965691135 -296.35101325789947 4586.5076611222175
4242.938474056733 1399.8618884603475 5294.991647478296
2632.4835933467616 3233.705288894395 5532.834443899085
944.1819882250587 4394.204380138491 5272.434445959726
-828.0143300248644 5164.259128558986 4543.55550979937
-2526.6379413710265 5475.446790429103 3410.9617275284077
-4000.7586836583964 5300.11697636713 1975.2890270075545
-5119.394459862422 4653.8485097746825 364.10322802395365
-5783.149572215115 3594.0651800109636 -1279.4347406102613
-5933.046466142616 2214.9333867080077 -2809.2893178343834
-5555.766144807777 638.9950419209783 -4089.5262108058055
-4684.831620428621 -993.7208165242843 -5006.3907533569545
-3397.6292475294445 -2538.140219549386 -5478.415507288385
-1808.5326057369048 -3857.034725622637 -5463.659001766779
-58.739905310026145 -4833.214770006213 -4963.4324170655855
1696.2720934794756 -5379.94247186107 -4022.1830804437163
3300.5628727958574 -5448.638675602405 -2723.5451260647014
4611.584156582723 -5033.199422059472 -1182.9082351539191
5512.8459504534785 -4170.5383120347 462.8352435575809
5924.267188900464 -2937.306570879711 2067.4537797599783
5809.2912893953 -1443.0822507444923 3488.369974759223
5178.134365172444 179.36626023152905 4599.329189041626
4086.87747873564 1785.8772918501052 5301.6178210539765
2316.9385567368404 3467.192012798144 5532.580954577576
532.117383396385 4471.1663841867285 5265.415368559779
-1299.984754617519 5077.858000949829 4530.39452015069
-3016.5775422945158 5233.359650515732 3392.8282373173283
-4465.134177306144 4923.854328912762 1953.794276416842
-5516.944045745537 4176.84294220707 341.15711997175106
-6078.549225010261 3058.700730312944 -1301.7933437261786
-6100.048630358917 1668.7795356434356 -2829.073756008056
-5579.53194527769 130.579955913644 -4104.978549882922
-4563.2493614858995 -1419.2222259397695 -5016.137985199038
-3141.5020464360914 -2842.92028486429 -5481.591547571248
-1440.6184883057906 -4014.0124005284288 -5459.981645373463
388.2703445605939 -4828.441899202341 -4953.228413249449
2182.659653416427 -5213.843145863856 -4006.3590997233564
3783.110073622082 -5135.9715484415865 -2703.507198569523
5047.414561881308 -4601.746340100378 -1160.4368186768615
5863.234116103411 -3658.6357750100574 485.74346504834443
6158.079588730611 -2390.4393656514453 2088.763310253919
5905.752665611934 -909.8419283843305 3506.187368956624
5128.673701184944 651.5989569952661 4612.071293277693
3895.889571593843 2155.142415550909 5308.152443449539
1980.8745603435175 3670.098451666237 5532.231925680676
114.01479394464923 4509.578922907195 5258.305365143081
-1762.9756872418832 4948.363516886704 4517.155297219504
-3483.318041925597 4947.46429685521 3374.636157928462
-4894.152302294778 4506.961162458673 1932.2657866586176
-5870.119652971445 3665.9947503043913 318.205120635417
-6324.501111885802 2499.2886166325807 -1324.1294667764182
-6216.92289239312 1110.5097214255354 -2848.8093402186983
-5556.943791394563 -376.9428359218218 -4120.360001988684
-4403.205848284437 -1830.90236811113 -5025.798595679929
-2858.223742403649 -3122.1781901110608 -5484.672928791148
-1059.2759139019913 -4136.034778466318 -5456.210003088567
833.7932281056384 -4782.386526065175 -4942.938874428351
2652.776182754767 -5003.802243665549 -3990.4659350452084
4236.048332049607 -4780.608173091774 -2683.4225854619767
5442.928997449915 -4132.636086985378 -1137.9453631543997
6166.181535526321 -3117.4611487755747 508.6432984604241
6341.541784329243 -1825.2861067441438 2110.0367708626895
5953.4282161967685 -370.92638399235545 3523.9442164299485
5036.326424865804 1116.3917757607835 4624.7337537929325
3671.724929131037 2504.5136270329585 5314.595401821616
1627.2371239427043 3840.6385743348874 5531.787363235604
-306.52813879381097 4508.993032175078 5251.104558488982
-2213.057031221921 4776.70367171651 4503.838069627815
-3922.9460945851492 4619.983227807131 3356.385803512386
-5284.264181879094 4052.7569996446364 1910.7039294983997
-6176.052207001682 3125.4255268325596 295.24762636238665
-6519.070890373474 1920.3862802573901 -1346.4427240487983
-6282.841516664188 544.7122852049806 -2868.495729661661
-5488.35410240342 -879.3617868183943 -4135.6703015079265
-4206.2023408988425 -2225.3007050673073 -5035.372417975021
-2550.311042790456 -3373.511890099697 -5487.6595977371435
-667.8134166744721 -4221.971739283638 -5452.344140042832
1274.022362163951 -4695.290871614424 -4932.563978287561
3102.6556631690596 -4751.412805057659 -3974.5038608609534
4655.604392721483 -4385.350859539866 -2663.2916335739405
5794.882241197237 -3629.6312453566893 -1115.4342569810588
6419.259372120768 -2551.4029666492024 531.5343483472088
6473.2571373756045 -1246.4713377074343 2131.273794224757
5952.077598553568 169.21473963900402 3541.6402105444363
4902.029844837728 1569.8653447818708 4637.31635192518
3416.4152272044066 2831.0265248002706 5320.946584909749
1259.1256461825187 3977.308504388716 5531.247274919302
-725.8831184986434 4469.294676182219 5243.813072944871
-2646.393982615603 4564.16440282029 4490.443067344647
-4331.761127868458 4253.488092762201 3338.077489226024
-5632.23228728959 3564.870699537147 1889.1090772778982
-6432.2548913407645 2559.4989004808244 272.2850335949846
-6660.743420810651 1326.7043919408543 -1368.7327302260383
-6297.395667150457 -23.973623969380064 -2888.132584381814
-5374.496672798244 -1372.5214781834234 -4150.909184054182
-3974.0500634777363 -2599.1147758495676 -5044.859286758414
-2220.4916661857783 -3594.7653196541523 -5490.55150283383
-269.63283988603473 -4271.0051894396975 -5448.384122994058
1705.1840475018103 -4567.747505145965 -4922.103903986355
3528.487849192177 -4458.62540979025 -3958.4731528122616
5038.270020967941 -3953.3348804193374 -2643.1146905374894
6100.379791296887 -3096.7731979987984 -1092.903888890694
6620.444046093337 -1965.0496269707241 554.416219413764
6552.252794054234 -658.7227731080469 2152.4740136078062
5901.865127175631 706.1344899025514 3559.2750457161637
4727.0708438389565 2008.2486046651425 4649.818870391375
3132.255571618477 3131.9210178493904 5327.205883038294
879.7665116453121 4078.899629589073 5530.611670058305
-1140.4222977750956 4390.706520905008 5236.431034424037
-3059.2795813773646 4312.379869540331 4476.970521682091
-4706.306448746939 3850.8793421996425 3319.71153122716
-5935.157334859674 3047.2112859988724 1867.481602908599
-6636.643445761168 1972.7851345706285 249.3177388635742
-6748.434662076725 723.0683665108154 -1390.9991003923565
-6260.597843649033 -590.8961990467488 -2907.7195652794203
-5216.479432632021 -1852.3570442137395 -4166.076386474258
-3708.85393188271 -2949.227837067351 -5054.259038205774
-1871.68048324823 -3784.046794124335 -5493.348594142244
131.79999005737423 -4282.636587507535 -5444.33002032594
2123.5694558516498 -4400.695326049581 -4911.558832154905
3926.6504563624408 -4127.732972738774 -3942.3740877259897
5380.83133200373 -3488.0034305423324 -2622.8921047788926
6356.901730407119 -2538.349476691269 -1070.3546479497784
6768.133513260079 -1363.1520324729836 577.2885165236795
6577.986931995167 -66.83254807530406 2173.637062915088
5803.357344802302 1235.4253015086654 3576.848417417345
4513.0739899095215 2427.910191478952 4662.241093291332
2821.7842057142884 3404.6646062279533 5333.373188118341
492.48509521644195 4144.50915977889 5529.880559628579
-1546.5494437109242 4273.786826155589 5228.9585704034735
-3448.1662776441217 4023.3197778237927 4463.420665291291
-5043.398405780174 3415.3631111843188 3301.2882466690085
-6190.5024529733 2503.9364440419677 1845.8218798653297
-6787.553190647184 1370.0240355024007 226.34613877972936
-6781.500040645508 114.37897915698576 -1413.2414500401298
-6172.880851909728 -1151.4291514304057 -2927.2563341159657
-5015.774110240333 -2314.927748949605 -4181.171646852767
-3412.9938275139457 -3272.7348570815325 -5063.571509997148
-1506.954065536234 -3939.745111001401 -5496.050823360711
532.9851783233618 -4256.691722522146 -5440.1819020469
2525.566350122007 -4195.412594312854 -4900.928944891167
4293.739868446926 -3761.352645833947 -3926.2069436094293
5680.395756693288 -2993.0800083484805 -2602.624225512609
6562.323553951254 -1958.859077205983 -1047.786923550707
6861.160105158074 -750.584920742258 600.1508447058608
6550.352471316409 524.3819998170846 2194.762576691706
5657.517274649932 1752.7552784801746 3594.360022181564
4261.98684052518 2825.3885588104563 4674.582806111442
2487.7601721985784 3646.973666676962 5339.448393649559
100.67690482096786 4173.548041883849 5529.053956255331
-1940.730898807888 4119.4254602801075 5221.3958099217025
-3809.6962453204037 3699.273848729604 4449.793732158429
-5340.1533618595995 2950.4255217235795 3282.8079536947216
-6396.114417320535 1939.4189393832726 1824.130282179819
-6883.752637916739 756.0864732789342 203.37063002935167
-6759.739227783158 -494.42759400707524 -1435.4593950765347
-6035.093322634043 -1701.0095998058036 -2946.7425535200805
-4774.202891198078 -2756.4494379041025 -4196.194704516657
-3089.1035816348567 -3566.9666469655067 -5072.796541319779
-1129.523862535604 -4060.5432160687187 -5498.6581438256835
930.419008583775 -4193.322701023826 -5435.939839788865
2907.6900677139083 -3953.507061899392 -4890.214425757738
4626.600104139979 -3362.4049706452206 -3909.9719996454987
5934.416417813071 -2472.538442078045 -2582.3114027352517
6714.933790005969 -1362.9760223760034 -1025.2011054050438
6898.7998269552645 -132.3072017640978 623.0028091613501
6469.677224395198 1110.1176943451414 2215.850190130964
5465.6954087367585 2253.903761640552 3611.809557609045
3976.0625702028187 3197.420588620462 4686.84379572839
2133.1391236431723 3856.8325646522985 5345.431394722036
