-2697.2191253498254 3840.5081973086712 5096.526515629207
-4458.381944480986 3191.4306390923475 4235.171503168214
-5823.397962558094 2258.7804632299967 2997.5029169067175
-6670.97951610089 1125.4277307148577 1493.4930421531608
-6925.815264526698 -107.92419453253957 -143.22024348196038
-6565.2619332596305 -1331.6865814781966 -1767.2077819720266
-5621.356268044992 -2437.122771649212 -3234.171153770267
-4177.968429498905 -3326.0099084220615 -4413.76422562967
-2363.349761279368 -3919.366468877543 -5201.174976556615
-338.73709538056164 -4164.470118716802 -5526.438505836065
1715.973847966068 -4039.5423230319716 -5360.653721496059
3618.212984493711 -3555.6834647062515 -4718.551329159748
5198.958019082941 -2755.8865266815023 -3657.1849442061452
6317.75281842517 -1711.2169767522798 -2270.8616276680464
6875.187554848733 -514.4982888866058 -682.7622899995318
6821.731705760353 727.9358297851918 966.0034733883948
6162.135057938659 1905.6896554868079 2528.935588929351
4955.0056681348215 2914.1145923171134 3867.160679342897
3307.602280032984 3663.607659238791 4861.771572641708
1366.3039141766938 4087.573108159699 5424.392726178172
-696.3965503801763 4148.3397484014895 5505.032781438311
-3047.481553283198 3581.7537988602303 5087.5310962202975
-4740.508421534912 2777.6605868925085 4220.338649639399
-6012.32031315469 1726.760042216675 2978.1505933869284
-6749.911160317559 522.4292900282603 1471.3407875134187
-6887.742779388979 -728.3215972223433 -166.20410420335395
-6413.568226150357 -1914.3579143730587 -1788.981031886964
-5369.519990537694 -2930.295129810396 -3252.799144073473
-3848.3663400153987 -3685.862763575703 -4427.591777635121
-1985.268451905223 -4113.925315654991 -5208.973451587403
54.22925036384522 -4176.447549774447 -5527.514975162669
2088.90844575693 -3867.874091058252 -5354.912536094799
3937.978958720793 -3215.6230454656575 -4706.502618548302
5437.142759666297 -2277.6497807541336 -3639.8992891972403
6453.19256590745 -1137.297337721177 -2249.874934566073
6895.847893298602 104.10896471547414 -659.9393185851757
6725.776873440132 1336.264728762482 988.6348019480038
5958.09106279085 2449.6875075577686 2549.3643817757347
4661.002714560623 3345.444801029993 3883.5717485813825
2949.763820668184 3943.944642688002 4872.706722751659
976.4254664840587 4192.007695127193 5428.880321084205
-1083.6725753697579 4067.5924675315673 5502.674078639539
-3372.913385173131 3291.185160022584 5078.44782259566
-4984.195904586685 2339.060049089044 4205.432917039152
-6152.610745094252 1179.0991879979829 2958.7468415653284
-6774.339120612653 -85.6298103382475 1449.1631249717864
-6794.13773656705 -1342.7502242457033 -189.1850948231404
-6210.247399045093 -2480.561388166623 -1810.7233887179154
-5074.549326896163 -3397.963786984577 -3271.3709632963814
-3487.9552777595795 -4013.4421916104857 -4441.342871610957
-1591.4410955544358 -4272.308644810843 -5216.681975270735
446.4796119149335 -4151.56172620208 -5528.49599239593
2444.7286465221605 -3661.930329391705 -5349.078879191691
4225.752812370934 -2846.9203526983183 -4694.3726335252495
5631.300296429777 -1778.9490091634973 -3622.5507784551028
6536.482036596525 -552.9102393753527 -2228.8493894169665
6860.868662932717 722.2570315879036 -637.1049509847021
6575.637000141125 1933.248595721801 1011.2490582315838
5706.131133179313 2972.462538204095 2569.7491508306007
4329.610474090488 3747.560139729958 3899.9157542199123
2568.38492419612 4189.670576944018 4883.5577283483835
578.9471026153228 4259.510397330114 5433.274167173008
-1461.9327097003463 3950.874026359936 5500.220352713352
-3670.6367792475767 2971.184037521773 5069.276851610134
-5187.269692126739 1879.2020771547275 4190.454562767658
-6242.990928902344 620.2447654899948 2939.2919965163132
-6743.995024730535 -693.8240154878387 1426.9604375040308
-6645.765567076715 -1946.2434878930408 -212.1628184932278
-5957.030674326303 -3025.7306854500785 -1832.4344770061732
-4738.987464163473 -3836.36843340446 -3289.8862907308553
-3099.8644211057704 -4306.128010425288 -4455.017270095919
-1185.3048207018696 -4393.269216588309 -5224.300414491687
834.5743146459191 -4090.0491733130543 -5529.381540595119
2780.297859668372 -3423.4103121037692 -5343.152851525455
4478.979738723085 -2452.586421275364 -4682.161583557679
5779.684612313422 -1263.839463918406 -3605.1397115631244
6566.839144371553 37.20517607583418 -2207.785355301151
6770.5012003533475 1334.943972903518 -614.2595815142112
6372.574512828613 2514.0671394335823 1033.8458517240283
5408.416614256421 3469.8044078230578 2590.089544078805
3963.6971650621635 4117.234327591612 3916.1924140214282
2166.78582835363 4398.829909168403 4894.324402050905
177.34606201288346 4289.570149368479 5437.57418856929
-1827.8516802080771 3799.163257328624 5497.671646032003
-3938.0021250082186 2624.3914330808702 5060.018341632968
-5347.887287019029 1401.849150499997 4175.403845479171
-6282.589194761392 54.74641898352966 2919.7863941965775
-6659.055481860636 -1297.2207721103232 1404.7331085180776
-6443.83546661291 -2533.9242048425854 -235.13687842196947
-5656.052391850445 -3545.4773520313674 -1854.113921833033
-4365.70424089497 -4241.999277421072 -3308.344806644302
-2687.4441095584866 -4561.600951304702 -4468.6147369531645
-770.3927754335097 -4475.884362408854 -5231.8286376909655
1215.1113376017472 -3992.4658058179803 -5530.171604468114
3092.647475862818 -3154.2991417325707 -5337.134555429915
4695.388314033568 -2035.8591564904364 -4669.869679512547
5880.923295130209 -736.5241509733743 -3587.666389184946
6543.912433447736 628.2542575406779 -2186.6831959636293
6625.446234566715 1937.209518223833 -591.403604679806
6118.2800624525435 3074.0352119088566 1056.4247922117918
5067.477857159642 3937.7193868344525 2610.385210271541
3566.4080059978205 4451.519913842897 3932.401446911841
1748.4471525793447 4569.783361333022 4905.0065579345155
-224.8709032797655 4282.001503004737 5441.780311017975
-2178.2081925527577 3613.745019880394 5495.028002607927
-4172.611298307652 2253.685754180741 5050.6724525450745
-5464.554795945956 910.9222923736476 4160.281025077554
-6270.948619160729 -512.7806126274846 2900.230371439324
-6520.141137958329 -1890.9207098960153 1382.4815218473516
-6189.990503480233 -3101.0442039214176 -258.106877880976
-5309.832048442011 -4035.6263117200697 -1875.7613488262143
-3957.87171408557 -4611.625311668023 -3326.7461922851458
-2254.2371090987062 -4777.861164889924 -4482.135037374327
-350.30364441178506 -4519.563086312984 -5239.266514867175
1584.7558363633257 -3859.6819937412156 -5530.86617037167
3379.002806491119 -2856.8512180900943 -5331.024094832234
4873.010548752606 -1600.176674626592 -4657.49713365305
5934.029918902859 -201.31941136284132 -3570.131113059267
6467.7846896972105 1215.4259650761753 -2165.543275807842
6426.848407406358 2524.1754107091865 -568.5374151707437
5814.858440357761 3608.64079393934 1078.985489789615
4686.192782797409 4372.462606368704 2630.6357989323487
3141.138331467206 4747.771927986106 3948.5425729848803
1316.9799547276275 4701.2208785480125 4915.604011534028
-624.197870460845 4236.945723082913 5445.892461885483
-2509.912975611629 3396.199346591846 5492.2894680929785
-4372.338830254802 1862.1588978135171 5041.239345736282
-5536.140458658873 410.4687758170683 4145.086362711773
-6208.031712358856 -1077.6932982232724 2880.624265948438
-6328.312104917312 -2470.097593337338 1360.206061744205
-5886.294195613609 -3643.0228774386346 -281.07242021198635
-4921.253215453034 -4492.249591736931 -1897.3763841663367
-3518.9372905354267 -4942.320215896776 -3345.0901298884005
-1803.948344751814 -4953.243999859162 -4495.577937883622
71.3293279599249 -4524.050317480796 -5246.613917579058
1940.2690768588195 -3692.87491092645 -5531.465226311647
3636.807403548208 -2533.5713626216707 -5324.821575251125
5010.19943256593 -1149.1488803531554 -4645.044159634942
5938.4132551020975 337.3805228915285 -3552.534185994656
6338.972999625114 1793.9321861072726 -2144.3659598892427
6176.28717500662 3091.0851020456503 -545.6614078526567
5464.811130698951 4113.581541663726 1101.5275548672803
4267.762635500038 4770.568209149723 2650.8409603632076
2691.504701369097 5003.668955959004 3964.61551350692
876.0947630476853 4792.171757791788 4926.116579846923
-1017.1600396490634 4154.869068845397 5449.910570160988
-2820.0357090896705 3148.3880297895103 5489.456089777639
-4535.350805276923 1453.0904561203488 5031.719184102534
-5561.885186773086 -95.37131374368475 4129.820120771418
-6094.221661493344 -1635.3589238514749 2860.968416292674
-6085.059797538655 -3030.0377169206354 1337.907112873221
-5535.213666727572 -4155.484361739892 -304.033108833678
-4493.539510742663 -4911.697984975799 -1918.9586545933769
-3052.5946496549172 -5231.485687615026 -3363.376302681112
-1340.4133578543697 -5086.432928912857 -4508.943206341826
490.86954309867986 -4489.428283033526 -5253.870718947726
2278.5365310018988 -3493.518232675151 -5531.968761943228
3863.745548932727 -2187.1937562913436 -5318.5271037950215
5105.643819072823 -686.5275163193402 -4632.510972502863
5893.883230139445 875.139706254026 -3534.875911864261
6158.425251327634 2359.046925439364 -2123.1516139090963
5875.764163131291 3633.342472792503 -522.7759777607117
5071.015643674408 4584.79959677721 1124.050598176306
3815.685130491442 5128.877156526627 2671.000345650557
2221.3142486059205 5217.231473211974 3980.6199909218017
429.5698476547464 4842.011878059227 4936.544081336537
-1400.3437193967832 4036.5582787217772 5453.834566457643
-3105.83060167271 2872.4387621756628 5486.527916590204
-4660.121322588353 1029.9202591475155 5022.112132043096
-5541.41001658758 -602.3993825206064 4114.482562882141
-5930.3201125356845 -2181.193195465625 2841.2631618997825
-5792.295241703834 -3566.1784209848497 1315.5850603046094
-5139.5995195775995 -4634.29304388334 -326.9885472485794
-4030.2278253759114 -5290.630392572739 -1940.5077874131123
-2562.7527025260656 -5476.87201333299 -3381.6043948878373
-867.5657556017791 -5176.46952085165 -4522.23061195032
904.7082159573246 -4416.114994880313 -5261.036793658844
2596.594892282013 -3263.3692718124075 -5532.376768571088
4057.762717458444 -1820.6588678838032 -5312.140789160232
5158.380517990311 -216.17493371387593 -4619.897788686603
5800.65357231869 1407.517091984597 -3517.156595600658
5927.513100997629 2906.1450472732163 -2101.900604208101
5527.687078190133 4146.5492617041355 -499.88152009277576
4636.701800630256 5018.514377400919 1146.5542307767018
3333.725220253672 5444.562467278037 2691.1136066713093
1734.5325242453864 5386.837288868652 3996.5557288556247
-18.780998412710783 4850.467977597214 4946.886335935179
-1770.4257469427844 3883.1133005881406 5457.664383013775
-3364.7603984715693 2570.7269660597685 5483.504999095938
-4745.446375677657 596.2194845006183 5012.41835545769
-5474.7204060000495 -1106.3932143843347 4099.073953901114
-5717.541502834561 -2710.6980208445943 2821.508843050661
-5452.333946124605 -4074.14541245048 1293.2402895075415
-4702.662591128059 -5075.587105067484 -349.9383390498578
-3535.139027614925 -5626.040609552097 -1962.0234105035597
-2053.5028477960955 -5676.595716405454 -3399.774091736116
-389.4039283017722 -5222.760382526196 -4535.43992525505
1309.2952390931512 -4304.859868953059 -5268.112017964787
2891.65777874714 -3004.4536644570617 -5532.689239149552
4217.083834928289 -1437.0885670463203 -5305.662741629063
5167.803486008467 257.9681561057845 -4607.204825997394
5659.3411188247355 1930.1032765132977 -3499.376543190485
5648.021457623988 3430.740250683874 -2080.613297760089
5134.850303979431 4626.540898025577 -476.9784302026455
4165.425166906896 5411.253083337394 1169.0380640636768
2825.88372408742 5715.15168530166 2711.1803960988946
1235.2501111963136 5511.233979496801 4012.422452121525
-465.14089488040867 4817.618948961694 4957.143165047248
-2124.202091209815 3695.937333038805 5461.399953694054
-3594.5186098278887 2245.8554657215836 5480.387389496205
-4790.455026054419 155.66057630075593 5002.638021743651
-5362.207331815875 -1603.1421487606851 4083.5945599124566
-5457.5039844862 -3219.498658631289 2801.705800873487
-5067.8774582731685 -4549.788584145347 1270.8731863435141
-4227.947779878651 -5475.809827539762 -372.88208792820365
-3012.346387198683 -5915.281337561639 -1983.505152321413
-1529.0847985517373 -5829.1541419565765 -3417.885079461864
90.04268472464837 -5225.081020017063 -4548.570918150512
1701.1694803174353 -4156.7365195586535 -5275.09626968679
3161.1399021247184 -2719.0477377996936 -5532.906168282709
4340.229171194251 -1039.7596321927724 -5299.0930730679165
5133.6700316211745 731.9156796444677 -4594.432303624115
5470.961780998691 2438.5570713862394 -3481.5360616692383
5322.134567214149 3928.5219659038985 -2059.290062165694
4700.412341329771 5069.420443716311 -454.0671035931371
3661.037851498436 5759.878668319335 1191.501709774334
2296.3640823614824 5938.546396430982 2731.200367409221
727.6482870789107 5589.548216338121 4028.2198867244097
-905.722251742525 4743.894147895295 4967.31439155232
-2458.615393800007 3476.7242661753953 5465.041213990647
-3793.049768662408 1900.6321760526826 5477.175141627558
-4794.617770214958 -288.0137735623066 4992.771299793023
-5204.64517039612 -2088.4822571903464 4068.044648222659
-5152.217006978458 -3703.379927113597 2781.854377337819
-4641.991752358837 -4989.216038497682 1248.4841370596566
-3719.305159496855 -5831.738410047295 -395.81939767865543
-2466.1419813117177 -6156.085231701716 -2004.9526419084057
-993.851265601211 -5933.436864984372 -3435.9370453148395
566.7474965024074 -5183.576594354359 -4561.623363883682
2076.988256411363 -3973.1327955647553 -5281.989428217047
3402.6794950253284 -2409.65871208314 -5533.027552224511
4426.02772809329 -632.0758774198408 -5292.431896925351
5056.103974217389 1201.6696727714948 -4581.580442129543
5236.92319388545 2928.641599096602 -3463.635459115909
4952.418805917884 4395.390867209995 -2037.931265645976
4227.870273712554 5471.590367916664 -431.1479359093468
3127.6569139847666 6061.615052755103 1213.9447799943782
1749.5375119531307 6113.038639196737 2751.173174886691
215.96402426554496 5621.291915917529 4043.947759865702
-1336.7988147205322 4630.0687372757975 4977.399839808195
-2770.7812125737264 3227.4436326051205 5468.588101024312
-3958.5675403166633 1538.0459977743917 5473.868310960816
-4757.752022400881 -731.0223204183609 4982.81835998966
-5003.18637143342 -2558.3312246932505 4052.424487355932
-4804.065655242347 -4158.321172602486 2761.954915248682
-4178.082623288107 -5388.826035834102 1226.0735282820713
-3180.85861504112 -6140.510057308308 -418.74987220746016
-1901.0013598796252 -6346.582813006126 -2026.365508897797
-452.2317914857592 -5988.733834248417 -3453.9296775640055
1036.720556168147 -5098.759573192178 -4574.597037057918
2433.555732833287 -3755.7381485199735 -5288.791374520796
3614.1588031527544 -2079.0029075663783 -5533.053388878834
4473.628003337432 -217.53913472151817 -5285.679328230129
4935.595723232446 1663.2539448981147 -4568.649463446502
4959.014103613178 3396.2596124438323 -3445.6750446477145
4541.802318612929 4827.492709184096 -2016.5372770360984
3721.031466232735 5829.781893610539 -408.221322931743
2569.6306386001365 6314.069373213228 1236.366887164862
1189.9068520895921 6237.324080168868 2771.0984736301557
-295.54538004932505 5606.36517055562 4059.605799948057
-1754.7371081913168 4477.256112410195 4987.399335653952
-3058.0127437335505 2950.323200562293 5472.0405535455075
-4089.570527127167 1161.2411250643245 5470.466954600103
-4680.0246600382525 -1169.577370318945 4972.779374206262
-4759.352961460935 -3008.7226438877206 4036.734347049589
-4415.7918661813555 -4580.5297069852295 2742.007758240656
-3679.8682852081342 -5745.336604293571 1203.6417470091847
-2616.9722582581862 -6399.645131316017 -441.67311553885554
-1321.546761768411 -6485.317104040951 -2047.7433835207148
91.3039640169404 -5994.740191726503 -3471.862665502948
1496.0419319185291 -4971.504305893138 -4587.491713636878
2767.8500088972805 -3506.5284453938657 -5295.5019911383815
3793.722466075811 -1729.9821443747167 -5532.983677799518
4482.506033666673 200.2806620737072 -5278.8354835892305
4772.999269012528 2112.747652779682 -4555.6395908740815
4639.390573344326 3837.4877428958252 -3427.655128414709
4093.551665604293 5221.250206518087 -1995.1084657789197
3183.9827281197236 6141.081676212083 -385.28766056938514
1991.502952563658 6515.25108928159 1258.7676440887906
622.0694001055494 6310.5118513599555 2790.9759195588617
-802.6377484585364 5545.05594221986 4075.1937365800404
-2156.0270107543333 4286.897478536337 4997.312706412928
-3317.8438115759154 2647.829361145135 5475.398511935428
-4184.855629621229 773.4899852084246 5466.971131281868
-4561.9516035526885 -1599.917020316488 4962.654515801419
-4475.024940264809 -3435.83943406784 4020.974498249383
-3990.4726727109132 -4966.472436169246 2722.0132507719513
-3151.349396285764 -6055.812567311717 1181.1891806050278
-2032.2148965315816 -6607.067176352812 -464.5887318219948
-732.509184992395 -6571.2548721382245 -2069.0858966125543
632.2831821969888 -5951.557735057128 -3489.735699455201
1940.8944139191183 -4803.038575235278 -4600.30717094837
3077.0486594896965 -3227.748360216148 -5302.121162187279
3939.7936282589835 -1365.6585386514453 -5532.8184201903705
4452.4706436578945 617.7760371662143 -5271.900481185834
4569.5261030222155 2546.318501016188 -4542.551049073729
4280.559115098002 4248.609391716168 -3409.5760215944943
3611.2456648730567 5573.392693246956 -1973.64520191866
2621.057189633565 6402.955595551769 -362.347344853041
1397.9762807751206 6663.587794283988 1281.1466639378857
50.67904445193178 6332.130974820696 2810.8051694184187
-1301.1212473721266 5438.0365301454995 4090.711300580799
-2537.311206490625 4060.7486753366347 5007.139780895718
-3548.0499301056084 2322.645480422055 5478.66191820705
-4243.5288470700425 378.1650418101793 5463.380901373861
-4404.394427348696 -2018.337262069012 4952.443959616614
-4152.425659461817 -3836.046104108495 4005.145213104851
-3531.4956491118937 -5312.905415586887 2701.971738118452
-2596.7767526249822 -6317.689765588998 1158.716216792555
-1431.3228459002603 -6761.119655193639 -487.49632533772524
-138.6896230604532 -6603.7943927494225 -2090.3926796193564
1166.266781417665 -5859.693018235059 -3507.548470779634
2367.595264289356 -4594.932204211242 -4613.04318768821
3358.552517908244 -2921.8914993154167 -5308.64877336409
4051.0876415460275 -989.2279121957646 -5532.55761890515
4383.665850327148 1031.33291607767 -5264.874440777277
4326.736110905977 2960.255288827647 -4529.384064065413
3885.356880462127 4626.145988298931 -3391.438036386759
3098.7466405813907 5880.98331520256 -1952.1478560944647
2036.7991630593458 6613.269466280253 -339.4007719284113
793.8731415535761 6757.937603423911 1303.5035602592343
-519.591992434132 6302.133327782655 2830.5858807866966
-1786.889097702165 5286.356849511329 4106.158223984721
-2895.4132650057113 3800.864366365996 5016.880389403134
-3746.667257401675 1977.6484044504998 5481.8307160061195
-4265.013421999052 -21.29029696748679 5459.696326874099
-4208.5540239074835 -2421.223675916655 4942.147881973214
-3794.1042979025456 -4205.919587095872 3989.2467649645687
-3042.5317548764997 -5616.901085587525 2681.8835663677432
-2020.6169134989868 -6528.796273260314 1136.2232436469594
-819.1613920258125 -6860.579260903389 -510.3955005054401
455.0802139594028 -6582.7696740590045 -2111.663364604154
1688.8859458477075 -5720.0521136655725 -3525.3006718757574
2772.6267498935476 -4349.082820937703 -4625.699543924017
3610.0074997392558 -2591.6784339339288 -5315.084711946523
4126.62324097616 -603.9920446816433 -5532.201278447511
4276.570397864517 1437.361688316039 -5257.757483693001
4046.525507482538 3350.999527548967 -4516.138863223689
3456.9290678760344 4966.886353139957 -3373.241486007985
2560.1693101054034 6141.443529432714 -1930.6167995340325
1435.9272740139406 6770.3064968543595 -316.4483380492029
184.09679816329225 6797.5980210298 1325.8379469819517
-1084.0914860996622 6220.893130269169 2850.3177120797704
-2255.953484365533 5091.434584944272 4121.534240046044
-3227.3641154567194 3509.5797333544224 5026.534363729122
-3912.0092818354383 1615.8833209190454 5484.90485061214
-4249.055255953109 -421.39141576713877 5455.917471409788
-3975.9613679840504 -2805.0824454861045 4931.766460669409
-3402.915573052943 -4542.278385899902 3973.2794283714693
-2527.505796007052 -5875.872958266125 2661.749082413141
-1427.5160372094394 -6687.370432446641 1113.7106495889507
-200.6852139548345 -6904.665696662499 -533.2858618898857
1043.9773712522262 -6508.451113103563 -2132.897584253365
2195.877985604286 -5533.932086278111 -3542.991996189044
3152.6652044835896 -4067.698908325883 -4638.276021099048
3829.324284701155 -2240.032831566265 -5321.428866795344
4165.731097510188 -213.33000749981343 -5531.74940497093
4131.994421295625 1832.3281239163116 -5250.549732832432
3731.1119077900958 3715.175860482945 -4502.815675273786
2998.703727562498 5267.913918064946 -3354.9866846859422
1999.8475615464135 6352.574706167419 -1909.0524040471892
823.2961635004602 6872.781353811991 -293.4904395703596
-426.40871164820976 6782.311217466172 1348.1494384238717
-1638.225301503132 6089.202965765941 2870.000322557785
-2704.4783840861814 4855.042308530323 4136.839083243474
-3530.4266938352625 3189.489836179552 5036.101537163673
-4042.6810988147217 1240.537195038617 5487.884268939304
-4195.725547150701 -818.6426198893055 5452.044400236235
-3708.465452559402 -3166.5704280787604 4921.299874977144
-2981.9968508870916 -4842.20978242489 3957.2434790580837
-1990.5647427358188 -6087.597547914954 2641.568633947731
-822.2622217429747 -6792.075556290951 1091.1788233781072
419.10190609004906 -6893.047844957857 -556.1670142080435
1623.226990368557 -6381.54258295803 -2154.0949718830766
2683.1212331384963 -5303.009257524027 -3560.6221382162107
3504.6083796604926 -3753.2802876861933 -4650.772402035952
4014.6956919290983 -1870.055893288185 -5327.681128356278
4168.059673767945 179.33117383358018 -5531.202006278606
3951.073262363908 2212.7838791783433 -5243.251312662882
3383.0166525994127 4049.6210262160057 -4489.414730287664
2514.36416712741 5526.631573605213 -3336.6739476543435
1422.2993913007351 6512.576652456405 -1887.455042019501
203.85707289891099 6919.85071576495 -270.52747294119365
-1032.6988410420036 6712.265675713091 1370.43764929819
-2177.494931032122 5908.266374081376 2889.63337233087
-3128.811040620927 4579.291677112601 4152.0724892847675
-3802.1185586894603 2843.426818741854 5045.581744495705
-4137.5911574959655 854.9110093528132 5490.768919537419
-4105.42062443923 -1209.567394932377 5448.0771802357085
-3408.218492318317 -3502.5240235496317 4910.748305639041
-2534.742838894422 -5103.094878885648 3941.1391939417827
-1436.0441606990219 -6250.233359669661 2621.3425694583125
-209.74665684950986 -6842.0111777497 1068.6281541060746
1035.1877579191146 -6825.846277015177 -579.0385623358882
2188.141197549981 -6203.174979834848 -2175.2551614454383
3146.6686892790453 -5029.324363511174 -3578.190793510512
3825.6008590375723 -3408.596206663084 -4663.188470940519
4164.61160409776 -1484.9993184748992 -5333.84138866192
4133.578332036862 570.546275971936 -5530.55909182331
3735.25848526476 2575.3963299975794 -5235.862349217384
3005.0445301650093 4351.411118162302 -4475.9362596800265
2007.8191811393858 5740.783932625137 -3318.30359114735
832.1902867001799 6620.062901658889 -1865.8250864057736
-417.3823667192569 6911.120230212714 -247.5598346985193
-1629.8687652033402 6588.094197360554 1392.702194720139
-2697.534171337839 5679.687083697724 2909.2165223649963
-3525.5118284152445 4266.614847752117 4167.234195111302
-4040.2322880841234 2474.435158852878 5054.974822015914
-4195.960378689368 462.3910472097102 5493.5587525927895
-3978.8589759792317 -1590.738538147705 5444.015879916293
-3077.658513772026 -3809.9865940259137 4900.111934865258
-2064.7780673785082 -5322.631257032689 3924.9668511200002
-868.433028569116 -6362.336774869556 2601.071238219416
405.0760958842268 -6836.720749604213 1046.059031189905
1642.5924315710788 -6703.632083281692 -601.9001113152641
2734.15722131469 -5974.8962879547435 -2196.377787534948
3582.7801432931565 -4715.264737042524 -3595.6976586869932
4113.057326768329 -3036.6612216456147 -4675.524013405417
4277.871316905358 -1088.237030537209 -5339.909541333592
4062.577667406282 956.8817963839725 -5529.820672707233
3486.3061638297127 2916.977476489844 -5228.382970092517
2600.261058194273 4617.886906864774 -4462.380496204336
1483.171346480563 5908.476820301874 -3299.875932394133
234.29535184181336 6674.0726393316945 -1844.1629107237102
-1035.398812996306 6846.64781567153 -224.58792145984012
-2213.0932495268457 6410.868287569898 1414.9426902135872
-3194.144638837169 5405.454978485585 2928.7494344878205
-3891.3822597139397 3919.743273114366 4182.323938902613
-4242.853489765353 2085.745176416916 5064.280607519601
-4217.328567795255 66.41946765286919 5496.253719929084
-3817.075495134965 -1958.8079022891623 5439.860569410695
-2719.489473530203 -4086.234198569732 4889.390946330347
-1575.9273831275236 -5498.853060648542 3908.7267298654383
-292.3372288905457 -6422.874696969543 2580.7549902872524
1017.2283710341482 -6776.195730143443 1023.4718443653184
2236.40876615928 -6527.422035848932 -624.7512663606863
3256.8744280929395 -5698.658248549452 -2217.4624853947685
3987.952504532531 -4363.543667716528 -3613.1424314276996
4364.68350010309 -2640.7090829110202 -4687.778816413872
4353.593212591438 -683.235907527925 -5345.885481583179
3955.667062711905 1334.9457765704228 -5528.986761681794
3206.2625351514384 3234.511670107433 -5220.813304446219
2171.9675108913852 4846.677007334731 -4448.747673948783
944.6836417661997 6028.19382316862 -3281.391289613387
-366.5395146057927 6674.079163521109 -1822.4688890473492
-1645.1940265728867 6726.94328148075 -201.61212991647517
-2777.665829463917 6182.0889681764675 1437.1587517177443
-3663.3298338213567 5087.928920399125 2948.231771394536
-4223.490906185587 3541.684060036004 4197.341460080903
-4408.376277050664 1680.7450285142024 5073.498940309467
-4201.558069859142 -329.53557461916796 5498.85377500816
-3621.4129899267386 -2310.5354958045814 5435.61132047505
-2336.6590674566974 -4328.799420663057 4878.585525170092
-1072.1846966076387 -5630.148327698902 3892.419110621209
287.55798974005836 -6431.233848319724 2560.3941764937067
1621.74988677189 -6660.876018512451 1000.8669836799719
2811.842189431886 -6298.670123687398 -647.5916328661431
3752.089973994656 -5376.799747114159 -2238.5088909230326
4358.948098592357 -3977.177117312775 -3630.5248104869474
4578.494555701465 -2224.1648470838495 -4699.952668343382
4391.2216791440815 -273.52576960486414 -5351.769106214941
3813.769485835812 1701.4172728515866 -5528.057373147414
2897.4471372593075 3525.181924068449 -5213.153482995534
1723.6738952999829 5035.718691325765 -4435.0380283322565
396.7446635249528 6098.8097539713 -3262.849982007839
-965.4370726895477 6619.99480579071 -1800.7433960007227
-2241.8354882447707 6552.964267746911 -178.63285682670877
-3319.036982536446 5903.67409730377 1459.3499955937336
-4101.327475575868 4729.816575468138 2967.6631966537057
-4519.1970240311975 3135.6940944439966 4212.2864993155645
-4535.516084731868 1262.9514323616309 5082.629661198401
-4148.834637519609 -722.0100068571446 5501.358872930873
-3393.5110259028083 -2642.8176884779355 5431.268206487669
-1932.3344133371427 -4535.493082070954 4867.695857978298
-557.6802389243286 -5715.273421074742 3876.044274996028
866.5262720563392 -6387.226635551743 2539.989148440218
2213.738121076878 -6491.646733577558 978.2448394867239
3364.2496232100157 -6019.255531202539 -670.4208164119495
4215.832782554642 -5012.027059812354 -2259.516640679126
4692.820698291844 -3559.457989239379 -3647.844495696491
4752.830900881388 -1790.6154558983708 -4712.045358969336
4390.5312204727525 137.33111868570734 -5357.56031362729
3638.1135735962093 2053.0752207068635 -5527.032523153274
2562.433570107191 3786.3945795960167 -5205.403638014365
1259.0700988596448 5183.276163769134 -4421.2517961002695
-156.1672760097066 6119.600914358576 -3244.2523297587295
-1557.528503076793 6512.172268280978 -1778.9868067512741
-2820.4964875442442 6326.108537969327 -155.65049900896372
-3832.850981548425 5577.942302389043 1481.5160386312593
-4504.639845652545 4334.151414844874 2987.0433747130546
-4776.171691184071 2705.252153981541 4227.158798527645
-4623.3197220696575 835.9793674334101 5091.672612512212
-4059.6655065449336 -1107.5738545462125 5503.768970437846
-3135.292195215061 -2952.71427904159 5426.831302447772
-1509.875808073941 -4704.423654092862 4856.722132803583
-36.64659778278968 -5753.364430719361 3859.602505759342
1439.8388235423076 -6291.0935294525 2519.5402584917642
2788.388246767068 -6269.831360084559 955.6058024368846
3889.177137626299 -5691.467159671374 -693.2384227715003
4644.395572434684 -4607.3911255291405 -2280.4853718899353
4986.939079037977 -3113.92817068073 -3665.1011879707166
4886.371163647065 -1343.7790326186305 -4724.056679468667
4351.627726879451 545.7707695687918 -5363.25900381455
3430.223069774865 2386.826443804444 -5525.912229397034
2204.0280396347734 4015.8021140927594 -5197.563903331193
781.9954459554012 5287.956143486612 -4407.389215320877
-709.5208748276077 6090.25206371837 -3225.5986540202966
-2137.9931522011084 6351.402361457781 -1757.1994970034723
-3376.4953555731263 6048.202686711492 -132.66545333491186
-4314.981129096659 5207.593661150575 1503.6564980552012
-4870.061893317169 3904.267085648051 3006.3719709052684
-4992.416286401842 2254.029245991801 4241.958100894308
-4671.172583581698 403.5110161847632 5100.627638092374
-3934.874697607075 -1482.860938189224 5506.084025910226
-2848.945926836875 -3237.4741907770494 5422.300684974196
-1072.8087771465596 -4834.014196296772 4845.664539146117
486.61618755417356 -5743.945444900442 3843.094086836446
2002.8031685107526 -6143.501933835305 2499.047859770741
3341.032298788211 -5997.181315634723 932.9502634735077
4382.396047439586 -5317.98481934328 -716.0440579181399
5034.3646754476695 -4166.262034261191 -2301.414722456177
5239.0079090967365 -2644.348584095204 -3682.2945893118176
4978.142299015034 -887.4731576997425 -4735.986422423455
4274.946899448193 948.2581533691529 -5368.865078368683
3191.903707569913 2699.732566148832 -5524.696511224525
1825.24586383534 4211.323892844964 -5189.634414326762
296.40691513945586 5348.720610571316 -4393.450525380555
-1258.769088726893 6010.860029574622 -3206.889276914218
-2702.0979350426996 6138.908156725455 -1735.3818429922565
-3905.33352186848 5721.4873539965165 -109.6781167226575
-4761.563087002368 4795.687291531295 1525.7709915322343
-5194.706876080666 3443.769367686474 3025.6486514537833
-5166.278162623551 1785.8574227897557 4256.684150853258
-4678.802962579044 -30.735791228033747 5109.494583298694
-3775.595586720774 -1844.5979953134295 5508.3039993703915
-2536.909974054038 -3494.5595726302486 5417.6764323040725
-624.7946489893856 -4923.016673388558 4834.523267954355
1007.7761838586438 -5686.933614255757 3826.5193033035684
2550.8016802178972 -5945.541546799228 2478.5123061508807
3867.177253280996 -5675.86202133026 910.2786138245771
4839.937156562218 -4901.85724715588 -738.8373280319281
5382.64740376852 -3692.300945125478 -2322.3043309585996
5447.08580779092 -2154.6675007248664 -3699.424402814897
5027.526733648754 -425.5823932822747 -4747.834381824494
4161.249846284219 1341.317577441031 -5374.378440480987
2925.2276487331646 2989.035595133458 -5523.385389629423
1429.2861374420752 4371.164683031618 -5181.615307931743
-193.65371947964977 5364.896606302164 -4379.435966980082
-1799.3865935902616 5881.9339226417915 -3188.124521524049
-3245.236072382363 5876.335597512829 -1713.5342214765942
-4402.732084659369 5348.599066670831 -86.68888612985884
-5169.026030142868 4345.616036814736 1547.8591371774157
-5476.029328951067 2956.5059516657716 3044.8730834785465
-5296.463390723067 1304.6973382986396 4271.3366941071645
-4646.28343708257 -463.0393591462861 5118.2732950120135
-3583.260810178258 -2189.6329775163153 5510.42885248265
-2201.8497354085566 -3721.6680967879547 5412.958624291485
-169.5998999156338 -4970.523522728324 4823.298511621749
1522.5054795624403 -5582.640958797843 3809.8784413829535
3079.329565776137 -5698.716246661844 2457.9339522511286
4362.541706655399 -5308.435587605603 887.5912449963088
5258.122872199385 -4446.477130904729 -761.6178395064616
5686.4967456562945 -3189.4296680794823 -2343.153836664239
5609.600428481702 -1648.9873826638084 -3716.4903326731574
5034.2664959105 37.97466816348139 -4759.600353074873
4011.615892663017 1721.5625030753597 -5379.798994943767
2632.5156126660468 3252.181954636384 -5521.978887252879
1019.5047678792178 4493.830767562527 -5173.506722624364
-684.0935495566727 5336.182995939244 -4365.345782130366
-2326.9071530193464 5704.391947673385 -3169.3047118896616
-3762.9648444724103 5565.740641545004 -1691.6570097329068
-4864.666595994871 4932.548854564845 -63.69815854687296
-5534.121372225453 3861.0784557224865 1569.9205535608078
-5711.84517844218 2446.5342920254625 3064.0449350017448
-5382.046474534613 814.6048200430743 4285.915477628052
-4574.029322642712 -889.7058650345133 5126.963621636826
-3359.589592636946 -2514.9622795939 5512.458548553896
-1846.6355840092967 -3916.753258881191 5408.147342406064
288.9354738583201 -4975.976367984338 4811.990463983405
2026.5161602732005 -5431.772895087716 3793.171788437946
3584.031992628126 -5404.932563519819 2437.3131534295508
4823.09085417269 -4897.84025452731 864.8885487663515
5633.596927538427 -3955.553345102108 -784.3851989556343
5943.533191259458 -2661.7981623046526 -2363.962879532648
5725.360448171286 -1131.5305316775855 -3733.4920841829685
4998.464303932603 499.27855232899 -4771.284132993485
3827.4326708902126 2085.7245459132832 -5385.126648151982
2316.3168486276004 3486.8447605417773 -5520.4770283831285
599.3861093753618 4578.143516429938 -5165.308798428024
-1170.8027160574904 5262.654130031391 -4351.180214148285
-2836.960582185555 5479.554829402299 -3150.4301730016014
-4251.042050789965 5209.573035550512 -1669.7505855486386
-5287.399777790919 4476.697815655355 -40.70633098992983
-5853.948831163413 3346.0483491744294 1591.95485971404
-5900.348841255719 1918.0878029780386 3083.163874953574
-5422.476963548051 319.69673809736736 4300.4202496616745
-4462.79421148093 -1307.1007849292785 5135.565413103908
-3106.5726090739076 -2817.7566670976485 5514.393052534255
-1474.3183973813245 -4078.0425038729254 5403.242669731609
746.930291754169 -4939.171798321275 4800.599320312765
2515.59604489522 -5235.423488055802 3776.3996329679826
4060.7400499359273 -5066.484825599017 2416.6502657771616
5245.069481275623 -4447.366752485319 842.1709171770406
5963.351471595691 -3433.0806264657626 -807.1390132204722
6151.763513927585 -2113.7502209585523 -2384.731100222112
5793.56437147749 -606.6038322791005 -3750.429363748972
4920.581609983143 954.4419689354122 -4782.885519818549
3610.3835788250717 2430.681412710416 -5390.361308104859
1979.3871227810125 3690.944146096423 -5518.8798389550775
172.51343448054655 4623.250294660161 -5157.021676908875
-1649.68882953625 5144.7603657436 -4336.939507652448
-3325.3090015085645 5209.135900921727 -3131.501230795553
-4705.460875818651 4810.6568513865805 -1647.8153272156687
-5667.511901737316 3984.7298293858626 -17.71380049421263
-6125.979623720291 2804.7420753453816 1613.9616751368803
-6040.127172716936 1375.540679502595 3102.2295731779122
-5417.582915756171 -175.88354217484712 4314.850759731842
-4313.662642059438 -1711.679739277836 5144.078520872918
-2826.454512419011 -3095.3856799631844 5516.23233101767
-1088.1034956588403 -4204.053019107476 5398.244690964639
1200.494960049505 -4860.264157153103 4789.1252773182005
2985.6438844141303 -4995.067459233001 3759.562264603638
4505.50524736619 -4686.037097067551 2395.9456461117834
5625.03269700564 -3960.631774492565 819.4387425286186
6244.751306466739 -2883.306937807649 -829.878889375911
6309.596357708539 -1549.787626514445 -2405.458140095859
5813.806083360383 -78.56288347443984 -3767.3018788891277
4801.433625037892 1399.642516529795 -4794.404313211098
3362.432718386383 2753.4835367103387 -5395.502884407481
1624.6649089132882 3862.6654611907034 -5517.187346549848
-257.461507441265 4628.632608416091 -5148.645501173381
-2116.711339008442 4983.325435964071 -4322.6239085590305
-3787.8820790700206 4895.227929563171 -3112.518212146624
-5122.482873559505 4372.167939266648 -1625.8516135238026
-6001.9285850873985 3460.6216406233107 5.279035892895314
-6348.076602800512 2241.583922522658 1635.940619803847
-6130.170156279476 823.3716358768486 3121.241700438064
-5367.571189564374 -668.0008339235292 4329.206758644765
-4128.039967458292 -2100.018498156421 5152.502797934936
-2521.7142786385207 -3345.440303048733 5517.976352242493
-691.323209800883 -4293.605055792205 5393.15349241293
1645.7644026110154 -4739.765309644765 4777.568533139638
3432.7037292356376 -4712.54901022886 3742.659974101615
4914.632265345479 -4266.602050573421 2375.199651971893
5959.874157170918 -3441.5487750498323 796.6924173724794
6475.555075654773 -2310.698787875024 -852.6044347375723
6415.85450816131 -974.5330730629056 -2426.1436412282596
5786.077112103958 448.22418195879203 -3784.1093382398008
4642.181372854987 1831.1547514140316 -4805.84031425843
3085.8074467504393 3051.379185315866 -5400.551288272353
1255.2459871591814 4000.4751878453903 -5515.399580394309
-686.8495869474577 4594.111414138651 -5140.1804158658315
-2567.915561064043 4779.540680359818 -4308.233664077462
-4220.810968468261 4540.2867824622135 -3093.4814448637794
-5498.66879860023 3897.6084792224733 -1603.8598237542287
-6287.945775465994 2908.6105582307314 28.271781118789814
-6518.511175986073 1661.1698249129959 1657.8913141707335
-6169.878252504658 266.126862728027 3140.1999284224194
-5273.024570223464 -1152.5626390888197 4343.487998493357
-3907.6395145907286 -2468.841892484796 5160.838098815036
-2195.043539693051 -3565.7537093993014 5519.625086092033
-287.40831350373435 -4345.8326611812645 5387.969161994032
2078.93087303365 -4578.541383610387 4765.929287345143
3852.998177256155 -4390.0675469309435 3725.6930533397453
5284.709684825453 -3811.516943212578 2354.4126416104455
6246.851545331549 -2894.2963325231663 773.9323345043518
6653.933232178456 -1719.9047912788285 -875.3152568685501
6469.783751041275 -392.69216165149794 -2446.787246410958
5710.765591445731 969.41288983973 -3800.851451560772
4444.320847768217 2245.3813518703028 -4817.193325477549
2782.9786931857034 3321.8378270934336 -5405.506432520929
874.3566688128047 4103.134433734116 -5513.516571360565
-1111.9557826351659 4519.849539628644 -5131.626567165865
-2999.466083058408 4534.956178894162 -4293.769022706214
-4620.460659061825 4147.112060337535 -3074.3912576841117
-5830.907028949962 3390.778835918401 -1581.8403376729689
-6523.251720801866 2333.1600317400885 51.26403813239913
-6635.976870441859 1068.2297198375152 1679.8133791811774
-6159.066353638256 -291.6174905215375 3159.103929750118
-5134.895762696386 -1625.553207105473 4357.694232661508
-3654.467149120049 -2815.0513876153314 5169.084279574762
-1849.3230919794637 -3754.41989868603 5521.178504095068
120.14143750421377 -4360.191725758126 5382.691789233743
2496.2763704719946 -4377.806504014108 4754.20774092745
4242.960223540922 -4030.160415877143 3708.6617953119016
5612.638440823968 -3324.416888721822 2333.584973988685
6483.609101981713 -2323.284332040336 751.1588869575735
6778.482641578478 -1115.7177668917025 -898.0109635862005
6471.0582515898805 190.98521809202109 -2467.3885991591214
5588.6519381761245 1480.71832832345 -3817.5279297402412
4209.669374660346 2638.883117057984 -4828.463150818557
2456.6392133762256 3562.5715602941 -5410.3682315851165
485.32587720000805 4169.709886310302 -5511.538351965423
-1529.1107929829634 4406.35119045739 -5122.984102785926
-3407.6792588172093 4251.468854378636 -4279.230234228461
-4983.460468151428 3718.8248533245755 -3055.2479802672237
-6116.439345334343 2855.7469442585593 -1559.7935355243185
-6705.945745132339 1738.923386956122 74.25540989110925
-6699.599436917139 467.588855583051 1701.7064362732012
-6097.964318023979 -845.2929975884816 3177.9533779767416
-4954.498308998753 -2083.0668584170494 4371.8252158283485
-3370.8033827612726 -3135.7510874869245 5177.241197814651
-1487.5977834384546 -3909.8100714165953 5522.636579426344
527.7874071582053 -4336.465272582008 5377.321465264563
2894.2043841901227 -4139.113566717682 4742.404096300511
4599.263443523196 -3635.682789353211 3691.566494122999
5895.65776236404 -2809.205641223584 2312.717008769942
6668.197016350904 -1733.1182438753347 728.3724679962421
6848.237702534369 -503.0356848946156 -920.6911629688585
6419.7824158514995 771.7438022247212 -2487.9473437175407
5420.901288769119 1977.9504657745088 -3834.138484799847
3940.349292946137 3008.407550347572 -4839.649595668074
2109.679970506819 3771.55442189318 -5415.136601508767
91.55632450991844 4199.582131859607 -5509.4649563698395
-1934.7025027079947 4254.458539847675 -5114.253171968726
-3789.0545222582177 3931.307636186495 -4264.617549707813
-5306.732419513912 3258.8427967907405 -3036.0519431894895
-6352.883853084145 2296.815473704072 -1537.7197980242827
-6834.553677136258 1130.7060163701071 97.24549936756621
-6708.943414030015 -135.87163253996272 1723.5701073857595
-5987.214086873963 -1390.3764906360245 3196.7479475999007
-4733.494513642905 -2521.340295972342 4385.880703972485
-3059.1831802761535 -3428.2719512918698 5185.3087126766595
-1113.049996337587 -4030.5865990154643 5523.999286907034
931.9825643150191 -4274.765939478578 5371.858282824128
3269.270696922742 -3864.3421222221154 4730.518557295989
4918.850254930618 -3209.7848597804414 3674.4074449838586
6131.368381769096 -2270.0241266384305 2291.8091063134384
6799.087520820434 -1128.5617880077964 705.573471108462
6862.6778963427405 113.17821809917096 -943.3554633626901
6316.4892244090925 1344.8618428535858 -2508.463125066788
5209.052765430294 2457.0485910414814 -3850.682829899606
3638.7691086914674 3350.915789335197 -4850.752466852576
1745.1648481701995 3947.039414494742 -5419.8114599491055
-303.50496764078997 4192.451266379259 -5507.296420378321
-2325.207035167284 4065.345424976634 -5105.433925484658
-4140.304253616162 3577.015802090286 -4249.931221483928
-5587.517269705288 2770.8526277129235 -3016.8034779383825
-6538.254855965441 1718.487037676789 -1515.619506354002
-6908.039805614222 513.4263328869199 120.23390955658621
-6664.015103100819 -737.2545547142937 1745.4040149652387
-5827.863414128309 -1922.4271397408277 3215.487314064882
-4473.880485653152 -2936.7836369688403 4399.8604543762
-2722.373642726586 -3690.194020189453 5193.286684846615
-728.9719547038031 -4115.7144705665105 5525.266603005171
1329.202090535139 -4175.5356287182685 5366.302336253606
3618.2129844937126 -3555.683464706251 4718.551329159747
5198.95801908294 -2755.8865266815037 3657.1849442061457
6317.752818425167 -1711.2169767522848 2270.861627668052
6875.187554848732 -514.4982888866126 682.7622899995398
6821.731705760352 727.935829785195 -966.0034733884003
6162.135057938659 1905.6896554868074 -2528.9355889293515
4955.005668134821 2914.1145923171125 -3867.160679342897
3307.6022800329783 3663.6076592387926 -4861.771572641711
1366.303914176689 4087.5731081596996 -5424.392726178173
-696.3965503801691 4148.33974840149 -5505.032781438312
-2697.2191253498318 3840.50819730867 -5096.526515629204
-4458.381944480982 3191.43063909235 -4235.171503168217
-5823.3979625581005 2258.780463229991 -2997.502916906709
-6670.97951610089 1125.427730714858 -1493.49304215316
-6925.815264526698 -107.92419453254004 143.22024348196214
-6565.261933259633 -1331.6865814781918 1767.2077819720212
-5621.3562680449995 -2437.122771649205 3234.1711537702586
-4177.968429498906 -3326.0099084220606 4413.764225629669
-2363.3497612793753 -3919.3664688775407 5201.174976556612
-338.7370953805722 -4164.470118716802 5526.438505836065
1715.9738479660532 -4039.5423230319743 5360.653721496062
3937.9789587207915 -3215.623045465659 4706.502618548303
5437.142759666297 -2277.649780754135 3639.8992891972403
6453.19256590745 -1137.297337721179 2249.874934566074
6895.847893298601 104.10896471546839 659.9393185851812
6725.776873440132 1336.264728762481 -988.6348019480045
5958.091062790849 2449.6875075577677 -2549.3643817757356
4661.002714560627 3345.44480102999 -3883.5717485813793
2949.7638206681786 3943.9446426880027 -4872.706722751661
976.4254664840605 4192.007695127193 -5428.880321084205
-1083.6725753697501 4067.592467531568 -5502.674078639539
-3047.481553283195 3581.7537988602317 -5087.531096220298
-4740.508421534909 2777.66058689251 -4220.3386496394
-6012.320313154688 1726.760042216679 -2978.150593386932
-6749.911160317557 522.4292900282649 -1471.3407875134228
-6887.742779388979 -728.321597222343 166.20410420335574
-6413.568226150361 -1914.3579143730535 1788.981031886959
-5369.519990537699 -2930.2951298103917 3252.7991440734686
-3848.366340015402 -3685.8627635757016 4427.59177763512
-1985.2684519052186 -4113.92531565499 5208.973451587404
54.229250363840386 -4176.447549774447 5527.514975162669
2088.908445756927 -3867.874091058253 5354.9125360948
4225.7528123709335 -2846.920352698318 4694.3726335252495
5631.300296429775 -1778.9490091634987 3622.550778455105
6536.482036596524 -552.9102393753542 2228.8493894169696
6860.868662932717 722.2570315879115 637.104950984693
6575.637000141125 1933.2485957218007 -1011.2490582315822
5706.131133179312 2972.462538204096 -2569.749150830601
4329.610474090492 3747.560139729957 -3899.9157542199096
2568.3849241961134 4189.67057694402 -4883.557728348387
578.94710261532 4259.510397330114 -5433.274167173008
-1461.932709700364 3950.874026359931 -5500.220352713351
-3372.9133851731353 3291.185160022582 -5078.447822595659
-4984.195904586685 2339.0600490890424 -4205.432917039151
-6152.61074509425 1179.0991879979854 -2958.746841565332
-6774.339120612653 -85.62981033825267 -1449.163124971781
-6794.13773656705 -1342.750224245702 189.18509482313723
-6210.247399045098 -2480.5613881666177 1810.7233887179057
-5074.549326896165 -3397.963786984576 3271.3709632963787
-3487.955277759583 -4013.442191610486 4441.342871610956
-1591.4410955544374 -4272.308644810844 5216.681975270735
446.4796119149425 -4151.561726202079 5528.49599239593
2444.7286465221628 -3661.930329391704 5349.07887919169
4478.979738723084 -2452.586421275365 4682.1615835576795
5779.684612313422 -1263.8394639184064 3605.1397115631253
6566.839144371553 37.205176075837734 2207.7853553011473
6770.5012003533475 1334.9439729035219 614.259581514207
6372.574512828611 2514.0671394335845 -1033.8458517240315
5408.416614256421 3469.8044078230587 -2590.0895440788054
3963.6971650621626 4117.234327591612 -3916.1924140214282
2166.7858283536293 4398.829909168403 -4894.324402050905
177.3460620128795 4289.570149368479 -5437.5741885692905
-1827.8516802080824 3799.1632573286215 -5497.671646032002
-3670.6367792475753 2971.184037521773 -5069.276851610134
-5187.269692126741 1879.2020771547257 -4190.454562767657
-6242.990928902344 620.2447654899958 -2939.291996516315
-6743.995024730535 -693.8240154878393 -1426.9604375040303
-6645.765567076716 -1946.2434878930405 212.16281849322718
-5957.030674326308 -3025.7306854500725 1832.434477006163
-4738.987464163476 -3836.368433404459 3289.886290730853
-3099.864421105768 -4306.128010425288 4455.01727009592
-1185.304820701872 -4393.26921658831 5224.300414491687
834.5743146459274 -4090.0491733130525 5529.381540595119
2780.2978596683633 -3423.4103121037733 5343.152851525457
4695.388314033567 -2035.8591564904373 4669.869679512547
5880.923295130207 -736.524150973377 3587.6663891849485
6543.912433447736 628.2542575406792 2186.6831959636274
6625.446234566715 1937.2095182238359 591.4036046798017
6118.2800624525435 3074.0352119088566 -1056.4247922117925
5067.477857159645 3937.7193868344507 -2610.385210271537
3566.4080059978196 4451.519913842897 -3932.401446911842
1748.447152579344 4569.783361333022 -4905.006557934516
-224.87090327976313 4282.001503004738 -5441.780311017974
-2178.208192552751 3613.7450198803963 -5495.028002607927
-3938.0021250082227 2624.391433080868 -5060.018341632966
-5347.887287019029 1401.849150499997 -4175.403845479171
-6282.589194761393 54.746418983529146 -2919.7863941965766
-6659.055481860638 -1297.2207721103296 -1404.73310851807
-6443.83546661291 -2533.9242048425845 235.1368784219688
-5656.052391850449 -3545.477352031364 1854.113921833028
-4365.70424089498 -4241.99927742107 3308.3448066442943
-2687.444109558496 -4561.600951304701 4468.614736953159
-770.3927754335178 -4475.884362408855 5231.828637690963
1215.1113376017372 -3992.465805817984 5530.171604468114
3092.6474758628037 -3154.2991417325784 5337.134555429919
4873.010548752603 -1600.176674626596 4657.497133653051
5934.0299189028565 -201.31941136284752 3570.1311130592717
6467.784689697212 1215.4259650761794 2165.543275807835
6426.848407406359 2524.175410709181 568.5374151707491
5814.858440357758 3608.640793939342 -1078.9854897896205
4686.192782797412 4372.462606368702 -2630.635798932345
3141.138331467204 4747.771927986107 -3948.5425729848835
1316.979954727622 4701.220878548012 -4915.60401153403
-624.197870460842 4236.945723082915 -5445.892461885483
-2509.9129756116304 3396.199346591846 -5492.2894680929785
-4172.611298307647 2253.6857541807453 -5050.672452545076
-5464.554795945958 910.9222923736467 -4160.281025077553
-6270.948619160732 -512.7806126274882 -2900.230371439319
-6520.14113795833 -1890.9207098960103 -1382.4815218473557
-6189.990503480232 -3101.04420392142 258.1068778809802
-5309.832048442016 -4035.626311720066 1875.7613488262093
-3957.871714085581 -4611.62531166802 3326.746192285137
-2254.2371090987053 -4777.861164889924 4482.135037374328
-350.3036444118015 -4519.563086312988 5239.266514867171
1584.7558363633198 -3859.6819937412183 5530.86617037167
3379.0028064911153 -2856.851218090098 5331.024094832235
5010.19943256593 -1149.148880353155 4645.044159634943
5938.413255102098 337.3805228915318 3552.5341859946548
6338.972999625115 1793.9321861072763 2144.365959889241
6176.287175006617 3091.0851020456566 545.66140785265
5464.811130698952 4113.581541663727 -1101.5275548672787
4267.7626355000375 4770.568209149723 -2650.8409603632085
2691.504701369095 5003.668955959005 -3964.6155135069207
876.094763047678 4792.171757791787 -4926.116579846926
-1017.1600396490621 4154.869068845398 -5449.910570160988
-2820.035709089683 3148.388029789501 -5489.456089777638
-4372.3388302548055 1862.1588978135119 -5041.2393457362805
-5536.14045865887 410.4687758170724 -4145.086362711777
-6208.031712358857 -1077.6932982232765 -2880.624265948435
-6328.3121049173105 -2470.0975933373416 -1360.2060617442019
-5886.294195613612 -3643.0228774386323 281.0724202119807
-4921.253215453037 -4492.249591736929 1897.3763841663313
-3518.9372905354317 -4942.320215896775 3345.0901298883955
-1803.9483447518166 -4953.243999859163 4495.5779378836205
71.32932795991636 -4524.050317480799 5246.613917579054
1940.2690768588263 -3692.8749109264454 5531.465226311647
3636.8074035482155 -2533.5713626216643 5324.821575251123
5105.643819072826 -686.5275163193384 4632.510972502863
5893.883230139444 875.1397062540215 3534.8759118642656
6158.425251327635 2359.0469254393665 2123.151613909095
5875.764163131288 3633.3424727925103 522.7759777607026
5071.015643674411 4584.7995967772085 -1124.0505981763017
3815.685130491446 5128.877156526628 -2671.000345650553
2221.314248605922 5217.231473211976 -3980.6199909218008
429.5698476547453 4842.011878059227 -4936.544081336537
-1400.343719396782 4036.5582787217786 -5453.834566457643
-3105.8306016727124 2872.4387621756614 -5486.527916590204
-4535.350805276918 1453.0904561203558 -5031.719184102538
-5561.885186773086 -95.37131374368069 -4129.820120771422
-6094.221661493345 -1635.358923851479 -2860.968416292671
-6085.059797538656 -3030.0377169206345 -1337.9071128732228
-5535.213666727572 -4155.484361739892 304.0331088336773
-4493.539510742667 -4911.697984975798 1918.9586545933714
-3052.5946496549227 -5231.485687615026 3363.376302681107
-1340.413357854362 -5086.432928912856 4508.94320634183
490.869543098677 -4489.428283033528 5253.8707189477245
2278.5365310019 -3493.5182326751506 5531.968761943228
3863.7455489327335 -2187.193756291337 5318.52710379502
5158.380517990314 -216.1749337138715 4619.8977886866005
5800.653572318688 1407.5170919845941 3517.1565956006602
5927.513100997628 2906.1450472732204 2101.900604208097
5527.6870781901325 4146.549261704136 499.881520092774
4636.701800630256 5018.51437740092 -1146.5542307767023
3333.725220253667 5444.562467278037 -2691.113606671314
1734.5325242453887 5386.837288868653 -3996.555728855624
-18.780998412714215 4850.467977597212 -4946.88633593518
-1770.4257469427832 3883.1133005881406 -5457.664383013774
-3364.7603984715624 2570.7269660597754 -5483.504999095939
-4660.121322588354 1029.9202591475146 -5022.112132043095
-5541.410016587579 -602.3993825206051 -4114.482562882142
-5930.320112535685 -2181.19319546563 -2841.263161899778
-5792.295241703833 -3566.178420984854 -1315.585060304604
-5139.599519577601 -4634.293043883338 326.98854724857625
-4030.227825375912 -5290.630392572738 1940.5077874131116
-2562.7527025260615 -5476.87201333299 3381.6043948878405
-867.5657556017791 -5176.46952085165 4522.23061195032
904.7082159573259 -4416.114994880312 5261.036793658844
2596.5948922820066 -3263.369271812413 5532.376768571088
4057.7627174584372 -1820.6588678838104 5312.140789160234
5167.803486008471 257.96815610579193 4607.20482599739
5659.341118824735 1930.1032765132918 3499.3765431904894
5648.021457623989 3430.740250683873 2080.61329776009
5134.85030397943 4626.54089802558 476.9784302026389
4165.425166906896 5411.253083337395 -1169.0380640636774
2825.883724087421 5715.151685301661 -2711.180396098895
1235.2501111963084 5511.233979496799 -4012.4224521215287
-465.14089488041134 4817.618948961693 -4957.143165047249
-2124.2020912098146 3695.9373330388057 -5461.399953694054
-3594.5186098278864 2245.855465721587 -5480.387389496205
-4745.446375677654 596.219484500623 -5012.418355457692
-5474.720406000051 -1106.3932143843374 -4099.073953901112
-5717.5415028345615 -2710.6980208445966 -2821.5088430506585
-5452.333946124607 -4074.145412450479 -1293.2402895075431
-4702.662591128062 -5075.587105067482 349.9383390498546
-3535.1390276149227 -5626.040609552098 1962.0234105035636
-2053.5028477960986 -5676.595716405454 3399.774091736114
-389.4039283017727 -5222.760382526197 4535.43992525505
1309.2952390931525 -4304.859868953058 5268.112017964788
2891.6577787471374 -3004.453664457065 5532.689239149552
4217.083834928287 -1437.0885670463254 5305.662741629065
5133.6700316211745 731.9156796444661 4594.432303624115
5470.961780998691 2438.5570713862353 3481.5360616692406
5322.13456721415 3928.521965903897 2059.290062165695
4700.41234132977 5069.420443716312 454.0671035931329
3661.0378514984404 5759.878668319334 -1191.5017097743298
2296.3640823614824 5938.546396430982 -2731.200367409222
727.6482870789106 5589.548216338121 -4028.2198867244106
-905.7222517425224 4743.894147895296 -4967.314391552319
-2458.615393800006 3476.724266175396 -5465.041213990647
-3793.049768662414 1900.6321760526735 -5477.1751416275565
-4790.455026054423 155.66057630074815 -5002.638021743647
-5362.207331815875 -1603.142148760683 -4083.594559912457
-5457.5039844862 -3219.498658631288 -2801.7058008734866
-5067.877458273167 -4549.788584145351 -1270.8731863435087
-4227.947779878651 -5475.809827539762 372.8820879282054
-3012.346387198692 -5915.281337561637 1983.5051523214033
-1529.0847985517405 -5829.1541419565765 3417.8850794618616
90.04268472464628 -5225.081020017064 4548.570918150511
1701.1694803174366 -4156.736519558652 5275.096269686791
3161.1399021247234 -2719.0477377996876 5532.906168282709
4340.2291711942535 -1039.7596321927697 5299.093073067916
5056.103974217391 1201.669672771498 4581.580442129541
5236.923193885451 2928.641599096592 3463.635459115915
4952.418805917888 4395.39086720999 2037.9312656459815
4227.870273712553 5471.590367916664 431.1479359093426
3127.6569139847657 6061.615052755102 -1213.9447799943814
1749.537511953128 6113.038639196736 -2751.173174886696
215.964024265546 5621.291915917529 -4043.9477598657027
-1336.7988147205383 4630.068737275791 -4977.3998398081985
-2770.781212573729 3227.4436326051173 -5468.588101024314
-3958.5675403166715 1538.0459977743774 -5473.868310960815
-4794.617770214955 -288.0137735622983 -4992.771299793026
-5204.64517039612 -2088.4822571903455 -4068.0446482226585
-5152.217006978459 -3703.379927113601 -2781.854377337814
-4641.991752358836 -4989.216038497684 -1248.4841370596512
-3719.3051594968542 -5831.738410047295 395.81939767865964
-2466.141981311722 -6156.085231701715 2004.9526419084032
-993.8512656012138 -5933.436864984372 3435.9370453148385
566.7474965024081 -5183.576594354358 4561.623363883683
2076.988256411356 -3973.1327955647603 5281.989428217044
3402.679495025329 -2409.6587120831387 5533.027552224511
4426.027728093284 -632.0758774198504 5292.431896925352
4935.595723232447 1663.2539448981165 4568.6494634465
4959.014103613178 3396.2596124438337 3445.675044647711
4541.802318612928 4827.492709184102 2016.5372770360896
3721.0314662327373 5829.781893610537 408.22132293174354
2569.6306386001347 6314.069373213226 -1236.3668871648674
1189.906852089594 6237.324080168866 -2771.098473630156
-295.5453800493231 5606.36517055562 -4059.605799948058
-1754.7371081913182 4477.256112410193 -4987.399335653954
-3058.0127437335514 2950.3232005622926 -5472.040553545508
-4089.570527127169 1161.241125064321 -5470.466954600102
-4757.75202240088 -731.022320418354 -4982.818359989662
-5003.18637143342 -2558.331224693252 -4052.4244873559287
-4804.06565524235 -4158.321172602485 -2761.9549152486816
-4178.082623288112 -5388.826035834098 -1226.0735282820754
-3180.8586150411297 -6140.510057308305 418.7498722074497
-1901.0013598796277 -6346.5828130061245 2026.3655088977964
-452.2317914857638 -5988.733834248418 3453.929677564003
1036.720556168147 -5098.759573192177 4574.59703705792
2433.5557328332843 -3755.738148519976 5288.791374520795
3614.158803152752 -2079.002907566382 5533.053388878834
4473.62800333743 -217.53913472152936 5285.679328230132
4772.999269012528 2112.747652779687 4555.639590874079
4639.390573344327 3837.4877428958216 3427.6551284147145
4093.5516656042905 5221.25020651809 1995.108465778918
3183.9827281197227 6141.081676212083 385.2876605693857
1991.5029525636473 6515.25108928159 -1258.767644088801
622.0694001055463 6310.511851359955 -2790.975919558862
-802.6377484585383 5545.05594221986 -4075.1937365800404
-2156.0270107543365 4286.897478536333 -4997.3127064129285
-3317.8438115759172 2647.8293611451318 -5475.398511935428
-4184.855629621231 773.4899852084183 -5466.971131281867
-4680.024660038252 -1169.5773703189445 -4972.779374206263
-4759.352961460934 -3008.7226438877237 -4036.734347049588
-4415.791866181352 -4580.529706985235 -2742.007758240651
-3679.8682852081347 -5745.3366042935695 -1203.641747009189
-2616.972258258192 -6399.645131316015 441.67311553884497
-1321.5467617684096 -6485.3171040409525 2047.7433835207146
91.30396401694175 -5994.740191726503 3471.8626655029475
1496.0419319185326 -4971.504305893137 4587.4917136368795
2767.8500088972805 -3506.5284453938666 5295.501991138381
3793.722466075809 -1729.9821443747219 5532.983677799518
4482.506033666675 200.2806620737124 5278.83548358923
4569.5261030222155 2546.3185010161856 4542.5510490737315
4280.559115098001 4248.609391716169 3409.5760215944947
3611.2456648730545 5573.3926932469585 1973.6452019186581
2621.057189633567 6402.955595551768 362.3473448530466
1397.97628077511 6663.587794283988 -1281.146663937896
50.67904445193305 6332.130974820697 -2810.805169418415
-1301.1212473721332 5438.036530145496 -4090.7113005808037
-2537.311206490634 4060.7486753366234 -5007.139780895723
-3548.0499301056107 2322.6454804220502 -5478.66191820705
-4243.528847070045 378.1650418101698 -5463.38090137386
-4561.9516035526885 -1599.9170203164902 -4962.654515801419
-4475.024940264809 -3435.8394340678406 -4020.974498249385
-3990.4726727109132 -4966.472436169244 -2722.013250771955
-3151.3493962857638 -6055.812567311718 -1181.1891806050296
-2032.2148965315803 -6607.067176352813 464.58873182199414
-732.5091849923937 -6571.254872138225 2069.085896612554
632.2831821969904 -5951.5577350571275 3489.7356994552006
1940.8944139191253 -4803.03857523527 4600.307170948374
3077.0486594896965 -3227.7483602161487 5302.121162187278
3939.793628258986 -1365.6585386514391 5532.8184201903705
4452.470643657896 617.7760371662251 5271.900481185831
4326.736110905976 2960.2552888276573 4529.384064065409
3885.35688046213 4626.145988298923 3391.438036386767
3098.746640581389 5880.983315202561 1952.1478560944631
2036.7991630593453 6613.269466280253 339.400771928412
793.8731415535708 6757.937603423911 -1303.5035602592397
-519.5919924341371 6302.133327782653 -2830.5858807867016
-1786.8890977021663 5286.356849511327 -4106.158223984722
-2895.4132650057154 3800.8643663659896 -5016.880389403137
-3746.6672574016766 1977.6484044504962 -5481.83071600612
-4265.013421999054 -21.290296967501465 -5459.696326874097
-4404.394427348696 -2018.337262069007 -4952.443959616616
-4152.425659461817 -3836.0461041084914 -4005.1452131048527
-3531.4956491118905 -5312.905415586893 -2701.9717381184473
-2596.7767526249813 -6317.689765588998 -1158.7162167925546
-1431.3228459002637 -6761.119655193639 487.4963253377198
-138.68962306045302 -6603.794392749423 2090.3926796193555
1166.2667814176684 -5859.693018235056 3507.548470779637
2367.595264289352 -4594.932204211246 4613.043187688207
3358.552517908244 -2921.8914993154185 5308.64877336409
4051.0876415460284 -989.2279121957589 5532.557618905149
4383.665850327148 1031.332916077666 5264.874440777278
4046.525507482536 3350.9995275489755 4516.138863223685
3456.929067876032 4966.88635313996 3373.241486007981
2560.169310105401 6141.443529432714 1930.6167995340306
1435.9272740139425 6770.306496854359 316.448338049206
184.09679816328926 6797.5980210298 -1325.837946981955
-1084.0914860996672 6220.893130269164 -2850.3177120797754
-2255.95348436553 5091.434584944274 -4121.53424004604
-3227.36411545672 3509.579733354421 -5026.534363729122
-3912.009281835439 1615.8833209190411 -5484.90485061214
-4249.05525595311 -421.39141576714144 -5455.917471409788
-4208.554023907484 -2421.22367591665 -4942.1478819732165
-3794.104297902545 -4205.919587095874 -3989.2467649645687
-3042.5317548764974 -5616.9010855875285 -2681.88356636774
-2020.6169134989843 -6528.7962732603155 -1136.2232436469562
-819.161392025814 -6860.579260903389 510.3955005054371
455.080213959403 -6582.769674059004 2111.6633646041537
1688.8859458477107 -5720.05211366557 3525.30067187576
2772.6267498935467 -4349.082820937704 4625.699543924015
3610.0074997392576 -2591.6784339339256 5315.084711946525
4126.62324097616 -603.9920446816421 5532.201278447511
4276.570397864517 1437.3616883160355 5257.757483693002
3731.111907790096 3715.1758604829442 4502.815675273786
2998.7037275624984 5267.913918064945 3354.9866846859422
1999.8475615464183 6352.5747061674165 1909.0524040471946
823.2961635004597 6872.781353811991 293.49043957035786
-426.4087116482206 6782.311217466168 -1348.1494384238867
-1638.2253015031354 6089.202965765939 -2870.00032255779
-2704.4783840861796 4855.0423085303255 -4136.8390832434725
-3530.426693835263 3189.48983617955 -5036.101537163674
-4042.681098814721 1240.5371950386195 -5487.884268939303
-4195.725547150701 -818.6426198893073 -5452.044400236235
-3975.96136798405 -2805.0824454861045 -4931.766460669408
-3402.9155730529446 -4542.278385899899 -3973.2794283714707
-2527.5057960070544 -5875.872958266124 -2661.749082413143
-1427.5160372094485 -6687.370432446637 -1113.710649588962
-200.68521395483577 -6904.665696662499 533.285861889885
1043.9773712522178 -6508.451113103568 2132.897584253355
2195.877985604285 -5533.932086278111 3542.9919961890437
3152.665204483589 -4067.6989083258845 4638.276021099048
3829.324284701152 -2240.0328315662746 5321.428866795341
4165.731097510187 -213.33000749982855 5531.749404970931
4131.994421295627 1832.3281239163014 5250.5497328324345
3383.016652599415 4049.6210262160016 4489.414730287665
2514.364167127412 5526.631573605209 3336.6739476543453
1422.2993913007365 6512.576652456405 1887.4550420195017
203.8570728989105 6919.85071576495 270.5274729411919
-1032.698841042014 6712.265675713086 -1370.4376492982049
-2177.4949310321254 5908.266374081372 -2889.633372330875
-3128.8110406209257 4579.291677112604 -4152.072489284767
-3802.118558689461 2843.426818741852 -5045.5817444957065
-4137.591157495965 854.9110093528221 -5490.768919537418
-4105.42062443923 -1209.5673949323789 -5448.0771802357085
-3708.4654525594037 -3166.570428078755 -4921.299874977145
-2981.996850887089 -4842.209782424894 -3957.243479058079
-1990.5647427358208 -6087.597547914953 -2641.568633947733
-822.2622217429787 -6792.07555629095 -1091.1788233781112
419.10190609005144 -6893.047844957857 556.1670142080477
1623.2269903685487 -6381.542582958035 2154.094971883067
2683.1212331384954 -5303.009257524028 3560.62213821621
3504.6083796604917 -3753.2802876861942 4650.772402035952
4014.695691929096 -1870.0558932881981 5327.681128356276
4168.059673767945 179.3311738335773 5531.202006278606
3951.0732623639083 2212.7838791783392 5243.251312662883
3005.0445301650107 4351.411118162301 4475.9362596800265
2007.8191811393915 5740.7839326251315 3318.3035911473544
832.1902867001863 6620.062901658887 1865.825086405779
-417.3823667192521 6911.120230212714 247.55983469852248
-1629.8687652033418 6588.094197360553 -1392.7021947201445
-2697.5341713378375 5679.687083697724 -2909.216522364997
-3525.511828415245 4266.614847752113 -4167.234195111306
-4040.2322880841243 2474.435158852871 -5054.974822015916
-4195.960378689368 462.3910472097124 -5493.5587525927895
-3978.858975979229 -1590.7385381477209 -5444.01587991629
-3408.218492318318 -3502.5240235496312 -4910.748305639041
-2534.742838894425 -5103.094878885645 -3941.139193941784
-1436.04416069902 -6250.2333596696635 -2621.342569458308
-209.74665684951526 -6842.0111777496995 -1068.6281541060785
1035.1877579191134 -6825.846277015176 579.0385623358899
2188.141197549975 -6203.174979834852 2175.255161445433
3146.668689279043 -5029.324363511175 3578.190793510511
3825.6008590375704 -3408.5962066630864 4663.188470940519
4164.6116040977595 -1484.9993184749135 5333.841388661917
4133.578332036862 570.5462759719384 5530.55909182331
3735.25848526476 2575.3963299975794 5235.862349217383
2600.261058194275 4617.886906864773 4462.380496204336
1483.1713464805673 5908.476820301872 3299.8759323941354
234.29535184181248 6674.072639331695 1844.162910723706
-1035.3988129962995 6846.647815671532 224.58792145984575
-2213.0932495268476 6410.868287569896 -1414.9426902135929
-3194.144638837173 5405.454978485579 -2928.749434487829
-3891.3822597139388 3919.74327311437 -4182.323938902612
-4242.8534897653535 2085.745176416905 -5064.280607519606
-4217.3285677952545 66.41946765286518 -5496.253719929084
-3817.075495134965 -1958.8079022891663 -5439.860569410695
-3077.658513772026 -3809.986594025916 -4900.111934865257
-2064.778067378511 -5322.631257032688 -3924.9668511200007
-868.4330285691182 -6362.3367748695555 -2601.0712382194156
405.0760958842249 -6836.720749604214 -1046.0590311899043
1642.5924315710831 -6703.63208328169 601.9001113152732
2734.157221314689 -5974.896287954744 2196.3777875349497
3582.78014329315 -4715.264737042537 3595.6976586869837
4113.0573267683285 -3036.6612216456174 4675.524013405416
4277.871316905358 -1088.2370305372172 5339.909541333592
4062.577667406283 956.8817963839688 5529.820672707233
3486.306163829717 2916.977476489835 5228.382970092519
2171.967510891387 4846.677007334732 4448.747673948782
944.6836417662068 6028.193823168617 3281.3912896133907
-366.5395146057826 6674.079163521108 1822.468889047357
-1645.1940265728824 6726.943281480751 201.61212991647585
-2777.6658294639137 6182.088968176469 -1437.1587517177447
-3663.329833821358 5087.9289203991175 -2948.231771394544
-4223.490906185584 3541.684060036012 -4197.341460080901
-4408.376277050663 1680.7450285141929 -5073.498940309471
-4201.558069859142 -329.53557461917103 -5498.8537750081605
-3621.4129899267427 -2310.5354958045727 -5435.611320475051
-2719.489473530205 -4086.234198569731 -4889.390946330346
-1575.927383127528 -5498.85306064854 -3908.726729865439
-292.33722889054667 -6422.874696969544 -2580.7549902872497
1017.2283710341445 -6776.195730143444 -1023.4718443653178
2236.4087661592753 -6527.422035848933 624.7512663606856
3256.8744280929373 -5698.658248549453 2217.46248539477
3987.9525045325263 -4363.543667716535 3613.142431427695
4364.683500103089 -2640.709082911024 4687.778816413871
4353.593212591438 -683.2359075279342 5345.885481583178
3955.66706271191 1334.9457765704065 5528.986761681794
3206.2625351514475 3234.5116701074185 5220.813304446224
1723.6738952999813 5035.718691325766 4435.0380283322565
396.74466352495125 6098.809753971301 3262.8499820078396
-965.4370726895493 6619.99480579071 1800.7433960007236
-2241.835488244769 6552.964267746912 178.63285682671437
-3319.0369825364482 5903.674097303769 -1459.3499955937345
-4101.327475575872 4729.816575468131 -2967.663196653711
-4519.1970240311975 3135.6940944439993 -4212.286499315562
-4535.516084731868 1262.9514323616224 -5082.629661198403
-4148.834637519609 -722.0100068571452 -5501.358872930873
-3393.51102590281 -2642.81768847793 -5431.268206487669
-2336.659067456697 -4328.7994206630565 -4878.585525170093
-1072.184696607634 -5630.148327698904 -3892.419110621206
287.5579897400606 -6431.2338483197245 -2560.394176493706
1621.7498867718928 -6660.87601851245 -1000.8669836799711
2811.8421894318885 -6298.670123687397 647.5916328661448
3752.0899739946562 -5376.79974711416 2238.50889092303
4358.948098592357 -3977.1771173127768 3630.5248104869443
4578.494555701465 -2224.1648470838522 4699.9526683433805
4391.221679144082 -273.52576960486664 5351.76910621494
3813.769485835812 1701.4172728515855 5528.057373147414
2897.4471372593075 3525.181924068448 5213.153482995535
1259.0700988596413 5183.276163769135 4421.251796100269
-156.16727600970407 6119.600914358575 3244.252329758734
-1557.5285030767884 6512.172268280979 1778.9868067512818
-2820.496487544249 6326.108537969324 155.6504990089595
-3832.850981548427 5577.942302389041 -1481.5160386312605
-4504.639845652546 4334.151414844871 -2987.043374713055
-4776.171691184072 2705.2521539815334 -4227.158798527648
-4623.319722069656 835.9793674334019 -5091.672612512215
-4059.6655065449318 -1107.573854546216 -5503.768970437846
-3135.292195215054 -2952.714279041601 -5426.831302447771
-1932.3344133371425 -4535.493082070953 -4867.695857978299
-557.6802389243257 -5715.273421074743 -3876.044274996027
866.5262720563398 -6387.226635551743 -2539.9891484402197
2213.738121076886 -6491.646733577555 -978.2448394867162
3364.249623210016 -6019.255531202541 670.4208164119466
4215.832782554639 -5012.02705981236 2259.5166406791163
4692.820698291845 -3559.457989239375 3647.8444956964922
4752.830900881388 -1790.615455898374 4712.045358969333
4390.531220472755 137.331118685698 5357.5603136272875
3638.113573596204 2053.0752207068736 5527.032523153273
2562.433570107187 3786.39457959602 5205.403638014364
781.9954459553998 5287.956143486611 4407.389215320877
-709.5208748276074 6090.25206371837 3225.5986540202994
-2137.9931522011157 6351.40236145778 1757.1994970034661
-3376.495355573128 6048.202686711491 132.66545333491254
-4314.981129096664 5207.5936611505695 -1503.6564980552064
-4870.061893317171 3904.267085648049 -3006.371970905269
-4992.416286401843 2254.029245991799 -4241.958100894308
-4671.172583581697 403.51101618475843 -5100.6276380923755
-3934.874697607073 -1482.8609381892288 -5506.084025910227
-2848.9459268368705 -3237.474190777055 -5422.300684974195
-1509.8758080739408 -4704.423654092861 -4856.722132803583
-36.64659778278918 -5753.364430719361 -3859.6025057593433
1439.838823542311 -6291.0935294525 -2519.540258491764
2788.3882467670674 -6269.8313600845595 -955.6058024368887
3889.177137626301 -5691.467159671374 693.2384227714997
4644.395572434682 -4607.391125529148 2280.4853718899253
4986.939079037979 -3113.928170680728 3665.101187970719
4886.371163647065 -1343.7790326186266 4724.056679468668
4351.627726879453 545.7707695687878 5363.259003814548
3430.2230697748623 2386.826443804448 5525.912229397034
2204.028039634779 4015.802114092753 5197.563903331195
296.4069151394575 5348.720610571316 4393.4505253805555
-1258.7690887268914 6010.860029574623 3206.8892769142185
-2702.0979350427 6138.908156725456 1735.3818429922546
-3905.3335218684774 5721.487353996519 109.67811672266063
-4761.56308700237 4795.6872915312915 -1525.77099153224
-5194.706876080666 3443.769367686475 -3025.6486514537837
-5166.278162623551 1785.8574227897614 -4256.684150853254
-4678.802962579043 -30.735791228036394 -5109.494583298696
-3775.595586720776 -1844.5979953134267 -5508.3039993703915
-2536.909974054043 -3494.5595726302436 -5417.676432304074
-1072.8087771465543 -4834.014196296775 -4845.664539146113
486.61618755417373 -5743.945444900442 -3843.094086836445
2002.8031685107542 -6143.501933835305 -2499.0478597707383
3341.0322987882128 -5997.181315634723 -932.9502634735046
4382.396047439585 -5317.984819343281 716.0440579181392
5034.364675447666 -4166.262034261201 2301.414722456167
5239.007909096736 -2644.3485840952108 3682.2945893118135
4978.142299015035 -887.4731576997469 4735.986422423454
4274.946899448198 948.2581533691439 5368.865078368681
3191.9037075699207 2699.732566148822 5524.696511224526
1825.2458638353435 4211.323892844961 5189.634414326764
-193.65371947965124 5364.896606302166 4379.4359669800815
-1799.3865935902554 5881.933922641791 3188.1245215240538
-3245.23607238237 5876.335597512828 1713.5342214765856
-4402.732084659367 5348.599066670834 86.68888612986198
-5169.026030142869 4345.616036814732 -1547.8591371774212
-5476.029328951067 2956.5059516657775 -3044.873083478543
-5296.463390723066 1304.6973382986378 -4271.336694107165
-4646.283437082567 -463.0393591462919 -5118.273295012015
-3583.2608101782635 -2189.6329775163076 -5510.428852482649
-2201.8497354085553 -3721.668096787955 -5412.958624291484
-624.7946489893903 -4923.016673388555 -4834.523267954357
1007.7761838586457 -5686.933614255759 -3826.519303303566
2550.801680217901 -5945.541546799228 -2478.5123061508757
3867.1772532809905 -5675.862021330262 -910.2786138245838
4839.93715656222 -4901.857247155878 738.8373280319323
5382.6474037685175 -3692.3009451254875 2322.30433095859
5447.085807790921 -2154.6675007248737 3699.4244028148933
5027.526733648753 -425.58239328227364 4747.834381824495
4161.24984628422 1341.3175774410283 5374.378440480987
2925.2276487331683 2989.035595133453 5523.385389629423
1429.286137442079 4371.164683031615 5181.615307931744
-684.0935495566694 5336.1829959392435 4365.345782130368
-2326.9071530193455 5704.391947673385 3169.3047118896616
-3762.964844472411 5565.740641545004 1691.657009732905
-4864.666595994874 4932.548854564842 63.698158546866274
-5534.121372225455 3861.078455722484 -1569.9205535608132
-5711.845178442179 2446.534292025458 -3064.0449350017493
-5382.046474534612 814.6048200430716 -4285.915477628055
-4574.029322642711 -889.7058650345147 -5126.963621636826
-3359.5895926369476 -2514.962279593898 -5512.458548553896
-1846.6355840092901 -3916.7532588811955 -5408.147342406062
-169.59989991562898 -4970.5235227283265 -4823.298511621746
1522.505479562434 -5582.640958797842 -3809.878441382957
3079.3295657761328 -5698.716246661845 -2457.9339522511327
4362.541706655399 -5308.435587605605 -887.591244996308
5258.122872199382 -4446.477130904734 761.6178395064558
5686.496745656292 -3189.4296680794873 2343.1538366642335
5609.600428481702 -1648.9873826638145 3716.490332673153
5034.266495910501 37.97466816347763 4759.600353074871
4011.6158926630187 1721.5625030753574 5379.798994943767
2632.5156126660418 3252.181954636388 5521.978887252878
1019.5047678792115 4493.830767562532 5173.506722624362
-1170.8027160574918 5262.654130031392 4351.180214148283
-2836.960582185544 5479.554829402299 3150.4301730016105
-4251.042050789972 5209.573035550511 1669.7505855486302
-5287.3997777909235 4476.69781565535 40.70633098991822
-5853.948831163411 3346.048349174434 -1591.9548597140356
-5900.348841255718 1918.0878029780367 -3083.163874953577
-5422.476963548052 319.69673809737077 -4300.420249661673
-4462.794211480929 -1307.10078492928 -5135.56541310391
-3106.5726090739095 -2817.7566670976466 -5514.393052534255
-1474.3183973813234 -4078.0425038729268 -5403.242669731609
288.9354738583095 -4975.976367984334 -4811.990463983409
2026.5161602731973 -5431.772895087717 -3793.1717884379477
3584.031992628117 -5404.932563519821 -2437.3131534295594
4823.09085417269 -4897.840254527309 -864.8885487663508
5633.596927538426 -3955.5533451021106 784.3851989556313
5943.533191259458 -2661.7981623046544 2363.962879532647
5725.360448171286 -1131.5305316775875 3733.492084182968
4998.464303932606 499.27855232898344 4771.284132993483
3827.4326708902145 2085.724545913281 5385.1266481519815
2316.316848627596 3486.8447605417814 5520.4770283831285
599.3861093753659 4578.143516429936 5165.308798428025
-1649.6888295362403 5144.760365743599 4336.9395076524515
-3325.3090015085595 5209.135900921729 3131.5012307955553
-4705.460875818653 4810.656851386581 1647.8153272156626
-5667.511901737313 3984.7298293858667 17.713800494213306
-6125.979623720288 2804.742075345389 -1613.9616751368765
-6040.127172716935 1375.5406795025963 -3102.229573177915
-5417.582915756175 -175.88354217483732 -4314.850759731838
-4313.662642059438 -1711.6797392778349 -5144.0785208729185
-2826.454512419018 -3095.385679963178 -5516.232331017669
-1088.1034956588474 -4204.053019107472 -5398.244690964639
746.9302917541697 -4939.171798321277 -4800.599320312763
2515.596044895217 -5235.423488055803 -3776.399632967982
4060.74004993592 -5066.484825599021 -2416.6502657771653
5245.069481275624 -4447.366752485321 -842.1709171770351
5963.351471595688 -3433.080626465768 807.1390132204691
6151.7635139275835 -2113.7502209585546 2384.731100222114
5793.5643714774915 -606.6038322791119 3750.4293637489654
4920.581609983148 954.4419689354033 4782.8855198185465
3610.383578825071 2430.681412710416 5390.36130810486
1979.3871227810193 3690.9441460964185 5518.8798389550775
172.51343448055982 4623.250294660156 5157.021676908878
-2116.7113390084464 4983.325435964073 4322.623908559026
-3787.882079070012 4895.227929563174 3112.518212146629
-5122.482873559504 4372.167939266649 1625.8516135237985
-6001.928585087398 3460.6216406233107 -5.2790358929009065
-6348.076602800511 2241.583922522662 -1635.9406198038473
-6130.170156279476 823.3716358768521 -3121.2417004380645
-5367.571189564373 -668.0008339235303 -4329.206758644768
-4128.039967458292 -2100.0184981564203 -5152.502797934937
-2521.7142786385184 -3345.440303048734 -5517.976352242494
-691.3232098008806 -4293.605055792206 -5393.153492412929
1200.494960049497 -4860.264157153103 -4789.125277318203
2985.6438844141308 -4995.067459233002 -3759.562264603636
4505.5052473661835 -4686.037097067555 -2395.945646111787
5625.0326970056385 -3960.6317744925677 -819.4387425286178
6244.751306466736 -2883.306937807653 829.8788893759103
6309.596357708537 -1549.7876265144428 2405.4581400958655
5813.806083360383 -78.56288347444688 3767.301878889125
4801.433625037894 1399.6425165297915 4794.404313211098
3362.4327183863816 2753.4835367103383 5395.502884407481
1624.6649089132925 3862.6654611907006 5517.187346549848
-257.46150744125686 4628.632608416089 5148.6455011733815
-2567.915561064043 4779.540680359818 4308.233664077462
-4220.81096846826 4540.286782462213 3093.481444863782
-5498.668798600233 3897.6084792224706 1603.859823754227
-6287.945775465996 2908.610558230726 -28.271781118795403
-6518.511175986072 1661.1698249129927 -1657.8913141707344
-6169.878252504659 266.1268627280286 -3140.1999284224157
-5273.02457022346 -1152.5626390888265 -4343.4879984933605
-3907.6395145907304 -2468.841892484795 -5160.838098815034
-2195.0435396930425 -3565.7537093993064 -5519.625086092034
-287.40831350372207 -4345.832661181268 -5387.9691619940295
1645.7644026110147 -4739.765309644764 -4777.568533139639
3432.703729235637 -4712.5490102288595 -3742.6599741016166
4914.632265345483 -4266.602050573419 -2375.19965197189
5959.874157170921 -3441.5487750498273 -796.6924173724739
6475.555075654773 -2310.6987878750206 852.6044347375741
6415.854508161312 -974.5330730629087 2426.143641228254
5786.077112103955 448.2241819587958 3784.109338239802
4642.181372854982 1831.1547514140361 4805.840314258432
3085.8074467504366 3051.379185315868 5400.551288272353
1255.2459871591711 4000.4751878453944 5515.399580394308
-686.8495869474655 4594.1114141386515 5140.18041586583
-2999.466083058411 4534.956178894161 4293.769022706213
-4620.460659061828 4147.112060337533 3074.3912576841108
-5830.907028949962 3390.778835918399 1581.8403376729693
-6523.251720801868 2333.1600317400826 -51.26403813240472
-6635.976870441859 1068.2297198375124 -1679.8133791811783
-6159.066353638255 -291.6174905215403 -3159.1039297501184
-5134.89576269638 -1625.553207105479 -4357.694232661512
-3654.4671491200406 -2815.0513876153377 -5169.084279574765
-1849.323091979449 -3754.419898686037 -5521.178504095069
120.14143750423224 -4360.191725758131 -5382.69178923374
2078.9308730336465 -4578.541383610386 -4765.929287345145
3852.998177256157 -4390.067546930943 -3725.6930533397444
5284.709684825458 -3811.5169432125736 -2354.4126416104405
6246.851545331548 -2894.296332523167 -773.9323345043559
6653.933232178457 -1719.9047912788233 875.3152568685542
6469.783751041277 -392.69216165150004 2446.7872464109532
5710.765591445733 969.4128898397291 3800.851451560769
4444.32084776822 2245.3813518703028 4817.193325477548
2782.978693185706 3321.837827093433 5405.506432520928
874.3566688128001 4103.134433734118 5513.516571360565
-1111.9557826351588 4519.8495396286435 5131.6265671658675
-3407.6792588172043 4251.468854378636 4279.230234228464
-4983.46046815143 3718.8248533245733 3055.2479802672224
-6116.439345334343 2855.746944258559 1559.7935355243217
-6705.945745132339 1738.9233869561208 -74.25540989110748
-6699.599436917138 467.5888555830399 -1701.7064362732115
-6097.964318023978 -845.2929975884846 -3177.953377976742
-4954.498308998748 -2083.0668584170553 -4371.825215828352
-3370.8033827612608 -3135.7510874869326 -5177.241197814656
-1487.597783438451 -3909.8100714165967 -5522.636579426344
527.7874071582244 -4336.46527258201 -5377.321465264559
2496.276370471994 -4377.806504014108 -4754.207740927451
4242.960223540917 -4030.1604158771443 -3708.6617953119076
5612.638440823975 -3324.416888721817 -2333.5849739886794
6483.609101981712 -2323.284332040335 -751.1588869575753
6778.482641578477 -1115.717766891706 898.0109635861926
6471.058251589881 190.98521809202322 2467.388599159121
5588.651938176126 1480.7183283234497 3817.527929740239
4209.6693746603405 2638.8831170579892 4828.46315081856
2456.6392133762165 3562.5715602941045 5410.368231585117
485.32587720000913 4169.709886310302 5511.538351965423
-1529.1107929829564 4406.351190457389 5122.984102785928
-3789.054522258218 3931.3076361864946 4264.617549707811
-5306.73241951391 3258.842796790743 3036.051943189492
-6352.883853084142 2296.815473704076 1537.719798024288
-6834.553677136259 1130.7060163701094 -97.24549936756443
-6708.943414030014 -135.87163253996818 -1723.570107385767
-5987.214086873967 -1390.3764906360204 -3196.747947599897
-4733.494513642909 -2521.3402959723394 -4385.880703972483
-3059.183180276151 -3428.2719512918716 -5185.30871267666
-1113.049996337591 -4030.586599015463 -5523.999286907033
931.9825643150238 -4274.765939478579 -5371.858282824128
2894.204384190123 -4139.113566717682 -4742.40409630051
4599.263443523187 -3635.682789353215 -3691.5664941230057
5895.657762364042 -2809.205641223583 -2312.7170087699396
6668.197016350903 -1733.1182438753367 -728.3724679962439
6848.237702534369 -503.03568489462066 920.6911629688528
6419.7824158515 771.74380222472 2487.9473437175407
5420.90128876912 1977.950465774508 3834.138484799847
3940.349292946133 3008.407550347574 4839.649595668076
2109.6799705068215 3771.554421893179 5415.136601508766
91.55632450992447 4199.582131859606 5509.46495636984
-1934.7025027079976 4254.458539847675 5114.253171968725
-4140.304253616163 3577.0158020902854 4249.9312214839265
-5587.517269705287 2770.8526277129245 3016.803477938383
-6538.254855965442 1718.487037676787 1515.619506353998
-6908.039805614222 513.4263328869221 -120.23390955658442
-6664.015103100816 -737.2545547142988 -1745.4040149652465
-5827.8634141283055 -1922.4271397408306 -3215.4873140648865
-4473.880485653157 -2936.783636968837 -4399.860454376198
-2722.373642726581 -3690.1940201894545 -5193.2866848466165
-728.9719547037997 -4115.7144705665105 -5525.266603005171
1329.2020905351467 -4175.535628718268 -5366.302336253605
3269.270696922743 -3864.342122222116 -4730.518557295989
4918.850254930616 -3209.784859780443 -3674.40744498386
6131.3683817690935 -2270.024126638434 -2291.809106313442
6799.087520820434 -1128.561788007795 -705.573471108459
6862.6778963427405 113.17821809916951 943.3554633626894
6316.489224409091 1344.8618428535879 2508.4631250667917
5209.052765430295 2457.0485910414804 3850.6828298996056
3638.769108691474 3350.9157893351935 4850.752466852572
1745.1648481702023 3947.0394144947413 5419.8114599491055
-303.5049676407964 4192.451266379259 5507.29642037832
-2325.207035167286 4065.3454249766337 5105.433925484657
