-6032.863181845488 2050.029551258231 2720.481100166048
-6768.897381817146 888.7944004383098 1179.4700065868758
-6903.485344597454 -351.41403327052893 -466.3421730963978
-6424.668339063835 -1560.3977879682066 -2070.7178041911507
-5374.991357411775 -2630.7333515119985 -3491.101071188103
-3847.72280589262 -3467.3167119907903 -4601.284687565284
-1978.5671976164806 -3995.8137665404347 -5302.623967047029
66.39278896699781 -4169.265232593067 -5532.8018368746425
2105.453484890815 -3972.2591862106938 -5271.365983195004
3957.4353990516456 -3422.300479161184 -4541.546128899897
5457.781811087542 -2568.2553560199176 -3408.1899708051137
6473.180358127327 -1486.0094738932896 -1972.0011772089595
6913.408423263389 -271.72512876607436 -360.59142503315803
6739.3498109993425 966.7031864980917 1282.8584576862418
5966.470392878488 2119.2356813348415 2812.3207367086025
4663.443896926336 3083.4647857723808 4091.8959766081243
2946.0499455458094 3773.714512431715 5007.888301996297
966.886527976296 4128.653143988123 5478.907774996262
-1098.1890007155514 4116.7428254052875 5463.102248397061
-3065.685617370771 3739.041840756867 4961.876112598445
-4760.782613382862 3029.1105800423406 4019.7655093607837
-6201.3113722786065 1500.1531250338492 2700.4360043812862
-6825.182722642644 278.0628869053097 1156.9954977119758
-6842.606636278837 -968.7344589836517 -489.2491363201624
-6252.0349219970285 -2129.455496970753 -2092.021837555768
-5105.942468292434 -3100.96506909048 -3508.9092178379315
-3506.1646192206003 -3796.940286460454 -4614.01461552072
-1594.848657181006 -4155.54069678042 -5309.144566344865
458.17660692716606 -4144.903079901464 -5532.533723652087
2470.490868834932 -3765.9726347656983 -5264.332980488477
4263.291175476119 -3052.4189943322995 -4528.373149863691
5677.279352031076 -2067.644530932358 -3390.047492435272
6586.8163438280035 -899.1507772505004 -1950.5012383255905
6911.085797708393 349.236468848258 -337.6443895569815
6621.274949661911 1566.5925220908448 1305.213644951759
5743.134765351446 2644.749954867618 2832.0977192708046
4354.6918538077125 3487.9097478603876 4107.3374827765
2579.315460802729 4021.153453315946 5017.622286183846
574.7555699659488 4197.10002790311 5482.069329991039
-1480.8738755355691 4000.1158463409806 5459.410456163522
-3404.9211784877944 3447.7038176121982 4951.659005077705
-5026.426292480904 2588.948174689569 4003.930921393098
-6319.617672293378 936.6236097322815 2680.344276019193
-6826.373258652517 -335.5776242483094 1134.5010092182526
-6726.57562393475 -1577.9613136562946 -512.1476509274115
-6029.092225939469 -2680.1362155767392 -2113.2897447652126
-4795.897525434014 -3544.169253159141 -3526.656770761344
-3136.566283344108 -4093.2872992677617 -4626.664866197001
-1198.5373623846738 -4278.698805740995 -5315.573484486706
845.9868629172286 -4083.9291465637043 -5532.1700716697505
2815.341442896737 -3526.28446068636 -5257.209070456451
4534.540580752445 -2655.313925632564 -4515.121972451091
5850.825888504723 -1548.407095633081 -3371.8464729070342
6647.239640136851 -303.9175001139812 -1928.9676171406636
6853.016978812132 967.5764990102272 -314.6915234563864
6449.8736849502875 2153.097080057854 1327.5462930880021
5473.6308093761545 3147.305536831426 2851.82579565056
4011.031815755784 3861.862084934672 4122.708061238201
2192.0350431823003 4233.275239288856 5027.2696233785
178.2663374347387 4228.543311209822 5485.1362176722505
-1851.3421147028296 3848.086753273122 5455.624387902006
-3716.450695468011 3125.7108002575333 4941.356389653382
-5251.336322565608 2125.6017256831483 3988.0271913987112
-6386.694991387089 364.014393510823 2660.206262034502
-6772.4037583383215 -947.1584612981683 1111.9869295525987
-6556.354731156819 -2174.17213028438 -535.0373214943279
-5757.744814023202 -3208.001064297576 -2134.5211585538605
-4447.534002716681 -3956.7850256671427 -3544.3434234840697
-2742.1402775872803 -4353.991273441101 -4639.235221142797
-793.0953551098615 -4364.326289393825 -5321.9106104545435
1226.4195701107144 -3986.8717620034486 -5531.710887207368
3136.9617344733188 -3255.1661824605144 -5249.99437611843
4768.771082398141 -2234.22480254446 -4501.792825490528
5976.85419224469 -1014.7627441882735 -3353.5872265253693
6653.867578117684 294.8654372019856 -1907.4006855083007
6739.655629658012 1578.2935305011995 -291.73322309377073
6226.595702011648 2721.483317388298 1349.856016442794
5160.275421276374 3622.8573684926273 2871.504625172869
3635.4420238650046 4202.324643758686 4138.007446565835
1787.5836487586735 4408.3969328288385 5036.830146984855
-219.10937822148836 4222.763808485853 5488.108385079235
-2206.3335754010027 3661.9195884651554 5451.744108992367
-3997.5153520707245 2775.697742939902 4930.968444236565
-5433.500346901786 1642.8429720055235 3972.054594011743
-6401.873387382221 -213.01662360509394 2640.0223101812485
-6663.6568902889 -1551.7230251282915 1089.4536475002128
-6333.3452355168065 -2752.552026244506 -557.917752749803
-5440.2880631412645 -3708.804700453284 -2155.715712286262
-4063.837422044684 -4335.51380120544 -3561.968870583506
-2326.2969921426406 -4576.993474631553 -4651.725463286483
-382.05486570252054 -4411.787192031617 -5328.155834815492
1596.1345121754184 -3854.5742566104727 -5531.156178194386
3432.500334125636 -2954.865482968979 -5242.689022061623
4963.873438109186 -1792.6039439520996 -4488.385939156862
6054.184603516949 -471.0616778022381 -3335.270068600745
6606.554898550702 892.3364856404717 -1885.8008158578384
6571.903798459588 2176.44663637986 -268.76988492538885
5953.31020555054 3267.169952298157 1372.1424297599037
4805.738875206812 4067.5908802155727 2891.1338680131407
3231.156556163271 4506.588508097273 4153.235374561411
1369.4717974076186 4545.155970196606 5046.303691906667
-613.8965403756856 4179.866378255527 5490.985780887012
-2542.7174765060163 3443.1773155649707 5447.7696864413465
-4245.606806316943 2400.5468382516897 4920.495348211867
-5571.255339848011 1144.6172397334644 3956.0134050555894
-6364.9064192115065 -789.7650729171203 2619.7927690067263
-6500.960497159796 -2144.3671422095126 1066.9015521779052
-6059.375705940196 -3308.432780516392 -580.7885495822775
-5079.388792115499 -4178.529647456272 -2176.8730399635083
-3648.075893580784 -4677.3458180443295 -3579.5328076939804
-1892.6154425840305 -4760.559286505113 -4664.13537693986
31.01219609238317 -4420.776170989587 -5334.30904972366
1951.88426505119 -3688.1876924249545 -5530.505954209816
3699.322851357209 -2627.8875520432534 -5235.293134438802
5118.060368109181 -1334.0880703679466 -4474.901544967399
6082.035760916673 78.25099090862143 -3316.8953154436645
6505.595585792404 1483.6371082441453 -1864.168381187416
6351.104693534484 2757.1955576779665 -245.80190549446888
5632.290277892144 3785.7650820586864 1394.4051481855522
4413.022154160314 4477.952765342072 2910.7131852030884
2801.637645802605 4772.254694252777 4168.391582260901
941.3153378310171 4642.520850884343 5055.690094549681
-1002.6469688011775 4100.278656547646 5493.76835540717
-2857.519692211621 3193.7087098001875 5443.701188881401
-4458.48925095045 2003.3637288271502 4909.937282434332
-5663.302473984516 635.0110889309068 3939.903901538108
-6275.9740313603315 -1361.5186142017546 2599.517987845524
-6285.581236633303 -2720.2790223429233 1044.3310330273346
-5736.686965212482 -3837.3307016010453 -603.6493170465698
-4678.062881896438 -4613.4187081735045 -2197.992776229499
-3203.772382183076 -4979.58421687021 -3597.0349315120125
-1444.8126467892253 -4903.291815352594 -4676.464747801883
442.5250327277255 -4391.320418299184 -5340.370148922037
2290.5424210976857 -3489.1609310876497 -5529.760226482074
3935.035063473272 -2276.9741832184304 -5227.806840966126
5229.8825718423095 -862.4682868336361 -4461.3398757778905
6060.032062741516 628.6717017160618 -3298.463284359219
6351.72111085346 2063.9514506879696 -1842.5037550575219
6079.031864197093 3315.8400557644923 -222.82968142441817
5266.193959014875 4273.101720561935 1416.6437872752049
3985.4316102626453 4850.67954528941 2930.242238636558
2350.5461731600344 4997.253205561351 4183.475807938787
506.8043933701761 4699.798988434683 5064.989192824461
-1381.9691808450807 3984.7470064574386 5496.456060588715
-3147.9487286703775 2915.632766182244 5439.538686569533
-4634.219217407864 1587.4517595881025 4899.294429226299
-5708.7189917425885 118.21869773726289 3923.7263616468395
-6135.681940172104 -1923.5955707612575 2579.1983168134075
-6019.214638647856 -3274.7784943568263 1021.7424798083649
-5367.913701591385 -4334.982977600081 -626.4996603706758
-4239.650075447238 -5010.005199524111 -2219.07455637731
-2734.6749347016957 -5239.866473424736 -3614.4749398015274
-986.7119250846281 -5004.1426163863 -4688.713362962362
848.9247691901815 -4323.778727563773 -5346.339027744308
2609.130772277444 -3259.2281242067925 -5528.919007888788
4137.50405626606 -1905.0807991269942 -5220.2302709209225
5298.2419477179465 -381.6586847353793 -4447.701165778514
5988.207791163272 1175.675478676523 -3279.9742936416087
6146.095093546687 2628.5457164411596 -1820.8073115845389
5757.874875174408 3847.858132117125 -199.8536094118965
4858.042206125182 4725.2714667071905 1438.8579630001004
3526.551167894661 5182.823694968043 2949.720691075371
1881.7105823817994 5179.859293483822 4198.487791112556
69.6717538734362 4716.641662335461 5074.200826149193
-1748.5577157160374 3834.3297208475833 5499.048850018916
-3411.4201588449896 2611.320756983573 5435.282251386061
-4771.162950089784 1156.2844842691768 4888.566972374264
-5706.9669753153585 -401.4927391434125 3907.48106474421
-5945.057521003429 -2471.3833846835796 2558.834106801385
-5703.971657545898 -3803.3551986345497 999.1362825922254
-4956.062880848085 -4797.382212437468 -649.3391849626157
-3767.7861678631984 -5365.140763700242 -2240.1180163554536
-2244.725119206401 -5456.183013575806 -3631.852531399119
-522.2103928942009 -5062.419458630389 -4700.88101090564
1246.7050185092276 -4218.837718723783 -5352.215583116676
2904.845217943251 -3000.3937334441807 -5527.98231295657
4304.877172059735 -1515.3515979370454 -5212.563555139464
5322.40189779641 104.33617705775661 -4433.985650489828
5867.007857937856 1714.7532248492055 -3261.428662568638
5890.304422961614 3172.8069235422213 -1799.0794254342777
5390.221590830033 4348.942803444661 -176.87408622006345
4411.193915755368 5138.656030239897 1461.0472917539416
3040.212303060179 5471.777118127759 2969.148206155184
1399.094485486164 5318.706796571596 4213.42727254724
-366.3390169483254 4693.046035379713 5083.324835452447
-2099.2216900746603 3650.3875388510364 5501.546678924093
-3645.579303755213 2283.376090033581 5430.931956833391
-4868.011197935841 713.4766551857241 4877.755097125707
-5657.898934264596 -919.8183115161188 3891.168291362729
-5705.542224048299 -3000.376575592734 2538.425709469544
-5342.361826533381 -4301.705423675195 976.5128317548592
-4504.489136162247 -5220.808867140804 -672.1674964172338
-3266.3728184181127 -5676.020531618606 -2261.122792774181
-1738.0249415165122 -5626.8928630562605 -3649.1674062192055
-55.24592136435573 -5077.791070398762 -4712.967481514248
1632.441941343777 -4077.505257617243 -5357.999713559629
3175.0801737100414 -2714.91520885934 -5526.950157860772
4435.598599032322 -1111.093029585136 -5204.8068260147165
5301.994623526747 591.4546413191678 -4420.193566758704
5697.285158300648 2241.4489717863144 -3242.826711396215
5586.3469046354285 3692.280724673447 -1777.3204718155498
4979.0372132137445 4815.037131866278 -153.89150867163357
3929.3182152531085 5509.956359450364 1483.2113903595032
2530.4620503382625 5715.291784452074 2988.5244483912234
906.7632275010557 5412.7984532603305 4228.2939942598605
-797.5054873645018 4629.3542258216385 5092.361063175941
-2430.912339882537 3434.57155983229 5503.949504170398
-3848.321963118911 1934.6121383828122 5426.487878034748
-4923.7912918494 262.7539385324838 4866.858990185892
-5561.7601565968835 -1432.451101833117 3874.788323200128
-5418.980575295303 -3506.2138897594964 2517.9734772410366
-4937.2731497249515 -4765.767284784889 953.8725179701349
-4016.867337935198 -5601.861342331881 -694.9842005229985
-2739.5452354379368 -5940.205436249103 -2282.0885229117375
-1218.8025164757594 -5750.736208993399 -3666.419265259245
410.23615470203805 -5050.2888328784475 -4724.972566072537
2002.823543242833 -3901.1011311347534 -5363.691319189699
3417.4512707201584 -2405.2834741893944 -5525.822560425201
4528.423455556114 -695.7458251496405 -5196.960217494034
5237.025343706896 1075.6118936849248 -4406.32515275425
5480.294547762139 2751.3967755205363 -3224.1687613528125
5236.6155313722165 4182.707979545273 -1755.5308264736175
4527.6402445111235 5242.367224075776 -130.9062736421027
3416.36425270327 5836.219134997509 1505.3498760752327
2001.5293045751455 5911.497363948891 3007.8490831841636
408.84969416883854 5461.513109934523 4243.087699523892
-1220.158005771695 4526.249448646958 5101.309353277246
-2740.7493123242084 3188.808660728562 5506.257284264553
-4017.8130148964565 1568.0282294481258 5421.950091732862
-4937.876399213157 -192.07839119733214 4855.878839714631
-5419.187795946102 -1935.1180038627506 3858.341443114469
-5087.605847302862 -3984.7143326205246 2497.4777632959745
-4491.948893837517 -5191.753956372431 931.2157322031642
-3497.162568561678 -5937.483457463675 -717.7889032688204
-2191.6380020239826 -6155.641497142292 -2303.0148447206548
-691.3767811614922 -5826.843776212044 -3683.607810604884
870.3163007642293 -4980.305415082613 -4736.896057270249
2354.6779600468635 -3691.2450621127655 -5369.29030172119
3629.816149245309 -2074.2013866120496 -5524.599540121815
4582.429244397505 -272.85581542799525 -5189.023865076861
5127.873391525466 1552.7341923648512 -4392.3806479636705
5217.683484514664 3240.356953104326 -3205.455134633914
4843.879502477906 4640.0597784881975 -1733.7108656837827
4039.6755696309074 5627.472929986456 -107.91877805281551
2876.5287345979623 6114.860415897222 1527.4623666018942
1457.7896980575588 6058.9157192325765 3027.1217768258357
-90.48035055997701 5464.609771800432 4257.808132873689
-1630.7108229637854 4384.749265098824 5110.169551232489
-3026.0454824906883 2915.2845440379665 5508.469979354577
-4152.50272131641 1186.7839977238489 5417.318676288664
-4909.991870395132 -647.1675149038342 4844.814835323066
-5231.206694644824 -2423.6153537844402 3841.827935119305
-4714.022512040514 -4431.911786472007 2476.9389215653473
-4009.9614670703722 -5576.184685073633 908.5428657034606
-2949.5977483249817 -6224.989103723027 -740.5812108508658
-1627.1493255443902 -6320.675922591904 -2323.901396833992
-160.12154456197496 -5854.742947909067 -3700.7327454351116
1321.1337383365847 -4868.590369188276 -4748.737749206153
2685.000490884025 -3449.842170708181 -5374.796564467866
3810.2931668858446 -1724.5603559776537 -5523.281118070384
4597.024573813706 153.95621448995564 -5180.997905812393
4975.290173648157 2018.793099674409 -4378.360293188152
4911.479407852665 3704.2513586252 -3186.6861543964706
4411.26214299709 5060.5706285228 -1711.8609662448132
3519.0848782311627 5967.235990127733 -84.92941886419034
2314.221478784774 6343.686247225996 1549.5484800891318
903.7293451546684 6156.472142449663 3046.342196505038
-587.0631067433284 5422.228470583681 4272.455040108928
-2025.692425323177 4206.196004048621 5118.941504039021
-3284.3300823082727 2616.424563966706 5510.587551230461
-4251.140598435105 794.1723193862742 5412.593711679919
-4840.218616567745 -1098.6456209394582 4833.66716807034
-4999.221969668797 -2893.844076517808 3825.2480843787357
-4301.185614721253 -4844.087926294667 2456.3573067248863
-3495.183596663038 -5915.913328923499 885.854309998244
-2378.6191776807377 -6462.083870719443 -763.3607296793475
-1050.7040063631653 -6434.069902213987 -2344.7478185715518
370.570826858356 -5834.360587446114 -3717.7937740273483
1758.9188158902182 -4716.242730813937 -4760.497437391561
2990.979149242157 -3179.0660106586056 -5380.210012344631
3957.2778594881183 -1359.4153243548683 -5521.867317038127
4571.955065690716 581.0253792136964 -5172.882478297196
4780.394000612356 2469.8394280512484 -4364.264330538704
4564.07395016605 4139.19740499463 -3167.8621447532946
3942.2159001388586 5440.76952793562 -1689.9815054725082
2970.074667254797 6258.905401895728 -61.93859306879989
1734.0292662271522 6520.910064143442 1571.6078351421052
343.9077552331344 6203.503250649537 3065.5100103132418
-1076.7714690276728 5334.887949709808 4287.028168298948
-2401.774822931616 3992.244442668204 5127.625060218054
-3513.3699438028784 2294.872497219359 5512.6099633248405
-4312.786726997206 393.5910595105018 5407.7752794998505
-4728.993483145017 -1542.6626710817898 4822.436030460364
-4725.0084154693095 -3341.844053484828 3808.6021772025315
-3852.3772331191826 -5217.803160240265 2435.7332741889563
-2951.7570388541944 -6208.154187889694 863.150456885659
-1788.860278114604 -6646.883471909201 -786.1270663853161
-467.0154313805066 -6495.0079900819055 -2365.5537499461416
896.3257858952167 -5766.022545462734 -3734.7906017626105
2180.0245236332207 -4524.700693906042 -4772.174918753869
3270.018515566375 -2881.339329373845 -5385.530551869159
4069.457012151556 -981.9583208774139 -5520.358161439319
4507.306394689123 1004.6739936821016 -5164.677722672824
4544.661824070244 2902.0366149637525 -4350.093003431974
4178.204106462804 4541.540547627949 -3148.983430767483
3440.4946182494236 5777.5086724129915 -1668.0728611931154
2397.082084842641 6500.119797474927 -38.94669768457265
1140.678288776119 6645.166753225325 1593.6400508280212
-217.07977903237995 6199.761481117677 3084.62488725037
-1555.549355834921 5203.480194207601 4301.527265787157
-2755.8015459556345 3744.8468569454517 5136.220069817285
-3711.1886750822914 1953.4674424539578 5514.537180713618
-4336.820404144638 -11.486126950240655 5402.86346295573
-4577.106608475863 -1975.4191035688837 4811.121616438442
-4410.696804342496 -3763.8274238514714 3791.890501041143
-3371.18021111582 -5549.9253371575405 2415.067180104398
-2384.0590752939343 -6450.504913109173 840.4316984280282
-1185.1038283612465 -6777.9288199565 -808.8798278274439
119.15309446382244 -6503.104006699986 -2386.3188316697842
1412.822741951042 -5650.449864046298 -3751.7229351305623
2580.956888745428 -4295.72845438129 -4783.769991640067
3519.761689632032 -2559.3127200506847 -5390.758091163522
4145.82021817507 -595.490819184687 -5518.7536773348675
4403.504426700889 1421.2430542342713 -5156.3837806234005
4269.917942453451 3311.693245262108 -4335.846556586035
3756.930510792768 4907.884958321976 -3130.050338446785
2910.1233162301605 6067.989554936543 -1646.135411736878
1804.7388941546715 6688.926650661443 -15.954129747870429
538.9955013673588 6715.523259603951 1615.6447466827713
-774.6400070592423 6145.416156342232 3103.68649723046
-2019.4453514069507 5029.2618588749065 4315.952082195368
-3084.8141140921994 3466.235574694396 5144.726384413473
-3876.08360525659 1595.2190483780132 5516.36917011657
-4322.946058181199 -417.5396908902393 5397.858346867438
-4385.695782900102 -2393.1981962801465 4799.724121387944
-4058.757190999395 -4156.210539553253 3775.113344480761
-2861.44937794552 -5837.655981529113 2394.359381344437
-1796.6670682186511 -6640.966305953505 817.6984269450528
-572.2430049369846 -6854.1976306933175 -831.6186210988524
703.027360580393 -6458.403416795159 -2407.04270515991
1915.8306599254536 -5488.751717078173 -3768.590481734591
2958.403997651758 -4031.4003403086253 -4795.282455820216
3738.110157444601 -2215.8413517936538 -5395.89253995577
4185.668825322263 -203.39513511219988 -5517.053892431866
4261.312449564946 1827.123631908806 -5148.000795373166
3958.3197622021135 3695.29444603473 -4321.525236016173
3303.612993167459 5235.122132097897 -3111.0631947380098
2355.3657120230473 6309.786242769087 -1624.1695359314192
1197.8338510132098 6823.798155729401 7.038713693289183
-66.13080426642755 6731.485656808183 1637.621542717465
-1324.2194473767381 6041.051116641314 3122.694511087423
-2464.645381346294 4813.8426740447 4330.302368428112
-3386.076757265127 3158.9031846585863 5153.143857115022
-4006.640353747854 1223.2812846972608 5518.105899897922
-4271.196371948497 -821.0345256909078 5392.760017666006
-4156.237848664965 -2792.3978154207803 4788.243742126922
-3671.979353178173 -4515.64430501453 3758.2709972383045
-2327.280485625663 -6078.553836185349 2373.6102355024354
-1194.3213627325758 -6777.95884339241 794.9510350070586
44.75845443228477 -6875.112462781595 -854.3430535338674
1279.8612865015941 -6361.382168918532 -2427.7250125455703
2401.242826686478 -5282.415152881231 -3785.392950296846
3309.263404039701 -3734.0823690133416 -4806.712112490912
3923.2414054807423 -1853.9599799080506 -5400.9338095814865
4188.62219118349 190.89488938143649 -5515.2588360831105
4081.8255137338583 2218.7879100209575 -5139.5289116839995
3612.340726592746 4049.5318878647518 -4307.129289030628
2821.883613397696 5520.457186393779 -3092.0223275213275
1780.6897575199932 6500.865637784383 -1602.1756130952685
581.2738022583494 6903.643648678885 30.031435586175267
-669.7908812120165 6693.0026252471225 1659.5700594250052
-1861.3417055578263 5887.658946803911 3141.648600580674
-2887.5041510012825 4559.17093337146 4344.577876676943
-3657.099181025028 2825.580574916851 5161.4723425644925
-4101.744899899284 840.9249825247568 5519.7473400668905
-4181.932584206474 -1218.4504849031528 5387.5685633921175
-3890.537206298048 -3169.5612796655414 4776.680676904734
-3253.4505242687273 -4839.042645339067 3741.363750156484
-1772.9771161857395 -6270.555514993 2352.8201008857727
-581.8868382194626 -6860.335792822206 772.1899154282105
660.9066388909548 -6840.54512937141 -877.0527327147923
1844.9756607948957 -6212.942011938105 -2448.3653966735606
2865.1104986948712 -5033.291731697169 -3802.1300506632992
3630.6676954554846 -3406.4113928579814 -4818.058764278708
4073.624134552125 -1476.8564529731877 -5405.881812985321
4154.621192488743 583.9236638360696 -5513.368539286598
3866.4619252179327 2592.8196006067074 -5130.968275852938
3234.7505482028278 4371.33213746202 -4292.658964226344
2315.6173895109323 5761.43263062872 -3072.928065604654
1190.7314638414507 6639.604550933405 -1580.154023031287
-39.95617782930495 6927.818469463005 53.023638880123926
-1267.0935377551216 6600.4653147502195 1681.4899177866198
-2381.6440763030027 5686.631851156929 3160.5484384008246
-3284.5750869984736 4267.516192215516 4358.7783604247315
-3895.6571870937805 2469.212991909399 5169.711696941134
-4160.5930503058225 451.50938130938835 5521.293462278207
-4055.8419625363235 -1606.3128192362335 5382.284073694588
-3590.7115176261777 -3521.407076605032 4765.035125398582
-2806.530596797002 -5123.608861777025 3724.3918951987
-1203.015827389806 -6411.993091209198 2331.9893365096436
35.68657788113695 -6887.392807357772 749.4154612597241
1271.2180740993776 -6750.817447747104 -899.7472664787106
2393.796265785258 -6014.40233242969 -2468.9635011146706
3303.6751542542247 -4743.581176106002 -3818.8014938087167
3920.0080073280883 -3051.272015422171 -4829.322215243538
4188.030946279055 -1087.843945881393 -5410.7364647224995
4083.928956782037 972.2438321754738 -5511.383034684987
3616.9519574478977 2945.943479121774 -5122.319035709635
2828.592903962291 4657.88311988807 -4278.114511484647
1788.900957884129 5955.949404668925 -3053.7807387179405
590.2573112354108 6724.803447591489 -1558.1051460201033
-660.8332878181212 6896.129192881697 76.01492653343406
-1853.2059492298918 6454.703596219866 1703.3807392784604
-2880.913129392233 5439.74925903372 3179.393698175347
-3652.638535329039 3941.4493282360027 4372.903574449916
-4099.810978061668 2092.934327859036 5177.861777963355
-4182.697223669381 58.45292776076976 5522.744239832604
-3893.9324654896363 -1981.222271485483 5376.9066398288205
-3259.174719509969 -3844.857177459529 4753.307288710106
-2334.824997049169 -5366.85965033847 3707.355725444046
-622.00982053665 -6501.608472151808 2311.118302090861
653.4041120492132 -6858.873921325065 726.62806578309
1870.760221862777 -6606.698322916153 -922.426262924241
2921.89107626783 -5767.4885854980885 -2489.5189701697855
3713.399086038689 -4415.812177051755 -3835.406991841677
4174.955291031536 -2671.771478201808 -4840.50227088209
4265.548396926707 -690.3321586376065 -5415.497680960291
3977.1288087041203 1352.4462026943077 -5509.302356565036
3335.323872485867 3275.053783804438 -5113.581340613804
2397.1607733695137 4906.658463886735 -4263.4961819669425
1245.9994197724939 6102.2850069366905 -3034.5806775074925
-15.874450249697748 6755.696747683649 -1536.0293628135494
-1276.3378057033337 6808.835185512052 99.00490152021885
-2423.3929460040167 6256.9787370266495 1725.2421458780523
-3355.118988167473 5149.162269457502 3198.1840544741776
-3988.7279845350777 3583.8201375206313 4386.95327483071
-4267.9209952322935 1700.0398590294178 5185.922444891186
-4167.890496040323 -334.79642143859945 5524.099647677277
-3697.5246357889914 -2339.8845706318957 5371.436354655228
-2898.617485328204 -4137.063707310245 4741.497369361873
-1842.155450922687 -5566.6465783890335 3690.255535082233
-34.67142649491398 -6538.564437062337 2290.2073580416377
1266.2667345121076 -6774.97389510108 703.8281225032898
2454.6915392376964 -6409.397191076855 -945.0893304183234
3425.0062284656137 -5474.317419449166 -2510.031448876039
4090.994083902098 -4052.820521457111 -3851.946258009542
4393.479161952046 -2271.2127346236844 -4851.598738131166
4305.584335996819 -287.7977292660054 -5420.16537947946
3835.1194470426335 1721.1893673164716 -5507.12654085701
3023.8873650742216 3577.241235297761 -5104.755341452653
1943.9696206078336 5115.439521058252 -4248.80422811039
691.3216443802766 6199.108556636124 -3015.3282135302775
-622.7532937655344 6731.9595926170605 -1513.9270546280882
-1881.4938688524687 6666.646476075895 121.9931668372666
-2973.0554568920124 6008.972564039197 1747.0737600709328
-3800.4480205477184 4817.3750697458645 3216.919182815371
-4290.154099586329 3197.7326598033196 4400.927218949362
-4398.661159845526 1293.9576700186135 5193.893558528705
-4116.327872845889 -724.7911371869633 5525.359662406317
-3468.2407901365627 -2679.1390711599447 5365.873312637627
-2511.9852930995817 -4395.433741452214 4729.605571293906
-1332.5288791048097 -5721.174834773192 3673.09161940853
554.226283719583 -6522.4522423120325 2269.2568654633787
1869.3118056944122 -6636.336888287913 681.0160251419635
3018.3007703935536 -6160.553878654658 -967.736077602923
3899.100466048455 -5137.378621757542 -2530.5005830129476
4433.447974374393 -3657.724729302519 -3868.419006703379
4573.8641743111875 -1853.0659429883808 -4862.611425371019
4307.872470288109 116.24588440623128 -5424.7394796756835
3659.1073924929738 2075.2287548346844 -5504.8556251340615
2685.214565146535 3849.8184434046807 -5095.841190638268
1472.7286398167962 5282.334868628206 -4234.038903623532
129.3843118761532 6245.492659629359 -2996.0236792481633
-1225.4563799683879 6653.711019929341 -1491.7986031382345
-2471.409894625996 6470.717956778729 144.97932551087197
-3497.767794542395 5712.773206890288 1768.8752048570423
-4213.333676212562 4447.223487477349 3235.598759670688
-4554.5263708409475 2786.518444883235 4414.825165496303
-4491.029410210346 878.219010026456 5201.774981226449
-4028.484777924607 -1108.1140378718205 5526.52426226111
-3207.9915944060044 -2995.9862906268213 5360.217609841612
-2102.454279685192 -4617.652013790352 4717.6320998601495
-810.1046757457127 -5829.019091296517 3655.86427481864
1139.8884498773161 -6453.295726202239 2248.2671861404197
2457.6534474411537 -6444.0514702328255 658.1921676306438
3557.0451509653403 -5862.22496187913 -990.366113401878
4340.377782990711 -4759.514039711968 -2550.926019108524
4738.048801563191 -3233.899408333047 -3884.8249534629404
4714.723391532085 -1420.9386227899308 -4873.540142428665
4272.47411794054 518.2787950744919 -5429.219902560947
3450.5967695261297 2411.4448675675285 -5502.489648611583
2322.118755444813 4090.3434811256925 -5086.8390421049835
987.3102994919185 5405.7971262091205 -4219.200463481909
-435.22500931072335 6240.9219736789255 -2976.6674080221983
-1819.0886660826116 6521.513515952378 -1469.644390469955
-3041.3183119339365 6222.63996314278 167.9629806037255
-3993.313479164352 5370.857542002248 1790.6461037573697
-4590.485219403448 4041.850858634711 3254.222462471165
-4779.772202885972 2353.707989107142 4428.646874474342
-4544.355450457254 456.4278356700091 5209.566576883782
-3905.1527736799894 -1481.4079339669584 5527.593427130726
-2918.960135480582 -3287.6141076193226 5354.469343932894
-1673.4050795981536 -4801.701340352837 4705.577161824937
-279.1606387761978 -5889.13633707674 3638.573798803589
1717.53761596806 -6331.551874305333 2227.238682533809
3026.522309266096 -6199.642006870484 635.3569441039392
4066.587213711446 -5516.866740444362 -1012.9790470275917
4745.317998294486 -4343.893653758831 -2571.307404445396
5002.40645424402 -2784.946553073524 -3901.163814981528
4815.00914403483 -978.5447296109721 -4884.38470058114
4199.777141058558 914.805087350313 -5433.606570764906
3211.3765086808116 2726.8704577445324 -5500.028652146525
1937.630980613089 4296.641421294249 -5077.749051306736
491.718436764396 5484.636939061656 -4204.289163923662
-997.8854480616434 6185.298395860673 -2957.259734106857
-2398.822831679231 6336.368946452535 -1447.4647991940838
-3586.6142796415243 5924.425309454972 190.94373522174337
-4455.719309260143 4986.070484800088 1812.3860808203337
-4928.914124648873 3604.6814165607975 3272.7899696127197
-4964.1532898791875 1903.0005855762429 4442.392107202794
-4558.305650475838 32.22980138270546 5217.268210951249
-3747.4325502328434 -1841.4047421018336 5528.567138552249
-2603.5836225647877 -3551.4223933790086 5348.628614175608
-1228.3948643933102 -4945.880579843993 4693.4409653593975
255.94216820158056 -5900.875572150406 3621.2204899445787
2282.4528446793197 -6158.1078353471885 2206.171717775022
3571.304404680204 -5905.056492520811 612.5107488927473
4542.829895914011 -5127.314966420365 -1035.5744879877977
5110.705015015221 -3893.9890047023446 -2591.6443870668422
5224.471565572778 -2314.665031427246 -3917.4353091109224
4874.02089031336 -529.6729123696463 -4895.144912558808
4090.4920696612216 1302.3829693832886 -5437.899408536221
2943.50507779091 3018.7164088929835 -5497.472678236694
1534.9747423995987 4466.823648053783 -5068.5713752143565
-9.944834979623058 5518.034003752289 -4189.305262445106
-1553.9807701287168 6078.942822724034 -2937.800992644272
-2959.938694319586 6099.710894895566 -1425.2602123196905
-4102.893076043151 5578.492885915258 213.92119252092158
-4881.287402710583 4561.6013032085675 1834.0947606283637
-5225.957922470236 3139.391426454203 3291.3009604616805
-5106.279147079807 1438.2328444670343 4456.06062632161
-4532.88506093439 -390.71903733192204 5224.879750432904
-3556.724244886502 -2184.9538180216878 5529.445379711111
-2264.532871253195 -3785.045863468313 5342.695521430613
-771.1278142702083 -5048.819973545609 4681.223720037884
790.7953330493569 -5863.984272591853 3603.80464790786
2830.0084316668076 -5934.274406806486 2185.0666556597007
4087.5787001230347 -5562.650924382838 589.653976517416
4981.949663029665 -4696.761496036268 -1058.1520460923023
5433.6525354501155 -3413.5441973685342 -2611.9366157829527
5402.551534904422 -1827.0185166726415 -3933.6391548662336
4891.4101217755615 -78.15422303167233 -4905.820592548556
3945.6454537271807 1677.6544162998139 -5442.098341743864
2649.292871935272 3284.396098477911 -5494.821771020021
1117.538992241627 4599.304773971382 -5059.3061723128785
-513.5131311517677 5505.545036580931 -4174.2490177962945
-2098.937359327068 5922.593462003823 -2918.2915196584204
-3497.861792091275 5813.393467454361 -1403.031013287495
-4585.98585451453 5187.647951664546 236.894955714213
-5266.624948496722 4100.957149751279 1855.7717683043138
-5479.301303602079 2649.878308328571 3309.7551153603226
-5205.117692364673 963.3461504114646 4469.652195795466
-4468.436531877903 -808.783540544664 5232.401063888603
-3334.715176123046 -2509.049264635287 5530.22813544137
-1904.6897428131485 -3986.3749507817197 5336.670168153732
-305.42426726103145 -5109.493728632873 4668.925636834342
1320.9794947695348 -5778.611566051082 3586.3265734395477
3355.7119012103994 -5661.776038460133 2163.9238606413874
4571.153149091484 -5175.170345782312 566.7870216809403
5380.427379500601 -4228.728057020738 -1080.7113314597318
5711.627025624439 -2906.5447229254564 -2632.1837401766384
5535.323545459188 -1326.1021350368153 -3949.775072430769
4867.182276912611 372.1704470532102 -4916.411556197015
3766.5705037847315 2037.374051679455 -5446.203297878407
2331.2824120731793 3521.5480309452155 -5492.07597627379
688.8496473845648 4692.817013602505 -5049.953602598798
-1014.7904314410508 5447.10861051295 -4159.120689976539
-2628.26192709867 5717.400703136908 -2898.7316520493464
-4008.200816596089 5479.676652887428 -1380.7775859632295
-5031.99347383937 4755.059284863992 259.86462807833783
-5608.671428392391 3607.934032146413 1877.416729518022
-5686.994313283583 2140.2280075149147 3328.15211563241
-5260.002796476053 482.35333217981423 4483.166580917856
-4365.636948059551 -1218.3805534922058 5239.832021436267
-3083.3650985257664 -2810.85598021145 5530.915392225981
-1527.1227288631019 -4153.57451785061 5330.552658394
164.81119692675716 -5127.229731917196 4656.546928118673
1842.1009246076494 -5645.308083825866 3568.7865683603914
3855.240970320831 -5342.737430797971 2142.743697825188
5018.098876654346 -4745.726711526158 543.9102792621808
5735.076676232928 -3727.0373476565937 -1103.2519545242324
5942.467745158755 -2377.184359613748 -2652.3854106096946
5621.844476837057 -816.1081091174699 -3965.842783160844
4801.6956556902605 817.4829283053267 -4926.917620613744
3554.8951036410685 2378.4370200834624 -5450.214206053264
1992.2265212331547 3728.0565450282393 -5489.235341413858
252.53986967159904 4746.42188564057 -5040.513827577306
-1509.5860575632478 5343.046812384374 -4143.920540229914
-3137.578638874305 5464.918582273095 -2879.1217275873305
-4486.783589084305 5101.208353726665 -1358.5003146310244
-5437.318127478707 4284.233376667478 282.8298129607007
-5904.723088969031 3086.585463042891 1899.02927049266
-5847.467491553986 1614.6808857697413 3346.491643588661
-5270.6387463259425 -0.695174114416003 4496.603548315128
-4225.490618669673 -1616.0094647277806 5247.172494754141
-2804.889106284449 -3087.734222659349 5531.5071381970265
-1135.0608877527523 -4285.100244609185 5324.343097791858
635.6224717884492 -5101.716304972811 4644.087807653046
2349.827985327958 -5465.022483126352 3551.1849355606064
4324.479176417393 -4979.666833326512 2121.5265329615418
5424.782234555189 -4277.773754765563 521.0241443089863
6043.069584888038 -3195.781705392767 -1125.7735260422346
6124.403683029512 -1829.830427038817 -2672.5412782288413
5661.557637430929 -301.2906851638865 -3981.842009590606
4695.657350410149 1254.0200562802336 -4937.338604374388
3312.527301252544 2697.905612547493 -5454.130997005924
1635.0646645920278 3902.07041557613 -5486.299915493834
-187.6806428805774 4759.519138226854 -5030.987010259499
-1993.7497016103205 5194.063698640413 -4128.648831040755
-3622.6653499255285 5167.092905656663 -2859.4620849070707
-4929.691284094814 4681.003232591587 -1336.1995839867218
-5798.692514078401 3778.9858800664147 305.7901137861369
-6152.454467043164 2541.1890482909525 1920.6090180112928
-5959.543841009419 1077.596417750382 3364.773382532291
-5237.101591674608 -481.74538346129333 4509.962865950513
-4049.319883277717 -1998.2819932476443 5254.422357082986
-2501.7383331039814 -3337.2624786178526 5532.003363135917
-731.8663533361176 -4379.712547427696 5318.041593577324
1103.0351636682678 -5033.005936346653 4631.548490588244
2839.9271657906147 -5239.094660838444 3533.5219789946336
4759.54987427216 -4575.436175048802 2100.272732439817
5787.894464417116 -3775.079059357814 498.12901203141
6301.959231642119 -2639.289602581292 -1148.275657099167
6256.067265443142 -1268.987682283776 -2692.6509949717542
5654.296268410546 214.06936244537118 -3997.772475436837
4550.116234459206 1678.1054048933165 -4947.674327523809
3041.6384052199483 2993.03441787223 -5457.953603099138
1262.897655666618 4042.0191881079872 -5483.269749204225
-628.0570927277633 4731.852815371305 -5021.373315159565
-2463.2062122501416 5001.24055459483 -4113.305826129132
-4079.4886502116697 4826.246122959928 -2839.7530635018256
-5333.290619060817 4222.418543667775 -1313.87577913133
-6113.206311646035 3243.4105469921547 328.74513406388877
-6349.936796077471 1976.2112897435452 1942.1555994232556
-6022.447529938779 533.4169869408192 3382.9970167644033
-5159.83737168935 -956.7737560134938 4523.244303128157
-3838.7530193919774 -2361.950952013537 5261.581483228297
-2176.578615231472 -3557.258440676149 5532.404058473577
-321.00564934972925 -4436.48790611314 5311.64825456816
1563.0900771868316 -4921.51595188548 4618.929193459929
3308.298390857517 -4969.245707615774 3515.798003675884
5156.848320926354 -4133.258185619591 2078.982663282033
6104.4787260307685 -3241.6935646421175 475.2252777948619
6509.6994072637035 -2062.0902445083016 -1170.757959116161
6336.504728815942 -699.2611568159311 -2712.7142135730414
5600.283797919895 725.7003533165766 -4013.6339056037077
4366.453075138008 2086.1802023733667 -4957.924611579206
2744.6438347664157 3261.2937853982457 -5461.681958322092
878.9609450047361 4146.627103638451 -5480.144894871569
-1064.821481977186 4663.51440654706 -5011.672908291949
-2913.9898473933285 4766.027988938075 -4097.891790446282
-4504.237427034762 4445.059069142609 -2819.99500371754
-5694.263744763772 3729.127144233392 -1291.529285564259
-6378.329739905672 2681.8459075541127 351.69447739432445
-6495.653146817923 1396.2708929017294 1963.6686426506337
-6035.809265931083 -13.36891801885606 3401.162231589526
-5039.657244053583 -1421.8208419049354 4536.4476304970785
-3595.709559870371 -2703.9377444297756 5268.649749562444
-1832.2673017811856 -3745.797912326676 5532.709217290582
93.97994684387803 -4454.827497549968 5305.163191167966
2011.876664767654 -4768.026109927472 4606.230134184877
3751.009312051503 -4657.564678299979 3498.0133156714655
5513.071582626329 -3656.660690614865 2057.6566931365414
6371.9542691711595 -2681.9187506187413 452.3133371133386
6664.660856039399 -1468.8765602235633 -1193.2200438567666
6365.183078466102 -125.3182413938988 -2732.7305875702955
5500.130851225241 1229.3751531336482 -4029.426026187536
4146.367860926327 2474.8331702812816 -4968.089279533158
2424.1818901484626 3500.391399622933 -5465.315998291553
486.5967200839026 4214.9244918934455 -5476.925406457526
-1494.2247039546423 4554.943046167752 -5001.8859571684825
-3342.2777057497065 4490.234921751736 -4082.4069901700427
-4893.354666044791 4026.5497194666814 -2800.1882467469936
-6009.635590128537 3205.0879043846194 -1269.1604891767647
-6591.934019177964 2098.839963701376 374.6377474759011
-6588.510182397457 806.1008816357961 1985.1477761946508
-5999.668302710231 -558.2638012785739 3419.268713320977
-4877.729565216523 -1873.0242955490025 4549.572620055137
-3322.383150289694 -3021.358361528171 5275.627034026808
-1471.8284124213176 -3901.2314780727797 5532.918834317288
509.50473890328976 -4434.4630575182655 5298.586515364301
2445.566158251626 -4573.6731339826565 4593.451532057262
4164.32829224898 -4306.492281258734 3480.1682220969146
5825.246015375555 -3149.4582878151346 2036.295190271623
6588.13755067528 -2100.2717705694554 429.3935856425014
6765.644153032066 -864.4668896178359 -1215.6615234336568
6341.993581851619 448.1496681268019 -2752.6997713100263
5354.829049543226 1720.9461611859472 -4045.1485644815207
3891.8644569026956 2840.829035575877 -4978.168155856738
2083.0906281005023 3708.2917833820097 -5468.855660252965
89.22505549892237 4246.256532664202 -5473.611339557949
-1912.568554841443 4406.922754629312 -4992.012630795487
-3744.4220559152855 4176.0145503836375 -4066.851692700245
-5243.567225195517 3574.04912719837 -2780.3331346238892
-6276.79843550137 2654.513754605272 -1246.7697762452087
-6752.308559536688 1499.1131857737537 397.5745481119055
-6627.846436039125 210.50983163637915 2006.5926291421101
-5914.47107087447 -1096.7982448490675 3437.316149286324
-4675.568995833842 -2306.6509840598455 4562.619045152973
-3021.2220971167812 -3311.547660765804 5282.513216133905
-1098.4263566561092 -4022.198795325169 5533.032905933915
921.969385958134 -4375.459915791213 5291.918340726725
2860.444102633993 -4339.94222134963 4580.593607744831
4544.755807938615 -3918.8016150183953 3462.263031110866
6090.752090312766 -2615.721633188251 2014.8985235691673
6751.260123429173 -1501.4488150248103 406.46641917292175
6811.889067161837 -253.7656806468235 -1238.0820103153303
6267.2517737943745 1016.4656480889865 -2772.6214199536616
5165.741656943874 2196.3795433060686 -4060.801248980421
3605.232724390045 3181.1354774475303 -4988.161066502501
1724.38304297093 3883.233564234678 -5472.30088308155
-309.6856391464791 4240.289307549761 -5470.202751401923
-2316.2373931926995 4220.576737685918 -4982.053099670852
-4116.981290213359 3825.847402982736 -4051.226166654111
-5551.913332523748 3091.174737069751 -2760.4300102169514
-6493.533511069048 2081.837630371218 -1224.3575334244417
-6858.174740753412 887.5201142202347 420.504483217374
-6613.437048117704 -385.65745889707983 2028.002831171787
-5781.066451166281 -1624.5676743615097 3455.3042278327534
-4435.022730236479 -2719.1279226611036 4575.586680497927
-2694.9077769484807 -3572.0817223359154 5289.308176969445
-715.3384412706222 -4107.640385158737 5533.051430170613
1327.7918541251631 -4278.217173677281 5285.158782404857
3252.9420163633677 -4068.6555916677676 4567.656583285131
4889.054005146765 -3497.5761053375986 3444.298051909765
6307.3463566465925 -2059.744585187981 1993.4670625182916
6859.983150257455 -890.2870055298811 383.5322336232026
6803.080336427735 358.27648152972273 -1260.4811173327944
6141.693979880097 1575.00553093496 -2792.4951894834885
4934.591160840004 2651.788427118708 -4076.383809385294
3289.0282620626563 3492.948284371114 -4998.067838907507
1351.220768538238 4023.74435800608 -5475.651607283349
-706.6486200054792 4197.013087520932 -5466.699700850772
-2701.729177585302 3997.35878592098 -4972.007535781111
-4456.749241393469 3442.521614071852 -4035.5306818616104
-5815.767576981922 2581.8012895551665 -2740.479217224
-6658.029441279889 1491.6765904131612 -1201.9241477410785
-6908.696171439189 269.00988009805724 443.42715682587396
-6545.494928452341 -977.5595385941807 2049.378012560831
-5600.697736641122 -2137.268502332953 3473.2326383324857
-4158.253972672158 -3107.0717803910957 4588.475302157905
-2346.3310950342725 -3800.798095601571 5296.0117991944
-325.9264028981764 -4156.806820490131 5532.974406707494
1723.4382804398776 -4143.46501753187 5278.307957126375
3619.667909376533 -3761.95816446917 4554.640682081631
5194.274159914093 -3046.1848194119007 3426.273594722521
6473.180358127326 -1486.009473893291 1972.0011772089601
6913.408423263389 -271.72512876607755 360.5914250331611
6739.3498109993425 966.7031864980896 -1282.8584576862402
5966.470392878495 2119.235681334835 -2812.3207367085947
4663.443896926331 3083.464785772383 -4091.895976608128
2946.049945545806 3773.714512431716 -5007.888301996299
966.8865279762941 4128.653143988123 -5478.907774996263
-1098.1890007155594 4116.7428254052875 -5463.102248397061
-3065.6856173707715 3739.0418407568673 -4961.876112598445
-4760.782613382854 3029.110580042346 -4019.76550936079
-6032.8631818454905 2050.0295512582284 -2720.4811001660437
-6768.897381817145 888.7944004383119 -1179.4700065868776
-6903.485344597453 -351.41403327053683 466.3421730964094
-6424.668339063836 -1560.3977879682052 2070.71780419115
-5374.9913574117745 -2630.733351511999 3491.1010711881045
-3847.7228058926266 -3467.3167119907876 4601.284687565281
-1978.567197616495 -3995.813766540432 5302.623967047025
66.39278896699491 -4169.265232593067 5532.8018368746425
2105.453484890806 -3972.259186210696 5271.365983195007
3957.435399051642 -3422.300479161186 4541.546128899899
5457.781811087532 -2568.2553560199253 3408.189970805123
6586.816343828003 -899.1507772505043 1950.5012383255937
6911.085797708392 349.23646884825393 337.6443895569846
6621.27494966191 1566.5925220908455 -1305.213644951762
5743.134765351449 2644.7499548676137 -2832.0977192708006
4354.6918538077125 3487.909747860387 -4107.337482776501
2579.315460802726 4021.153453315946 -5017.622286183847
574.7555699659533 4197.10002790311 -5482.069329991039
-1480.8738755355764 4000.1158463409793 -5459.410456163521
-3404.921178487795 3447.7038176121982 -4951.659005077704
-5026.426292480895 2588.948174689576 -4003.930921393104
-6201.3113722786065 1500.15312503385 -2700.4360043812853
-6825.182722642644 278.06288690531255 -1156.9954977119776
-6842.606636278839 -968.7344589836441 489.2491363201543
-6252.034921997032 -2129.4554969707474 2092.0218375557624
-5105.942468292434 -3100.965069090479 3508.909217837932
-3506.1646192206076 -3796.9402864604517 4614.014615520718
-1594.8486571810092 -4155.540696780419 5309.144566344864
458.17660692715975 -4144.9030799014645 5532.533723652087
2470.490868834934 -3765.972634765698 5264.332980488476
4263.291175476117 -3052.4189943323004 4528.373149863691
5677.279352031077 -2067.644530932358 3390.04749243527
6647.239640136852 -303.9175001139768 1928.9676171406595
6853.016978812133 967.5764990102258 314.69152345638946
6449.8736849502875 2153.097080057854 -1327.5462930880005
5473.630809376146 3147.305536831432 -2851.8257956505695
4011.0318157557854 3861.862084934672 -4122.7080612382
2192.035043182305 4233.275239288856 -5027.269623378499
178.26633743474028 4228.543311209823 -5485.1362176722505
-1851.3421147028384 3848.0867532731204 -5455.624387902005
-3716.4506954680146 3125.7108002575305 -4941.356389653381
-5251.336322565616 2125.6017256831406 -3988.027191398704
-6319.617672293381 936.6236097322766 -2680.344276019188
-6826.3732586525175 -335.5776242483129 -1134.5010092182495
-6726.575623934752 -1577.9613136562932 512.1476509274083
-6029.092225939466 -2680.136215576743 2113.2897447652167
-4795.897525434015 -3544.169253159142 3526.656770761344
-3136.566283344118 -4093.2872992677603 4626.664866196997
-1198.5373623846756 -4278.698805740995 5315.573484486705
845.9868629172238 -4083.929146563705 5532.1700716697505
2815.341442896735 -3526.2844606863614 5257.2090704564525
4534.540580752449 -2655.3139256325603 4515.1219724510875
5850.825888504728 -1548.407095633075 3371.8464729070283
6653.867578117686 294.8654372019892 1907.4006855082966
6739.655629658013 1578.2935305011974 291.7332230937738
6226.595702011646 2721.4833173883017 -1349.8560164427997
5160.275421276368 3622.8573684926305 -2871.504625172874
3635.4420238650046 4202.324643758687 -4138.007446565836
1787.5836487586785 4408.3969328288385 -5036.830146984854
-219.1093782214922 4222.763808485852 -5488.108385079235
-2206.3335754010045 3661.919588465154 -5451.744108992367
-3997.51535207073 2775.697742939898 -4930.968444236562
-5433.500346901786 1642.8429720055228 -3972.0545940117427
-6386.694991387089 364.0143935108226 -2660.206262034502
-6772.403758338322 -947.1584612981712 -1111.9869295525955
-6556.35473115682 -2174.1721302843803 535.0373214943273
-5757.744814023202 -3208.0010642975753 2134.52115855386
-4447.534002716681 -3956.7850256671427 3544.343423484069
-2742.1402775872916 -4353.9912734411 4639.2352211427915
-793.095355109864 -4364.326289393825 5321.910610454543
1226.4195701107212 -3986.8717620034467 5531.710887207368
3136.9617344733156 -3255.1661824605158 5249.994376118431
4768.771082398144 -2234.2248025444574 4501.7928254905255
5976.854192244685 -1014.7627441882813 3353.587226525378
6606.554898550702 892.3364856404708 1885.800815857839
6571.903798459588 2176.4466363798574 268.76988492539203
5953.310205550537 3267.1699522981594 -1372.1424297599092
4805.738875206807 4067.5908802155745 -2891.1338680131453
3231.15655616327 4506.588508097273 -4153.235374561412
1369.4717974076234 4545.155970196607 -5046.303691906665
-613.8965403756888 4179.866378255525 -5490.985780887012
-2542.717476506018 3443.1773155649703 -5447.7696864413465
-4245.606806316943 2400.5468382516897 -4920.495348211867
-5571.2553398480095 1144.617239733468 -3956.013405055592
-6401.873387382222 -213.01662360509826 -2640.022310181243
-6663.6568902889 -1551.7230251282915 -1089.4536475002121
-6333.345235516806 -2752.552026244507 557.9177527498047
-5440.288063141258 -3708.804700453288 2155.7157122862704
-4063.8374220446844 -4335.513801205439 3561.9688705835056
-2326.296992142647 -4576.993474631552 4651.725463286481
-382.0548657025337 -4411.78719203162 5328.1558348154895
1596.134512175413 -3854.5742566104745 5531.156178194386
3432.500334125628 -2954.865482968984 5242.689022061626
4963.873438109177 -1792.6039439521082 4488.3859391568685
6054.184603516944 -471.0616778022474 3335.270068600754
6505.595585792403 1483.637108244139 1864.168381187421
6351.104693534484 2757.1955576779646 245.80190549446957
5632.29027789214 3785.7650820586905 -1394.4051481855624
4413.022154160319 4477.95276534207 -2910.7131852030843
2801.637645802597 4772.254694252777 -4168.391582260905
941.3153378310224 4642.520850884344 -5055.690094549679
-1002.6469688011747 4100.278656547648 -5493.76835540717
-2857.519692211628 3193.708709800184 -5443.7011888814
-4458.48925095045 2003.3637288271511 -4909.937282434332
-5663.302473984518 635.0110889309054 -3939.9039015381063
-6364.906419211505 -789.7650729171131 -2619.792769006732
-6500.960497159796 -2144.367142209515 -1066.9015521779
-6059.375705940194 -3308.4327805163934 580.7885495822817
-5079.388792115502 -4178.52964745627 2176.8730399635056
-3648.075893580778 -4677.34581804433 3579.532807693986
-1892.6154425840384 -4760.559286505114 4664.135376939857
31.012196092369912 -4420.77617098959 5334.309049723658
1951.88426505119 -3688.187692424955 5530.505954209816
3699.3228513571944 -2627.8875520432643 5235.293134438806
5118.060368109176 -1334.0880703679525 4474.901544967402
6082.035760916672 78.25099090862005 3316.8953154436645
6351.721110853459 2063.951450687971 1842.5037550575223
6079.031864197091 3315.8400557644964 222.8296814244139
5266.19395901487 4273.101720561938 -1416.6437872752103
3985.4316102626344 4850.679545289413 -2930.2422386365665
2350.546173160036 4997.253205561351 -4183.475807938786
506.80439337017316 4699.7989884346825 -5064.989192824461
-1381.9691808450793 3984.7470064574386 -5496.456060588715
-3147.9487286703848 2915.632766182238 -5439.538686569532
-4634.219217407865 1587.4517595881002 -4899.294429226298
-5708.718991742595 118.21869773725028 -3923.726361646831
-6275.974031360332 -1361.5186142017608 -2599.517987845519
-6285.581236633305 -2720.2790223429183 -1044.3310330273434
-5736.686965212481 -3837.330701601048 603.6493170465716
-4678.062881896434 -4613.418708173507 2197.9927762295033
-3203.7723821830778 -4979.584216870211 3597.034931512011
-1444.8126467892307 -4903.291815352596 4676.46474780188
442.5250327277198 -4391.320418299186 5340.370148922035
2290.5424210976817 -3489.1609310876515 5529.760226482074
3935.035063473264 -2276.974183218437 5227.806840966129
5229.882571842312 -862.4682868336307 4461.339875777888
6060.032062741516 628.6717017160663 3298.4632843592162
6146.095093546688 2628.545716441162 1820.807311584537
5757.874875174411 3847.858132117122 199.85360941190206
4858.042206125178 4725.271466707194 -1438.8579630001057
3526.551167894647 5182.823694968045 -2949.720691075384
1881.7105823818008 5179.8592934838225 -4198.487791112556
69.67175387343886 4716.641662335463 -5074.200826149191
-1748.5577157160362 3834.3297208475847 -5499.048850018916
-3411.420158844992 2611.3207569835713 -5435.28225138606
-4771.162950089785 1156.2844842691754 -4888.566972374263
-5706.96697531536 -401.49273914341654 -3907.4810647442077
-6135.681940172103 -1923.5955707612486 -2579.198316813418
-6019.214638647858 -3274.7784943568245 -1021.7424798083691
-5367.913701591384 -4334.982977600082 626.4996603706776
-4239.650075447238 -5010.005199524112 2219.0745563773094
-2734.674934701696 -5239.866473424737 3614.4749398015274
-986.711925084634 -5004.142616386302 4688.713362962359
848.9247691901764 -4323.778727563777 5346.339027744308
2609.1307722774504 -3259.2281242067884 5528.919007888788
4137.504056266056 -1905.0807991269971 5220.2302709209225
5298.2419477179465 -381.6586847353798 4447.701165778515
5988.207791163274 1175.675478676527 3279.974293641606
5890.304422961614 3172.8069235422245 1799.0794254342736
5390.221590830036 4348.942803444658 176.874086220069
4411.193915755363 5138.6560302398975 -1461.0472917539469
3040.2123030601733 5471.77711812776 -2969.1482061551897
1399.094485486161 5318.706796571596 -4213.427272547241
-366.3390169483341 4693.04603537971 -5083.32483545245
-2099.2216900746585 3650.387538851038 -5501.546678924093
-3645.579303755214 2283.37609003358 -5430.931956833391
-4868.011197935841 713.4766551857241 -4877.755097125707
-5657.898934264594 -919.8183115161117 -3891.168291362734
-5945.057521003429 -2471.383384683576 -2558.8341068013888
-5703.971657545897 -3803.35519863455 -999.1362825922246
-4956.062880848082 -4797.382212437472 649.3391849626224
-3767.7861678631944 -5365.140763700243 2240.1180163554577
-2244.7251192064036 -5456.183013575807 3631.852531399117
-522.2103928942014 -5062.419458630389 4700.88101090564
1246.7050185092294 -4218.837718723782 5352.215583116676
2904.8452179432493 -3000.393733444182 5527.98231295657
4304.877172059735 -1515.3515979370452 5212.563555139464
5322.401897796406 104.33617705774913 4433.985650489833
5867.007857937855 1714.7532248491996 3261.4286625686427
5586.346904635428 3692.2807246734524 1777.3204718155434
4979.037213213747 4815.0371318662765 153.8915086716367
3929.318215253109 5509.956359450364 -1483.2113903595039
2530.462050338254 5715.291784452073 -2988.524448391232
906.7632275010532 5412.79845326033 -4228.293994259862
-797.5054873645048 4629.354225821637 -5092.361063175943
-2430.912339882544 3434.5715598322836 -5503.9495041703985
-3848.3219631189154 1934.6121383828067 -5426.487878034746
-4923.791291849401 262.75393853248414 -4866.858990185892
-5561.760156596884 -1432.4511018331152 -3874.7883232001295
-5705.542224048301 -3000.376575592728 -2538.42570946955
-5342.361826533379 -4301.705423675198 -976.5128317548536
-4504.489136162245 -5220.808867140806 672.167496417238
-3266.372818418114 -5676.020531618606 2261.1227927741807
-1738.024941516516 -5626.892863056261 3649.167406219203
-55.245921364351 -5077.791070398761 4712.967481514251
1632.4419413437738 -4077.5052576172457 5357.999713559628
3175.08017371004 -2714.9152088593423 5526.950157860772
4435.598599032322 -1111.0930295851354 5204.8068260147165
5301.994623526747 591.4546413191645 4420.193566758707
5697.285158300649 2241.4489717863094 3242.8267113962193
5236.615531372217 4182.707979545271 1755.5308264736182
4527.6402445111235 5242.367224075776 130.90627364210087
3416.3642527032707 5836.219134997508 -1505.3498760752334
2001.5293045751414 5911.49736394889 -3007.8490831841686
408.8496941688415 5461.513109934523 -4243.0876995238905
-1220.1580057716974 4526.249448646955 -5101.309353277247
-2740.7493123242107 3188.8086607285595 -5506.257284264554
-4017.8130148964565 1568.0282294481253 -5421.950091732861
-4937.876399213155 -192.07839119732665 -4855.878839714634
-5419.1877959461035 -1935.1180038627606 -3858.3414431144606
-5418.980575295303 -3506.2138897595005 -2517.973477241032
-4937.273149724954 -4765.7672847848835 -953.8725179701416
-4016.8673379352003 -5601.861342331881 694.9842005229976
-2739.5452354379336 -5940.205436249102 2282.088522911741
-1218.802516475759 -5750.736208993399 3666.419265259247
410.23615470202395 -5050.288832878454 4724.97256607253
2002.8235432428296 -3901.101131134756 5363.691319189698
3417.451270720157 -2405.283474189397 5525.822560425202
4528.423455556114 -695.7458251496408 5196.960217494034
5237.0253437069 1075.6118936849366 4406.3251527542425
5480.294547762139 2751.3967755205367 3224.1687613528106
4843.8795024779065 4640.0597784881975 1733.7108656837813
4039.675569630911 5627.472929986453 107.91877805281865
2876.5287345979677 6114.86041589722 -1527.4623666018904
1457.7896980575554 6058.915719232575 -3027.1217768258407
-90.48035055997822 5464.60977180043 -4257.808132873692
-1630.7108229637913 4384.749265098818 -5110.169551232492
-3026.0454824906897 2915.2845440379638 -5508.469979354577
-4152.502721316415 1186.7839977238395 -5417.318676288663
-4909.991870395133 -647.1675149038393 -4844.814835323063
-5231.206694644825 -2423.615353784455 -3841.827935119293
-5087.605847302864 -3984.7143326205173 -2497.4777632959804
-4491.948893837519 -5191.753956372429 -931.2157322031658
-3497.1625685616773 -5937.483457463674 717.7889032688245
-2191.63800202398 -6155.64149714229 2303.014844720659
-691.3767811614919 -5826.843776212042 3683.6078106048863
870.3163007642258 -4980.305415082615 4736.896057270248
2354.677960046863 -3691.245062112765 5369.29030172119
3629.8161492453087 -2074.20138661205 5524.599540121815
4582.429244397501 -272.8558154280056 5189.023865076863
5127.873391525467 1552.7341923648507 4392.38064796367
5217.683484514666 3240.3569531043167 3205.4551346339213
4411.262142997088 5060.570628522805 1711.8609662448046
3519.084878231164 5967.235990127733 84.92941886418853
2314.2214787847674 6343.686247225995 -1549.5484800891418
903.7293451546725 6156.472142449662 -3046.342196505036
-587.0631067433316 5422.228470583678 -4272.455040108932
-2025.6924253231782 4206.196004048619 -5118.941504039023
-3284.3300823082736 2616.4245639667038 -5510.587551230461
-4251.140598435107 794.1723193862709 -5412.593711679918
-4840.218616567745 -1098.645620939454 -4833.667168070341
-4999.221969668797 -2893.844076517811 -3825.2480843787316
-4714.022512040517 -4431.911786472002 -2476.938921565351
-4009.961467070374 -5576.184685073631 -908.5428657034598
-2949.5977483249844 -6224.989103723025 740.5812108508651
-1627.1493255443968 -6320.675922591904 2323.9013968339873
-160.12154456198704 -5854.7429479090715 3700.732745435104
1321.1337383365799 -4868.59036918828 4748.737749206151
2685.0004908840206 -3449.842170708186 5374.796564467864
3810.293166885844 -1724.5603559776548 5523.281118070384
4597.0245738137055 153.95621448994956 5180.997905812394
4975.290173648158 2018.7930996744028 4378.360293188155
4911.4794078526675 3704.2513586251894 3186.686154396477
3942.2159001388527 5440.769527935628 1689.9815054724995
2970.0746672547984 6258.905401895727 61.93859306880548
1734.0292662271493 6520.910064143442 -1571.607835142106
343.90775523313386 6203.503250649537 -3065.51001031324
-1076.771469027686 5334.887949709799 -4287.028168298957
-2401.7748229316203 3992.2444426682005 -5127.625060218055
-3513.3699438028802 2294.8724972193554 -5512.6099633248405
-4312.786726997208 393.5910595104954 -5407.77527949985
-4728.993483145016 -1542.6626710817893 -4822.436030460364
-4725.008415469309 -3341.8440534848346 -3808.602177202527
-4301.185614721252 -4844.08792629467 -2456.3573067248863
-3495.1835966630383 -5915.913328923498 -885.8543099982483
-2378.6191776807323 -6462.083870719444 763.3607296793517
-1050.7040063631657 -6434.069902213987 2344.747818571549
370.57082685834877 -5834.360587446119 3717.79377402734
1758.918815890217 -4716.242730813939 4760.497437391558
2990.9791492421564 -3179.066010658607 5380.21001234463
3957.2778594881192 -1359.4153243548665 5521.867317038127
4571.955065690716 581.0253792136934 5172.882478297197
4780.394000612355 2469.839428051249 4364.264330538704
4564.073950166048 4139.197404994633 3167.862144753293
3440.4946182494227 5777.508672412992 1668.072861193116
2397.0820848426415 6500.119797474926 38.94669768457578
1140.6782887761165 6645.166753225325 -1593.640050828022
-217.07977903238248 6199.761481117676 -3084.624887250371
-1555.5493558349333 5203.480194207591 -4301.5272657871665
-2755.8015459556345 3744.846856945452 -5136.220069817285
-3711.188675082296 1953.4674424539473 -5514.537180713619
-4336.8204041446415 -11.486126950256214 -5402.863462955728
-4577.106608475863 -1975.4191035688918 -4811.12161643844
-4410.696804342493 -3763.827423851481 -3791.890501041138
-3852.377233119181 -5217.803160240267 -2435.7332741889554
-2951.7570388541917 -6208.154187889695 -863.1504568856584
-1788.860278114608 -6646.883471909201 786.1270663853081
-467.0154313805047 -6495.007990081905 2365.553749946141
896.3257858952182 -5766.022545462735 3734.7906017626105
2180.0245236332203 -4524.700693906044 4772.174918753866
3270.018515566375 -2881.3393293738463 5385.530551869158
4069.457012151561 -981.9583208774006 5520.358161439319
4507.306394689123 1004.6739936820991 5164.6777226728245
4544.661824070242 2902.0366149637653 4350.093003431968
4178.2041064628 4541.540547627957 3148.983430767477
2910.1233162301514 6067.989554936551 1646.1354117368646
1804.7388941546783 6688.926650661441 15.954129747880936
538.9955013673573 6715.5232596039505 -1615.644746682772
-774.6400070592471 6145.416156342229 -3103.6864972304643
-2019.4453514069567 5029.2618588749 -4315.952082195374
-3084.814114092203 3466.235574694388 -5144.726384413476
-3876.083605256591 1595.219048378009 -5516.36917011657
-4322.9460581812 -417.539690890248 -5397.858346867437
-4385.695782900101 -2393.1981962801538 -4799.7241213879415
-4058.7571909993903 -4156.210539553265 -3775.113344480752
-3371.1802111158227 -5549.925337157536 -2415.0671801044045
-2384.059075293936 -6450.504913109171 -840.4316984280322
-1185.1038283612463 -6777.9288199565 808.8798278274434
119.15309446382236 -6503.104006699987 2386.3188316697833
1412.8227419510404 -5650.449864046299 3751.72293513056
2580.9568887454266 -4295.728454381293 4783.769991640066
3519.7616896320337 -2559.312720050681 5390.758091163523
4145.8202181750685 -595.4908191846949 5518.7536773348675
4403.504426700889 1421.243054234268 5156.383780623402
4269.917942453449 3311.693245262119 4335.846556586029
3756.9305107927703 4907.884958321972 3130.05033844679
2355.365712023039 6309.786242769093 1624.169535931408
1197.8338510132012 6823.7981557294015 -7.038713693299689
-66.13080426642854 6731.485656808183 -1637.6215427174657
-1324.219447376739 6041.051116641314 -3122.694511087424
-2464.645381346296 4813.842674044697 -4330.3023684281125
-3386.0767572651303 3158.903184658578 -5153.143857115025
-4006.640353747853 1223.2812846972627 -5518.1058998979215
-4271.196371948497 -821.0345256909104 -5392.760017666005
-4156.237848664965 -2792.397815420781 -4788.243742126922
-3671.9793531781734 -4515.644305014529 -3758.270997238306
-2861.449377945524 -5837.655981529109 -2394.3593813444436
-1796.66706821865 -6640.966305953505 -817.6984269450521
-572.2430049369846 -6854.1976306933175 831.6186210988515
703.0273605803968 -6458.403416795156 2407.042705159914
1915.8306599254538 -5488.751717078174 3768.590481734591
2958.4039976517565 -4031.4003403086285 4795.282455820214
3738.1101574446025 -2215.8413517936497 5395.892539955771
4185.668825322262 -203.39513511220179 5517.053892431866
4261.312449564945 1827.1236319088082 5148.000795373165
3958.3197622021135 3695.2944460347303 4321.525236016173
3303.612993167462 5235.122132097892 3111.0631947380148
1780.6897575199962 6500.865637784381 1602.1756130952715
581.273802258346 6903.643648678885 -30.031435586180855
-669.7908812120127 6693.002625247123 -1659.5700594250013
-1861.3417055578257 5887.65894680391 -3141.648600580674
-2887.5041510012907 4559.170933371446 -4344.577876676952
-3657.0991810250302 2825.5805749168435 -5161.472342564494
-4101.744899899284 840.9249825247596 -5519.7473400668905
-4181.932584206474 -1218.4504849031562 -5387.568563392116
-3890.5372062980487 -3169.561279665542 -4776.680676904734
-3253.450524268726 -4839.04264533907 -3741.363750156481
-2327.2804856256653 -6078.553836185347 -2373.6102355024373
-1194.3213627325763 -6777.95884339241 -794.9510350070581
44.75845443228368 -6875.112462781595 854.343053533867
1279.8612865015857 -6361.382168918539 2427.725012545561
2401.242826686477 -5282.415152881232 3785.3929502968454
3309.263404039696 -3734.082369013353 4806.712112490907
3923.241405480741 -1853.9599799080547 5400.933809581486
4188.62219118349 190.89488938143364 5515.2588360831105
4081.82551373386 2218.7879100209457 5139.528911684003
3612.3407265927503 4049.531887864744 4307.129289030634
2821.883613397703 5520.457186393771 3092.0223275213366
1190.7314638414555 6639.6045509334035 1580.1540230312924
-39.956177829304615 6927.818469463005 -53.0236388801246
-1267.0935377551214 6600.4653147502195 -1681.4899177866205
-2381.6440763030027 5686.631851156929 -3160.5484384008255
-3284.5750869984804 4267.516192215501 -4358.778360424742
-3895.6571870937823 2469.2129919093913 -5169.711696941136
-4160.5930503058225 451.5093813093911 -5521.293462278207
-4055.8419625363235 -1606.312819236237 -5382.284073694588
-3590.7115176261814 -3521.4070766050218 -4765.035125398586
-2806.5305967970007 -5123.608861777027 -3724.3918951986966
-1772.9771161857414 -6270.555514992999 -2352.820100885774
-581.8868382194574 -6860.335792822208 -772.1899154282024
660.9066388909534 -6840.54512937141 877.0527327147915
1844.9756607948914 -6212.942011938108 2448.365396673556
2865.110498694873 -5033.291731697166 3802.130050663302
3630.66769545548 -3406.4113928579927 4818.058764278703
4073.624134552124 -1476.856452973192 5405.88181298532
4154.621192488744 583.9236638360667 5513.368539286599
3866.4619252179364 2592.819600606693 5130.9682758529425
3234.7505482028278 4371.332137462021 4292.658964226343
2315.6173895109364 5761.432630628717 3072.928065604658
590.25731123541 6724.80344759149 1558.1051460200993
-660.8332878181175 6896.129192881697 -76.01492653343229
-1853.2059492298865 6454.703596219867 -1703.3807392784563
-2880.913129392228 5439.749259033724 -3179.3936981753427
-3652.6385353290398 3941.449328235999 -4372.90357444992
-4099.810978061667 2092.934327859035 -5177.861777963356
-4182.697223669381 58.45292776076263 -5522.744239832605
-3893.932465489635 -1981.2222714854913 -5376.90663982882
-3259.17471950997 -3844.8571774595284 -4753.307288710106
-2334.824997049164 -5366.859650338477 -3707.3557254440384
-1203.0158273898076 -6411.993091209199 -2331.9893365096427
35.686577881134966 -6887.392807357772 -749.4154612597235
1271.2180740993786 -6750.817447747103 899.7472664787149
2393.7962657852527 -6014.402332429695 2468.963501114666
3303.6751542542247 -4743.581176105999 3818.8014938087194
3920.0080073280856 -3051.272015422179 4829.3222152435355
4188.030946279054 -1087.8439458813982 5410.736464722499
4083.9289567820374 972.24383217547 5511.383034684987
3616.9519574479027 2945.9434791217595 5122.319035709639
2828.5929039622915 4657.88311988807 4278.114511484645
1788.9009578841315 5955.949404668923 3053.7807387179414
-15.874450249698452 6755.69674768365 1536.0293628135455
-1276.33780570333 6808.835185512052 -99.00490152021708
-2423.3929460040217 6256.978737026647 -1725.242145878062
-3355.11898816747 5149.162269457507 -3198.184054474174
-3988.727984535079 3583.8201375206268 -4386.953274830714
-4267.920995232294 1700.0398590294067 -5185.92244489119
-4167.890496040323 -334.7964214386004 -5524.099647677277
-3697.524635788988 -2339.884570631908 -5371.436354655225
-2898.6174853282023 -4137.063707310251 -4741.4973693618695
-1842.1554509226887 -5566.6465783890335 -3690.255535082232
-622.0098205366484 -6501.608472151811 -2311.118302090856
653.4041120492095 -6858.873921325065 -726.6280657830918
1870.7602218627744 -6606.698322916154 922.4262629242404
2921.891076267828 -5767.48858549809 2489.5189701697846
3713.399086038691 -4415.812177051748 3835.4069918416835
4174.955291031536 -2671.7714782018047 4840.502270882092
4265.548396926708 -690.3321586376255 5415.497680960289
3977.1288087041216 1352.446202694304 5509.302356565036
3335.3238724858725 3275.0537838044293 5113.581340613807
2397.1607733695187 4906.658463886732 4263.496181966945
1245.9994197725023 6102.285006936686 3034.5806775074993
-622.7532937655319 6731.9595926170605 1513.9270546280864
-1881.49386885246 6666.646476075896 -121.9931668372599
-2973.0554568920065 6008.972564039201 -1747.073760070929
-3800.448020547716 4817.375069745866 -3216.919182815372
-4290.154099586327 3197.7326598033205 -4400.927218949363
-4398.661159845525 1293.9576700186035 -5193.893558528709
-4116.32787284589 -724.7911371869571 -5525.359662406316
-3468.2407901365586 -2679.1390711599556 -5365.873312637625
-2511.9852930995808 -4395.433741452219 -4729.605571293903
-1332.5288791048167 -5721.174834773188 -3673.0916194085335
-34.671426494917185 -6538.564437062337 -2290.207358041637
1266.2667345120988 -6774.973895101081 -703.8281225032964
2454.691539237692 -6409.397191076857 945.0893304183226
3425.00622846561 -5474.317419449168 2510.031448876038
4090.994083902094 -4052.820521457116 3851.946258009539
4393.479161952045 -2271.2127346236816 4851.598738131168
4305.58433599682 -287.7977292660132 5420.165379479459
3835.119447042635 1721.1893673164673 5507.12654085701
3023.887365074228 3577.2412352977517 5104.755341452656
1943.9696206078424 5115.4395210582425 4248.804228110395
691.3216443802904 6199.108556636118 3015.3282135302884
-1225.4563799683897 6653.71101992934 1491.798603138235
-2471.409894625997 6470.717956778729 -144.9793255108702
-3497.767794542397 5712.773206890286 -1768.8752048570425
-4213.333676212561 4447.223487477354 -3235.5987596706827
-4554.526370840948 2786.518444883233 -4414.825165496303
-4491.029410210346 878.219010026448 -5201.774981226451
-4028.4847779246074 -1108.1140378718183 -5526.52426226111
-3207.991594405999 -2995.9862906268295 -5360.217609841611
-2102.45427968519 -4617.652013790353 -4717.6320998601495
-810.1046757457145 -5829.0190912965145 -3655.864274818643
554.226283719586 -6522.4522423120325 -2269.2568654633783
1869.311805694415 -6636.336888287911 -681.0160251419629
3018.3007703935536 -6160.553878654659 967.73607760292
3899.1004660484564 -5137.378621757541 2530.500583012947
4433.447974374395 -3657.7247293025157 3868.4190067033805
4573.864174311188 -1853.0659429883804 4862.611425371019
4307.872470288108 116.24588440623333 5424.7394796756835
3659.107392492975 2075.2287548346803 5504.855625134062
2685.214565146536 3849.818443404677 5095.841190638269
1472.7286398167964 5282.334868628204 4234.038903623534
129.38431187614998 6245.492659629359 2996.023679248162
-1819.0886660826166 6521.513515952377 1469.6443904699508
-3041.318311933935 6222.639963142781 -167.96298060372126
-3993.313479164349 5370.857542002252 -1790.646103757361
-4590.485219403449 4041.850858634708 -3254.222462471167
-4779.772202885973 2353.70798910714 -4428.646874474342
-4544.355450457254 456.42783567000686 -5209.566576883783
-3905.152773679985 -1481.407933966969 -5527.593427130726
-2918.9601354805754 -3287.6141076193303 -5354.469343932892
-1673.4050795981493 -4801.70134035284 -4705.5771618249355
-279.1606387761911 -5889.136337076744 -3638.573798803585
1139.8884498773193 -6453.295726202239 -2248.267186140419
2457.653447441156 -6444.051470232825 -658.1921676306431
3557.0451509653412 -5862.22496187913 990.3661134018773
4340.377782990715 -4759.514039711962 2550.92601910853
4738.048801563192 -3233.899408333047 3884.8249534629404
4714.723391532088 -1420.9386227899413 4873.54014242866
4272.474117940539 518.2787950744939 5429.219902560947
3450.5967695261315 2411.444867567525 5502.489648611584
2322.1187554448193 4090.343481125684 5086.839042104988
987.310299491911 5405.797126209126 4219.200463481904
-435.22500931073114 6240.921973678927 2976.667408022193
-2398.822831679237 6336.368946452535 1447.46479919408
-3586.614279641524 5924.425309454972 -190.94373522173916
-4455.719309260149 4986.070484800079 -1812.3860808203435
-4928.914124648875 3604.681416560796 -3272.78996961272
-4964.1532898791875 1903.0005855762354 -4442.392107202797
-4558.305650475837 32.229801382703464 -5217.268210951249
-3747.4325502328406 -1841.404742101838 -5528.567138552249
-2603.583622564783 -3551.422393379014 -5348.628614175607
-1228.3948643933036 -4945.880579843996 -4693.440965359395
255.94216820158755 -5900.875572150408 -3621.2204899445755
1717.5376159680634 -6331.551874305333 -2227.2386825338085
3026.5223092660985 -6199.642006870483 -635.3569441039385
4066.5872137114484 -5516.866740444362 1012.9790470275912
4745.317998294485 -4343.893653758837 2571.307404445389
5002.406454244021 -2784.946553073522 3901.1638149815285
4815.009144034833 -978.5447296109824 4884.384700581136
4199.777141058557 914.805087350315 5433.606570764906
3211.3765086808066 2726.870457744539 5500.028652146524
1937.630980613092 4296.641421294245 5077.749051306738
491.71843676439266 5484.636939061657 4204.28916392366
-997.885448061636 6185.298395860669 2957.2597341068663
-2959.9386943195846 6099.710894895566 1425.2602123196914
-4102.893076043154 5578.492885915257 -213.92119252092715
-4881.2874027105845 4561.601303208565 -1834.0947606283687
-5225.957922470235 3139.3914264542086 -3291.300960461677
-5106.279147079805 1438.2328444670254 -4456.060626321615
-4532.88506093439 -390.71903733192175 -5224.879750432904
-3556.7242448865036 -2184.953818021685 -5529.445379711111
-2264.532871253192 -3785.0458634683164 -5342.695521430611
-771.1278142702087 -5048.819973545608 -4681.223720037884
790.7953330493526 -5863.9842725918525 -3603.804647907863
2282.452844679325 -6158.1078353471885 -2206.1717177750147
3571.3044046802033 -5905.056492520811 -612.5107488927466
4542.829895914011 -5127.314966420365 1035.5744879877996
5110.70501501522 -3893.989004702345 2591.644387066842
5224.471565572778 -2314.665031427251 3917.43530911092
4874.020890313363 -529.6729123696587 4895.144912558803
4090.4920696612267 1302.382969383279 5437.899408536219
2943.50507779091 3018.7164088929835 5497.472678236694
1534.9747423996066 4466.823648053775 5068.571375214359
-9.944834979611917 5518.034003752285 4189.305262445113
-1553.9807701287161 6078.942822724034 2937.800992644272
-3497.8617920912748 5813.393467454362 1403.0310132874959
-4585.985854514529 5187.647951664547 -236.8949557142137
-5266.624948496727 4100.957149751268 -1855.7717683043284
-5479.301303602079 2649.8783083285766 -3309.7551153603195
-5205.117692364671 963.3461504114578 -4469.652195795471
-4468.4365318779055 -808.7835405446584 -5232.401063888601
-3334.715176123044 -2509.049264635289 -5530.22813544137
-1904.6897428131422 -3986.3749507817256 -5336.670168153731
-305.4242672610367 -5109.49372863287 -4668.925636834345
1320.9794947695373 -5778.611566051083 -3586.3265734395454
2830.008431666805 -5934.274406806486 -2185.0666556597025
4087.578700123038 -5562.650924382836 -589.6539765174103
4981.949663029668 -4696.761496036264 1058.1520460923089
5433.652535450115 -3413.5441973685397 2611.936615782948
5402.551534904421 -1827.0185166726403 3933.639154866235
4891.410121775567 -78.15422303168755 4905.82059254855
3945.645453727187 1677.6544162998052 5442.098341743863
2649.2928719352713 3284.396098477912 5494.821771020021
1117.538992241632 4599.304773971378 5059.306172312879
-513.5131311517612 5505.545036580928 4174.249017796298
-2098.9373593270666 5922.593462003823 2918.2915196584213
-4008.200816596084 5479.67665288743 1380.777585963235
-5031.993473839371 4755.059284863989 -259.8646280783434
-5608.671428392391 3607.93403214641 -1877.416729518027
-5686.9943132835815 2140.2280075149056 -3328.152115632418
-5260.002796476049 482.35333217980633 -4483.16658091786
-4365.636948059547 -1218.3805534922121 -5239.832021436269
-3083.3650985257646 -2810.855980211453 -5530.915392225982
-1527.1227288630994 -4153.574517850612 -5330.552658393999
164.81119692675725 -5127.229731917197 -4656.546928118672
1842.1009246076565 -5645.3080838258675 -3568.786568360386
3355.711901210403 -5661.776038460133 -2163.9238606413824
4571.153149091482 -5175.170345782314 -566.787021680942
5380.427379500599 -4228.728057020741 1080.7113314597289
5711.627025624438 -2906.544722925457 2632.183740176638
5535.323545459189 -1326.1021350368217 3949.775072430765
4867.182276912615 372.17044705320154 4916.411556197011
3766.570503784738 2037.374051679447 5446.2032978784055
2331.282412073184 3521.5480309452114 5492.07597627379
688.849647384565 4692.8170136025055 5049.953602598798
-1014.7904314410595 5447.1086105129525 4159.120689976533
-2628.2619270986734 5717.400703136909 2898.7316520493428
-4486.783589084306 5101.208353726666 1358.5003146310225
-5437.318127478703 4284.233376667483 -282.82981296069397
-5904.723088969032 3086.5854630428794 -1899.0292704926746
-5847.467491553982 1614.6808857697267 -3346.4916435886735
-5270.638746325944 -0.6951741144130329 -4496.603548315126
-4225.490618669671 -1616.0094647277815 -5247.172494754141
-2804.8891062844514 -3087.7342226593473 -5531.5071381970265
-1135.0608877527495 -4285.100244609187 -5324.343097791857
635.6224717884442 -5101.71630497281 -4644.087807653048
2349.827985327959 -5465.022483126352 -3551.184935560604
3855.24097032082 -5342.7374307979735 -2142.7436978251985
5018.098876654344 -4745.726711526159 -543.9102792621826
5735.076676232924 -3727.0373476566 1103.2519545242244
5942.467745158754 -2377.184359613749 2652.385410609694
5621.844476837056 -816.1081091174736 3965.842783160841
4801.695655690262 817.4829283053233 4926.917620613742
3554.8951036410717 2378.437020083459 5450.214206053264
1992.226521233162 3728.056545028234 5489.235341413859
252.53986967159813 4746.4218856405705 5040.513827577305
-1509.5860575632566 5343.046812384376 4143.920540229908
-3137.5786388742986 5464.918582273095 2879.1217275873355
-4929.691284094807 4681.0032325915945 1336.1995839867293
-5798.692514078398 3778.9858800664197 -305.7901137861351
-6152.454467043164 2541.1890482909475 -1920.6090180113026
-5959.5438410094175 1077.596417750381 -3364.7733825322957
-5237.10159167461 -481.7453834612889 -4509.962865950513
-4049.319883277717 -1998.2819932476434 -5254.422357082987
-2501.7383331039905 -3337.262478617846 -5532.003363135917
-731.8663533361174 -4379.712547427698 -5318.041593577324
1103.0351636682542 -5033.005936346651 -4631.548490588249
2839.9271657906097 -5239.0946608384465 -3533.521978994636
4324.479176417391 -4979.666833326515 -2121.526532961541
5424.782234555188 -4277.773754765566 -521.0241443089832
6043.069584888036 -3195.7817053927756 1125.7735260422292
6124.403683029511 -1829.8304270388176 2672.541278228845
5661.55763743093 -301.2906851638935 3981.842009590603
4695.657350410149 1254.020056280232 4937.3386043743885
3312.5273012525536 2697.9056125474845 5454.130997005923
1635.0646645920376 3902.0704155761246 5486.299915493834
-187.68064288057684 4759.519138226855 5030.987010259497
-1993.749701610311 5194.063698640414 4128.648831040759
-3622.6653499255153 5167.092905656667 2859.4620849070798
-5333.290619060818 4222.418543667774 1313.8757791313233
-6113.206311646033 3243.4105469921597 -328.74513406388695
-6349.936796077469 1976.2112897435404 -1942.1555994232654
-6022.447529938776 533.4169869408178 -3382.9970167644074
-5159.8373716893475 -956.773756013494 -4523.24430312816
-3838.753019391977 -2361.950952013536 -5261.581483228298
-2176.578615231467 -3557.258440676152 -5532.404058473578
-321.00564934972823 -4436.4879061131405 -5311.648254568158
1563.0900771868346 -4921.515951885481 -4618.929193459926
3308.2983908575197 -4969.245707615775 -3515.7980036758795
4759.54987427215 -4575.436175048808 -2100.2727324398256
5787.894464417115 -3775.079059357816 -498.12901203140694
6301.959231642116 -2639.2896025813 1148.2756570991614
6256.067265443142 -1268.9876822837846 2692.6509949717497
5654.296268410548 214.06936244536408 3997.772475436834
4550.116234459201 1678.1054048933195 4947.674327523812
3041.6384052199537 2993.0344178722253 5457.953603099137
1262.8976556666212 4042.0191881079854 5483.269749204225
-628.0570927277629 4731.852815371306 5021.373315159565
-2463.20621225014 5001.240554594832 4113.305826129131
-4079.488650211661 4826.246122959931 2839.7530635018306
-5694.263744763773 3729.1271442333905 1291.52928556426
-6378.329739905674 2681.8459075541086 -351.6944773943275
-6495.653146817923 1396.270892901723 -1963.6686426506387
-6035.8092659310805 -13.368918018864637 -3401.162231589533
-5039.657244053579 -1421.8208419049395 -4536.447630497079
-3595.7095598703736 -2703.9377444297743 -5268.649749562443
-1832.2673017811767 -3745.7979123266805 -5532.709217290582
93.97994684387709 -4454.827497549967 -5305.163191167967
2011.8766647676655 -4768.026109927472 -4606.230134184872
3751.009312051515 -4657.564678299976 -3498.013315671458
5156.848320926351 -4133.258185619591 -2078.9826632820373
6104.478726030768 -3241.6935646421184 -475.22527779486614
6509.699407263704 -2062.0902445082966 1170.757959116165
6336.504728815942 -699.2611568159294 2712.7142135730405
5600.283797919893 725.7003533165802 4013.633905603709
4366.453075138015 2086.180202373362 4957.924611579202
2744.6438347664125 3261.2937853982476 5461.681958322092
878.9609450047327 4146.627103638453 5480.144894871569
-1064.8214819771924 4663.514406547061 5011.672908291948
-2913.9898473933426 4766.0279889380745 4097.891790446275
-4504.2374270347655 4445.059069142605 2819.9950037175363
-6009.635590128536 3205.0879043846176 1269.1604891767654
-6591.934019177965 2098.8399637013736 -374.6377474759018
-6588.510182397457 806.1008816357922 -1985.1477761946533
-5999.668302710228 -558.2638012785804 -3419.2687133209815
-4877.729565216519 -1873.024295549006 -4549.572620055138
-3322.383150289691 -3021.358361528173 -5275.627034026808
-1471.8284124213083 -3901.2314780727834 -5532.918834317288
509.5047389033021 -4434.463057518268 -5298.586515364299
2445.5661582516364 -4573.673133982656 -4593.451532057256
4164.328292248996 -4306.492281258729 -3480.168222096903
5513.071582626324 -3656.660690614868 -2057.6566931365496
6371.954269171159 -2681.9187506187427 -452.3133371133428
6664.660856039399 -1468.8765602235576 1193.2200438567706
6365.183078466103 -125.31824139390085 2732.730587570291
5500.13085122524 1229.3751531336518 4029.4260261875374
4146.367860926334 2474.833170281277 4968.089279533155
2424.1818901484667 3500.3913996229317 5465.315998291552
486.5967200839065 4214.924491893445 5476.925406457526
-1494.2247039546428 4554.943046167752 5001.8859571684825
-3342.2777057497087 4490.234921751734 4082.4069901700414
-4893.354666044787 4026.5497194666837 2800.188246747001
-6276.798435501369 2654.513754605274 1246.7697762452144
-6752.308559536689 1499.1131857737507 -397.57454811190615
-6627.846436039125 210.50983163637656 -2006.5926291421106
-5914.471070874472 -1096.7982448490661 -3437.3161492863205
-4675.568995833833 -2306.650984059854 -4562.619045152979
-3021.2220971167767 -3311.5476607658065 -5282.513216133906
-1098.4263566560996 -4022.1987953251723 -5533.032905933915
921.9693859581497 -4375.4599157912135 -5291.918340726721
2860.4441026339923 -4339.942221349629 -4580.593607744832
4544.75580793863 -3918.801615018388 -3462.2630311108537
5825.246015375553 -3149.458287815135 -2036.295190271627
6588.137550675279 -2100.2717705694563 -429.3935856425056
6765.644153032065 -864.4668896178302 1215.661523433661
6341.993581851619 448.1496681268039 2752.699771310026
5354.829049543229 1720.9461611859456 4045.148564481517
3891.8644569026983 2840.829035575877 4978.168155856737
2083.0906281005045 3708.2917833820093 5468.855660252964
89.22505549891726 4246.2565326642025 5473.611339557949
-1912.5685548414556 4406.922754629311 4992.012630795482
-3744.4220559152836 4176.0145503836375 4066.851692700247
-5243.567225195512 3574.0491271983724 2780.3331346238965
-6493.533511069048 2081.8376303712193 1224.3575334244424
-6858.174740753412 887.5201142202385 -420.50448321736985
-6613.437048117705 -385.65745889707944 -2028.0028311717872
-5781.0664511662835 -1624.5676743615065 -3455.3042278327503
-4435.022730236474 -2719.1279226611064 -4575.58668049793
-2694.907776948483 -3572.0817223359145 -5289.3081769694445
-715.3384412706264 -4107.6403851587365 -5533.051430170613
1327.7918541251681 -4278.217173677281 -5285.1587824048565
3252.9420163633654 -4068.655591667768 -4567.656583285131
4889.054005146769 -3497.576105337597 -3444.298051909761
6090.752090312765 -2615.721633188253 -2014.8985235691691
6751.260123429171 -1501.4488150248178 -406.4664191729309
6811.8890671618365 -253.76568064682087 1238.0820103153346
6267.251773794375 1016.4656480889852 2772.6214199536607
5165.741656943877 2196.379543306064 4060.801248980417
3605.232724390048 3181.135477447528 4988.1610665025
1724.383042970933 3883.2335642346775 5472.30088308155
-309.6856391464824 4240.289307549761 5470.202751401922
-2316.237393192701 4220.576737685918 4982.053099670851
-4116.981290213358 3825.8474029827366 4051.226166654111
-5551.913332523748 3091.1747370697503 2760.43001021695
-6658.029441279889 1491.6765904131626 1201.9241477410792
-6908.696171439189 269.0098800980577 -443.4271568258746
-6545.494928452338 -977.559538594184 -2049.3780125608364
-5600.697736641123 -2137.268502332951 -3473.2326383324835
-4158.253972672153 -3107.071780391098 -4588.475302157908
-2346.3310950342648 -3800.798095601573 -5296.011799194403
-325.9264028981806 -4156.806820490131 -5532.974406707494
1723.4382804398854 -4143.46501753187 -5278.307957126374
3619.667909376537 -3761.9581644691693 -4554.64068208163
5194.274159914099 -3046.184819411897 -3426.273594722514
6307.346356646592 -2059.7445851879834 -1993.4670625182935
6859.983150257455 -890.2870055298815 -383.532233623202
6803.080336427737 358.276481529714 1260.4811173327842
6141.693979880095 1575.0055309349627 2792.4951894834926
4934.591160840006 2651.7884271187067 4076.3838093852937
3289.028262062655 3492.948284371115 4998.067838907508
1351.220768538241 4023.7443580060794 5475.651607283349
-706.6486200054703 4197.013087520932 5466.699700850773
-2701.729177585304 3997.3587859209797 4972.00753578111
-4456.749241393477 3442.5216140718485 4035.5306818616036
-5815.767576981921 2581.801289555168 2740.479217224001
