-6857.540202550434 -593.7017661103062 -787.8688543035735
-6262.097444665794 -1783.7712355559263 -2367.144381099932
-5110.2398480606025 -2815.3448027712607 -3736.0887415935354
-3504.315015037018 -3596.762629323205 -4773.065221841169
-1587.0164144942585 -4058.592312126959 -5385.933910876487
471.29555898314345 -4159.798257159234 -5520.238736148766
2487.7308537984068 -3891.3878720689327 -5164.046124545543
4283.1203450266285 -3277.2105974709098 -4349.005352733299
5697.9357974352015 -2371.8387794857676 -3147.536370035061
6606.464649262264 -1255.7186773002732 -1666.394968123358
6927.980125009785 -28.02246000599742 -37.18706044002391
6633.914163710174 1202.163675834348 1595.3250807561285
5750.395816512111 2325.532293468421 3086.085587558303
4355.929565820555 3242.2671613974435 4302.633846842383
2574.4198575237992 3870.91236358122 5136.874207036879
564.1616472305999 4155.610015041692 5514.680751134992
-1496.22480120166 4071.063480071536 5402.483709716897
-3423.665109972767 3624.785089329202 4810.252282281192
-5046.897749215916 2856.4286362926105 3790.6088301203577
-6221.691375495261 1834.2659636908115 2434.153148590462
-6843.66041961896 649.1207106714883 861.4122777031589
-6774.063522991418 -1205.833504856288 -810.6205606217087
-6069.114856519351 -2337.2687062351656 -2387.9063217575053
-4824.89870117367 -3261.027326130274 -3753.0161270508593
-3151.96912250952 -3895.029357315993 -4784.653979615735
-1198.973255121732 -4182.940937049393 -5391.154328983609
860.556647591092 -4099.179857992001 -5518.6269575301985
2843.62231567481 -3651.188659597506 -5155.745362804719
4574.019661979819 -2878.7733258202543 -4334.75316697818
5897.99528856325 -1850.5663487552183 -3128.599129514684
6697.908150831835 -657.9284305266135 -1644.455329762659
6902.682480613222 593.1693160256336 -14.19445738788125
6494.123180068995 1791.5613657683407 1617.327654817167
5508.532535985467 2830.7653260249726 3105.143107366199
4033.484602282763 3618.443364455263 4317.052968129658
2200.0438610116016 4084.606830676546 5145.373727599894
171.1195679561027 4187.8350549903835 5516.505451272189
-1873.0094496581507 3918.955756656889 5397.471456813519
-3750.713358103702 3301.860041290358 4798.848437003615
-5295.1499249472645 2391.3795712810543 3773.826674166445
-6369.089183576565 1268.4145319670267 2413.483850163998
-6877.106917957567 32.74529514224075 838.6923946750559
-6636.003456305303 -1807.7745634170258 -833.3582687092121
-5827.3129267617005 -2870.5429186442425 -2408.6270267679315
-4500.840070933745 -3678.2509383798083 -3769.878703412716
-2774.4478231920116 -4159.13022050195 -4796.160113419074
-801.5337108959253 -4270.452530490151 -5396.281649746169
1242.6001890860198 -4002.3263925720435 -5516.919880301344
3176.3236092065436 -3378.5759907538345 -5147.355568887624
4827.816737582504 -2454.624285520618 -4320.426126380381
6050.337162299469 -1312.5684405776399 -3109.607862666471
6735.258578678816 -53.88512957761537 -1622.4872940653113
6821.722713147113 1209.5861116563804 8.79839078176987
6302.046847915248 2365.5803186884827 1639.3022999967843
5222.40646416904 3311.382333226876 3124.1470058974364
3678.732347928122 3962.9534956960447 4331.397540230787
1808.1867187228006 4262.398848937647 5153.784395089598
-223.02423553776822 4183.111359221887 5518.234889434409
-2234.4185077450747 3732.1360679574204 5392.365997478024
-4047.2748899551116 2949.5441088455673 4787.3617226373035
-5500.513137019314 1904.8722118016706 3756.979349749386
-6465.006653255047 690.9440593451695 2392.7728744039077
-6855.055957134669 -584.3775049422054 815.9580286568437
-6444.516126431655 -2394.6634341117833 -856.0815859191591
-5538.763044205778 -3379.2976155919064 -2429.306138314964
-4140.866559040939 -4063.666374123369 -3786.6761794871018
-2375.035908211732 -4386.960542207814 -4807.583424557099
-398.1728942644987 -4320.45401425785 -5401.315784622838
1614.069528691108 -3870.056187140921 -5515.117533940931
3482.8947907950355 -3075.7868843346823 -5138.876887673717
5042.249566304791 -2008.220418986886 -4306.024478346918
6153.578340300606 -762.2147564819511 -3090.5628974418155
6718.134674226955 551.5170320607685 -1600.4912403871244
6685.755260299818 1816.2441120122633 31.791087016092305
6059.317151541341 2919.589932155452 1661.2486368250252
4894.482122993067 3763.5173744172544 3143.096954982506
3294.7508787358547 4273.039782038113 4345.66731543598
1402.2665601268634 4402.883853098667 5162.106064266073
-614.8152960948286 4141.512372073861 5519.869035756784
-2577.2681151860197 3512.1493420625993 5387.167419874225
-4310.719352088091 2570.716430195552 4775.79233754101
-5661.144257276841 1400.8640821023948 3740.067147797807
-6508.551651684168 106.5388127236722 2372.0205789584297
-6777.6456695308825 -1197.2528977034315 793.2095722377339
-6201.190099373526 -2961.764005612176 -878.7901198531011
-5205.913770829227 -3859.4450882428937 -2449.9432993006158
-3748.0691579704544 -4414.197537887429 -3803.408265206191
-1957.192152295426 -4576.729164903835 -4818.92371576594
7.589965107343558 -4332.598320973408 -5406.256646681476
1971.6976808023198 -3703.497102929925 -5513.219949572842
3760.611404905254 -2745.323914761774 -5130.309465577411
5215.378302511017 -1543.2166491114824 -4291.548471573167
6206.735950627974 -203.9878118929166 -3071.4645627193813
6646.59787171955 1153.3662375981028 -1578.4675485677553
6495.88040379451 2408.2386354141695 54.783234264865236
5767.9754552907125 3449.1284620925007 1683.1662863207796
4527.560575240963 4183.548088662969 3161.992627383514
2884.8520692087213 4546.24110835734 4359.862047327134
985.8117968625174 4504.980654723664 5170.338591426272
-1000.8221797987414 4063.432900135816 5521.407862020002
-2898.528713749098 3260.831300289325 5381.875813773947
-4538.688251499091 2168.4905294896657 4764.140481501077
-5775.565420398056 883.4698588809061 3723.0903603606957
-6499.2582560432775 -480.050985733047 2351.227322189323
-6645.463474113972 -1800.917193595559 770.4474182502831
-5908.033189567115 -3504.5039759518995 -901.4834783679087
-4831.570124882646 -4307.1392024679835 -2470.538153351314
-3325.8008516060877 -4727.0662092757275 -3820.0746716313524
-1524.519577627678 -4726.972639000943 -4830.180791215372
412.2219510669074 -4306.866805773171 -5411.104150600629
2312.335750402977 -3504.076956478779 -5511.2271599655805
4006.988370797439 -2389.9344922128007 -5121.653450545555
5345.602490067699 -1063.4358602589564 -4276.998356038596
6209.236369305319 357.55371469031974 -3052.313188299457
6521.152348345161 1746.7730729907123 -1556.4165989241253
6253.635323628814 2980.7839781685147 77.77443548736522
5430.455356781453 3949.9391459310123 1705.0548699983149
4124.755600323244 4568.124886555106 3180.8336967998634
2452.5532075845135 4780.412684122904 4373.981490781977
562.4306994994153 4567.939836210853 5178.481834406502
-1377.6662444226658 3949.5854877776783 5522.851341650785
-3195.3514967390756 2980.293136285019 5376.491270555484
-4729.115746001137 1746.1886608324246 4752.406355728004
-5842.677307848363 356.9276598421608 3706.0492806023176
-6437.091350726222 -1064.0479300763277 2330.393463165716
-6459.5415783819435 -2390.478191910093 747.6719597635849
-5567.455859313501 -4018.5119074925015 -924.1612695824804
-4418.869980285811 -4718.806389280305 -2491.0903448240906
-2877.648111618235 -4999.8142152397895 -3836.675110958145
-1080.7345798826348 -4836.566606851931 -4841.354456512171
812.2069620011289 -4243.568830522317 -5415.858212670999
2632.980350999537 -3273.511341005718 -5509.139199531708
4219.801881167693 -2012.588003272847 -5112.908992054853
5431.6754958985475 -572.837389352213 -4262.374383002386
6160.920906303517 917.8123404678488 -3033.1091048982644
6342.741457427339 2326.910416084224 -1534.3387722438642
5960.9815953963225 3529.2522897533463 100.76429365919796
5049.56235927748 4418.004609609312 1726.9140098738235
3689.4673478974114 4914.197831807601 3199.6198378738495
2001.5469716958717 4973.743011047806 4388.025401978407
135.78036341494854 4591.349296844717 5186.535652584873
-1742.0509260177032 3800.9940488124544 5524.199449722351
-3465.0933458091013 2672.90379915557 5371.013883202012
-4880.24701551369 1307.3143170985825 4740.590162852972
-5861.769321278599 -174.43577908698873 3688.944202797177
-6322.447698896944 -1640.6864908018847 2309.519361657853
-6221.3488528635635 -2961.155007774945 724.8835900764626
-5182.251348756148 -4499.652622182327 -946.823101884588
-3971.2577806198988 -5091.174348342978 -2511.5995188126485
-2407.400531097845 -5230.322891402732 -3853.209296521269
-629.6351796845229 -4904.7342926674 -4852.444518703497
1204.0760205522472 -4143.338527956646 -5420.51875079689
2930.7997823623573 -3013.7889522953046 -5506.956104327243
4397.109121906579 -1616.4510024275417 -5104.0762411093065
5472.716019573842 -75.48428731571543 -4247.676804999157
6062.048082283296 1472.1895379814562 -3013.852644142199
6112.740570022042 2889.0528622315956 -1512.2344497787278
5620.289232794179 4049.211161272799 123.75241177916163
4628.450532999499 4849.579278964417 1748.7433284719584
3225.353691727189 5219.040995691917 3218.3507261963346
1535.6700207133904 5124.768016568018 4401.99353839862
-290.46467081768117 4575.136909498037 5194.499906883731
-2090.790301663399 3618.984810361522 5525.452162954849
-3705.3400389242006 2341.270029171136 5365.443746299998
-4990.654053109658 855.5231313945978 4728.692106924333
-5832.526553551741 -706.2407510077729 3671.7754223249262
-6156.153474089554 -2205.252043396612 2288.605378130914
-5932.779142619967 -3508.317014140469 702.0827027106922
-4755.5727005495155 -4944.060649183617 -969.4685839375129
-3492.455787798766 -5421.298232706056 -2532.0653211535932
-1919.0188519123053 -5416.829677277133 -3869.676942799547
-175.06866955791082 -4931.052033656633 -4863.450786280206
1584.4371323629143 -4007.128777280311 -5425.0856844976315
3203.158741885447 -2727.154544047647 -5504.677912051046
4537.26564036086 -1204.8606616557447 -5095.155350237595
5468.216575227907 424.49037796819573 -4232.905875834562
5913.292470512761 2016.123584664312 -2994.5441385621584
5832.94637973597 3428.615363250387 -1490.104013238
5234.317405656069 4536.459620580968 146.73839287610753
4170.596359660031 5241.219532697787 1770.5424488323447
2736.2995247475346 5480.2740886213305 3237.0260383122663
1058.8704690085424 5232.382241984156 4415.88565883335
-712.6438746783856 4519.57027121542 5202.374459772068
-2420.836682713996 3405.174648041744 5526.609459715753
-3913.9275278236687 1988.2143140267488 5359.780956037552
-5059.24873609816 394.59241307566674 4716.712393404101
-5755.033492022943 -1234.0907554174764 3654.543235665284
-5939.458266632986 -2753.119544573689 2267.6518737387787
-5596.136109369399 -4027.5215803284123 679.2696914042406
-4290.906868666559 -5348.17145303315 -992.0973246869441
-2986.4331054364748 -5706.584103985155 -2552.4873984324677
-1416.601655042529 -5557.941714366224 -3886.0777654208314
279.1010690559114 -4915.4518128003765 -4874.373069180169
1950.0044383538711 -3836.202446562228 -5429.558934908963
3447.6413558505483 -2416.089658049885 -5502.304662044164
4638.94020915503 -781.2967005849689 -5086.146473490446
5418.04886722228 922.917897391011 -4218.061850580936
5715.740106721003 2545.1271900253114 -2975.183921587773
5505.562754625247 3941.190762719166 -1467.9478447819363
4806.191991016842 4987.062240514627 169.72184001577781
3679.7699773804375 5589.811352878196 1792.3109945160631
2226.384252849202 5695.881196055455 3255.64545172636
575.1745171259663 5295.846999000266 4429.701523386012
-1127.1419985557118 4425.25355564214 5210.159175267872
-2729.3070012845296 3161.4569139598425 5527.671320020241
-4088.9610995827197 1616.7509516470604 5354.0256102027715
-5085.293060072755 -71.61042771425399 4704.65122916439
-5629.774415734303 -1753.608906315965 3637.2479403928974
-5674.025608699764 -3279.7915380055765 2246.6592103178104
-5214.114726280994 -4514.5502984152945 656.4449501044331
-3792.04612453096 -5708.7501888095585 -1014.7089333676491
-2457.372734857375 -5944.809469954895 -2572.8653979899063
-904.3509936891023 -5652.646341328079 -3902.4114811669174
729.0263019474182 -4858.220779044381 -4885.211178791542
2297.6264113766892 -3632.1209805918534 -5433.938424784395
3662.0723311877136 -2083.291293713346 -5499.836395289148
4701.127053632971 -349.3520330151664 -5077.049766437976
5322.466006806676 1415.6286889225662 -4203.144985572867
5470.880498018252 3054.82458946535 -2955.772327541649
5133.183248417284 4422.585919357235 -1445.766327015142
4339.380140590787 5397.381082115593 192.70235630768488
3160.004064216712 5892.595249711232 1814.0485896122073
1699.8477592875531 5864.2264701417 3274.2086449085755
88.65252128667527 5314.795433966091 4443.440893476842
-1530.41988227571 4293.121499886991 5217.853918940509
-3013.507763160866 2889.984880489543 5528.637725531543
-4228.832254728178 1230.0604219708478 5348.177808182059
-5068.406442538213 -539.1603030712189 4692.508822483859
-5457.630475593401 -2260.4742691193783 3619.889835172187
-5361.920090475259 -3780.9351764283506 2225.6277503805663
-4789.779574919645 -4965.443400950923 633.6088729611349
-3263.0569956375252 -6022.917751156453 -1037.3030195102415
-1909.6369374762328 -6134.140740806731 -2593.198967927647
-386.5372571165233 -5700.3184064030775 -3918.6778079784376
1170.9079548288078 -4759.997766155213 -4895.964927956037
2624.3128565426823 -3396.730435478316 -5438.224078496549
3844.5360443454597 -1731.6486993031683 -5497.273154409354
4723.155333139593 87.29762302020488 -5067.865386167001
5182.101543358493 1898.487168438929 -4188.155538402773
5180.5952901719365 3540.987797568141 -2936.309691633605
4718.770410785636 4868.856121514415 -1423.5598429799584
3837.6620724181594 5764.105212440982 215.6795449119449
2615.560617613726 6147.188259883076 1835.7548587443146
1161.0551237355876 5984.066653943209 3292.7152972997587
-396.61521309293676 5289.234465156515 4457.10353184703
-1919.0445477209603 4124.43058271753 5225.4585579130135
-3270.95835269569 2593.152943238603 5529.508659561248
-4332.233153669111 831.4622848886659 5342.2376509583955
-5008.570027246976 -1004.1074462857715 4680.2853830441
-5239.873474156407 -2750.4578244047543 3602.469219752237
-5005.591168081047 -4252.417954640029 2204.5578571096044
-4326.540120046661 -5376.532088176708 610.7618543199845
-2708.2469918636016 -6288.173906284508 -1059.8791929479225
-1347.7311907796636 -6273.147465911405 -2613.4877571147163
132.53644102594765 -5700.724343937854 -3934.8764649597383
1601.0276284198262 -4621.766846788693 -4906.634130972152
2927.26048503458 -3132.1450830126146 -5442.415822038462
3993.3934014829492 -1364.2184834185764 -5494.614983668202
4704.695789491269 524.9249152014131 -5058.593491278329
4997.965310385883 2367.4264315107134 -4173.09376791648
4847.1436802432045 3999.5717201005104 -2916.7963499548905
4265.632062771237 5276.33750952798 -1401.3287761498577
3305.1003171040607 6084.2775564081085 238.6530090461361
2050.895904068347 6351.602841989101 1857.4294270768985
614.4603897477274 6054.560341509394 3311.165089317096
-876.5726267169806 5219.543584686152 4470.6892025628085
-2289.7183185222825 3920.7474747737942 5232.972960864404
-3499.412489463531 2273.5757458109024 5530.284107069601
-4398.168503797185 424.38683440987916 5336.205241109599
-4906.127945523885 -1462.510709619409 4667.981121926016
-4978.156389102921 -3219.457758976471 3584.986394961566
-4607.853791230676 -4690.341858090815 2183.4498943511057
-3828.1231627742895 -5744.468499887559 587.9042887155247
-2132.129392611181 -6502.4173200652685 -1082.437063823221
-776.267036260312 -6360.813239617908 -2633.7314151934197
648.5700528540563 -5654.022988861363 -3951.007172383727
2015.778846569553 -4444.8479832732755 -4917.218603598357
3203.8768436675764 -2840.728728477265 -5446.51358302485
4107.2963232237835 -984.1982598233659 -5491.861928968408
4645.76449988853 959.7825432987768 -5049.234241884007
4771.436113136474 2818.482455512494 -4157.959934208712
4473.144688629747 4426.747832847401 -2897.2326394723436
3777.394728466124 5641.677238770926 -1379.073510422831
2746.0066698545597 6355.318863936877 261.6223519921627
1470.6238679746314 6504.262518184576 1879.0719203218741
64.5696816986076 6075.273904205649 3329.55770235969
-1347.2218041557173 5106.470542937652 4484.197671019534
-2639.306720525294 3683.934864552774 5240.396998031935
-3696.877652369427 1934.0654067705152 5530.964054665758
-4425.96478132018 12.345750090445964 5330.080682806562
-4761.785516424107 -1910.4708806635908 4655.596251606193
-4674.500711642203 -3663.533789707295 3567.441662702979
-4171.866004922393 -5091.075644382283 2162.304226608721
-3298.542695732815 -6066.253086236426 565.0365708644775
-1539.3863836078535 -6663.96232083612 -1104.9762425947229
-199.92412630092576 -6396.543192192311 -2653.9295925854117
1157.3022669804127 -5560.763130154766 -3967.069651696694
2411.697275103192 -4230.884860995914 -4927.718163056302
3451.8023967738845 -2525.0739050051757 -5450.517290693383
4185.199727505897 -594.8990514504211 -5489.014037851199
4546.723696002522 1388.1351934972051 -5039.787799604583
4504.251311141027 3247.8275347716317 -4142.754298618628
4061.556430703344 4818.936146725232 -2877.6188980226066
3257.9744375508517 5961.861134489327 -1356.7944301147481
2164.9071182366406 6575.048597257391 284.5871771030883
879.4783009286874 6604.014138033622 1900.6819647450734
-484.09602294372337 6046.184041406868 3347.892818814028
-1804.6562907571824 4951.1239594594745 4497.628703945716
-2964.864927533178 3416.1347860644837 5247.730541213355
-3861.632304402413 1577.6070454670946 5531.548490608018
-4415.27670453126 -401.09800433455445 5323.86408181144
-4576.604393339827 -2344.1637362614665 4643.130985953211
-4331.280697702575 -4078.9402330284306 3549.83532594832
-3701.1037045621756 -5451.284989956447 2141.1212190371734
-2742.0674052453414 -6339.259152956676 542.1590956588703
-934.8308455072628 -6771.552262349862 -1127.4963400438146
376.5882168891982 -6380.1680102222745 -2674.081940497731
1654.5457635848925 -5421.877831480292 -3983.0636255231243
2785.489658331577 -3981.830013892324 -4938.132628033967
3668.930573015475 -2187.979125596819 -5454.42687590589
4226.370905450323 -199.7166902037955 -5486.071359495482
4408.279635812681 1806.2914495560958 -5030.254327566283
4198.493375116535 3651.8026672434685 -4127.477123725292
3615.652553256585 5172.8351922742 -2857.955464306299
2711.5451350099024 6234.238609858033 -1334.4919199527128
1566.5050320977546 6741.7025684504615 307.5470878100102
282.27408258962464 6650.136668361645 1922.2591871726395
-1027.0381578960114 5967.676941644806 3366.170122059492
-2245.0935509698593 4754.962929943925 4510.982069407081
-3263.6625296092657 3119.749595106405 5254.973463769102
-3992.2407701457814 1207.332817948084 5532.037404804031
-4366.090898594792 -812.3607783777333 5317.555545475836
-4351.994690429333 -2759.872554558132 4630.58554022396
-3951.204655605098 -4462.157542764818 3532.167688733251
-3199.3327475543174 -5767.960251441009 2119.9012374359986
-2163.1860848428314 -6561.254379500016 519.2722581592154
-323.3671072585879 -6824.369380202575 -1149.996967281346
948.5696136662688 -6311.944459452914 -2694.188110928826
2136.2217616877 -5238.675573968836 -3998.988817670505
3134.0612315283847 -3699.9273741885327 -4948.461818688783
3853.4256073465954 -1832.4243903477227 -5458.242271149556
4230.39620747231 197.89754203745326 -5483.033944717011
4231.477539776136 2210.6354093535515 -5020.633990398216
3856.5735231375234 4026.9486193348866 -4112.128673343168
3138.9960246739984 5485.449772515362 -2838.2426778821346
2142.5049541610256 6456.544640908022 -1312.166365068433
955.642916242713 6853.94718387654 330.5016876288534
-316.132188553624 6642.346441505822 1943.8032149975443
-1559.8175610737105 5840.544068350075 3384.389296473794
-2664.9062981457805 4519.783723915939 4524.257536810552
-3533.2064158789317 2797.420760867695 5262.12564062451
-4087.565638340267 826.4946869375558 5532.4307888109615
-4278.726715848722 -1217.869066939185 5311.155182738934
-4089.7041477710977 -3154.019809688014 4617.960131059928
-3537.293418792969 -4809.922051158094 3514.439056152009
-2670.5786463985933 -6038.441610387531 2098.6446482432075
-1566.5712416303547 -6730.419133269489 496.37645358766434
290.04901452839874 -6822.041063830591 -1172.4777357544315
1511.3670931504375 -6192.552411840264 -2714.247756674561
2598.3935730208277 -5012.828302489266 -4014.8449531340802
3454.5413810659334 -3387.6924000274257 -4958.705556650752
4003.7380273981726 -1461.5451611799408 -5461.9634105380865
4197.184979881154 594.4667791237027 -5479.90184596749
4017.6936278587864 2597.657737327707 -5010.926954229523
3481.212565643086 4370.035405936925 -4096.709212517523
2635.41048992028 5754.116251144141 -2818.480879161078
1555.4406268596122 6626.91861591395 -1289.818150991555
337.26303816370984 6910.890179906461 353.45058016728836
-910.8818515275067 6580.798823472257 1965.3136761859498
-2078.0908913713374 5665.974612212578 3402.550027438476
-3060.6524359651544 4247.7036919377715 4537.4548769082385
-3771.2615801714833 2452.005657893668 5269.186948271952
-4146.777583070721 438.43616069612995 5532.728635835645
-4153.834199880439 -1614.0903134246714 5304.663104125636
-3791.804419229638 -3523.197779879024 4605.254976483458
-3092.8561758706687 -5119.253662292319 3496.6497343521405
-2119.094088509814 -6260.44139133628 2077.351818529011
-957.0411918936352 -6845.361429265473 473.4720773212897
900.45056337585 -6764.642495544653 -1194.9382572531028
2060.413097423115 -6023.0884073716525 -2734.260531334214
3037.2988857903983 -4746.356482315551 -4030.631758101589
3744.3073391885814 -3047.8899547633637 -4968.863665025502
4118.617653877741 -1078.6050292857065 -5465.590229812857
4126.9707157639905 986.5186864242035 -5476.67511733368
3768.624318641928 2963.9858875793743 -5001.133386686515
3075.419112473109 4678.08993538529 -4081.219007519876
2108.9494219065714 5976.525162972686 -2798.6704094004717
955.0903202315417 6743.919902281265 -1267.4476636430459
-283.6327477408964 6912.0877630671275 376.3933691315251
-1497.1538013747477 6466.086292906943 1986.790199283671
-2577.646169605211 5445.544679669658 3420.6520013442805
-3429.103363852348 3941.1425242645164 4550.573861801387
-3975.8696758489587 2086.5525601593645 5276.157264772978
-4169.362519329695 46.56324439897767 5532.930940734696
-3992.389206021942 -1997.5634199657022 5298.079421744637
-3460.6745914476805 -3864.1978083037525 4592.4702958939715
-2621.4638525029955 -5387.481263621233 3478.8000305291894
-1549.3245461587721 -6432.063366093866 2056.0231159893897
-339.52095478958194 -6905.128411843882 450.5595248851314
1502.8998481039873 -6652.6956378254445 -1217.3781439170289
2591.262712230311 -5805.055809670816 -2754.2260893164666
3449.380512805858 -4441.611297759114 -4046.348959958021
4001.0057174615513 -2683.5101303513725 -4978.9359683973735
4197.124005996392 -686.9673114716892 -5469.122666344002
4020.309407823128 1370.615567738655 -5473.353814536464
3486.2726759275365 3306.413238908071 -4991.253456889768
2642.4653175201383 4948.421583844997 -4065.6583258433952
1563.8633193830271 6150.740955266857 -2778.811610698141
346.30520241760314 6806.540000731154 -1245.05528932847
-902.0236515179761 6857.548097121684 399.32965833318053
-2070.2037455505915 6299.232951228803 2008.2324134225912
-3054.437151851539 5181.203313890748 3438.6949055966197
-3767.27041303381 3602.801024777269 4563.614264944342
-4145.365165624125 1704.274053980444 5283.036469760425
-4155.126031613341 -345.6851455960366 5533.037700014611
-3795.6857152234616 -2364.928702972035 5291.404249286491
-3098.9820659435727 -4174.037966770301 4579.606310064188
-2126.920260445803 -5612.265639757109 3460.8902529214133
-965.8722559715903 -6551.818881629408 2034.658908939847
280.9977371062679 -6909.214263685341 427.63919194543433
2092.528575353619 -6487.164579995005 -1239.7970082422098
3099.629819574354 -5540.3516423449455 -2774.144085845342
3831.315351824483 -4101.254147839826 -4061.996287290303
4222.571701614523 -2297.742224241745 -4988.92229283243
4238.634025265413 -290.06582054413377 -5472.5606591315145
3878.075114832425 1743.3842042417207 -5469.937994929878
3172.9322117942434 3621.9268917651425 -4981.287335451203
2185.8603575544826 5178.645480390848 -4050.0274361982765
1004.5652180558207 6275.218691972464 -2758.9048259864685
-265.9899495289475 6814.211184428676 -1222.6414147313524
-1512.9107428204034 6747.731109475159 422.25905169612037
-2625.40277731282 6081.685513514541 2029.6399483270568
-3504.6162536506818 4875.255470640865 3456.6784286209395
-4072.4291960965643 3235.6375844945187 4576.575861148412
-4278.388932908104 1308.5190996041572 5289.824444440489
-4104.195037630176 -734.86704962751 5533.048911831809
-3565.3254022955384 -2712.957036588849 5284.63770202166
-2709.660958794119 -4449.988885233414 4566.663241136308
-1613.2312479525913 -5791.6196929704065 3442.920710804456
-373.4588611817441 -6618.639674882591 2013.259566308941
899.4969843023223 -6857.564476259647 404.71147430278654
2664.5773819199067 -6269.4472851576975 -1262.194463087677
3581.4218769522995 -5231.250220211125 -2794.0141769661927
4180.041321406445 -3728.2336162353217 -4077.573469892005
4407.245750644424 -1893.9470943732779 -4998.822465881465
4242.847054058235 108.6249382737604 -5475.90414880629
3701.4527772913557 2101.545168462483 -5466.427717500129
2831.168177704166 3907.7338879542613 -4971.23519447116
1709.3218611510622 5366.703302693576 -4034.3266085071114
435.5947959992466 6348.817577599043 -2738.9503990264875
-876.8367783533788 6766.8115494077965 -1200.2064269065093
-2111.3575570144817 6583.544619388296 445.1811532632619
-3158.27495119482 5815.300858526455 2051.0124343202774
-3924.5657561001644 4530.342096357052 3474.6022598681266
-4342.141670902859 2842.8425578474976 4589.45842658582
-4373.899243070968 902.7439824641239 5296.521071594787
-4017.0166729515463 -1117.5673573879142 5532.96457599268
-3303.2045430530675 -3038.5779331724616 5277.779896798512
-2295.8881936299417 -4689.597525015019 4553.6413126182015
-1084.5721028634182 -5923.925796800212 3424.891714486016
223.11297880880636 -6631.887264819545 1991.8254576320085
1510.9734931986916 -6750.576445801761 381.77676788534325
3214.434444506979 -6001.363807728053 -1284.5701216821576
4032.7730397944656 -4880.383715737964 -2813.836019551632
4492.782052963224 -3325.7601133933745 -4093.0802387679637
4553.587664476903 -1475.6281301159333 -5008.636316582978
4209.787028911485 505.6198882097055 -5479.1530776311565
3491.9283414811953 2441.9413605915806 -5462.8230428645675
2463.7964968351725 4161.285626801744 -4961.097207535396
1216.7455212525067 5510.8814035693795 -4018.5561139002048
-138.4186334932124 6370.811183525167 -2718.948674401945
-1481.2836852128935 6664.6664319803585 -1177.7507132733435
-2692.530180995026 6366.336820547191 468.0955672034707
-3664.53355422167 5502.330244399438 2072.349502330692
-4310.927039615098 4149.417479458229 3492.4660898198413
-4574.275739347008 2427.8107620484802 4602.261738793495
-4431.179965759489 490.4824041586692 5303.126235582369
-3894.354406301255 -1490.4274677871997 5532.784693953578
-3011.49836775033 -3338.906318586976 5270.830952041303
-1861.0574834818758 -4890.70869043126 4540.540749379507
-545.2534746898145 -6007.950132609143 3406.8035753004633
818.9986981339063 -6591.358840049815 1970.3569530447246
2110.479242511834 -6589.096388850221 358.8354687419016
3737.672852306903 -5685.1410806894955 -1306.9235976307918
4450.075357770904 -4490.719826039048 -2833.6092713074513
4767.069138862914 -2897.2784076456596 -4108.516326138986
4660.487907028608 -1046.4010882360972 -5018.363675466135
4139.801872440496 897.4535599188005 -5482.30738950187
3251.2762742647556 2761.5655208648327 -5459.124033270648
2073.8605111296793 4380.300266351331 -4950.873549712108
712.1731405937728 5609.826110541419 -4002.7162247109277
-712.7939388042407 6340.894286493502 -2698.89999751335
-2074.426148694814 6508.546178534389 -1155.27466160916
-3251.7364918046474 6097.88518032804 491.00189781835854
-4140.115777607082 5145.4003237211955 2093.6507838983753
-4660.627607970292 3735.7240681343173 3510.2696099938903
-4767.022222537961 1994.1123351386489 4614.985576676995
-4449.845992900674 75.31497014807744 5309.639822341716
-3737.281418966669 -1850.1744604544485 5532.509268820807
-2692.642990168097 -3611.2677708887263 5263.790987748141
-1408.7514152239614 -5051.484092091947 4527.361777647779
0.313905166581689 -6042.853883639988 3388.6566056034962
1409.3513337055315 -6497.28958899914 1948.8544232767595
2693.161711408279 -6374.4126014899875 335.8879730351199
4230.08643817318 -5323.394399721678 -1329.2545049217483
4830.007791946714 -4065.5367293542486 -2853.3335907785363
5000.76175726571 -2446.4382792696165 -4123.881465446436
4727.176094970136 -609.963052054316 -5028.00437455369
4033.560091765863 1280.71006911476 -5485.367029948077
2981.5445734212763 3057.586480339438 -5455.330752594859
1664.6057354353695 4562.78291478868 -4940.564397548903
199.7593728540724 5662.55606381594 -3986.807214470976
-1282.8364866348772 6259.186256855167 -2678.8047145720147
-2651.446694651117 6299.660282986345 -1132.7786600424738
-3784.464228165447 5780.38184737038 513.8997495491274
-4581.215507159546 4747.491117827644 2114.9159111813624
-4970.90568400941 3292.7649684442945 3528.012512949542
-4918.909076374745 1545.4622015536145 4627.629720514247
-4429.845811027249 -339.1616640942664 5316.061719392723
-3547.171305311843 -2193.6495275009092 5532.138305350552
-2349.315062614591 -3853.2220037167253 5256.660125488905
-942.711866804695 -5170.418795316058 4514.104625004566
547.655415393685 -6028.2011869424 3370.45111876671
1989.3611105881275 -6350.351448783728 1927.3182396453215
3254.303340939375 -6108.245116342302 312.9346770346623
4687.723777012501 -4919.105758265159 -1351.562457932952
5169.5628181416005 -3608.3955419593926 -2873.0086373547515
5192.063516626056 -1977.0635465675136 -4139.175391356846
4753.226586662831 -170.06077886263753 -5037.558247364867
3892.044615283313 1652.0526353436085 -5488.331946134269
2685.0373998793943 3327.373922986006 -5451.4432663416
1239.4528284036394 4707.0434356311425 -4930.169929069742
-316.2625661249155 5668.4714825005585 -3970.8293579056694
-1843.876643757869 6126.230962472431 -2658.663172594054
-3207.654189873559 6039.647936906862 -1110.2630970462997
-4286.417584660429 5416.4156875887 536.788726983375
-4984.3139664164755 4311.911134879547 2136.1445169620415
-5239.332178954851 2824.274355326 3545.6944922928237
-5028.812734962527 1085.6884051778663 4640.1939519594025
-4371.461210887585 -749.3657242354027 5322.391815838622
-3325.686174383739 -2517.835420513036 5531.671809948811
-1984.4093267525009 -4062.584390339346 5249.438488403149
-466.8090020024043 -5246.35490872606 4500.769520381494
1092.269351133162 -5963.963770223154 3352.1874291722283
2554.294779075459 -6151.648278312002 1905.7487740487713
3789.3599065588814 -5792.731840809008 289.9759771103454
5106.920075250604 -4475.599213240751 -1373.8470714387051
5466.070402129998 -3123.1105066754058 -2892.6340712768447
5339.536386325279 -1493.1197260472322 -4154.397839766502
4738.561130426074 269.54129468823675 -5047.025128918274
3716.5439232555054 2008.2523885281553 -5491.2020868606805
2364.2954787193084 3568.5214445769107 -5447.46164164207
801.9690053590884 4811.71171007658 -4919.690323771895
-831.6159335102885 5627.3602742869 -3954.7829309292115
-2391.3081472008757 5942.993182863022 -2638.4757193944224
-3738.5221379297 5730.56506674575 -1087.728361431465
-4753.552030469296 5008.951096277537 559.6684348619718
-5346.207964482205 3842.269839485231 2157.336234653452
-5463.829859403649 2334.1860459311984 3563.31524268184
-5095.9664936946765 618.6995787894424 4652.6780540465625
-4275.304141740315 -1151.7610610461506 5328.630002367918
-3074.762254929134 -2819.882676187614 5531.109790671277
-1601.0142483955808 -4237.445340698521 5242.1262011979725
14.990900043221254 -5278.492390965772 4487.356694056303
1629.6640412266972 -5850.52222801339 3333.8658522072346
3099.5343806843393 -5902.707490508107 1884.1463989602294
4293.997488335576 -5430.411288866015 267.01226972533846
5484.3266927131635 -3996.5134852965402 -1396.107960616349
5717.219154335469 -2613.7171624400517 -2912.209553642303
5442.1116044920545 -998.6805995919202 -4169.548547806007
4683.448556276114 705.0931171675691 -5056.404855734722
3508.640550859571 2346.2162162165496 -5493.977402564185
2022.0744350837122 3778.8677082544073 -5443.3859472531
355.838132023161 4875.750221126068 -4909.125762622803
-1342.0159506375637 5539.400929973256 -3938.668210639903
-2920.62602674415 5710.851556931737 -2618.242703580894
-4239.725663418302 5374.8679613975655 -1065.1748423398735
-5182.107069168121 4561.303760273676 582.538478085848
-5664.035520520051 3342.447703097611 2178.4906983056467
-5642.689559663296 1826.6004994111825 3580.874459832013
-5119.965868895186 148.45182544780099 4665.081811193576
-4142.3107420756005 -1542.887444676721 5334.776171256258
-2796.593127591328 -3097.13439449168 5530.452257223199
-1202.3859410737589 -4376.187361805636 5234.723390145878
498.6585128920057 -5266.3968774412415 4473.866377648871
2155.39496966048 -5688.663919314158 3315.486704258537
3620.6151245795822 -5605.468207665585 1862.511487421085
4764.127736872017 -5024.2020465738715 244.04395142923767
5816.938057854671 -3485.7720199216974 -1418.3447410529284
5921.074495242336 -2084.4387606105483 -2931.7347464111817
5499.097479520281 -497.8939700102972 -4184.6272538447965
4588.501520351051 1132.890884797049 -5065.697265840056
3270.1970647913586 2663.013412880434 -5496.657845319139
1661.3212490015242 3956.5155127875037 -5439.216253555967
-95.17025035032391 4898.463846501065 -4898.4764280569725
-1843.2054553107826 5405.162170898485 -3922.485475315379
-3427.4637667929574 5431.588116248079 -2597.964474548035
-4707.176881418583 4975.393621337187 -1042.602929237785
-5568.636673024669 4077.1135690152073 605.3984617228405
-5935.298658672981 2816.5640839680336 2199.6075426119946
-5774.583311869046 1305.750519772386 3598.371840521379
-5100.7708964640815 -321.0847082967923 4677.405009205696
-3973.7326025438956 -1919.390150976772 5340.830216368298
-2493.6107284493773 -3347.149355637532 5529.699220959217
-791.9205981016958 -4477.4996513268825 5227.230183082573
980.1351526736204 -5210.004453812257 4460.298804117216
2665.1015938816186 -5479.577496848456 3297.0503027071363
4113.262062867528 -5262.266032559896 1840.8444130345902
5195.9411468144 -4577.379138204274 221.07141885128274
6102.115758805303 -2947.5507563591623 -1440.5570287517542
6076.0936876718515 -1539.6512076527547 -2951.209312411989
5510.184027890798 5.053107501654564 -4199.633697495687
4454.6703361873315 1549.3084318793278 -5074.902198767955
3003.3396361148275 2955.9009030564725 -5499.243368838222
1285.1490294346281 4099.848607239581 -5434.952632555178
-547.2327082944763 4879.506770780192 -4887.742503972823
-2330.9904184004217 5225.599344374212 -3906.2350044077994
-3907.629400448521 5107.3744840555755 -2577.6413824711785
-5137.058361917605 4535.336987484845 -1020.0130119090945
-5910.037144320998 3560.3148965775376 628.2479910144854
-6157.883190680648 2268.9432029247387 2220.686402915528
-5858.574292123042 775.9659485988351 3615.8070825957598
-5038.705357780489 -785.9592855305559 4689.647435279336
-3771.1253404048807 -2278.0485880150436 5346.792033159547
-2168.464287223329 -3567.723276402822 5528.850694883167
-373.12566597318954 -4540.390094986498 5219.6467094047775
1455.3668081336723 -5109.6233284568725 4446.654207753474
3154.543554565816 -5224.84410598121 3278.5569659226962
4573.425262688425 -4875.814555838414 1819.1455499594076
5585.938066074962 -4093.547485249633 198.0950686934879
6337.609616009672 -2386.243869801097 -1462.7444401391472
6181.137618141764 -983.8468255305382 -2970.6329153474717
5475.444417426299 505.969326729108 -4214.567619619364
4283.233951630457 1950.827883899047 -5084.019495562706
2710.439352569654 3222.346822517394 -5501.733928473224
896.8103224658586 4207.546104918954 -5430.595157877227
-996.504240376322 4818.886451386517 -4876.924175729517
-2801.2750283742257 5002.047589313511 -3889.917078539007
-4357.140236908094 4740.754847805709 -2557.273778300381
-5525.854414397699 4058.225233610387 -997.4054804486252
-6203.572177355382 3015.104498180679 651.0866713828458
-6330.075328426944 1704.0784965194696 2241.7269152151484
-5894.123507489737 241.63764221718216 3633.1798849740667
-4934.452946977096 -1242.273777005412 4701.808878005711
-3536.3345876354515 -2615.8037195124034 5352.661518678146
-1823.9973812336666 -3756.9080222751727 5527.906693647853
50.40999697140136 -4564.194560339493 5211.973100067986
1920.3382257249214 -4965.9323820797235 4432.932824179859
3619.635975857284 -4926.425319036858 3260.0070132580745
4997.313185023885 -4449.183747136145 1797.415272903166
5930.957187353411 -3576.6126743811074 175.11529772381084
6521.575567108818 -1806.4277687117597 -1484.906592070996
6235.479236529653 -421.5972303433455 -2990.0052198004537
5395.333211834914 1000.6940720900402 -4229.428762328852
4075.7881542388222 2334.069314744632 -5093.0489987819265
2394.091432836902 3460.0522558896832 -5504.1294812158285
499.6691813302083 4278.594369909714 -5426.143904769322
-1439.1508696997441 4716.964597861132 -4866.021630143747
-3250.096050347314 4736.211821234401 -3873.5319794956977
-4772.2559341099295 4334.625839767758 -2536.8620137543503
-5870.379935426657 3547.889330245566 -974.7807252553489
-6446.8949177427 2445.9072840751724 673.9141084373489
-6450.574994884948 1126.5956420273826 2262.728716172028
-5881.093175849561 -292.8189667980866 3650.4899476534088
-4789.0504193876295 -1686.2153254086766 4713.889127374512
-3271.4795167615066 -2929.784052522628 5358.438571566679
-1463.2233024197324 -3913.0286094243993 5526.867233554793
475.0467235917447 -4548.583402335604 5204.209487584197
2371.106763503874 -4779.976598819804 4419.13489034458
4056.4835620480453 -4586.647897917064 3241.4007650437993
5381.42399451934 -3985.775403111625 1775.6539571159174
6228.201289087373 -3030.749272452461 152.1325027692426
6652.59022096318 -1212.8236431579905 -1507.0431018393563
6238.808590967729 142.48436350025813 -3009.325891239554
5270.681439104247 1485.1320091791808 -4244.216868993966
3834.2311113718233 2695.8191584480664 -5101.990552499319
2057.0925231479355 3666.9709450813148 -5506.429985698344
97.17223684048962 4312.296271007157 -5421.598950098093
-1871.3822291435604 4574.455149053523 -4855.0350554865145
-3673.6561716425626 4430.15361244071 -3857.0799902245467
-5149.509641716549 3892.213485953631 -2516.4064413143874
-6167.806581873169 3008.4331105420283 -952.1391370256736
-6638.066840256997 1857.340250967506 696.7299079815655
-6518.505729207471 541.2145592910891 2283.69144311579
-5819.746778126632 -823.0004210593237 3667.7369717143583
-4603.877786271167 -2114.088202320751 4725.887974777509
-2978.9340493206228 -3217.329969282711 5364.123092063894
-1089.2989492511942 -4034.697849453884 5525.73233255394
897.1251427689219 -4493.565119721206 5196.356006019636
2803.8357288851644 -4553.159409415572 4405.260644517757
4461.413206059531 -4208.185504372405 3222.738542582557
5722.574541286135 -3489.2958499478377 1753.8619783837435
6475.260015414724 -2460.3669467327845 129.1470807090233
6729.661965112304 -610.2588716254887 -1529.1535871791134
6191.234423079328 703.7811020941143 -3028.594596025084
5102.688532771006 1955.2870364001546 -4258.931684245748
3560.7463735461747 3033.0571368862243 -5110.844002307335
1702.4162729536777 3841.32680040794 -5508.635402194428
-307.18098442150057 4308.2777203283995 -5416.960372348254
-2289.483863289286 4392.419258232315 -4843.964641479891
-4068.356053669374 4086.275069227866 -3840.561394827339
-5485.736954994464 3417.0474079997407 -2495.9074142182967
-6415.686054108185 2444.2000891052808 -929.4811067466837
-6775.573292539882 1254.1748660983912 719.5336760200316
-6533.421109815764 -47.28929761708158 2304.6147340508323
-5710.745790038219 -1344.5515997136163 3684.920659326041
-4380.645645620661 -2522.3445917080858 4737.805213012169
-2661.3059114429275 -3476.0161976023705 5369.714982006442
-705.497468084879 -4120.828510093847 5524.5020102433755
1312.9975213371783 -4399.487125505436 5188.412790992434
3214.8269189936973 -4287.232002984617 4391.310326287309
4831.004836862072 -3794.037502790856 3204.0206681435975
6017.926774459718 -2963.726120614782 1732.039713022212
6670.129508909944 -1870.0746665242384 106.15942846773488
6752.2385392911065 -3.6276028658358546 -1551.2376662745467
6093.282317092409 1257.7104007377982 -3047.8110014147023
4892.911221091037 2407.2953158646937 -4273.572953980882
3257.7834909084963 3342.9814779355247 -5119.609195319857
1333.1874010113552 3981.6290652592056 -5510.745692619761
-709.8682400621747 4266.491437043248 -5412.228251621252
-2689.8489728007326 4172.257321456715 -4832.810579293714
-4430.82482009814 3707.299833209077 -3823.976478556032
-5778.1024377753865 2912.9324855634577 -2475.365286454261
-6611.9702970713815 1859.738303381869 -906.8070256894018
-6858.335579318861 641.2982116176819 742.325018765047
-6495.307648033904 -634.1240405395832 2325.4982276625333
-5555.143128033006 -1853.201588887397 3702.0407137513293
-4121.379762762297 -2907.6140434213385 4749.640636285229
-2321.4137191929653 -3703.672230343234 5375.214144830568
-315.17987931703203 -4170.642886301255 5523.176287868964
1719.0590759803438 -4267.033619246565 5180.379979670287
3600.552088410367 -3984.2796895532065 4377.284176554808
5162.1202470225335 -3347.505024719621 3185.24746495723
6265.011368095181 -2413.2898481558523 1710.187537869925
6811.228735563022 -1264.6432780353762 83.169943008486
6720.211016639214 602.1491642182915 -1573.2949577659333
5945.889424796425 1799.7614904135878 -3066.974775569218
4643.249464454509 2837.4571100624285 -4288.140425366064
2928.036412631164 3623.0322135067872 -5128.285980174828
952.6544760693718 4086.6850053660814 -5512.76082053272
-1107.3749913464787 4187.217900376843 -5407.402669633887
-3069.0093311461005 3915.698109636024 -4821.573061542322
-4757.948723747774 3296.25135809592 -3807.3255278078464
-6024.123492330384 2383.9182080281716 -2454.780412754773
-6755.02845218893 1259.763463524377 -884.1172854020306
-6885.719490116392 23.673206905536027 765.1035426434883
-6404.58413386474 -1214.5205180350192 2346.341563323539
-5354.373371264674 -2344.7987651126505 3719.096839351932
-3828.4030373472174 -3266.731351930134 4761.394040216256
-1962.2622928914468 -3898.4005223142126 5380.6204855737815
78.23406753394809 -4183.67969844176 5521.755188323992
2111.778987734413 -4097.220573586804 5172.257710768094
3957.683077485229 -3646.7054204123265 4363.182437531344
5451.929657795361 -2872.164487331067 3166.4192572091874
6461.748362611149 -1842.4191352641922 1688.3058302819547
6897.412368493311 -648.9667577058908 60.17902132606675
6633.914163710172 1202.1636758343511 -1595.3250807561337
5750.395816512114 2325.5322934684177 -3086.0855875582997
4355.929565820558 3242.267161397441 -4302.63384684238
2574.419857523809 3870.912363581217 -5136.874207036875
564.1616472305919 4155.610015041693 -5514.6807511349925
-1496.224801201665 4071.063480071536 -5402.483709716897
-3423.6651099727646 3624.785089329203 -4810.2522822811925
-5046.897749215922 2856.428636292607 -3790.6088301203517
-6221.69137549526 1834.2659636908138 -2434.153148590464
-6843.660419618957 649.120710671496 -861.4122777031679
-6857.540202550433 -593.7017661103085 787.8688543035777
-6262.097444665796 -1783.7712355559233 2367.1443810999294
-5110.2398480605925 -2815.3448027712666 3736.088741593544
-3504.3150150370216 -3596.762629323204 4773.065221841168
-1587.0164144942567 -4058.5923121269593 5385.933910876488
471.29555898313436 -4159.798257159234 5520.238736148767
2487.7308537983913 -3891.3878720689363 5164.046124545547
4283.120345026626 -3277.2105974709116 4349.005352733302
5697.935797435196 -2371.8387794857736 3147.536370035068
6606.464649262261 -1255.718677300278 1666.394968123363
6927.980125009784 -28.022460006009887 37.18706044003933
6494.123180068995 1791.5613657683396 -1617.3276548171675
5508.53253598547 2830.7653260249695 -3105.143107366196
4033.484602282763 3618.443364455262 -4317.052968129658
2200.043861011604 4084.6068306765455 -5145.373727599894
171.11956795610124 4187.835054990383 -5516.505451272189
-1873.009449658155 3918.955756656889 -5397.471456813519
-3750.7133581036996 3301.86004129036 -4798.848437003617
-5295.149924947271 2391.379571281051 -3773.82667416644
-6369.089183576564 1268.4145319670295 -2413.4838501639993
-6877.106917957566 32.74529514224902 -838.6923946750649
-6774.063522991418 -1205.8335048562863 810.6205606217081
-6069.114856519352 -2337.268706235164 2387.906321757505
-4824.898701173675 -3261.02732613027 3753.0161270508547
-3151.9691225095294 -3895.02935731599 4784.653979615731
-1198.9732551217307 -4182.940937049392 5391.154328983609
860.5566475910827 -4099.179857992002 5518.626957530199
2843.6223156748056 -3651.188659597508 5155.74536280472
4574.019661979818 -2878.773325820256 4334.753166978181
5897.995288563251 -1850.5663487552185 3128.599129514683
6697.908150831835 -657.9284305266135 1644.4553297626571
6902.682480613222 593.1693160256317 14.19445738788193
6302.046847915245 2365.5803186884878 -1639.3022999967898
5222.406464169043 3311.382333226875 -3124.147005897433
3678.7323479281254 3962.953495696044 -4331.397540230784
1808.1867187227867 4262.398848937649 -5153.784395089601
-223.0242355377651 4183.111359221888 -5518.234889434409
-2234.418507745072 3732.1360679574213 -5392.365997478025
-4047.2748899551075 2949.544108845569 -4787.361722637305
-5500.51313701932 1904.872211801665 -3756.9793497493806
-6465.006653255048 690.9440593451681 -2392.7728744039073
-6855.055957134669 -584.3775049422125 -815.9580286568357
-6636.003456305301 -1807.7745634170315 833.3582687092187
-5827.312926761697 -2870.5429186442457 2408.6270267679356
-4500.840070933745 -3678.250938379809 3769.878703412716
-2774.4478231920084 -4159.130220501951 4796.160113419075
-801.5337108959271 -4270.452530490151 5396.281649746168
1242.6001890860061 -4002.3263925720466 5516.919880301346
3176.3236092065404 -3378.5759907538345 5147.355568887624
4827.816737582504 -2454.624285520617 4320.426126380381
6050.337162299466 -1312.568440577643 3109.6078626664753
6735.258578678817 -53.88512957761127 1622.4872940653074
6821.722713147112 1209.586111656389 -8.798390781780375
6059.317151541339 2919.5899321554557 -1661.2486368250306
4894.482122993066 3763.5173744172553 -3143.0969549825068
3294.7508787358474 4273.039782038114 -4345.667315435983
1402.2665601268554 4402.883853098667 -5162.106064266076
-614.8152960948328 4141.51237207386 -5519.869035756785
-2577.268115186016 3512.1493420626007 -5387.167419874226
-4310.719352088092 2570.7164301955518 -4775.79233754101
-5661.14425727684 1400.8640821023955 -3740.067147797808
-6508.551651684169 106.53881272366687 -2372.0205789584243
-6777.6456695308825 -1197.2528977034342 -793.2095722377308
-6444.516126431657 -2394.663434111782 856.081585919156
-5538.763044205775 -3379.2976155919087 2429.3061383149675
-4140.86655904094 -4063.66637412337 3786.6761794871018
-2375.035908211735 -4386.960542207814 4807.583424557097
-398.1728942645008 -4320.454014257851 5401.315784622838
1614.0695286910943 -3870.056187140926 5515.117533940932
3482.8947907950323 -3075.786884334684 5138.876887673719
5042.2495663047985 -2008.2204189868787 4306.024478346912
6153.5783403006035 -762.214756481955 3090.56289744182
6718.134674226956 551.5170320607702 1600.4912403871226
6685.75526029982 1816.244112012255 -31.791087016080695
5767.9754552907125 3449.1284620925003 -1683.16628632078
4527.560575240963 4183.54808866297 -3161.9926273835144
2884.852069208716 4546.24110835734 -4359.862047327138
985.8117968625096 4504.980654723663 -5170.338591426274
-1000.822179798745 4063.432900135815 -5521.4078620200025
-2898.5287137490945 3260.831300289327 -5381.875813773948
-4538.688251499091 2168.4905294896657 -4764.140481501077
-5775.565420398055 883.4698588809076 -3723.090360360697
-6499.2582560432775 -480.05098573304303 -2351.2273221893265
-6645.463474113972 -1800.9171935955578 -770.4474182502848
-6201.190099373526 -2961.7640056121772 878.790119853103
-5205.913770829227 -3859.4450882428932 2449.9432993006153
-3748.0691579704503 -4414.197537887429 3803.408265206194
-1957.1921522954187 -4576.729164903834 4818.923715765943
7.589965107340909 -4332.598320973409 5406.256646681476
1971.6976808023117 -3703.4971029299286 5513.219949572843
3760.6114049052417 -2745.3239147617824 5130.309465577416
5215.378302511016 -1543.2166491114835 4291.548471573168
6206.73595062797 -203.98781189292575 3071.4645627193904
6646.59787171955 1153.366237598094 1578.4675485677656
6495.880403794515 2408.238635414161 -54.783234264853625
5430.455356781456 3949.939145931009 -1705.0548699983108
4124.755600323245 4568.124886555105 -3180.833696799864
2452.5532075845026 4780.412684122904 -4373.981490781984
562.4306994994217 4567.939836210854 -5178.4818344065
-1377.6662444226745 3949.585487777675 -5522.851341650785
-3195.351496739072 2980.293136285022 -5376.491270555484
-4729.115746001138 1746.1886608324255 -4752.406355728004
-5842.6773078483675 356.9276598421551 -3706.0492806023117
-6437.091350726221 -1064.047930076323 -2330.39346316572
-6459.5415783819435 -2390.4781919100933 -747.6719597635819
-5908.033189567119 -3504.503975951895 901.4834783679031
-4831.570124882643 -4307.1392024679835 2470.538153351318
-3325.800851606084 -4727.0662092757275 3820.074671631356
-1524.5195776276798 -4726.972639000943 4830.180791215372
412.2219510669158 -4306.866805773169 5411.104150600631
2312.3357504029686 -3504.076956478784 5511.227159965581
4006.9883707974273 -2389.9344922128107 5121.653450545559
5345.602490067703 -1063.4358602589543 4276.998356038594
6209.236369305314 357.5537146903049 3052.31318829947
6521.152348345161 1746.7730729907062 1556.4165989241308
6253.635323628813 2980.7839781685157 -77.77443548736836
5049.562359277477 4418.004609609314 -1726.9140098738246
3689.467347897405 4914.197831807603 -3199.6198378738545
2001.546971695865 4973.743011047805 -4388.02540197841
135.78036341493555 4591.349296844713 -5186.5356525848765
-1742.0509260176964 3800.9940488124575 -5524.19944972235
-3465.093345809105 2672.9037991555674 -5371.013883202012
-4880.247015513691 1307.3143170985802 -4740.590162852971
-5861.7693212786035 -174.43577908699712 -3688.9442027971713
-6322.447698896943 -1640.686490801883 -2309.5193616578567
-6221.34885286356 -2961.1550077749575 -724.8835900764474
-5567.455859313497 -4018.5119074925065 924.161269582487
-4418.869980285818 -4718.806389280303 2491.090344824081
-2877.64811161823 -4999.81421523979 3836.675110958148
-1080.7345798826286 -4836.56660685193 4841.354456512174
812.2069620011262 -4243.5688305223175 5415.858212670998
2632.980350999531 -3273.511341005722 5509.139199531708
4219.8018811676875 -2012.5880032728514 5112.908992054856
5431.675495898545 -572.8373893522161 4262.37438300239
6160.920906303512 917.8123404678406 3033.1091048982726
6342.74145742734 2326.910416084227 1534.3387722438626
5960.981595396319 3529.2522897533495 -100.76429365920109
4628.450532999497 4849.579278964417 -1748.743328471959
3225.353691727195 5219.040995691917 -3218.3507261963296
1535.670020713384 5124.768016568017 -4401.993538398623
-290.46467081769885 4575.13690949803 -5194.499906883735
-2090.7903016633927 3618.984810361526 -5525.452162954848
-3705.3400389241992 2341.270029171137 -5365.443746299998
-4990.654053109659 855.523131394597 -4728.692106924332
-5832.526553551741 -706.240751007772 -3671.7754223249276
-6156.153474089555 -2205.2520433966133 -2288.605378130913
-5932.779142619966 -3508.317014140474 -702.0827027106865
-5182.251348756158 -4499.652622182319 946.8231018845704
-3971.2577806199024 -5091.174348342977 2511.5995188126435
-2407.4005310978396 -5230.322891402732 3853.2092965212723
-629.6351796845227 -4904.734292667401 4852.444518703497
1204.0760205522447 -4143.338527956648 5420.51875079689
2930.7997823623514 -3013.78895229531 5506.956104327243
4397.109121906575 -1616.4510024275476 5104.076241109309
5472.716019573844 -75.48428731571136 4247.676804999155
6062.048082283294 1472.1895379814512 3013.8526441422036
6112.7405700220415 2889.052862231599 1512.2344497787237
5620.289232794177 4049.2111612728017 -123.75241177916476
4170.5963596600295 5241.219532697787 -1770.5424488323472
2736.299524747539 5480.2740886213305 -3237.0260383122627
1058.8704690085367 5232.3822419841545 -4415.885658833354
-712.6438746783914 4519.570271215417 -5202.37445977207
-2420.8366827139957 3405.1746480417446 -5526.609459715753
-3913.927527823676 1988.2143140267397 -5359.780956037549
-5059.248736098161 394.59241307566543 -4716.7123934041
-5755.033492022943 -1234.0907554174773 -3654.543235665283
-5939.458266632986 -2753.1195445736894 -2267.6518737387782
-5596.1361093693995 -4027.52158032841 -679.2696914042447
-4755.572700549523 -4944.060649183613 969.4685839375026
-3492.455787798765 -5421.298232706056 2532.0653211535946
-1919.0188519122971 -5416.829677277132 3869.6769427995528
-175.06866955790613 -4931.052033656632 4863.4507862802075
1584.4371323629161 -4007.1287772803103 5425.085684497632
3203.158741885445 -2727.154544047649 5504.677912051046
4537.265640360861 -1204.8606616557445 5095.155350237595
5468.216575227905 424.49037796819306 4232.905875834564
5913.29247051276 2016.1235846643108 2994.544138562159
5832.946379735974 3428.6153632503792 1490.10401323801
5234.31740565607 4536.459620580967 -146.73839287610573
3679.769977380434 5589.811352878198 -1792.3109945160681
2226.3842528492023 5695.881196055456 -3255.6454517263605
575.1745171259649 5295.846999000265 -4429.701523386012
-1127.141998555722 4425.2535556421335 -5210.159175267876
-2729.3070012845333 3161.456913959839 -5527.671320020241
-4088.961099582723 1616.7509516470561 -5354.025610202771
-5085.29306007276 -71.61042771426364 -4704.651229164386
-5629.774415734304 -1753.608906315971 -3637.247940392893
-5674.025608699765 -3279.7915380055783 -2246.6592103178077
-5214.1147262809955 -4514.550298415293 -656.4449501044372
-4290.906868666567 -5348.1714530331465 992.0973246869338
-2986.433105436472 -5706.584103985157 2552.4873984324718
-1416.6016550425275 -5557.941714366225 3886.0777654208337
279.10106905591016 -4915.4518128003765 4874.373069180168
1950.0044383538727 -3836.2024465622267 5429.558934908963
3447.641355850551 -2416.089658049883 5502.304662044164
4638.940209155027 -781.2967005849737 5086.146473490447
5418.04886722228 922.9178973910077 4218.061850580939
5715.740106721004 2545.127190025311 2975.1839215877735
5505.56275462525 3941.190762719162 1467.9478447819417
4806.191991016844 4987.062240514625 -169.7218400157736
3160.004064216713 5892.595249711231 -1814.048589612208
1699.8477592875486 5864.226470141699 -3274.208644908581
88.65252128667511 5314.79543396609 -4443.440893476842
-1530.4198822757148 4293.121499886987 -5217.853918940511
-3013.507763160865 2889.9848804895437 -5528.637725531543
-4228.8322547281805 1230.0604219708437 -5348.1778081820585
-5068.406442538214 -539.1603030712239 -4692.5088224838555
-5457.630475593402 -2260.4742691193787 -3619.889835172186
-5361.92009047526 -3780.9351764283483 -2225.627750380568
-4789.779574919641 -4965.443400950927 -633.608872961127
-3792.046124530959 -5708.7501888095585 1014.708933367651
-2457.372734857385 -5944.809469954894 2572.865397989897
-904.3509936891062 -5652.64634132808 3902.4114811669156
729.0263019474214 -4858.220779044378 4885.211178791544
2297.6264113766906 -3632.1209805918525 5433.938424784395
3662.072331187702 -2083.291293713362 5499.836395289149
4701.127053632969 -349.35203301517157 5077.049766437978
5322.466006806675 1415.6286889225623 4203.144985572869
5470.880498018252 3054.8245894653487 2955.7723275416492
5133.183248417282 4422.585919357241 1445.7663270151331
4339.380140590788 5397.381082115594 -192.7023563076855
2615.5606176137267 6147.188259883073 -1835.7548587443152
1161.055123735588 5984.066653943208 -3292.715297299759
-396.61521309293255 5289.234465156517 -4457.103531847029
-1919.0445477209641 4124.430582717527 -5225.458557913015
-3270.958352695692 2593.152943238599 -5529.508659561248
-4332.233153669115 831.4622848886571 -5342.237650958393
-5008.5700272469785 -1004.1074462857767 -4680.285383044096
-5239.873474156407 -2750.457824404763 -3602.469219752229
-5005.591168081046 -4252.417954640034 -2204.5578571095966
-4326.540120046653 -5376.532088176717 -610.7618543199668
-3263.056995637533 -6022.917751156449 1037.3030195102335
-1909.6369374762396 -6134.14074080673 2593.1989679276426
-386.5372571165234 -5700.318406403076 3918.677807978438
1170.9079548288098 -4759.99776615521 4895.964927956039
2624.3128565426823 -3396.7304354783146 5438.224078496549
3844.536044345455 -1731.648699303175 5497.273154409354
4723.155333139593 87.2976230202025 5067.865386167002
5182.101543358493 1898.4871684389268 4188.155538402773
5180.595290171938 3540.9877975681297 2936.309691633614
4718.770410785638 4868.856121514413 1423.5598429799588
3837.6620724181676 5764.105212440977 -215.67954491193572
2050.895904068343 6351.602841989101 -1857.429427076906
614.4603897477288 6054.560341509393 -3311.1650893170963
-876.5726267169908 5219.543584686144 -4470.689202562816
-2289.7183185222775 3920.7474747737992 -5232.972960864403
-3499.412489463535 2273.575745810895 -5530.284107069601
-4398.1685037971865 424.3868344098763 -5336.205241109598
-4906.127945523886 -1462.5107096194138 -4667.981121926014
-4978.156389102922 -3219.457758976474 -3584.986394961562
-4607.853791230677 -4690.341858090811 -2183.4498943511076
-3828.1231627742873 -5744.468499887562 -587.9042887155166
-2708.2469918636066 -6288.173906284506 1059.8791929479194
-1347.7311907796714 -6273.147465911406 2613.4877571147113
132.53644102594157 -5700.724343937857 3934.8764649597356
1601.0276284198176 -4621.7668467887015 4906.634130972148
2927.260485034569 -3132.1450830126287 5442.415822038459
3993.3934014829465 -1364.2184834185832 5494.6149836682025
4704.695789491268 524.9249152014042 5058.593491278331
4997.965310385883 2367.4264315107107 4173.09376791648
4847.143680243205 3999.5717201005095 2916.7963499548887
4265.63206277124 5276.3375095279725 1401.3287761498634
3305.100317104069 6084.277556408104 -238.65300904612698
1470.623867974623 6504.262518184575 -1879.0719203218814
64.56968169860866 6075.273904205652 -3329.5577023596875
-1347.2218041557214 5106.470542937649 -4484.197671019536
-2639.3067205252937 3683.934864552775 -5240.396998031934
-3696.8776523694346 1934.0654067704995 -5530.964054665758
-4425.964781320182 12.345750090439388 -5330.0806828065615
-4761.785516424107 -1910.4708806635967 -4655.596251606191
-4674.500711642201 -3663.533789707302 -3567.441662702975
-4171.866004922393 -5091.075644382283 -2162.3042266087227
-3298.542695732811 -6066.253086236428 -565.0365708644744
-2132.12939261118 -6502.4173200652685 1082.4370638232203
-776.2670362603185 -6360.81323961791 2633.73141519341
648.5700528540591 -5654.022988861363 3951.0071723837277
2015.7788465695521 -4444.847983273278 4917.218603598355
3203.876843667569 -2840.728728477278 5446.513583024847
4107.296323223782 -984.1982598233698 5491.861928968408
4645.764499888529 959.7825432987746 5049.234241884009
4771.436113136473 2818.482455512495 4157.959934208713
4473.144688629744 4426.7478328474035 2897.232639472342
3777.3947284661226 5641.677238770927 1379.0735104228315
2746.0066698545575 6355.318863936878 -261.62235199216343
879.4783009286847 6604.014138033621 -1900.6819647450739
-484.096022943722 6046.18404140687 -3347.8928188140253
-1804.656290757187 4951.123959459472 -4497.628703945718
-2964.864927533181 3416.1347860644805 -5247.7305412133555
-3861.6323044024193 1577.607045467078 -5531.548490608018
-4415.27670453126 -401.0980043345547 -5323.864081811441
-4576.604393339826 -2344.1637362614783 -4643.130985953205
-4331.28069770257 -4078.940233028444 -3549.83532594831
-3701.103704562172 -5451.2849899564535 -2141.121219037168
-2742.067405245338 -6339.259152956678 -542.1590956588673
-1539.386383607852 -6663.962320836121 1104.9762425947222
-199.92412630092454 -6396.543192192311 2653.929592585411
1157.3022669804097 -5560.763130154769 3967.0696516966896
2411.697275103192 -4230.884860995917 4927.718163056301
3451.8023967738845 -2525.0739050051784 5450.517290693383
4185.199727505896 -594.899051450425 5489.0140378512
4546.723696002522 1388.1351934972022 5039.787799604584
4504.251311141024 3247.8275347716476 4142.75429861862
4061.556430703345 4818.936146725228 2877.6188980226116
3257.9744375508444 5961.8611344893325 1356.7944301147393
2164.9071182366324 6575.048597257392 -284.5871771030964
282.2740825896075 6650.13666836164 -1922.2591871726588
-1027.0381578960048 5967.676941644812 -3366.1701220594846
-2245.0935509698616 4754.962929943922 -4510.982069407083
-3263.6625296092698 3119.7495951063975 -5254.9734637691045
-3992.2407701457837 1207.332817948074 -5532.037404804031
-4366.090898594792 -812.3607783777434 -5317.555545475833
-4351.994690429332 -2759.8725545581383 -4630.585540223958
-3951.204655605095 -4462.157542764826 -3532.167688733245
-3199.3327475543138 -5767.960251441013 -2119.9012374359936
-2163.186084842822 -6561.254379500019 -519.2722581592026
-934.8308455072664 -6771.552262349863 1127.4963400438094
376.5882168891945 -6380.168010222276 2674.081940497726
1654.5457635848927 -5421.877831480292 3983.0636255231234
2785.489658331575 -3981.830013892327 4938.1326280339645
3668.930573015474 -2187.9791255968207 5454.426875905889
4226.370905450322 -199.71669020380037 5486.071359495483
4408.279635812681 1806.2914495560985 5030.254327566282
4198.493375116537 3651.8026672434617 4127.477123725297
3615.652553256587 5172.835192274197 2857.955464306304
2711.5451350098956 6234.238609858037 1334.491919952704
1566.5050320977584 6741.70256845046 -307.5470878100035
-316.1321885536364 6642.346441505816 -1943.8032149975588
-1559.8175610737185 5840.544068350067 -3384.389296473802
-2664.906298145783 4519.783723915935 -4524.257536810553
-3533.2064158789326 2797.4207608676925 -5262.125640624511
-4087.565638340268 826.4946869375516 -5532.4307888109615
-4278.726715848723 -1217.8690669391951 -5311.155182738933
-4089.704147771098 -3154.019809688009 -4617.960131059931
-3537.293418792969 -4809.9220511580925 -3514.4390561520104
-2670.578646398595 -6038.441610387529 -2098.6446482432116
-1566.571241630355 -6730.419133269488 -496.3764535876661
-323.36710725859183 -6824.3693802025755 1149.9969672813404
948.5696136662688 -6311.944459452914 2694.188110928825
2136.2217616876997 -5238.675573968837 3998.988817670504
3134.061231528386 -3699.92737418853 4948.461818688784
3853.4256073465945 -1832.4243903477259 5458.242271149555
4230.3962074723095 197.8975420374481 5483.033944717011
4231.477539776135 2210.6354093535538 5020.633990398216
3856.5735231375224 4026.948619334888 4112.128673343167
3138.9960246739956 5485.449772515366 2838.242677882131
2142.5049541610224 6456.544640908025 1312.1663650684288
955.6429162427173 6853.947183876539 -330.5016876288467
-910.8818515275028 6580.798823472259 -1965.313676185946
-2078.090891371339 5665.974612212576 -3402.550027438478
-3060.6524359651535 4247.703691937772 -4537.454876908238
-3771.2615801714833 2452.005657893666 -5269.186948271952
-4146.777583070723 438.43616069610965 -5532.728635835645
-4153.834199880439 -1614.090313424681 -5304.663104125635
-3791.8044192296384 -3523.197779879025 -4605.254976483458
-3092.856175870667 -5119.2536622923235 -3496.649734352137
-2119.0940885098175 -6260.441391336278 -2077.3518185290145
-957.0411918936318 -6845.361429265474 -473.4720773212841
290.0490145283974 -6822.041063830592 1172.4777357544306
1511.3670931504366 -6192.5524118402645 2714.2477566745606
2598.3935730208264 -5012.828302489268 4014.84495313408
3454.5413810659275 -3387.6924000274403 4958.705556650747
4003.738027398172 -1461.5451611799435 5461.9634105380865
4197.184979881154 594.466779123688 5479.901845967491
4017.693627858788 2597.6577373276996 5010.926954229526
3481.2125656430853 4370.0354059369265 4096.709212517521
2635.4104899202866 5754.1162511441335 2818.480879161087
1555.4406268596167 6626.918615913948 1289.8181509915605
337.26303816371757 6910.890179906461 -353.45058016727927
-1497.1538013747438 6466.086292906945 -1986.7901992836669
-2577.646169605211 5445.544679669658 -3420.652001344281
-3429.1033638523486 3941.1425242645146 -4550.573861801388
-3975.869675848958 2086.5525601593627 -5276.157264772978
-4169.362519329695 46.56324439895734 -5532.930940734697
-3992.3892060219396 -1997.5634199657113 -5298.079421744634
-3460.6745914476815 -3864.197808303753 -4592.4702958939715
-2621.4638525029923 -5387.481263621236 -3478.8000305291844
-1549.3245461587826 -6432.06336609386 -2056.0231159894024
-339.5209547895786 -6905.1284118438825 -450.5595248851259
900.4505633758488 -6764.642495544654 1194.9382572531024
2060.4130974231202 -6023.088407371646 2734.260531334222
3037.2988857903974 -4746.356482315553 4030.6317581015883
3744.3073391885787 -3047.889954763373 4968.863665025499
4118.61765387774 -1078.6050292857046 5465.590229812857
4126.970715763992 986.5186864241884 5476.6751173336825
3768.6243186419297 2963.9858875793675 5001.133386686517
3075.419112473109 4678.089935385291 4081.219007519875
2108.9494219065773 5976.525162972681 2798.6704094004785
955.0903202315432 6743.919902281265 1267.4476636430466
-283.6327477408924 6912.087763067128 -376.3933691315209
-2070.203745550596 6299.232951228797 -2008.232413422601
-3054.4371518515354 5181.203313890753 -3438.6949055966165
-3767.2704130338084 3602.8010247772727 -4563.61426494434
-4145.3651656241245 1704.274053980449 -5283.036469760423
-4155.12603161334 -345.68514559604364 -5533.037700014611
-3795.685715223461 -2364.9287029720367 -5291.40424928649
-3098.9820659435695 -4174.037966770307 -4579.606310064182
-2126.920260445798 -5612.265639757116 -3460.8902529214056
-965.87225597159 -6551.818881629409 -2034.6589089398435
280.9977371062734 -6909.214263685341 -427.63919194542393
1502.8998481039846 -6652.695637825446 1217.378143917028
2591.2627122303056 -5805.055809670821 2754.2260893164616
3449.3805128058566 -4441.611297759113 4046.348959958022
4001.005717461549 -2683.510130351384 4978.93596839737
4197.124005996391 -686.9673114716887 5469.122666344002
4020.3094078231293 1370.615567738645 5473.353814536465
3486.27267592754 3306.4132389080632 4991.25345688977
2642.4653175201393 4948.421583844997 4065.658325843395
1563.8633193830346 6150.740955266852 2778.811610698148
346.3052024176059 6806.540000731154 1245.0552893284705
-902.0236515179779 6857.548097121684 -399.32965833318616
-2625.402777312825 6081.685513514537 -2029.6399483270666
-3504.6162536506786 4875.255470640871 -3456.678428620936
-4072.4291960965656 3235.6375844945096 -4576.575861148417
-4278.388932908105 1308.5190996041622 -5289.824444440489
-4104.195037630175 -734.8670496275171 -5533.048911831809
-3565.325402295535 -2712.9570365888612 -5284.637702021656
-2709.6609587941225 -4449.988885233412 -4566.66324113631
-1613.2312479525842 -5791.619692970415 -3442.920710804446
-373.45886118174064 -6618.639674882593 -2013.2595663089337
899.4969843023168 -6857.5644762596485 -404.71147430279075
2092.528575353622 -6487.164579995004 1239.7970082422162
3099.629819574352 -5540.351642344947 2774.1440858453416
3831.3153518244812 -4101.254147839831 4061.9962872903016
4222.571701614522 -2297.74222424175 4988.922292832428
4238.634025265412 -290.06582054412706 5472.560659131515
3878.0751148324252 1743.384204241723 5469.937994929878
3172.932211794253 3621.926891765125 4981.287335451209
2185.8603575544876 5178.645480390845 4050.0274361982792
1004.5652180558288 6275.218691972458 2758.904825986475
-265.989949528941 6814.2111844286765 1222.6414147313578
-1512.910742820398 6747.731109475162 -422.2590516961162
-3158.2749511948196 5815.300858526453 -2051.0124343202824
-3924.5657561001585 4530.3420963570625 -3474.6022598681193
-4342.141670902856 2842.842557847505 -4589.458426585817
-4373.899243070967 902.7439824641223 -5296.521071594787
-4017.0166729515463 -1117.5673573879142 -5532.96457599268
-3303.204543053063 -3038.5779331724725 -5277.779896798508
-2295.888193629946 -4689.597525015016 -4553.641312618202
-1084.5721028634111 -5923.925796800218 -3424.891714486005
223.11297880880687 -6631.887264819546 -1991.825457632003
1510.9734931986864 -6750.576445801762 -381.77676788534507
2664.5773819199044 -6269.447285157698 1262.1944630876787
3581.421876952294 -5231.250220211133 2794.0141769661877
4180.041321406443 -3728.233616235324 4077.573469892005
4407.245750644423 -1893.947094373284 4998.822465881462
4242.847054058236 108.6249382737539 5475.904148806289
3701.4527772913557 2101.5451684624845 5466.427717500128
2831.1681777041713 3907.733887954254 4971.235194471162
1709.3218611510679 5366.703302693572 4034.3266085071136
435.5947959992568 6348.8175775990385 2738.9503990264943
-876.8367783533682 6766.811549407796 1200.2064269065172
-2111.357557014468 6583.544619388302 -445.18115326324795
-3664.533554221675 5502.330244399434 -2072.3495023306973
-4310.927039615098 4149.41747945823 -3492.466089819838
-4574.275739347009 2427.8107620484775 -4602.261738793496
-4431.17996575949 490.48240415867593 -5303.126235582367
-3894.3544063012537 -1490.427467787203 -5532.784693953578
-3011.4983677503246 -3338.906318586984 -5270.830952041301
-1861.057483481876 -4890.708690431259 -4540.540749379508
-545.2534746898064 -6007.950132609148 -3406.8035753004574
818.9986981339051 -6591.358840049814 -1970.3569530447285
2110.4792425118344 -6589.096388850221 -358.8354687419034
3214.434444506982 -6001.36380772805 1284.5701216821592
4032.7730397944665 -4880.383715737962 2813.8360195516316
4492.7820529632245 -3325.760113393374 4093.080238767963
4553.587664476903 -1475.6281301159322 5008.636316582978
4209.787028911483 505.6198882097147 5479.153077631157
3491.9283414811957 2441.9413605915797 5462.823042864568
2463.7964968351716 4161.285626801745 4961.097207535397
1216.7455212525056 5510.881403569379 4018.5561139002057
-138.41863349321363 6370.811183525167 2718.948674401946
-1481.2836852128933 6664.6664319803585 1177.7507132733465
-2692.5301809950283 6366.33682054719 -468.09556720347126
-4140.115777607086 5145.400323721191 -2093.6507838983803
-4660.627607970293 3735.72406813432 -3510.269609993887
-4767.022222537961 1994.1123351386584 -4614.985576676989
-4449.845992900674 75.31497014807542 -5309.639822341716
-3737.2814189666674 -1850.1744604544517 -5532.509268820807
-2692.6429901680945 -3611.267770888729 -5263.79098774814
-1408.7514152239517 -5051.484092091954 -4527.361777647773
0.31390516659022133 -6042.853883639993 -3388.6566056034903
1409.3513337055344 -6497.28958899914 -1948.8544232767588
2693.1617114082837 -6374.412601489986 -335.8879730351168
3737.6728523069028 -5685.141080689498 1306.9235976307864
4450.075357770905 -4490.719826039048 2833.609271307451
4767.069138862915 -2897.27840764566 4108.516326138985
4660.487907028606 -1046.4010882360856 5018.363675466138
4139.801872440496 897.4535599187997 5482.30738950187
3251.276274264762 2761.565520864821 5459.124033270651
2073.860511129679 4380.300266351331 4950.873549712109
712.1731405937718 5609.826110541419 4002.7162247109286
-712.7939388042381 6340.8942864935 2698.899997513355
-2074.4261486948208 6508.546178534388 1155.2746616091533
-3251.736491804657 6097.885180328034 -491.00189781837145
-4581.21550715955 4747.491117827638 -2114.915911181368
-4970.905684009411 3292.764968444295 -3528.0125129495405
-4918.9090763747445 1545.4622015536015 -4627.629720514252
-4429.8458110272495 -339.1616640942629 -5316.061719392721
-3547.1713053118383 -2193.649527500916 -5532.138305350552
-2349.315062614588 -3853.2220037167276 -5256.660125488904
-942.7118668046877 -5170.418795316062 -4514.104625004562
547.6554153936881 -6028.2011869424 -3370.451118766709
1989.3611105881346 -6350.351448783727 -1927.318239645316
3254.303340939383 -6108.245116342299 -312.93467703465416
4230.086438173179 -5323.39439972168 1329.2545049217429
4830.007791946716 -4065.5367293542486 2853.3335907785354
5000.761757265711 -2446.4382792696156 4123.881465446436
4727.176094970138 -609.9630520543213 5028.004374553688
4033.560091765864 1280.7100691147593 5485.367029948077
2981.544573421283 3057.586480339427 5455.330752594861
1664.6057354353686 4562.7829147886805 4940.564397548904
199.75937285406675 5662.556063815942 3986.807214470973
-1282.8364866348745 6259.186256855165 2678.8047145720193
-2651.446694651124 6299.660282986343 1132.7786600424674
-3784.4642281654424 5780.381847370385 -513.8997495491159
-4984.313966416475 4311.9111348795495 -2136.1445169620392
-5239.332178954851 2824.274355325996 -3545.6944922928283
-5028.812734962526 1085.6884051778611 -4640.193951959405
-4371.461210887588 -749.3657242353969 -5322.391815838622
-3325.6861743837326 -2517.8354205130445 -5531.671809948811
-1984.4093267524997 -4062.5843903393475 -5249.438488403148
-466.8090020024033 -5246.354908726061 -4500.769520381492
1092.2693511331613 -5963.963770223155 -3352.1874291722283
2554.2947790754533 -6151.648278312002 -1905.7487740487754
3789.359906558879 -5792.731840809009 -289.9759771103472
4687.723777012502 -4919.105758265157 1351.562457932956
5169.5628181416005 -3608.395541959395 2873.008637354751
5192.063516626055 -1977.063546567511 4139.175391356849
4753.226586662832 -170.06077886263915 5037.558247364867
3892.0446152833156 1652.0526353436028 5488.331946134268
2685.037399879405 3327.373922985995 5451.443266341603
1239.4528284036496 4707.043435631135 4930.169929069747
-316.26256612491386 5668.4714825005585 3970.8293579056703
-1843.876643757859 6126.230962472429 2658.663172594063
-3207.65418987355 6039.647936906865 1110.26309704631
-4286.417584660431 5416.4156875887 -536.7887269833781
-5346.207964482204 3842.269839485233 -2157.33623465345
-5463.829859403648 2334.1860459311965 -3563.3152426818424
-5095.966493694671 618.6995787894273 -4652.678054046571
-4275.304141740317 -1151.7610610461452 -5328.630002367917
-3074.762254929127 -2819.8826761876217 -5531.109790671277
-1601.0142483955842 -4237.445340698519 -5242.126201197974
14.990900043226222 -5278.492390965775 -4487.3566940563
1629.664041226706 -5850.522228013392 -3333.865852207226
3099.5343806843352 -5902.707490508108 -1884.1463989602335
4293.997488335578 -5430.411288866013 -267.0122697253329
5106.920075250602 -4475.599213240753 1373.8470714387042
5466.070402129997 -3123.1105066754026 2892.6340712768483
5339.536386325276 -1493.1197260472234 4154.397839766509
4738.5611304260765 269.54129468823 5047.0251289182725
3716.543923255506 2008.2523885281553 5491.202086860681
2364.295478719321 3568.5214445768975 5447.461641642072
801.9690053590992 4811.711710076574 4919.690323771901
-831.6159335102865 5627.360274286899 3954.7829309292124
-2391.30814720087 5942.993182863022 2638.4757193944274
-3738.522137929695 5730.565066745753 1087.7283614314706
-4753.552030469297 5008.951096277535 -559.6684348619749
-5664.035520520049 3342.4477030976136 -2178.490698305643
-5642.689559663295 1826.6004994111781 -3580.8744598320172
-5119.965868895181 148.45182544779354 -4665.0818111935805
-4142.310742075594 -1542.8874446767315 -5334.7761712562615
-2796.59312759132 -3097.134394491687 -5530.452257223198
-1202.3859410737514 -4376.187361805642 -5234.723390145876
498.6585128920105 -5266.396877441244 -4473.8663776488675
2155.39496966048 -5688.663919314159 -3315.486704258536
3620.615124579578 -5605.468207665586 -1862.5114874210888
4764.127736872021 -5024.202046573867 -244.04395142922718
5484.326692713164 -3996.5134852965384 1396.107960616353
5717.219154335468 -2613.717162440052 2912.209553642302
5442.111604492056 -998.680599591924 4169.548547806005
4683.448556276114 705.0931171675677 5056.404855734721
3508.6405508595776 2346.2162162165414 5493.977402564184
2022.074435083717 3778.8677082544036 5443.385947253101
355.83813202317265 4875.750221126063 4909.125762622808
-1342.0159506375571 5539.400929973255 3938.6682106399076
-2920.6260267441485 5710.851556931738 2618.242703580895
-4239.725663418308 5374.867961397563 1065.1748423398647
-5182.107069168122 4561.303760273673 -582.5384780858536
-5935.29865867298 2816.564083968032 -2199.6075426119974
-5774.583311869048 1305.7505197723942 -3598.3718405213735
-5100.770896464073 -321.0847082968066 -4677.405009205704
-3973.7326025438815 -1919.390150976788 -5340.830216368303
-2493.6107284493796 -3347.1493556375303 -5529.699220959217
-791.9205981016912 -4477.499651326885 -5227.23018308257
980.1351526736213 -5210.004453812258 -4460.298804117215
2665.1015938816186 -5479.577496848457 -3297.050302707136
4113.262062867525 -5262.266032559897 -1840.844413034592
5195.941146814402 -4577.379138204271 -221.07141885127717
5816.938057854667 -3485.7720199217106 1418.3447410529136
5921.074495242335 -2084.4387606105493 2931.7347464111813
5499.097479520285 -497.8939700103063 4184.627253844791
4588.501520351051 1132.8908847970474 5065.6972658400555
3270.197064791362 2663.013412880431 5496.657845319139
1661.3212490015292 3956.5155127875005 5439.216253555968
-95.17025035031716 4898.463846501063 4898.476428056975
-1843.205455310773 5405.162170898483 3922.485475315384
-3427.463766792956 5431.588116248079 2597.964474548035
-4707.176881418588 4975.3936213371835 1042.6029292377762
-5568.636673024668 4077.113569015207 -605.3984617228411
-6157.883190680647 2268.94320292475 -2220.6864029155195
-5858.574292123043 775.9659485988402 -3615.807082595759
-5038.705357780483 -785.9592855305627 -4689.647435279341
-3771.1253404048753 -2278.048588015048 -5346.79203315955
-2168.4642872233303 -3567.7232764028213 -5528.850694883167
-373.12566597319477 -4540.390094986497 -5219.646709404778
1455.3668081336632 -5109.623328456873 -4446.654207753477
3154.5435545658183 -5224.844105981211 -3278.5569659226912
4573.425262688417 -4875.81455583842 -1819.1455499594142
5585.938066074957 -4093.547485249639 -198.09506869349215
6102.115758805299 -2947.5507563591705 1440.5570287517485
6076.093687671851 -1539.6512076527551 2951.2093124119924
5510.184027890801 5.053107501643436 4199.633697495681
4454.670336187329 1549.3084318793285 5074.902198767957
3003.339636114832 2955.900903056468 5499.243368838221
1285.1490294346302 4099.848607239581 5434.952632555178
-547.2327082944616 4879.506770780189 4887.742503972829
-2330.99041840041 5225.599344374213 3906.2350044078053
-3907.629400448518 5107.374484055578 2577.6413824711794
-5137.0583619175995 4535.33698748485 1020.0130119090977
-5910.037144320993 3560.314896577546 -628.2479910144788
-6330.075328426942 1704.0784965194687 -2241.7269152151534
-5894.123507489737 241.63764221718918 -3633.179884974064
-4934.452946977089 -1242.2737770054187 -4701.808878005717
-3536.334587635445 -2615.803719512408 -5352.661518678149
-1823.9973812336643 -3756.908022275174 -5527.906693647853
50.40999697139618 -4564.194560339492 -5211.973100067987
1920.3382257249268 -4965.932382079725 -4432.932824179855
3619.635975857286 -4926.425319036859 -3260.0070132580695
4997.313185023886 -4449.183747136146 -1797.415272903161
5930.957187353412 -3576.6126743811055 -175.1152977238028
6337.609616009669 -2386.2438698011133 1462.744440139132
6181.137618141762 -983.8468255305406 2970.6329153474726
5475.444417426304 505.96932672909713 4214.567619619359
4283.233951630464 1950.8278838990382 5084.019495562702
2710.439352569659 3222.3468225173892 5501.733928473223
896.810322465855 4207.546104918955 5430.595157877226
-996.504240376312 4818.8864513865165 4876.924175729519
-2801.27502837422 5002.047589313512 3889.9170785390093
-4357.1402369080915 4740.7548478057115 2557.2737783003813
-5525.854414397696 4058.2252336103893 997.4054804486235
-6203.572177355379 3015.1044981806876 -651.0866713828392
-6450.574994884949 1126.5956420273799 -2262.7287161720283
-5881.09317584956 -292.81896679808943 -3650.4899476534097
-4789.050419387625 -1686.2153254086832 -4713.889127374516
-3271.4795167614975 -2929.7840525226347 -5358.438571566681
-1463.2233024197262 -3913.0286094244025 -5526.867233554793
475.0467235917437 -4548.583402335604 -5204.209487584198
2371.106763503885 -4779.976598819803 -4419.134890344575
4056.483562048048 -4586.647897917063 -3241.4007650437984
5381.423994519349 -3985.7754031116183 -1775.6539571159071
6228.2012890873775 -3030.7492724524504 -152.13250276922963
6521.575567108819 -1806.4277687117665 1484.906592070986
6235.479236529656 -421.5972303433528 2990.005219800445
5395.3332118349135 1000.6940720900429 4229.428762328853
4075.788154238823 2334.069314744632 5093.048998781926
2394.091432836899 3460.052255889685 5504.1294812158285
499.66918133021784 4278.594369909711 5426.143904769324
-1439.1508696997505 4716.964597861132 4866.021630143745
-3250.096050347317 4736.2118212344 3873.531979495697
-4772.255934109938 4334.625839767754 2536.8620137543417
-5870.379935426667 3547.889330245555 974.7807252553328
-6446.894917742702 2445.907284075166 -673.9141084373545
-6518.505729207471 541.2145592910869 -2283.691443115791
-5819.746778126631 -823.0004210593278 -3667.7369717143606
-4603.877786271166 -2114.0882023207537 -4725.88797477751
-2978.9340493206187 -3217.3299692827136 -5364.123092063895
-1089.2989492511879 -4034.6978494538857 -5525.73233255394
897.1251427689211 -4493.565119721206 -5196.356006019636
2803.8357288851753 -4553.15940941557 -4405.260644517752
4461.413206059542 -4208.185504372401 -3222.7385425825482
5722.574541286143 -3489.2958499478304 -1753.8619783837335
6475.260015414729 -2460.36694673277 -129.14708070900542
6652.590220963182 -1212.8236431580008 1507.0431018393417
6238.808590967733 142.4843635002552 3009.325891239549
5270.681439104247 1485.1320091791833 4244.216868993966
3834.231111371829 2695.8191584480633 5101.990552499316
2057.0925231479328 3666.970945081317 5506.429985698345
97.17223684049932 4312.296271007155 5421.598950098095
-1871.3822291435608 4574.455149053522 4855.0350554865145
-3673.6561716425585 4430.153612440711 3857.0799902245503
-5149.509641716551 3892.2134859536286 2516.4064413143856
-6167.80658187317 3008.433110542025 952.1391370256719
-6638.066840256997 1857.340250967505 -696.7299079815638
-6533.421109815766 -47.28929761708081 -2304.6147340508282
-5710.745790038218 -1344.5515997136204 -3684.9206593260433
-4380.645645620659 -2522.344591708088 -4737.805213012169
-2661.3059114429284 -3476.016197602371 -5369.714982006442
-705.4974680848617 -4120.828510093852 -5524.5020102433755
1312.9975213371847 -4399.487125505437 -5188.412790992433
3214.8269189937087 -4287.232002984615 -4391.310326287304
4831.004836862085 -3794.0375027908494 -3204.0206681435875
6017.926774459719 -2963.7261206147796 -1732.0397130222113
6670.129508909949 -1870.0746665242234 -106.15942846771702
6729.6619651123065 -610.2588716254945 1529.1535871791032
6191.23442307933 703.7811020941127 3028.594596025079
5102.688532771004 1955.2870364001583 4258.93168424575
3560.7463735461756 3033.0571368862247 5110.844002307335
1702.4162729536847 3841.3268004079387 5508.635402194427
-307.18098442149653 4308.277720328399 5416.960372348255
-2289.4838632892865 4392.419258232314 4843.964641479891
-4068.356053669377 4086.2750692278646 3840.561394827338
-5485.736954994475 3417.0474079997334 2495.9074142182862
-6415.686054108185 2444.2000891052808 929.4811067466868
-6775.5732925398825 1254.1748660983922 -719.5336760200273
-6495.307648033901 -634.124040539587 -2325.4982276625383
-5555.143128033008 -1853.2015888873957 -3702.040713751329
-4121.379762762297 -2907.6140434213385 -4749.640636285229
-2321.4137191929676 -3703.672230343233 -5375.214144830568
-315.17987931702396 -4170.642886301256 -5523.176287868963
1719.0590759803426 -4267.033619246566 -5180.379979670288
3600.552088410365 -3984.279689553207 -4377.284176554809
5162.120247022538 -3347.505024719619 -3185.2474649572255
6265.011368095181 -2413.289848155853 -1710.1875378699247
6811.228735563023 -1264.6432780353746 -83.16994300848286
6752.238539291109 -3.627602865841169 1551.237666274541
6093.282317092415 1257.7104007377902 3047.8110014146937
4892.911221091036 2407.2953158646947 4273.5729539808835
3257.7834909084986 3342.9814779355233 5119.609195319856
1333.187401011364 3981.629065259204 5510.745692619761
-709.8682400621689 4266.491437043247 5412.228251621253
-2689.848972800734 4172.257321456715 4832.810579293713
-4430.824820098141 3707.299833209077 3823.9764785560305
-5778.102437775389 2912.9324855634563 2475.3652864542573
-6611.970297071382 1859.7383033818667 906.8070256893976
-6858.335579318861 641.2982116176823 -742.3250187650477
-6404.58413386474 -1214.520518035019 -2346.34156332354
-5354.373371264671 -2344.798765112652 -3719.0968393519342
-3828.4030373472087 -3266.731351930138 -4761.394040216261
-1962.2622928914495 -3898.4005223142117 -5380.6204855737815
78.23406753395612 -4183.67969844176 -5521.755188323992
2111.7789877344226 -4097.220573586803 -5172.257710768091
3957.683077485228 -3646.7054204123274 -4363.1824375313445
5451.929657795367 -2872.1644873310634 -3166.419257209181
6461.748362611151 -1842.419135264189 -1688.3058302819493
6897.412368493311 -648.9667577058874 -60.17902132606116
6720.211016639217 602.1491642182867 1573.294957765928
5945.889424796426 1799.7614904135864 3066.974775569217
4643.2494644545195 2837.4571100624225 4288.140425366058
2928.0364126311615 3623.0322135067877 5128.285980174829
952.6544760693747 4086.6850053660814 5512.76082053272
-1107.3749913464787 4187.217900376842 5407.402669633887
-3069.009331146102 3915.6981096360237 4821.57306154232
-4757.948723747766 3296.2513580959244 3807.3255278078523
-6024.1234923303855 2383.9182080281694 2454.780412754769
-6755.028452188932 1259.763463524371 884.1172854020215
-6885.719490116392 23.67320690553621 -765.103542643489
