-4828.00739349651 -2990.3256124724026 -3968.296118990382
-3148.9197753320464 -3713.904855960765 -4928.518207093627
-1190.0368163225198 -4107.487354793996 -5450.819824050686
874.5861362078323 -4136.10157674242 -5488.79217911204
2861.498272478063 -3797.2050226144734 -5039.0612618915475
4594.153729760286 -3120.9101384674573 -4141.587637995875
5918.598467041743 -2167.3086926290425 -2876.1157774062717
6717.149757184962 -1021.1323583730069 -1355.0884083679352
6918.852813676119 215.7760670900208 286.3445124614302
6505.785434786685 1433.5118420744263 1902.3344667564022
5514.65046984732 2523.873799027418 3349.2936554227663
4033.5146100170455 3389.9784930990836 4498.653404671699
2193.983276299428 3954.868721383315 5248.288056900259
159.50690034558718 4168.351508117115 5531.589283540444
-1889.1423636884556 4011.457970845412 5323.384527358321
-3769.933038344062 3498.128788870746 4642.173694632199
-5315.748618464167 2673.9755127195713 3548.4853572942875
-6389.23660605515 1612.2277777150005 2139.4985236892726
-6895.012882495106 407.226529515386 540.407857219844
-6788.1370060597155 -833.9585829158649 -1106.7004189043937
-6078.105367387327 -2001.042815488072 -2655.473506134171
-4527.350074721342 -3409.9343650744704 -3984.2848385958036
-2786.9914705216593 -3979.7944361824334 -4938.926152234961
-798.9964436555017 -4196.032306595369 -5454.722203127615
1259.9929235675747 -4039.434292582823 -5485.842248618266
3207.026390143806 -3523.914814908878 -5029.5211360970015
4869.101488152257 -2695.280041484828 -4126.304998943557
6098.535551238452 -1627.1578083332006 -2856.448554642734
6786.087967614645 -414.45546324674785 -1332.784120943901
6870.666687811743 835.0730685570194 309.3040307275741
6344.7565213726275 2010.401693561705 1923.9091619105366
5255.086894504176 3007.0973055909044 3367.5665211214377
3698.4797354900315 3736.5991255891895 4512.000816608443
1813.2464214666084 4134.087715483699 5255.524038950338
-233.1017944049731 4164.244469712361 5532.070886944126
-2258.7378928933026 3824.3898283212206 5317.068959539707
-4083.6752172900833 3144.7213676254105 4629.622121507382
-5545.760077717116 2185.630613033672 3530.813041217088
-6515.079818071748 1032.3369869919181 2118.2757274968267
-6905.506125633839 -212.6843106803134 517.5203194885576
-6682.347909618867 -1438.8076739988794 -1129.2190400067914
-5865.433756833469 -2537.0866613791586 -2675.6223323013905
-4190.3862865093715 -3799.750180301345 -4000.2047554336073
-2402.8386205629677 -4210.745721951616 -4949.2488093504435
-401.7881984959339 -4247.598027653242 -5458.53038713583
1634.9628682259176 -3907.032608320957 -5482.797585658144
3526.44030918954 -3219.310196009157 -5019.894157833831
5104.57805315327 -2245.537945071841 -4110.951104643312
6229.151636022502 -1072.2397933339387 -2836.7320051934644
6800.237759849437 196.33156948851519 -1310.4568182888158
6767.092916361872 1447.4580107750166 332.25820776582384
6132.662170357427 2569.9714557393 1945.4506339693392
4953.317477772069 3464.131658727175 3385.781233875192
3333.848790010947 4050.488561745748 4525.270312895017
1418.153006902909 4276.941780776935 5262.669265792447
-623.5518943304239 4123.369953536228 5532.456959580539
-2609.8514733400643 3603.4186108128333 5310.6615737224265
-4364.254295798904 2763.2877111766024 4616.990601584623
-5730.8739718614925 1677.62657191394 3513.0797531664884
-6588.280345997994 442.9009495937733 2097.0163517829424
-6860.289099200481 -831.1783657365892 494.6238449388157
-6522.731060056167 -2031.4038357050918 -1151.718161149136
-5605.5997416920845 -3051.1301602022863 -2695.724954387069
-3820.0341713303196 -4156.646862470933 -4016.055594590142
-1999.8070918778044 -4404.923036504118 -4959.486000182896
-1.88837630306035 -4261.80246805756 -5462.244310313572
1996.1981297932068 -3740.002047712006 -5479.6582428085485
3816.9136718861437 -2885.886032698587 -5010.180493345863
5298.479683982245 -1775.3463791776353 -4095.526220234443
6309.252524161404 -507.0594088874987 -2816.9664695344136
6759.420589870165 806.2820150758587 -1288.1068859625132
6608.984472940285 2047.9817436893854 355.2066471911238
5871.311082539009 3107.7093069562593 1966.9585109431328
4611.945936629836 3891.3032603424067 3403.937479142597
2942.7891550597355 4329.137842344037 4538.461664386643
1012.1526428450616 4382.309528944899 5269.7236140389805
-1008.4180734450929 4046.0937824504012 5532.747494782774
-2939.386418539843 3350.3648473950734 5304.162480552653
-4609.177381062482 2356.941292814735 4604.279352991776
-5869.422706235949 1154.093161101299 3495.285799370438
-6608.14406642305 -151.30121263040462 2075.7207636659487
-6759.702826945873 -1443.251809645451 471.7188289592172
-6310.632326827301 -2606.9631497672613 -1174.1973938045355
-5300.834450716302 -3539.034373562899 -2715.781025248359
-3419.4796186620397 -4477.78132865434 -4031.837082344604
-1581.3922120610073 -4560.808926263819 -4969.63754795102
397.20883240706485 -4238.588635994447 -5465.863908526822
2340.5161289935177 -3539.7511446771114 -5476.424274281335
4075.858296333042 -2526.391230213174 -5000.380310373867
5449.042567433854 -1288.5503680594877 -4080.0306120821188
6338.055493688724 63.78384900643605 -2797.152288987442
6663.904375230934 1410.4505911773194 -1265.7347099155998
6397.636108971205 2631.792608661627 378.14895271752556
5562.909798865755 3619.2883034347183 1988.4324214223554
4233.894540703516 4285.1943494625275 3422.0349433918627
2528.6791724596246 4570.342072274924 4551.574643287993
598.7795628169147 4449.394845349862 5276.686961871665
-1384.3242386829154 3933.099360567794 5532.942487533713
-3244.424756568891 3067.330737477029 5297.5717922602125
-4816.243896910196 1929.0163176021988 4591.488595233502
-5960.11863127282 619.300332559728 3477.431487104466
-6574.410669697042 -745.4432047854206 2054.38933088947
-6604.537468792665 -2043.9508420617506 448.805667085873
-6047.822130250761 -3160.8444772903745 -1196.6563497895486
-4953.731255005803 -3996.8832095742255 -2735.790198546267
-2992.149016329198 -4760.616403436332 -4047.548946173806
-1151.2086848047572 -4677.216114508185 -4979.703277352438
792.0215903606942 -4178.2246481811435 -5469.389119270418
2664.877271493104 -3307.9795860263425 -5473.095735922405
4300.946912432053 -2143.806020823802 -4990.493778152655
5554.858545806779 -789.1458827332916 -4064.464547772811
6315.1966202913545 635.6333301477382 -2777.289805714467
6514.401761279144 2003.9337322142044 -1243.3406764828403
6134.773717796018 3194.175828055116 401.0847281649943
5210.044107475695 4100.601384163576 2009.8719945840096
3822.3792143041755 4642.6705120963325 3440.073314106276
2095.07915370684 4772.217991005366 4564.609023157111
181.6221161992153 4477.732958879861 5283.559189043677
-1747.972843368233 3785.3817031504504 5533.041934466115
-3522.252744949942 2756.682671222129 5290.889622656646
-4983.565032991263 1483.0402864530831 4578.618549187463
-6002.065697836394 77.62326401756842 3459.517124686412
-6487.256485797279 -1334.6909260699902 2033.0224218161286
-6396.026066138897 -2628.411970181563 425.88475499554715
-5736.480662005993 -3688.5870761465703 -1219.0946412708677
-4567.223776923121 -4421.015033298178 -2755.7521287516356
-2541.6800743268045 -5002.941008873387 -4063.190914756847
-712.9595706519309 -4753.296625818707 -4989.6830145667445
1179.1105196468895 -4081.300978061371 -5472.819881669129
2966.411465833804 -3046.6638279089407 -5469.672685210748
4490.1337353990875 -1741.3172265828043 -4980.5210674081645
5614.887917946809 -281.24694803001154 -4048.8282961096675
6240.734668455187 1203.8133560871606 -2757.3793627114956
6312.064756658316 2581.9095606680803 -1220.9251723763887
5822.540191192414 3730.591770260163 424.01357746623336
4815.657377942299 4547.794529632297 2031.276860198042
3380.8822734976948 4960.90578737903 3458.052279789575
1645.7009422953386 4933.21879534067 4577.564578909329
-235.7081396695896 4467.193664262191 5290.340176881709
-2096.173519036752 3604.2387721575124 5533.0458338626795
-3770.3846823315184 2421.0314482053072 5284.116087133242
-5109.580620540483 1022.7048555585413 4565.669437100508
-5994.76789758919 -466.4935515709202 3441.543021471095
-6347.293739331498 -1914.24195947009 2011.6204054211712
-6135.834677694419 -3191.901568757856 402.95648849884367
-5379.179778277211 -4185.946716232178 -1241.511880772045
-4144.561149418444 -4808.052128244664 -2775.6664711511676
-2071.890968667596 -5202.8875879295 -4078.7627179798474
-270.40459837701553 -4788.54801057409 -4999.576587258471
1555.1084071304106 -3948.72492828235 -5476.15613647871
3242.443206183462 -2758.0403074187934 -5466.155181257436
4641.6726971394755 -1322.2917017805394 -4970.462350354526
5628.469199309513 230.9483243424623 -4033.122127107869
6115.151512990659 1763.667578347619 -2737.421303802734
6058.475778842179 3139.6772282888937 -1198.4885846792072
5463.477884560532 4236.712778250128 446.93510467359675
4383.0260041578995 4957.297805356045 2052.646648633743
2913.1230286930236 5237.405167712983 3475.971529971339
1184.3762880989323 5052.146096944611 4590.441086821167
-649.6074832424986 4417.981674484733 5297.0298082880345
-2425.8707789423256 3391.2601922536564 5532.954185656068
-3986.584810174566 2063.2103596406128 5277.251302659049
-5193.0732861835195 551.835232323961 4552.641482584875
-5938.134411288308 -1008.5728770736962 3423.509487844965
-6155.566234876485 -2479.3648602941894 1990.1836512860962
-5826.048985238396 -3729.85439516407 380.0212635333514
-4978.861716067023 -4648.9299988272005 -1263.9076811801654
-3689.28073404833 -5154.927770601271 -2795.532881853331
-1586.748066237396 -5358.946623072533 -4094.264086940526
172.67192309019836 -4782.8166234208775 -5009.383824580105
1916.7492542929872 -3781.7123777332326 -5479.397826086923
3490.5150027362893 -2444.5863915125674 -5462.543284804617
4754.133175313687 -890.24817651532 -4960.317800691051
5595.325752094648 743.1924957550688 -4017.346311989965
5939.3490811193815 2310.5972533310846 -2717.4159736346514
5755.635179882517 3672.695305059602 -1176.0313008383146
5060.507834724133 4708.458261575686 469.84891396585346
3915.7321607776566 5325.854038822028 2073.9809908661628
2423.0265004385305 5470.024312593544 3493.830755212348
715.0243022587841 5128.158921384808 4603.238324534184
-1056.510943009118 4330.63410545628 5303.627967742499
-2734.1705545687532 3148.3134445832143 5532.766991428912
-4168.887113645114 1686.2513180129351 5270.295387778839
-5233.179757814334 74.35836184519114 4539.534910614255
-5832.481415070647 -1544.1416610887943 3405.416835220763
-5913.541503174824 -3025.437921080978 1968.7125295922713
-5469.157477572468 -4237.910744869487 357.0794761568661
-4538.814809085529 -5073.826601211353 -1286.2816557525396
-3205.178526550621 -5458.910697914296 -2815.3510177942635
-1090.3325028838292 -5469.978136221963 -4109.694753952943
612.4933194557203 -4736.297934677112 -5019.104557175015
2260.8964224789847 -3581.7768767350526 -5482.544894514534
3708.4089565844592 -2108.999224926158 -5458.837058224452
4826.413080812749 -448.82773679191223 -4950.087593599268
5515.569222445875 1251.22406540436 -4001.5011231811923
5714.642833987831 2840.0991184831037 -2697.363717670011
5405.9453514329525 4176.618901314921 -1153.5537086581476
4616.905900802833 5142.027765974745 492.7546096550548
3417.6340999285467 5650.544898210543 2095.27951848243
1914.6905112354016 5656.986319232475 3511.629647109913
241.61826813807812 5160.779680515037 4615.956071058803
-1452.9228184076385 4206.015119475228 5310.1345413045565
-3018.3653364910388 2877.527657276728 5532.484254413781
-4315.612848549114 1293.3592349070536 5263.248462611091
-5229.399220258556 -405.72983129763395 4526.3499475199615
-5678.5305224075355 -2068.768021475489 3387.2653760321095
-5623.099467819858 -3547.987094306322 1947.2074111145332
-5068.03134895082 -4711.951943723119 334.1315225404626
-4062.6464040382507 -5457.239184879602 -1308.6334181233647
-2696.277497496791 -5717.626775759828 -2835.1205367437688
-586.8058959149748 -5535.220081646201 -4125.0544525520645
1045.322619309683 -4649.533878777297 -5028.73861718038
2584.5696324859045 -3350.7161866356905 -5485.597287416277
3894.166291618742 -1754.1726569357115 -5455.036565518054
4857.749186473967 -1.7631886070728473 -4939.77190573988
5389.699748229798 1750.802946766932 -3985.5868343047596
5442.75183504764 3347.802557048498 -2677.264882181934
5012.191536198482 4647.335218546778 -1131.0561962938168
4136.276023717821 5533.9317513824835 515.6517961933666
2892.834234781477 5928.814162848366 2116.541863688136
1392.3514290908556 5796.895417772761 3529.367898303233
-231.84791130808472 5149.897075571516 4628.594106778168
-1835.4465473395094 4045.3077782546648 5316.549416615192
-3275.95770291531 2581.2751322991066 5532.105979493129
-4425.385640283501 887.8848630994288 5256.110648845879
-5181.598643027494 -884.3978726051772 4513.0868209870105
-5477.4038672673805 -2578.0979762126703 3369.0554237281463
-5286.517720709604 -4042.722760837057 1925.668667214821
-4625.90127516588 -5148.13388696444 311.1777989617124
-3554.2532008902817 -5796.110725021588 -1330.9625823104336
-2166.794132132328 -5929.077689347601 -2854.841097311194
-80.37547877130245 -5554.293569500345 -4140.342917498376
1467.4942043691003 -4523.407268939308 -5038.285838230072
2884.970587459052 -3090.5963818871846 -5488.554952081794
4046.1046733683775 -1383.1724434455557 -5451.141872314367
4847.724603011031 447.1524365485143 -4929.370915249718
5218.60292778713 2237.7458602591023 -3969.603720177167
5125.785480967602 3829.505744099698 -2657.119814247884
4577.519500025017 5080.997237067885 -1108.5391522444281
3622.520823391753 5881.019827933476 538.5400781798879
2345.6452744293447 6158.487998656751 2137.7676593137076
860.3488491391412 5888.7474846199375 3547.0452024786614
-701.3933469758009 5095.765914231957 4641.152213451892
-2200.8136661979506 3850.0031799640747 5322.872482898912
-3504.6820330667083 2262.15076769572 5531.632173199212
-4497.144021253712 473.296332432469 5248.882069742807
-5090.015027760846 -1357.6125589941507 4499.74576005019
-5230.615861888397 -3067.8916167695606 3350.7872927680914
-4906.453522507527 -4505.57504117439 1904.0966698357079
-4146.331256035228 -5542.918350780468 288.21870179782576
-3017.7892615891856 -6087.749040223172 -1353.2687627217344
-1621.103447900901 -6091.656511795417 -2874.5123589513187
424.741050190628 -5527.204884254724 -4155.559884782465
1875.444774340584 -4359.133332013461 -5047.746055457563
3159.5070000365345 -2803.7336534812716 -5491.417837436545
4162.833163511154 -999.2099358547769 -5447.153045869041
4796.273332115364 894.0979695329967 -4918.884801738655
5003.543567062282 2707.961346643434 -3953.552056803388
4766.226998386439 4281.210474411973 -2636.928861743707
4105.410244661288 5474.055263746298 -1086.0029653463846
3079.8097744018687 6180.506220400911 561.4190603674771
1780.5546901642622 6337.792076668093 2158.9565388207225
323.0895078700015 5931.937293980889 3564.6612543750307
-1163.0835950534604 4999.003850845436 4653.630174219861
-2545.9116164481297 3621.8869777953078 5329.103630965606
-3702.5242181722783 1922.94955237886 5531.062843713969
-4530.151294851918 53.149620508422494 5241.562850128849
-4955.254548742447 -1821.3728883874396 4486.326995090087
-4940.061690200799 -3534.0584231868197 3332.461298615826
-4485.922671381157 -4932.727358126107 1882.4917914940145
-3633.1897370619067 -5893.101820378421 265.25462751880684
-2457.63195061415 -6329.848324438737 -1375.551574162217
-1063.7027802141638 -6204.160026790831 -2894.133981970257
924.3506711331414 -5454.344289068154 -4170.7050916295775
2265.74336536961 -4158.248441753174 -5057.119105498748
3405.8148185419923 -2492.673972215711 -5494.18589404269
4243.264678914771 -605.6144813273174 -5443.070155063273
4703.681851305635 1335.2565139223811 -4908.313746286539
4746.156249440178 3157.4841082333664 -3937.432121372157
4366.913836648318 4699.15538313705 -2616.6923733375884
3599.651965584535 5823.28608034526 -1063.448024766645
2512.5452205661013 6429.992254244753 584.2883476696103
1202.1878065772753 6465.36539879836 2180.1081363082444
-214.98926974022885 5926.262454880007 3582.21574978891
-1613.0636059764477 4860.585084871138 4666.027773605945
-2867.8101620086177 3363.0233997451546 5335.242753212473
-3867.7391999687156 1566.6423271667077 5530.398000868889
-4524.002636717678 -368.9417912771094 5234.153116396223
-4778.288585935707 -2271.7438124915666 4472.830757829139
-4608.002625119271 -3972.6914265826435 3314.0777577344534
-4028.2754091745414 -5320.647973552677 1860.854405274368
-3090.618245329193 -6195.841598793507 242.28597268060741
-1878.3460874315615 -6520.507507978522 -1397.8106318403143
-499.1746366796011 -6265.797710303755 -2913.7056275312993
1414.3198854436184 -5336.481633983589 -4185.778276504163
2635.1201695821587 -3922.5961523194474 -5066.404826494772
3621.7784626189296 -2160.170788492037 -5496.859074099945
4286.62584533901 -205.80477035375134 -5438.893270402612
4570.587710153041 1766.8479047898302 -4897.657931440019
4448.432799226178 3582.5083899085025 -3921.244192251164
3931.0151124622676 5079.8472830047 -2596.41069848408
3064.309481980409 6125.819452463296 -1040.87471999602
1925.3265065239118 6627.485680854653 607.1475451671755
615.2698218065668 6540.270722260205 2201.222086519137
-749.4562866454334 5871.924008487614 3599.7083855798564
-2047.5899150942525 4681.831078046814 4678.344797521756
-3163.7861938866004 3075.7369104442855 5341.2897436258545
-3998.8661853050985 1196.3500206996644 5529.637656144833
-4478.629367424027 -789.3378184797143 5226.652996500179
-4560.446676106074 -2704.889528535192 4459.257281327608
-4237.048284425495 -4380.099933768156 3295.6369875808105
-3537.1695586935757 -5666.1192381338515 1839.1848848227598
-2522.9977950587977 -6448.678982836635 219.3131339182787
-1284.64660533958 -6658.245300352789 -1420.0455513746879
67.85107284283089 -6276.19730370436 -2933.226957660752
1890.6089679292602 -5174.758812443735 -4200.779179114384
2980.493913883906 -3654.3106565013063 -5075.603058094826
3805.548895907866 -1809.1609620505494 -5499.4373314464
4292.464158154154 196.7406232505073 -5434.622464015742
4397.975142779751 2185.160940793758 -4886.91754120942
4112.706735773347 3979.420119326635 -3904.9885489822495
3462.0062869772423 5420.090356859789 -2576.084187418014
2503.6913868188562 6379.161780511192 -1018.2834408424324
1322.9125196729383 6771.416685473795 629.9962581152702
24.58706964811205 6562.001502059378 2222.2980248463873
-1275.923049413536 5769.5236883177 3617.1388596756624
-2463.0618062387043 4464.398375731327 4690.58103327031
-3431.3467126108703 2762.5916757716354 5347.244497783077
-4094.74140535053 815.3165819857587 5528.781822671843
-4394.300354748113 -1204.40296806744 5219.062619956817
-4303.406433556847 -3117.1060289724783 4445.606799979563
-3830.1359655559777 -4752.840540008818 3277.1393066000155
-3016.541108740622 -5966.264311568205 1817.4836043400865
-1934.9133365410462 -6649.559316525076 196.33650793911247
-681.3600231624818 -6742.011795098271 -1442.2559488008217
632.7351183732761 -6235.406938845552 -2952.6976352538154
2349.305344294494 -4970.679136818589 -4215.707540416591
3298.9975688695868 -3355.7978147102044 -5084.71364145891
3955.5593820382483 -1442.739130088662 -5501.920621559327
4260.652385426375 598.5132575976432 -5430.257809653235
4187.167726804342 2586.585115814239 -4876.092761065561
3741.6348405728304 4344.827535448904 -3888.665472276587
2963.6412788623734 5717.012961597356 -2555.7131911484867
1922.3151837994565 6581.2166974097345 -995.6745774242316
710.1829487147287 6860.650448463479 652.834091950071
-565.0521579498419 6530.485299702652 2243.335587339388
-1790.0799006900236 5620.057873500534 3634.5068710775345
-2856.0511886176355 4210.263642020148 4702.736269549739
-3668.24979486237 2426.369009508604 5353.106912854252
-4154.508308984507 426.8808425571988 5527.83051522891
-4271.620528093948 -1610.5375605911354 5211.3821178408225
-4009.180517584316 -3504.852633753269 4431.879549508842
-3390.5072240884015 -5087.746169613987 3258.5850342199337
-2470.5724847363513 -6218.57113109818 1795.7509385756994
-1331.1165381867065 -6796.848757834377 173.35649151582447
-73.38504571045212 -6771.196544957503 -1464.4414405776747
1190.8670301221327 -6143.893804154551 -2972.1173240804223
2786.655817632733 -4726.093729187432 -4230.563102619843
3588.0021732997293 -3029.7139211077874 -5093.736419260586
4070.538790180859 -1064.13073545715 -5504.308901555938
4191.390172289161 996.0051358996733 -5425.799382686285
3939.818143976761 2967.641580035238 -4865.183777936556
3338.175983964874 4675.590046504129 -3872.2752440098097
2439.9222384336927 5968.091818852157 -2535.298061452782
1324.8706945952956 6730.302442555609 -973.0485201633859
92.09857544282703 6894.496158792201 675.6606522956239
-1148.8569063056796 6446.0836353220575 2264.334410710235
-2287.7314102534315 5424.908292681452 3651.812119865346
-3223.330938856235 3921.706041418173 4714.810296456894
-3872.5233681868244 2070.0429982513924 5358.876887604055
-4177.625101965124 34.4475504559099 5526.7837502437205
-4111.526512228027 -2004.2087133681716 5203.611622783228
-3680.100748742561 -3864.782237684409 4418.075766964968
-2921.6818838751815 -5381.952899864903 3239.974490845706
-1903.658762035729 -6420.913428581109 1773.9872628209412
-716.4872051205278 -6889.347621453415 150.37348147966412
534.3473842219516 -6745.633044755517 -1486.601643594246
1737.7028635314266 -6002.539369308065 -2991.485688790933
3199.097377891486 -4443.185048313404 -4245.345609190328
3845.1385759969935 -2678.942392083948 -5102.671235689687
4149.522337512464 -676.663947972767 -5506.602130194134
4085.202829461104 1385.7390574066217 -5421.247260105404
3657.895122394795 3325.0130663197247 -4854.190780204568
2905.5673812953614 4968.845072710823 -3855.818147217183
1895.0672274954009 6171.173388974119 -2514.839150870318
716.1820341669224 6825.165867878709 -950.4056597787852
-526.339075810381 6872.712407675196 698.475544970639
-1722.0926491009318 6309.588289648114 2285.2941323399655
-2764.830733239754 5185.8295629136555 3669.0543072027767
-3561.9014734704006 3601.2871218761175 4726.802905491003
-4042.481636636044 1696.7545160716577 5364.554322393462
-4163.869566248109 -358.5421745703066 5525.641545792375
-3915.279412058408 -2381.9808195652995 5195.751268969113
-3318.7995001866243 -4193.770015591246 4404.195690719064
-2427.429688411534 -5632.924341675343 3221.3079978541705
-1320.3720962213513 -6571.568620320262 1752.1929529026293
-95.99364892439911 -6926.300188195838 127.3878747135709
1136.9142553406946 -6665.599588782474 -1508.7361751762935
2268.802338752704 -5812.631214403806 -3010.802394922051
3583.2863406983306 -4124.447697383183 -4260.054804855789
4068.3169150588064 -2306.568579558095 -5111.517936455012
4191.85967800159 -283.7407212297841 -5508.800267873212
3942.937312880727 1764.2987453554506 -5416.601520519084
3343.6676642150187 3655.5725259183187 -4843.113957702586
2447.298470139946 5222.032645337552 -3839.294466088676
1333.4760672004968 6324.492247705736 -2494.3368126965324
101.16846382694692 6864.992959288182 -927.7463872794922
-1140.128401528122 6795.5089199124795 721.278375995298
-2280.119855036327 6122.214091402852 2306.214390284874
-3217.512653283385 4904.933673978064 3686.2331353424893
-3869.015332464505 3251.828374673429 4738.71388955726
-4176.739020462024 1309.7838538652788 5370.1391191814855
-4113.341117174202 -748.6407102505605 5524.403921599071
-3684.4548045252764 -2740.5452619049993 5187.80119213528
-2928.1885135306898 -4488.940340354382 4390.239560459721
-1911.7398229652654 -5838.473370173064 3202.585877588341
-725.424659597344 -6669.232419333501 1730.3683851765966
525.3476682494818 -6907.400900591745 104.40006814533109
1729.4405503220796 -6531.816499202834 -1530.8446530928106
2779.8650499737014 -5575.851537455182 -3030.0671089025323
3936.1255764556613 -3772.666679463743 -4274.690435609948
4255.74367382119 -1915.8529270881004 -5120.2763687869865
4197.220269744203 111.19276544139504 -5510.903276634553
3765.7554255026694 2128.358492800026 -5411.862244152448
2999.6866859597385 3956.4102279259528 -4831.953501711119
1967.0826204610828 5432.917551880357 -3822.7044859640755
759.6946317345547 6426.6863093842185 -2473.791400976787
-515.1955588865561 6849.415785250946 -905.0710939579707
-1744.3083632021307 6663.544610432042 744.068751598094
-2818.4317146760236 5885.588254492379 2327.0948232827313
-3642.1250398170932 4584.671553662429 3703.3483076312746
-4142.199571967933 2876.38666578986 4750.5430429704065
-4274.221494406008 912.5221998468703 5375.63118152686
-4026.4600799540285 -1132.423868090212 5523.070899035768
-3420.9300175691083 -3076.7491057872044 5179.7615295679225
-2511.435310619064 -4747.691683343934 4376.207617188897
-1378.7885550681797 -5996.781019933779 3183.808453351823
-123.63038568557742 -6713.030046462455 1708.5139365211753
1142.512886008193 -6832.796893715808 81.41045874071338
2307.1388739449253 -6345.439751727231 -1552.9266955627852
3266.7654482194675 -5294.26244129399 -3049.279498058977
4254.789607100345 -3390.8932885668323 -4289.252248716885
4405.936173873434 -1510.2027004093031 -5128.946381440299
4165.595976465434 504.67602509499136 -5512.9111201622745
3555.124296131637 2474.7120710353242 -5407.029512845861
2628.764220680539 4224.859089369126 -4820.709604954905
1468.8269080802072 5599.608837123744 -3806.0484933280577
178.37787885621893 6476.808766221293 -2453.2032705002916
-1127.9208077025592 6778.515813432956 -882.3801713833578
-2333.998780698034 6477.921983594415 766.8462782225969
-3332.6907194435435 5601.736357621119 2347.93507075901
-4035.258462494162 4227.811873458087 3720.399528515136
-4379.275782712087 2478.2277508914894 4762.290161458278
-4334.175231500812 508.44221713481784 5381.030414589708
-3903.9641907559644 -1506.5206388761953 5521.6425011218125
-3126.8687993977883 -3387.6225248661176 5171.632420100244
-2071.937393175399 -4967.719283185113 4362.100103217701
-832.9052570218951 -6106.412382716102 3164.9760494032666
480.1341663625247 -6702.523944493407 1686.629984330725
1750.511562031543 -6703.086840260612 58.41944349663357
2865.348323420606 -6108.051054258571 -1574.9819212616494
3725.586311899744 -4970.288127345099 -3068.439230621518
4536.747366238382 -2982.418843538035 -4303.739992715397
4517.734387435668 -1093.1425356785967 -5137.5278246965245
4097.300882558483 893.2642836528954 -5514.823763783855
3312.8042135572173 2800.300651356069 -5402.103410053522
2233.9503521795527 4458.518017269267 -4809.38246159959
956.6001984810891 5720.5764914640395 -3789.326775805233
-405.7480808232525 6474.336640055794 -2432.572776793916
-1732.0438625503186 6652.823566020216 -859.6740113946628
-2904.4399461404887 6240.1779227084 789.6105625342602
-3818.7637945913143 5273.065086394177 2368.7347728331415
-4393.773721523814 3837.4172766888496 3737.3865035444596
-4578.3775715405345 2060.7981017213724 4773.955042165327
-4356.172482446837 101.06797175242967 5386.336725133174
-3746.9023515396725 -1867.642491036194 5520.11875252355
-2804.703503688064 -3670.4047224821866 5163.414004110064
-1613.2944412951783 -5147.035387029805 4347.917262162263
-278.53708796717297 -6166.329370047066 3146.088990950716
1080.9695079665973 -6637.717928044917 1664.716906509061
2344.427219360984 -6519.316118990636 35.42741943425966
3399.572283965756 -5821.644463216467 -1597.0099493279513
4152.650432362921 -4606.694149019596 -3087.54597572963
4779.782438348305 -2550.7464895421695 -4318.153417423357
4590.309974383652 -668.2840582694951 -5146.020550366697
3992.9683249514824 1273.5583442967238 -5516.641174470739
3040.8339169945043 3102.239499053424 -5397.084020842013
1818.5080710327047 4655.273060365435 -4797.972267248354
434.59980256842374 5794.665180934639 -3772.539622155185
-987.9245655638691 6419.175870708492 -2411.9002761160914
-2322.6675006102737 6473.314614280579 -836.9530060940497
-3451.0312353690138 5952.270946700552 812.3612114272197
-4272.755700264083 4902.341884395374 2389.493570324716
-4714.827070511144 3416.8182320886517 3754.308939379051
-4737.965364865483 1627.6952854010192 4785.5374836561405
-4340.114644332988 -306.05553041760714 5391.550021525044
-3556.625691372097 -2212.611969256061 5518.4996795538855
-2457.114937738031 -3922.568124738407 5155.106423517404
-1139.2787390146423 -5283.986888431061 4333.659338939485
279.78737531260344 -6175.900228692094 3127.1476041460182
1673.9931535166393 -6519.05773114208 1642.7750814629642
2919.457293832774 -6282.968345766449 12.434783592214856
3905.5148417645582 -5488.609650517021 -1619.0103993698576
4544.550256935968 -4206.563901452439 -3106.5994034377914
4982.010614229928 -2099.5613075575434 -4332.492273942004
4623.172472941177 -239.29483237598936 -5154.424411793879
3853.5451689733745 1642.2340387902482 -5518.3633208389065
2741.5134657378485 3377.8432087846018 -5391.971431888837
1385.8862601378407 4813.316186257664 -4786.479218938559
-92.88302153710393 5821.1048976915745 -3755.6873222675054
-1563.3992391380382 6311.662893467495 -2391.1861254506466
-2895.0005734770098 6241.401942882442 -814.2175478400173
-3969.368402361787 5616.565039730994 835.0978320310531
-4691.040429410395 4492.671684909748 2410.211104759684
-4995.892928014043 2969.584735119305 3771.166543793212
-4856.838415848639 1182.6371498055712 4797.037285918904
-4286.23249655075 -709.3929361860633 5396.67021373932
-3334.776010112836 -2538.390346677925 5516.78531017184
-2087.010040752915 -4141.840635324901 5146.7098217820185
-653.8040705793954 -5377.270207355002 4319.32657976283
837.4952604370225 -6134.905723699993 3108.1522160792165
2254.379462276187 -6347.427943903906 1620.804888095634
3470.952155710798 -5995.953336063228 -10.558066980348837
4379.115518087851 -5111.711961505513 -1640.9828914718123
4898.175249250876 -3773.2725467895784 -3125.599184721191
5141.894622675054 -1632.6989858898976 -4346.75631466028
4616.172597358305 190.1330931236806 -5162.739263855676
3680.283379026492 1996.0710124278849 -5519.990173149407
2417.3848318105765 3624.6492626645177 -5386.765731480929
939.691033769698 4931.161519402104 -4774.903515138324
-621.4984363878057 5799.518435094922 -3738.770167156735
-2127.4650430712873 6152.562687062101 -2370.4306825006347
-3444.397044451312 5958.924744207175 -791.4680292406488
-4455.279252944379 5235.810187518922 857.8200317176108
-5070.290348142369 4047.4709186950604 2430.887018376554
-5234.783895305208 2499.4960967115635 3787.959025680776
-4934.143920899431 729.4300776773006 4808.454250368869
-4195.083605987788 -1105.449004809767 5401.697213357775
-3083.2717028629486 -2842.1040920364376 5514.975673982062
-1697.497578223743 -4326.22575831728 5138.224343900932
-160.89334441393467 -5425.943280642603 4304.919232138072
1390.0069691158776 -6043.541931122945 3089.1031547728526
2817.3990634946313 -6124.145359376082 1598.8067058001525
3994.452887129732 -5660.591597079407 -33.5507352305427
4816.582042375594 -4694.069430285153 -1662.9270462010409
5210.736745934237 -3310.4585950256655 -3144.544991481427
5258.255922260575 -1154.1133191643842 -4360.945293259079
4569.5026205467575 616.3147741584386 -5170.964962966767
3474.7289580654005 2331.9805951444473 -5521.521703308885
2071.210379063053 3840.439706523594 -5381.467009513113
483.6556685239246 5007.658896486051 -4763.2453557431145
-1146.8739706515069 5729.925617746621 -3721.7884489573835
-2675.4988245610252 5943.063302505995 -2349.634305682199
-3966.3938666750882 5628.133732133982 -768.7048431468424
-4904.85740750229 4813.1197810037875 880.5274181077633
-5407.502843060705 3570.439015303154 2451.5209541325544
-5429.6679205778155 2010.5090744792876 3804.686095060167
-4969.38317564638 271.9365794141856 4819.788179851764
-4067.5469277798943 -1490.7986741058844 5406.630933571482
-2804.291285244486 -3121.069923169419 5513.070802234325
-1291.8620555854868 -4474.020412969601 5129.650136405925
335.35478695552297 -5429.434555162231 4290.437544859019
1932.773884995305 -5902.419610447606 3070.0007491763336
3358.4575415147624 -5850.948781002881 1576.7809144529456
4485.727507122458 -5279.595475900243 -56.54282410864524
5214.420898431399 -4239.126943640734 -1684.8424846140992
5479.7901098055 -2821.9933793365735 -3163.4364965521163
5330.283462010084 -667.8428094572935 -4375.058964715509
4483.693844442728 1035.6038272726778 -5179.101367081372
3238.7083524302857 2647.0325192769274 -5522.957884870055
1705.9494104669138 4023.2607556325356 -5376.075357486562
21.609376947868295 5042.004618061181 -4751.504942072272
-1664.6507445441762 5612.744243702263 -3704.74246091887
-3202.9993421840063 5684.766912167983 -2328.797354118318
-4456.747392139687 5251.673093298889 -745.9283826454982
-5314.493878189972 4351.945073502415 903.2195990781712
-5700.024260890829 3065.5276357288667 2472.1125557098117
-5579.082473867076 1506.7246146743605 3821.3474630793753
-4962.414725640058 -185.95750054603602 4831.038878647214
-3904.814651841593 -1862.1164757818574 5411.471289182317
-2500.25466023014 -3372.818230380912 5511.07072782297
-873.5360698703929 -4583.830283841603 5120.9873473610105
830.8000337472404 -5387.548900775094 4275.881768003206
2461.315908460534 -5712.560155005789 3050.8453291602464
3873.133063400163 -5529.985370306891 1554.7278944071822
4940.805348692191 -4856.047117515139 -79.5339365749484
5569.465396385765 -3750.627767920402 -1706.7288282634477
5703.254002414147 -2311.948681787083 -3182.2733737046433
5357.539345227919 -177.9766511169733 -4389.097085307132
4359.611185602125 1444.423484343079 -5187.148335695693
2974.3124402969993 2938.4802544712134 -5524.298693032163
1324.7329821163473 4171.440158681366 -5370.590868507215
-442.5548150203016 5033.749298729072 -4739.682476865563
-2170.5196747225614 5448.787723339743 -3687.632497400457
-3705.6243361570264 5379.677447120603 -2307.920187632647
-4911.468013459391 4832.559221399168 -723.1390410527474
-5680.906204143513 3856.0469015195845 925.8961827680893
-5945.570948343235 2536.9078924568803 2492.661467521509
-5681.945622074309 992.3534841124637 3837.942842020973
-4913.454492476419 -640.3758861668779 4842.206152472119
-3708.3813688821006 -2216.2050487170163 5416.2181966044245
-2173.802286699028 -3595.114667032969 5508.975485286358
-446.0713317685429 -4654.582570282184 5112.236126359882
1321.2950185413881 -5300.470385862665 4261.2521529276055
2971.258508046229 -5475.388146928083 3031.637225510648
4357.212639957962 -5163.7936427938275 1532.6480264862412
5356.009307496712 -4393.373412562181 -102.52367560656104
5878.901043604667 -3232.582674622729 -1728.58569920397
5879.426622856056 -1784.5627800876362 -3201.05529765371
5339.961356864597 311.3796146584932 -4403.0594126161295
4198.4449279940145 1839.2969826911662 -5195.105729850362
2683.8782426990497 3203.7847421898887 -5525.544104641415
930.837197534618 4283.60216776726 -5365.013637284168
-904.9128175425441 4982.802742460031 -4727.778164279662
-2660.2573576365403 5239.259426815553 -3670.458853866173
-4179.226357157419 5030.184918987218 -2287.003166743288
-5326.852754612065 4374.156406503944 -700.3372119071809
-6001.164908311146 3329.4649016335766 948.5567775861076
-6142.247224228358 1988.9358291370004 2513.1673347180226
-5737.563919464907 471.68107992047607 3854.4719453070493
-4823.072881572459 -1087.4846031853017 4853.289808484014
-3480.030652445578 -2550.022506950489 5420.871573865655
-1827.7724279859272 -3785.979720383678 5506.7851108062605
-13.108602252539916 -4685.536021162429 5103.396624523309
1802.7199803171331 -5168.7618843247465 4246.548952264257
3458.3689815293096 -5192.720571326886 3012.376769923389
4806.7267219303 -4755.28324768774 1510.5416919771149
5727.985699114999 -3895.3181392747265 -125.51164420435352
6140.288010082121 -2689.2369198650536 -1750.4127199994946
6006.998785143342 -1244.2051986035406 -3219.7819440629683
5277.862341105618 796.1384873044237 -4416.945705533554
4001.699718938559 2216.8770332035715 -5202.973412132831
2369.968515573821 3440.6363260979806 -5526.694098191376
527.6552091648291 4358.6799824347545 -5359.343760128039
-1361.5425781551999 4889.4357945801485 -4715.792209884618
-3129.761332374943 4985.743779441528 -3653.221826879706
-4619.887057481806 4639.046549923328 -2266.046652656591
-5699.515543490979 3880.1496763239725 -677.5232889630049
-6272.717061548988 2776.4844762268463 971.2009922169209
-6288.560141322947 1426.1164460155235 2533.629803193026
-5745.637055648726 -50.96828883322234 3870.9344875041747
-4692.188903267208 -1523.524267548474 4864.2896552843695
-3221.8191754985387 -2860.7084292159343 5425.431340609001
-1465.1766752662686 -3943.706092935379 5504.499642207238
421.65320238534804 -4676.288163628388 5094.468994496559
2271.0173426104307 -4993.3615094304205 4231.772419915913
3918.5916257491263 -4866.752772113501 2993.0642949983458
5217.981846483895 -4307.711693601531 1488.4092726238637
6053.7314814224 -3365.9115270316674 -148.49744539975413
6351.580507873492 -2125.0353502255984 -1772.209513729297
6085.063732748069 -695.3404569879525 -3238.4529895506394
5171.926442266229 1272.2646485513712 -4430.755724263458
3771.180907432798 2573.9741173716857 -5210.751246679749
2035.3493994191506 3646.974690164155 -5527.748653823339
118.66816528337573 4395.925557250731 -5353.5813349493155
-1808.55725610449 4754.279147374014 -4703.724820660322
-3575.0844285646867 4690.194171442724 -3635.9217140992705
-5023.949660547295 4209.3648608006415 -2245.051007260875
-6026.414917950336 3354.5150097829887 -654.6976661832773
-6493.406763407221 2201.6017790994692 993.8284356280873
-6383.430922089146 853.0665687726864 2554.0485195896463
-5706.259230118252 -571.2673498105274 3887.3301843283484
-4522.06136404518 -1944.8416573975978 4875.20550292194
-2936.0585010372556 -3145.6082489278588 5429.897418093959
-1089.173955531661 -4066.8737432664475 5502.119118955989
854.4884756840928 -4626.779658334348 5085.453390446729
2722.2258559744027 -4775.575896471143 4216.922811051659
4348.081522669995 -4500.04125893684 2973.7001342336907
5587.591064834876 -3824.658207440203 1466.2511506209662
6330.618620149668 -2809.437489976414 -171.4806822616192
6511.142929601933 -1544.5859225148683 -1793.9757039946792
6113.1236160789595 -142.49111753420107 -3257.068111695107
5023.202248301395 1735.808573093961 -4444.489230327021
3508.9783465255937 2907.5833745622876 -5218.43909917928
1682.9663197631583 3821.006633481281 -5528.707753326673
-292.5846500862968 4394.916684804046 -5347.726461256639
-2242.1381897889823 4578.3191019077685 -4691.576204992922
-3992.467911867548 4354.917775184535 -3618.5588142725164
-5388.049339319826 3744.5628928942783 -2224.0165931201996
-6304.878937908467 2801.4871648267717 -631.8607377330876
-6661.4923743584495 1609.4870080404803 1016.4387170767827
-6426.202979868902 274.4768674723996 2574.4231313065343
-5619.917249690718 -1084.9217472925086 3903.6587526498843
-4314.277209276888 -2347.9203037097977 4886.037162896008
-2625.2947059251037 -3402.2958374639397 5434.26972919791
-703.0432470358214 -4154.362455330048 5499.643582160665
1281.6766896070608 -4537.295737920727 5076.349968060107
3152.514027832839 -4517.070382602768 4202.000382102506
4743.236660105743 -4095.4835009536796 2954.284622020137
5912.501899777011 -3309.99493751154 1444.0677086067585
6556.415399065867 -2230.3987981979694 -194.46095790308723
6617.7626177926495 -952.6219377206011 -1815.7109149253847
6091.092586355652 409.7995624357584 -3275.626989040454
4833.092902083951 2182.9393281867733 -4458.145986566698
3217.447802751925 3214.909853241275 -5226.036836873475
1315.918346608285 3961.2215294357734 -5529.571380139132
-702.5362294440711 4355.5612892055515 -5341.779240155112
-2658.5673784808587 4362.890314363523 -4679.346572671225
-4378.373149008832 3982.5573888615077 -3601.1334272312997
-5709.141251073288 3248.3567621939123 -2202.9437734681233
-6532.627098826169 2225.525382026531 -609.0128979727823
-6775.66036088651 1004.9463051088173 1039.0314461165226
-6416.646465386345 -304.9266611520321 2594.7532865039716
-5487.485372447393 -1587.7055554209153 3919.9199104983018
-4070.737122733581 -2729.409843559579 4896.784448159666
-2292.2860155292624 -3628.5940892801636 5438.548198417441
-310.15523631367864 -4205.361826345325 5497.073074570164
1699.5341967422173 -4408.4647102132985 5067.158884539474
3558.2125581345626 -4219.856158350092 4187.00539075696
5100.72811877806 -3656.294868283744 2934.818093635164
6190.021601891462 -2767.8557337846387 1421.859329656815
6729.304501214428 -1633.4804708039474 -217.4378754884327
6670.65916453809 -353.9632995813429 -1837.4147711861413
6019.296487386974 957.0050641514038 -3294.129301102032
4603.343270849307 2609.9762895138592 -4471.7257571503
2899.1901357392417 3493.3919141836654 -5233.544328560523
937.4312341823999 4066.4043367803433 -5530.339519347147
-1107.6225463807696 4278.098888932585 -5335.73977434454
-3054.2592029765306 4109.665580675418 -4667.036134883091
-4729.511525992067 3576.0704506048946 -3583.645853886549
-5984.525994803744 2724.725767671432 -2181.8329122013793
-6707.78906631734 1631.2772430182893 -586.1545414511035
-6835.035642641178 392.8825765806879 1061.6062326039587
-6354.959307056476 -880.4214309228877 2615.03863410993
-5310.216948760234 -2075.496130623154 3936.1133770672086
-3793.6385110633987 -3086.153890952804 4907.44717312302
-1939.9786435501735 -3822.5933347080227 5442.732751869651
86.05683989852612 -4219.378585499884 5494.4076405733895
2104.4457954680315 -4241.253532532141 5057.880298601393
3935.8455069019255 -3886.2744907643555 4171.938095956571
5417.528072874075 -3185.9829058574583 2915.3008852372204
6417.839495141002 -2202.6027583094306 1399.6263972773309
6847.897714039917 -1023.5116897226189 -240.41103823991878
6669.490169542241 246.5228841031269 -1859.0868979831002
5898.469154905207 1494.6528178284516 -3312.574728372008
4336.024288641171 3013.419510373678 -4485.228307575062
2557.0284297827466 3740.7225897932813 -5240.96144459703
550.8293736036846 4135.6460512190515 -5531.012157686078
-1504.313289694944 4163.099212010244 -5329.608168117655
-3425.7911156340565 3820.6427383543482 -4654.645104211761
-5042.872367112381 3138.7053907811774 -3566.096396223063
-6211.872278491903 2177.8802952553547 -2160.6843738736643
-6828.920077574924 1023.5409780258371 -563.2860628983922
-6839.188359543255 -221.74444683686443 1084.16268670556
-6241.764742482402 -1447.3269044886376 2635.278823826143
-5089.732936518577 -2544.308015187093 3952.2388727191405
-3485.456023219977 -3415.216193224357 4918.025153656423
-1571.4810465864693 -3982.6674250642263 5446.823317293424
482.12691736724065 -4196.24117853902 5491.647326198485
2492.895788933749 -4036.9604883995203 5048.514370473461
4282.159929760498 -3518.97814295642 4156.798757891475
5690.935368878706 -2688.3191467304155 2895.733333859938
6594.046226213524 -1618.7911968231533 1377.369295398517
6911.2471388540325 -405.42654512999394 -263.38004944465894
6614.353413698845 843.9620342830492 -1880.726921070361
5729.745361124653 2018.3608832836658 -3330.962952324819
4033.51461001704 3389.978493099086 -4498.653404671702
2193.98327629943 3954.868721383314 -5248.288056900258
159.5069003455899 4168.351508117115 -5531.589283540444
-1889.1423636884472 4011.4579708454135 -5323.384527358322
-3769.933038344071 3498.1287888707425 -4642.173694632194
-5315.748618464171 2673.9755127195685 -3548.485357294283
-6389.23660605515 1612.2277777150007 -2139.4985236892717
-6895.012882495107 407.22652951538265 -540.4078572198384
-6788.137006059716 -833.95858291586 1106.7004189043882
-6078.105367387332 -2001.0428154880644 2655.473506134162
-4828.007393496509 -2990.325612472403 3968.2961189903835
-3148.9197753320504 -3713.904855960764 4928.518207093626
-1190.0368163225057 -4107.487354793997 5450.819824050688
874.5861362078265 -4136.10157674242 5488.792179112041
2861.4982724780625 -3797.205022614474 5039.0612618915475
4594.153729760279 -3120.9101384674614 4141.58763799588
5918.598467041732 -2167.3086926290534 2876.1157774062845
6717.14975718496 -1021.1323583730118 1355.0884083679407
6918.852813676119 215.7760670900186 -286.34451246142845
6505.785434786687 1433.5118420744227 -1902.3344667563983
5514.650469847331 2523.8737990274094 -3349.2936554227554
3698.4797354900306 3736.599125589189 -4512.0008166084435
1813.2464214666113 4134.087715483699 -5255.524038950338
-233.1017944049761 4164.24446971236 -5532.070886944126
-2258.737892893301 3824.389828321221 -5317.068959539707
-4083.675217290081 3144.7213676254123 -4629.622121507383
-5545.760077717119 2185.6306130336693 -3530.813041217084
-6515.0798180717475 1032.336986991919 -2118.275727496826
-6905.506125633838 -212.68431068031614 -517.5203194885519
-6682.3479096188685 -1438.8076739988737 1129.2190400067857
-5865.433756833476 -2537.086661379151 2675.6223323013814
-4527.350074721347 -3409.934365074468 3984.2848385958014
-2786.991470521664 -3979.794436182431 4938.926152234958
-798.9964436555111 -4196.032306595368 5454.722203127613
1259.9929235675625 -4039.434292582825 5485.842248618267
3207.0263901438043 -3523.9148149088787 5029.521136097002
4869.10148815225 -2695.280041484833 4126.30499894356
6098.5355512384485 -1627.157808333206 2856.448554642739
6786.087967614645 -414.45546324674973 1332.7841209439014
6870.666687811743 835.0730685570203 -309.30403072757724
6344.7565213726275 2010.401693561704 -1923.909161910537
5255.086894504177 3007.0973055909035 -3367.5665211214387
3333.8487900109385 4050.4885617457508 -4525.270312895021
1418.1530069029109 4276.941780776935 -5262.669265792447
-623.5518943304223 4123.369953536228 -5532.456959580539
-2609.8514733400793 3603.4186108128274 -5310.661573722423
-4364.254295798904 2763.2877111766024 -4616.990601584624
-5730.873971861492 1677.62657191394 -3513.0797531664894
-6588.2803459979905 442.9009495937795 -2097.0163517829506
-6860.28909920048 -831.1783657365941 -494.62384493881024
-6522.731060056169 -2031.4038357050888 1151.7181611491303
-5605.599741692077 -3051.1301602022922 2695.724954387077
-4190.386286509364 -3799.7501803013483 4000.2047554336123
-2402.838620562965 -4210.745721951616 4949.2488093504435
-401.7881984959356 -4247.598027653243 5458.53038713583
1634.962868225919 -3907.032608320957 5482.797585658144
3526.4403091895424 -3219.3101960091553 5019.89415783383
5104.57805315326 -2245.537945071849 4110.95110464332
6229.1516360225 -1072.239793333942 2836.732005193469
6800.237759849437 196.33156948851905 1310.4568182888117
6767.092916361873 1447.4580107750144 -332.25820776581963
6132.662170357426 2569.971455739303 -1945.4506339693419
4953.31747777206 3464.1316587271804 -3385.7812338751996
2942.789155059727 4329.137842344039 -4538.461664386648
1012.152642845059 4382.309528944899 -5269.723614038981
-1008.4180734451014 4046.093782450399 -5532.747494782774
-2939.386418539852 3350.3648473950693 -5304.16248055265
-4609.177381062486 2356.9412928147312 -4604.2793529917735
-5869.422706235948 1154.0931611013007 -3495.28579937044
-6608.144066423051 -151.30121263040374 -2075.7207636659505
-6759.702826945873 -1443.2518096454519 -471.7188289592166
-6310.632326827301 -2606.9631497672613 1174.1973938045346
-5300.834450716298 -3539.0343735629012 2715.781025248363
-3820.0341713303205 -4156.646862470934 4016.055594590142
-1999.8070918778021 -4404.923036504118 4959.486000182897
-1.8883763030624339 -4261.80246805756 5462.244310313572
1996.1981297932018 -3740.0020477120074 5479.6582428085485
3816.913671886146 -2885.8860326985855 5010.180493345863
5298.479683982237 -1775.3463791776446 4095.5262202344525
6309.252524161401 -507.05940888750257 2816.9664695344177
6759.420589870167 806.2820150758661 1288.1068859625043
6608.984472940287 2047.981743689383 -355.20664719111954
5871.311082539008 3107.70930695626 -1966.9585109431337
4611.945936629846 3891.303260342403 -3403.9374791425885
2528.679172459622 4570.342072274923 -4551.574643287994
598.7795628169129 4449.394845349862 -5276.686961871665
-1384.324238682923 3933.0993605677913 -5532.942487533713
-3244.4247565688993 3067.3307374770243 -5297.571792260211
-4816.2438969102 1929.0163176021942 -4591.488595233498
-5960.118631272819 619.3003325597296 -3477.4314871044676
-6574.410669697042 -745.4432047854189 -2054.3893308894717
-6604.537468792665 -2043.9508420617506 -448.80566708587236
-6047.822130250764 -3160.8444772903713 1196.6563497895434
-4953.731255005808 -3996.883209574223 2735.7901985462627
-3419.4796186620356 -4477.7813286543405 4031.837082344607
-1581.3922120610112 -4560.808926263819 4969.637547951018
397.20883240706814 -4238.588635994446 5465.863908526822
2340.516128993523 -3539.7511446771086 5476.424274281334
4075.8582963330427 -2526.3912302131725 5000.3803103738655
5449.0425674338485 -1288.5503680594948 4080.0306120821247
6338.055493688719 63.78384900642915 2797.152288987448
6663.904375230934 1410.4505911773165 1265.734709915603
6397.636108971209 2631.7926086616203 -378.1489527175164
5562.909798865757 3619.2883034347155 -1988.4324214223516
4233.894540703528 4285.194349462524 -3422.034943391854
2095.0791537068426 4772.217991005365 -4564.609023157109
181.6221161992135 4477.732958879861 -5283.559189043678
-1747.9728433682455 3785.381703150445 -5533.041934466115
-3522.2527449499385 2756.6826712221327 -5290.889622656648
-4983.565032991271 1483.0402864530759 -4578.618549187457
-6002.065697836393 77.62326401757122 -3459.517124686413
-6487.256485797279 -1334.6909260699888 -2033.0224218161281
-6396.026066138896 -2628.41197018157 -425.8847549955367
-5736.480662005997 -3688.5870761465662 1219.0946412708622
-4567.223776923118 -4421.015033298179 2755.7521287516392
-2992.149016329204 -4760.616403436331 4047.5489461738025
-1151.2086848047568 -4677.216114508185 4979.703277352439
792.0215903606968 -4178.224648181143 5469.389119270419
2664.8772714931015 -3307.979586026345 5473.095735922405
4300.946912432063 -2143.8060208237944 4990.4937781526505
5554.858545806775 -789.1458827333 4064.464547772817
6315.196620291352 635.6333301477296 2777.2898057144744
6514.401761279143 2003.9337322142042 1243.3406764828385
6134.773717796026 3194.1758280551044 -401.08472816497783
5210.0441074757 4100.601384163573 -2009.8719945840055
3822.379214304176 4642.670512096332 -3440.073314106276
1645.7009422953336 4933.21879534067 -4577.564578909331
-235.70813966959844 4467.193664262189 -5290.340176881711
-2096.1735190367604 3604.2387721575074 -5533.0458338626795
-3770.3846823315303 2421.0314482052972 -5284.116087133239
-5109.580620540478 1022.7048555585479 -4565.669437100513
-5994.76789758919 -466.49355157092435 -3441.543021471092
-6347.293739331499 -1914.2419594700923 -2011.6204054211707
-6135.834677694416 -3191.901568757863 -402.9564884988356
-5379.179778277212 -4185.946716232178 1241.511880772042
-4144.561149418431 -4808.052128244668 2775.66647115118
-2541.680074326794 -5002.941008873388 4063.1909147568535
-712.9595706519425 -4753.29662581871 4989.68301456674
1179.1105196468927 -4081.3009780613697 5472.81988166913
2966.4114658338076 -3046.663827908937 5469.672685210747
4490.133735399087 -1741.317226582804 4980.521067408165
5614.887917946805 -281.2469480300175 4048.828296109673
6240.734668455185 1203.8133560871552 2757.3793627115024
6312.064756658316 2581.909560668076 1220.9251723763966
5822.540191192418 3730.5917702601573 -424.01357746622176
4815.657377942294 4547.7945296323005 -2031.2768601980472
3380.882273497693 4960.90578737903 -3458.052279789576
1184.376288098928 5052.14609694461 -4590.441086821169
-649.6074832424905 4417.981674484738 -5297.029808288034
-2425.870778942334 3391.2601922536514 -5532.954185656068
-3986.584810174581 2063.210359640598 -5277.251302659044
-5193.073286183518 551.8352323239642 -4552.641482584878
-5938.134411288308 -1008.5728770736953 -3423.5094878449668
-6155.566234876485 -2479.364860294191 -1990.1836512860955
-5826.048985238398 -3729.854395164066 -380.0212635333581
-4978.861716067021 -4648.929998827201 1263.907681180167
-3689.2807340483296 -5154.927770601271 2795.5328818533303
-2071.8909686676125 -5202.887587929504 4078.7627179798374
-270.40459837702156 -4788.548010574093 4999.576587258467
1555.1084071304133 -3948.7249282823486 5476.15613647871
3242.443206183461 -2758.0403074187952 5466.155181257437
4641.672697139471 -1322.2917017805444 4970.462350354529
5628.469199309509 230.94832434245464 4033.122127107874
6115.151512990658 1763.6675783476123 2737.421303802741
6058.475778842179 3139.677228288896 1198.4885846792056
5463.477884560534 4236.712778250129 -446.93510467359494
4383.02600415789 4957.297805356049 -2052.646648633753
2913.1230286930218 5237.405167712983 -3475.97152997134
715.0243022587832 5128.158921384808 -4603.238324534185
-1056.5109430091152 4330.634105456282 -5303.627967742499
-2734.1705545687596 3148.313444583209 -5532.766991428912
-4168.887113645119 1686.2513180129288 -5270.295387778837
-5233.179757814334 74.35836184519073 -4539.534910614254
-5832.481415070648 -1544.1416610888048 -3405.4168352207544
-5913.541503174824 -3025.4379210809784 -1968.7125295922708
-5469.157477572467 -4237.910744869489 -357.07947615686294
-4538.814809085529 -5073.826601211353 1286.281655752539
-3205.178526550626 -5458.910697914296 2815.351017794259
-1586.748066237407 -5358.946623072535 4094.2640869405186
172.67192309020268 -4782.816623420876 5009.383824580107
1916.7492542929992 -3781.7123777332245 5479.397826086924
3490.5150027362915 -2444.5863915125647 5462.543284804616
4754.1331753136865 -890.2481765153207 4960.317800691051
5595.325752094649 743.1924957550706 4017.3463119899634
5939.3490811193815 2310.5972533310883 2717.415973634648
5755.635179882518 3672.695305059598 1176.03130083832
5060.507834724133 4708.458261575685 -469.84891396585175
3915.7321607776644 5325.854038822026 -2073.9809908661546
2423.026500438535 5470.024312593544 -3493.8307552123442
241.61826813807255 5160.779680515036 -4615.956071058807
-1452.9228184076342 4206.015119475231 -5310.134541304556
-3018.3653364910406 2877.5276572767266 -5532.484254413781
-4315.612848549122 1293.3592349070414 -5263.248462611086
-5229.39922025856 -405.72983129763975 -4526.349947519959
-5678.530522407536 -2068.7680214754937 -3387.2653760321055
-5623.099467819858 -3547.987094306326 -1947.207411114528
-5068.031348950819 -4711.951943723121 -334.1315225404595
-4062.64640403825 -5457.239184879603 1308.6334181233665
-2696.277497496796 -5717.626775759827 2835.120536743764
-1090.33250288384 -5469.978136221966 4109.6947539529365
612.4933194557237 -4736.29793467711 5019.104557175016
2260.896422478991 -3581.7768767350476 5482.5448945145345
3708.4089565844574 -2108.9992249261604 5458.837058224452
4826.41308081275 -448.82773679191337 4950.087593599269
5515.569222445876 1251.2240654043615 4001.501123181191
5714.642833987832 2840.0991184831028 2697.3637176700113
5405.945351432954 4176.618901314916 1153.553708658153
4616.905900802834 5142.027765974744 -492.75460965505306
3417.634099928547 5650.544898210543 -2095.279518482428
1914.6905112354057 5656.986319232476 -3511.6296471099095
-231.84791130808526 5149.897075571515 -4628.594106778169
-1835.4465473395144 4045.3077782546607 -5316.549416615195
-3275.957702915311 2581.2751322991053 -5532.105979493129
-4425.3856402835045 887.884863099422 -5256.110648845877
-5181.598643027493 -884.3978726051764 -4513.0868209870105
-5477.403867267381 -2578.097976212675 -3369.0554237281417
-5286.517720709603 -4042.7227608370604 -1925.668667214816
-4625.901275165878 -5148.1338869644405 -311.1777989617093
-3554.253200890282 -5796.110725021587 1330.962582310433
-2166.7941321323206 -5929.0776893476 2854.8410973112022
-586.8058959149712 -5535.220081646198 4125.054452552066
1045.3226193096725 -4649.533878777305 5028.738617180376
2584.5696324859045 -3350.71618663569 5485.597287416277
3894.166291618744 -1754.1726569357088 5455.036565518053
4857.749186473967 -1.763188607074452 4939.771905739881
5389.699748229796 1750.8029467669144 3985.5868343047714
5442.75183504764 3347.8025570484965 2677.264882181935
5012.191536198485 4647.335218546773 1131.0561962938223
4136.276023717824 5533.931751382483 -515.6517961933648
2892.834234781471 5928.814162848367 -2116.5418636881436
1392.3514290908568 5796.895417772761 -3529.367898303233
-701.3933469757994 5095.765914231956 -4641.152213451892
-2200.8136661979497 3850.0031799640747 -5322.872482898912
-3504.682033066705 2262.150767695724 -5531.632173199212
-4497.144021253714 473.2963324324625 -5248.882069742805
-5090.015027760848 -1357.6125589941548 -4499.745760050187
-5230.615861888397 -3067.8916167695693 -3350.787292768083
-4906.453522507526 -4505.575041174394 -1904.0966698357006
-4146.331256035226 -5542.918350780469 -288.2187017978202
-3017.7892615891797 -6087.7490402231715 1353.2687627217433
-1621.1034479008897 -6091.656511795413 2874.512358951331
-80.37547877130936 -5554.293569500348 4140.342917498372
1467.494204369094 -4523.407268939312 5038.285838230069
2884.9705874590513 -3090.596381887184 5488.554952081794
4046.1046733683797 -1383.172443445552 5451.141872314366
4847.72460301103 447.1524365485127 4929.370915249718
5218.60292778713 2237.7458602590946 3969.6037201771705
5125.785480967603 3829.5057440996966 2657.1198142478843
4577.519500025019 5080.997237067883 1108.5391522444288
3622.520823391761 5881.019827933473 -538.5400781798788
2345.645274429348 6158.48799865675 -2137.767659313706
860.3488491391521 5888.747484619939 -3547.0452024786537
-1163.0835950534652 4999.003850845433 -4653.630174219865
-2545.9116164481297 3621.886977795308 -5329.103630965606
-3702.524218172287 1922.9495523788446 -5531.0628437139685
-4530.151294851916 53.149620508427866 -5241.56285012885
-4955.254548742449 -1821.3728883874496 -4486.32699509008
-4940.0616902008 -3534.0584231868233 -3332.461298615821
-4485.922671381155 -4932.72735812611 -1882.4917914940072
-3633.189737061906 -5893.1018203784215 -265.2546275188013
-2457.6319506141526 -6329.848324438736 1375.5515741622166
-1063.702780214158 -6204.160026790827 2894.133981970265
424.7410501906252 -5527.204884254725 4155.559884782464
1875.4447743405776 -4359.133332013466 5047.74605545756
3159.5070000365336 -2803.7336534812725 5491.417837436545
4162.83316351115 -999.2099358547891 5447.153045869043
4796.273332115359 894.0979695329773 4918.884801738662
5003.543567062284 2707.961346643425 3953.5520568033926
4766.226998386443 4281.210474411967 2636.928861743712
4105.410244661291 5474.055263746296 1086.0029653463853
3079.8097744018655 6180.506220400913 -561.419060367485
1780.5546901642679 6337.792076668092 -2158.9565388207184
323.0895078700122 5931.937293980893 -3564.6612543750234
-1613.0636059764558 4860.585084871132 -4666.027773605949
-2867.8101620086163 3363.0233997451583 -5335.242753212472
-3867.739199968719 1566.6423271667015 -5530.398000868889
-4524.002636717678 -368.94179127711027 -5234.153116396223
-4778.288585935707 -2271.743812491585 -4472.83075782913
-4608.0026251192685 -3972.691426582649 -3314.077757734449
-4028.2754091745373 -5320.647973552683 -1860.8544052743625
-3090.6182453291867 -6195.84159879351 -242.28597268060184
-1878.3460874315597 -6520.507507978523 1397.8106318403136
-499.17463667960004 -6265.797710303756 2913.705627531299
924.350671133145 -5454.344289068152 4170.705091629579
2265.7433653696035 -4158.248441753182 5057.119105498743
3405.8148185419936 -2492.673972215709 5494.18589404269
4243.26467891477 -605.6144813273213 5443.070155063274
4703.681851305632 1335.2565139223643 4908.313746286546
4746.156249440178 3157.484108233363 3937.4321213721605
4366.9138366483185 4699.1553831370475 2616.692373337593
3599.6519655845336 5823.286080345261 1063.4480247666454
2512.5452205660927 6429.992254244755 -584.2883476696182
1202.1878065772726 6465.36539879836 -2180.1081363082453
-214.98926974023357 5926.262454880005 -3582.215749788912
-2047.5899150942564 4681.831078046811 -4678.344797521757
-3163.786193886599 3075.7369104442887 -5341.289743625853
-3998.8661853051003 1196.3500206996578 -5529.637656144833
-4478.629367424028 -789.3378184797193 -5226.652996500178
-4560.446676106072 -2704.8895285352105 -4459.257281327598
-4237.048284425493 -4380.099933768158 -3295.63698758081
-3537.169558693569 -5666.119238133859 -1839.1848848227496
-2522.997795058785 -6448.678982836641 -219.31313391826333
-1284.6466053395725 -6658.24530035279 1420.0455513746942
67.85107284283266 -6276.197303704361 2933.226957660752
1414.3198854436175 -5336.481633983591 4185.77827650416
2635.1201695821596 -3922.5961523194464 5066.404826494771
3621.7784626189264 -2160.170788492045 5496.859074099944
4286.625845339009 -205.80477035375537 5438.893270402613
4570.5877101530405 1766.8479047898245 4897.6579314400215
4448.432799226179 3582.508389908499 3921.2441922511684
3931.0151124622685 5079.847283004698 2596.410698484085
3064.3094819803987 6125.8194524633045 1040.8747199960062
1925.3265065239111 6627.485680854653 -607.1475451671738
615.2698218065563 6540.270722260202 -2201.2220865191466
-749.4562866454422 5871.924008487609 -3599.7083855798633
-2463.0618062387184 4464.398375731308 -4690.581033270321
-3431.3467126108667 2762.5916757716454 -5347.2444977830755
-4094.7414053505313 815.316581985753 -5528.781822671843
-4394.300354748113 -1204.40296806745 -5219.062619956814
-4303.406433556845 -3117.1060289724896 -4445.606799979556
-3830.1359655559736 -4752.840540008825 -3277.139306600009
-3016.541108740617 -5966.26431156821 -1817.4836043400787
-1934.9133365410414 -6649.5593165250775 -196.33650793910684
-681.3600231624758 -6742.011795098271 1442.2559488008283
632.7351183732877 -6235.406938845544 2952.697635253827
1890.6089679292547 -5174.7588124437425 4200.779179114378
2980.4939138839013 -3654.3106565013145 5075.603058094824
3805.5488959078652 -1809.1609620505528 5499.4373314464
4292.464158154152 196.74062325050232 5434.622464015742
4397.975142779751 2185.1609407937517 4886.917541209423
4112.706735773348 3979.42011932663 3904.9885489822536
3462.006286977242 5420.090356859789 2576.084187418015
2503.6913868188576 6379.161780511192 1018.2834408424354
1322.912519672939 6771.416685473795 -629.9962581152683
24.587069648102904 6562.001502059374 -2222.298024846397
-1275.9230494135315 5769.523688317704 -3617.138859675657
-2856.0511886176446 4210.2636420201325 -4702.736269549747
-3668.2497948623745 2426.36900950859 -5353.106912854255
-4154.5083089845075 426.880842557193 -5527.83051522891
-4271.620528093948 -1610.5375605911397 -5211.382117840821
-4009.1805175843133 -3504.8526337532758 -4431.879549508837
-3390.5072240883983 -5087.746169613993 -3258.5850342199283
-2470.5724847363535 -6218.571131098179 -1795.7509385757032
-1331.1165381867072 -6796.848757834377 -173.3564915158263
-73.38504571045607 -6771.196544957504 1464.441440577669
1190.8670301221327 -6143.893804154551 2972.117324080422
2349.3053442944897 -4970.679136818596 4215.707540416586
3298.9975688695854 -3355.797814710207 5084.713641458909
3955.559382038247 -1442.7391300886652 5501.920621559326
4260.652385426375 598.513257597644 5430.257809653235
4187.167726804342 2586.585115814233 4876.0927610655635
3741.6348405728318 4344.8275354489 3888.6654722765907
2963.6412788623734 5717.012961597356 2555.713191148487
1922.3151837994549 6581.216697409735 995.67457742423
710.18294871472 6860.650448463479 -652.8340919500814
-565.0521579498508 6530.485299702647 -2243.3355873393975
-1790.07990069002 5620.057873500538 -3634.50687107753
-3223.3309388562343 3921.7060414181756 -4714.810296456893
-3872.523368186825 2070.0429982513906 -5358.876887604056
-4177.625101965124 34.44755045591101 -5526.7837502437205
-4111.526512228026 -2004.2087133681748 -5203.611622783226
-3680.100748742555 -3864.7822376844265 -4418.075766964958
-2921.6818838751788 -5381.952899864907 -3239.974490845701
-1903.6587620357293 -6420.91342858111 -1773.9872628209405
-716.4872051205225 -6889.347621453416 -150.37348147965608
534.3473842219466 -6745.63304475552 1486.6016435942408
1737.7028635314289 -6002.539369308063 2991.485688790937
2786.6558176327308 -4726.093729187435 4230.5631026198425
3588.0021732997284 -3029.713921107791 5093.7364192605855
4070.5387901808595 -1064.1307354571481 5504.308901555938
4191.3901722891615 996.0051358996552 5425.7993826862885
3939.818143976761 2967.6415800352397 4865.183777936556
3338.1759839648803 4675.590046504116 3872.2752440098193
2439.9222384336967 5968.091818852153 2535.2980614527864
1324.8706945952952 6730.302442555609 973.0485201633842
92.09857544283115 6894.496158792201 -675.6606522956197
-1148.8569063056796 6446.0836353220575 -2264.3344107102357
-2287.731410253426 5424.908292681457 -3651.8121198653403
-3561.9014734703987 3601.2871218761193 -4726.802905491001
-4042.4816366360437 1696.7545160716559 -5364.554322393462
-4163.869566248109 -358.5421745703116 -5525.641545792374
-3915.279412058408 -2381.9808195653027 -5195.751268969112
-3318.799500186617 -4193.770015591263 -4404.195690719053
-2427.4296884115315 -5632.924341675347 -3221.3079978541664
-1320.3720962213517 -6571.568620320263 -1752.1929529026286
-95.99364892439388 -6926.300188195838 -127.38787471356284
1136.914255340679 -6665.599588782481 1508.736175176274
2268.802338752706 -5812.631214403802 3010.8023949220546
3199.0973778914836 -4443.185048313408 4245.345609190325
3845.138575996995 -2678.942392083941 5102.671235689689
4149.522337512464 -676.6639479727653 5506.602130194134
4085.202829461106 1385.7390574066098 5421.247260105406
3657.8951223947943 3325.0130663197288 4854.190780204566
2905.567381295369 4968.845072710811 3855.8181472171927
1895.067227495405 6171.173388974115 2514.839150870323
716.1820341669237 6825.165867878709 950.4056597787858
-526.339075810377 6872.712407675197 -698.4755449706348
-1722.0926491009316 6309.5882896481135 -2285.2941323399664
-2764.8307332397526 5185.829562913658 -3669.0543072027754
-3869.0153324645066 3251.828374673419 -4738.713889557265
-4176.739020462024 1309.7838538652838 -5370.1391191814855
-4113.341117174202 -748.6407102505584 -5524.403921599071
-3684.4548045252777 -2740.5452619049956 -5187.801192135281
-2928.1885135306875 -4488.940340354388 -4390.239560459717
-1911.739822965263 -5838.4733701730665 -3202.585877588336
-725.4246595973383 -6669.2324193335035 -1730.3683851765863
525.3476682494871 -6907.400900591744 -104.40006814532057
1729.4405503220803 -6531.816499202832 1530.8446530928145
2779.8650499737064 -5575.851537455174 3030.0671089025427
3583.286340698327 -4124.447697383187 4260.054804855787
4068.3169150588046 -2306.5685795581044 5111.51793645501
4191.85967800159 -283.7407212297834 5508.800267873212
3942.9373128807297 1764.298745355438 5416.601520519086
3343.6676642150182 3655.572525918322 4843.113957702584
2447.2984701399528 5222.032645337545 3839.294466088682
1333.476067200503 6324.492247705733 2494.3368126965374
101.16846382694972 6864.992959288182 927.7463872794926
-1140.1284015281165 6795.50891991248 -721.2783759952938
-2280.119855036325 6122.214091402851 -2306.2143902848748
-3217.512653283386 4904.93367397806 -3686.2331353424934
-4142.1995719679335 2876.3866657898498 -4750.543042970412
-4274.221494406007 912.5221998468757 -5375.631181526859
-4026.4600799540262 -1132.423868090225 -5523.070899035767
-3420.930017569111 -3076.749105787201 -5179.761529567923
-2511.4353106190606 -4747.69168334394 -4376.207617188892
-1378.7885550681763 -5996.7810199337855 -3183.8084533518168
-123.63038568558125 -6713.030046462455 -1708.513936521177
1142.512886008202 -6832.7968937158075 -81.41045874069798
2307.13887394493 -6345.439751727228 1552.926695562794
3266.7654482194635 -5294.262441293997 3049.2794980589724
3936.125576455662 -3772.666679463737 4274.690435609952
4255.743673821189 -1915.852927088104 5120.276368786986
4197.220269744204 111.19276544138972 5510.903276634553
3765.755425502672 2128.3584928000196 5411.8622441524485
2999.6866859597376 3956.4102279259564 4831.9535017111175
1967.0826204610835 5432.917551880359 3822.704485964074
759.6946317345707 6426.686309384211 2473.791400976803
-515.1955588865494 6849.415785250947 905.0710939579761
-1744.3083632021255 6663.544610432044 -744.0687515980898
-2818.4317146760177 5885.588254492383 -2327.0948232827254
-3642.1250398170887 4584.671553662437 -3703.3483076312687
-4379.275782712086 2478.227750891485 -4762.290161458281
-4334.175231500812 508.4422171348303 -5381.030414589705
-3903.9641907559662 -1506.5206388761894 -5521.6425011218125
-3126.8687993977883 -3387.6225248661203 -5171.632420100243
-2071.9373931754035 -4967.71928318511 -4362.100103217703
-832.9052570218926 -6106.412382716106 -3164.9760494032603
480.13416636252134 -6702.523944493407 -1686.6299843307243
1750.5115620315503 -6703.086840260609 -58.41944349661816
2865.3483234206055 -6108.051054258571 1574.9819212616537
3725.586311899741 -4970.288127345102 3068.4392306215177
4254.789607100343 -3390.893288566833 4289.252248716886
4405.936173873433 -1510.202700409314 5128.946381440296
4165.595976465435 504.6760250949867 5512.9111201622745
3555.12429613164 2474.712071035317 5407.029512845862
2628.7642206805417 4224.8590893691235 4820.709604954905
1468.8269080802088 5599.608837123745 3806.048493328056
178.37787885622524 6476.808766221293 2453.203270500295
-1127.920807702551 6778.515813432956 882.3801713833633
-2333.998780698027 6477.921983594418 -766.8462782225926
-3332.6907194435357 5601.736357621126 -2347.935070759002
-4035.258462494156 4227.811873458099 -3720.3995285151273
-4578.377571540535 2060.7981017213656 -4773.955042165329
-4356.172482446837 101.06797175243078 -5386.336725133173
-3746.9023515396707 -1867.6424910361973 -5520.11875252355
-2804.703503688066 -3670.4047224821816 -5163.414004110066
-1613.2944412951783 -5147.035387029804 -4347.917262162265
-278.5370879671645 -6166.329370047069 -3146.0889909507096
1080.9695079666 -6637.717928044916 -1664.7169065090602
2344.4272193609895 -6519.316118990633 -35.42741943425407
3399.572283965752 -5821.644463216472 1597.009949327941
4152.6504323629215 -4606.694149019595 3087.54597572963
4536.747366238382 -2982.4188435380315 4303.739992715397
4517.734387435668 -1093.1425356785976 5137.527824696524
4097.300882558483 893.2642836528945 5514.823763783855
3312.8042135572173 2800.300651356068 5402.103410053523
2233.950352179545 4458.518017269276 4809.382461599586
956.6001984810897 5720.576491464038 3789.326775805235
-405.7480808232517 6474.3366400557925 2432.5727767939193
-1732.0438625503223 6652.823566020216 859.674011394661
-2904.4399461404905 6240.1779227084 -789.6105625342608
-3818.7637945913166 5273.0650863941755 -2368.7347728331424
-4393.773721523815 3837.417276688847 -3737.38650354446
-4737.965364865483 1627.6952854010112 -4785.537483656143
-4340.114644332989 -306.0555304176062 -5391.550021525043
-3556.625691372101 -2212.6119692560533 -5518.4996795538855
-2457.1149377380284 -3922.56812473841 -5155.106423517404
-1139.2787390146418 -5283.98688843106 -4333.659338939486
279.787375312604 -6175.900228692094 -3127.1476041460196
1673.9931535166497 -6519.05773114208 -1642.7750814629544
2919.4572938327797 -6282.968345766446 -12.434783592209262
3905.5148417645573 -5488.6096505170235 1619.0103993698526
4544.55025693597 -4206.563901452432 3106.599403437794
4779.782438348305 -2550.746489542174 4318.153417423353
4590.309974383653 -668.2840582694961 5146.020550366697
3992.968324951483 1273.558344296723 5516.641174470739
3040.8339169944975 3102.239499053433 5397.084020842011
1818.5080710327018 4655.273060365438 4797.972267248353
434.59980256843284 5794.665180934632 3772.539622155194
-987.9245655638683 6419.17587070849 2411.900276116094
-2322.6675006102773 6473.314614280578 836.9530060940479
-3451.0312353690115 5952.270946700553 -812.3612114272131
-4272.755700264087 4902.341884395369 -2389.493570324721
-4714.827070511145 3416.8182320886403 -3754.3089393790588
-4856.838415848638 1182.637149805564 -4797.037285918906
-4286.232496550752 -709.392936186057 -5396.6702137393195
-3334.776010112827 -2538.3903466779384 -5516.785310171839
-2087.010040752916 -4141.840635324898 -5146.70982178202
-653.8040705793907 -5377.270207355004 -4319.326579762827
837.4952604370226 -6134.9057236999915 -3108.1522160792183
2254.3794622761948 -6347.427943903906 -1620.8048880956285
3470.952155710801 -5995.953336063228 10.558066980350617
4379.115518087853 -5111.711961505512 1640.9828914718116
4898.175249250879 -3773.2725467895684 3125.599184721198
4982.01061422993 -2099.5613075575484 4332.492273942001
4623.172472941178 -239.2948323759913 5154.424411793878
3853.5451689733745 1642.234038790247 5518.363320838906
2741.5134657378526 3377.8432087845963 5391.971431888839
1385.8862601378369 4813.316186257667 4786.479218938558
-92.88302153709422 5821.104897691568 3755.6873222675144
-1563.3992391380382 6311.662893467495 2391.1861254506493
-2895.0005734770134 6241.401942882441 814.2175478400158
-3969.3684023617857 5616.565039730996 -835.0978320310467
-4691.040429410398 4492.671684909743 -2410.2111047596895
-4995.892928014044 2969.5847351193174 -3771.1665437932015
-4934.143920899432 729.4300776773059 -4808.454250368867
-4195.083605987787 -1105.4490048097684 -5401.697213357776
-3083.2717028629477 -2842.1040920364385 -5514.975673982062
-1697.497578223746 -4326.225758317278 -5138.224343900933
-160.8933444139255 -5425.9432806426075 -4304.919232138065
1390.0069691158758 -6043.541931122945 -3089.103154772854
2817.3990634946285 -6124.145359376082 -1598.8067058001543
3994.452887129732 -5660.591597079407 33.550735230544475
4816.582042375591 -4694.069430285159 1662.9270462010354
5210.736745934236 -3310.4585950256715 3144.544991481423
5141.894622675053 -1632.6989858898937 4346.756314660282
4616.172597358308 190.13309312367593 5162.739263855675
3680.2833790264904 1996.0710124278871 5519.990173149407
2417.384831810579 3624.649262664516 5386.76573148093
939.6910337696993 4931.161519402103 4774.903515138324
-621.4984363877928 5799.5184350949185 3738.7701671567456
-2127.465043071282 6152.562687062101 2370.4306825006397
-3444.397044451309 5958.924744207176 791.4680292406518
-4455.279252944373 5235.810187518929 -857.8200317176018
-5070.290348142368 4047.470918695064 -2430.8870183765503
-5234.783895305206 2499.4960967115644 -3787.959025680776
-4969.383175646381 271.93657941418877 -4819.788179851762
-4067.5469277798916 -1490.7986741058885 -5406.630933571484
-2804.2912852444724 -3121.0699231694334 -5513.070802234324
-1291.86205558549 -4474.0204129695985 -5129.650136405926
335.35478695553235 -5429.4345551622355 -4290.437544859012
1932.773884995303 -5902.419610447606 -3070.000749176335
3358.457541514765 -5850.948781002881 -1576.7809144529426
4485.727507122464 -5279.595475900239 56.54282410865685
5214.420898431396 -4239.126943640738 1684.842484614094
5479.790109805499 -2821.9933793365703 3163.43649655212
5258.255922260574 -1154.1133191643855 4360.945293259079
4569.502620546757 616.3147741584394 5170.964962966768
3474.728958065395 2331.9805951444546 5521.521703308885
2071.21037906306 3840.439706523588 5381.467009513116
483.65566852392584 5007.65889648605 4763.2453557431145
-1146.8739706514918 5729.925617746618 3721.7884489573944
-2675.49882456102 5943.063302505995 2349.6343056822043
-3966.3938666750855 5628.133732133984 768.7048431468456
-4904.857407502288 4813.119781003789 -880.5274181077617
-5407.5028430607035 3570.439015303158 -2451.5209541325503
-5429.667920577815 2010.5090744792878 -3804.686095060168
-4962.414725640059 -185.9575005460335 -4831.038878647213
-3904.8146518415906 -1862.1164757818613 -5411.471289182319
-2500.254660230137 -3372.8182303809153 -5511.07072782297
-873.5360698703819 -4583.83028384161 -5120.987347361006
830.8000337472456 -5387.548900775097 -4275.8817680032025
2461.3159084605445 -5712.56015500579 -3050.845329160237
3873.1330634001624 -5529.985370306891 -1554.7278944071816
4940.805348692189 -4856.0471175151415 79.53393657494527
5569.4653963857645 -3750.6277679204077 1706.7288282634422
5703.254002414147 -2311.9486817870747 3182.2733737046506
5330.283462010082 -667.8428094572903 4375.058964715511
4483.693844442725 1035.6038272726819 5179.101367081374
3238.708352430289 2647.0325192769246 5522.957884870055
1705.9494104669166 4023.260755632534 5376.075357486563
21.609376947879973 5042.004618061175 4751.504942072276
-1664.6507445441744 5612.744243702263 3704.74246091887
-3202.9993421840004 5684.766912167985 2328.7973541183233
-4456.747392139683 5251.673093298892 745.9283826455038
-5314.493878189971 4351.945073502417 -903.2195990781695
-5700.02426089083 3065.527635728859 -2472.1125557098208
-5579.082473867074 1506.724614674356 -3821.347463079379
-4913.454492476417 -640.3758861668803 -4842.206152472121
-3708.3813688821056 -2216.205048717011 -5416.218196604424
-2173.8022866990163 -3595.114667032977 -5508.975485286357
-446.0713317685231 -4654.582570282194 -5112.236126359875
1321.2950185413886 -5300.470385862666 -4261.252152927605
2971.2585080462327 -5475.388146928083 -3031.6372255106435
4357.212639957963 -5163.7936427938275 -1532.6480264862382
5356.00930749671 -4393.373412562184 102.5236756065579
5878.9010436046665 -3232.58267462273 1728.5856992039694
5879.4266228560555 -1784.5627800876373 3201.0552976537097
5357.539345227925 -177.9766511169886 4389.097085307123
4359.6111856021225 1444.4234843430825 5187.148335695694
2974.312440297008 2938.480254471205 5524.298693032162
1324.7329821163496 4171.440158681364 5370.590868507215
-442.5548150202948 5033.74929872907 4739.682476865566
-2170.5196747225596 5448.787723339742 3687.632497400457
-3705.6243361570214 5379.6774471206045 2307.920187632652
-4911.468013459384 4832.559221399174 723.1390410527578
-5680.906204143512 3856.0469015195863 -925.8961827680874
-5945.570948343234 2536.907892456872 -2492.6614675215183
-5681.945622074308 992.3534841124639 -3837.942842020973
-4823.072881572465 -1087.4846031852924 -4853.289808484012
-3480.0306524455805 -2550.0225069504863 -5420.871573865655
-1827.7724279859171 -3785.9797203836843 -5506.78511080626
-13.108602252532744 -4685.536021162433 -5103.396624523305
1802.7199803171304 -5168.761884324747 -4246.5489522642565
3458.368981529307 -5192.720571326889 -3012.3767699233886
4806.726721930292 -4755.2832476877475 -1510.5416919771237
5727.985699114997 -3895.318139274731 125.51164420435282
6140.2880100821185 -2689.2369198650617 1750.4127199994896
6006.998785143342 -1244.2051986035476 3219.781944062966
5339.961356864603 311.379614658482 4403.059412616124
4198.444927994013 1839.296982691167 5195.105729850364
2683.8782426990597 3203.784742189881 5525.544104641414
930.8371975346176 4283.602167767261 5365.013637284167
-904.9128175425345 4982.8027424600305 4727.778164279665
-2660.2573576365367 5239.259426815554 3670.4588538661737
-4179.226357157406 5030.1849189872255 2287.0031667433004
-5326.852754612056 4374.156406503953 700.3372119071913
-6001.164908311144 3329.4649016335825 -948.556777586106
-6142.2472242283575 1988.9358291370022 -2513.1673347180254
-5737.56391946491 471.681079920488 -3854.471945307043
-4692.188903267204 -1523.5242675484758 -4864.289655284372
-3221.819175498542 -2860.7084292159307 -5425.4313406090005
-1465.176675266258 -3943.7060929353843 -5504.499642207237
421.6532023853555 -4676.288163628392 -5094.468994496556
2271.0173426104334 -4993.361509430421 -4231.772419915909
3918.5916257491226 -4866.752772113503 -2993.064294998345
5217.981846483897 -4307.711693601532 -1488.4092726238582
6053.731481422397 -3365.9115270316715 148.49744539975345
6351.580507873491 -2125.035350225599 1772.2095137293009
6085.063732748066 -695.3404569879482 3238.4529895506466
5277.862341105631 796.138487304404 4416.945705533543
4001.699718938556 2216.877033203572 5202.973412132833
2369.9685155738316 3440.6363260979733 5526.694098191375
527.6552091648416 4358.679982434751 5359.343760128042
-1361.5425781551912 4889.435794580148 4715.792209884621
-3129.761332374949 4985.743779441528 3653.221826879698
-4619.887057481798 4639.0465499233305 2266.0466526565947
-5699.515543490975 3880.1496763239793 677.5232889630106
-6272.717061548985 2776.4844762268513 -971.2009922169191
-6288.560141322945 1426.1164460155248 -2533.6298031930287
-5745.637055648731 -50.968288833210174 -3870.9344875041684
-4522.061364045179 -1944.8416573975996 -4875.20550292194
-2936.0585010372515 -3145.608248927862 -5429.897418093959
-1089.173955531652 -4066.8737432664516 -5502.119118955988
854.488475684105 -4626.779658334351 -5085.453390446725
2722.2258559744105 -4775.575896471142 -4216.922811051654
4348.081522669998 -4500.041258936839 -2973.70013423369
5587.591064834881 -3824.6582074401986 -1466.2511506209607
6330.618620149667 -2809.4374899764125 171.48068226161854
6511.142929601933 -1544.5859225148583 1793.975703994688
6113.123616078953 -142.49111753418606 3257.0681116951187
5171.926442266236 1272.264648551364 4430.755724263451
3771.1809074328094 2573.9741173716775 5210.751246679744
2035.3493994191474 3646.974690164157 5527.748653823339
118.66816528337779 4395.92555725073 5353.5813349493155
-1808.557256104491 4754.2791473740135 4703.724820660322
-3575.084428564682 4690.194171442724 3635.921714099275
-5023.949660547299 4209.36486080064 2245.051007260873
-6026.414917950338 3354.5150097829846 654.6976661832731
-6493.4067634072235 2201.601779099456 -993.8284356281025
-6383.430922089141 853.0665687726669 -2554.0485195896645
-5706.259230118248 -571.2673498105355 -3887.3301843283534
-4314.277209276886 -2347.9203037097996 -4886.037162896008
-2625.294705925099 -3402.295837463943 -5434.269729197911
-703.043247035818 -4154.362455330049 -5499.643582160665
1281.6766896070674 -4537.295737920727 -5076.349968060105
3152.5140278328463 -4517.0703826027675 -4202.000382102502
4743.236660105745 -4095.483500953678 -2954.2846220201363
5912.501899777015 -3309.9949375115343 -1444.0677086067528
6556.415399065868 -2230.398798197964 194.46095790309144
6617.762617792649 -952.6219377205899 1815.7109149253954
6091.092586355645 409.7995624357718 3275.626989040465
5023.202248301407 1735.8085730939508 4444.489230327012
3508.978346525601 2907.583374562284 5218.439099179277
1682.966319763155 3821.0066334812827 5528.707753326673
-292.5846500862885 4394.916684804045 5347.726461256641
-2242.138189788983 4578.319101907768 4691.576204992922
-3992.4679118675444 4354.917775184535 3618.55881427252
-5388.049339319824 3744.5628928942783 2224.0165931202027
-6304.878937908465 2801.487164826775 631.8607377330956
-6661.4923743584495 1609.4870080404735 -1016.4387170767882
-6426.202979868903 274.47686747239715 -2574.4231313065347
-5619.9172496907195 -1084.921747292507 -3903.6587526498815
-4070.737122733585 -2729.409843559578 -4896.784448159663
-2292.2860155292574 -3628.5940892801664 -5438.548198417441
-310.1552363136748 -4205.361826345325 -5497.073074570163
1699.5341967422128 -4408.464710213298 -5067.158884539475
3558.212558134578 -4219.856158350089 -4187.005390756952
5100.728118778066 -3656.29486828374 -2934.818093635159
6190.021601891465 -2767.8557337846337 -1421.8593296568097
6729.304501214429 -1633.4804708039364 217.43787548844432
6670.659164538091 -353.9632995813393 1837.414771186143
6019.296487386962 957.005064151421 3294.129301102047
4833.092902083959 2182.9393281867683 4458.145986566693
3217.447802751933 3214.9098532412722 5226.0368368734735
1315.9183466082816 3961.2215294357748 5529.571380139132
-702.5362294440746 4355.561289205552 5341.779240155112
-2658.567378480851 4362.890314363523 4679.346572671228
-4378.3731490088285 3982.5573888615086 3601.133427231304
-5709.141251073289 3248.356762193911 2202.9437734681237
-6532.6270988261695 2225.5253820265293 609.0128979727831
-6775.66036088651 1004.9463051088032 -1039.0314461165378
-6416.646465386347 -304.92666115203093 -2594.7532865039675
-5487.485372447396 -1587.7055554209144 -3919.919910498299
-3793.6385110633933 -3086.1538909528063 -4907.4471731230215
-1939.9786435501762 -3822.593334708022 -5442.732751869651
86.05683989852791 -4219.378585499884 -5494.4076405733895
2104.445795468025 -4241.253532532141 -5057.880298601395
3935.8455069019333 -3886.2744907643532 -4171.938095956564
5417.528072874076 -3185.9829058574583 -2915.3008852372195
6417.839495141001 -2202.602758309433 -1399.6263972773327
6847.897714039917 -1023.5116897226147 240.41103823992543
6669.490169542242 246.52288410312545 1859.0868979830996
5898.469154905207 1494.652817828451 3312.574728372008
4603.343270849313 2609.976289513855 4471.725757150296
2899.190135739257 3493.391914183659 5233.544328560519
937.4312341823996 4066.4043367803433 5530.339519347147
-1107.6225463807652 4278.098888932585 5335.739774344541
-3054.2592029765206 4109.665580675421 4667.036134883096
-4729.51152599206 3576.0704506048974 3583.6458538865536
-5984.525994803742 2724.7257676714335 2181.83291220138
-6707.78906631734 1631.2772430182886 586.1545414511017
-6835.035642641177 392.8825765806807 -1061.6062326039691
-6354.959307056473 -880.421430922891 -2615.0386341099347
-5310.216948760232 -2075.496130623155 -3936.11337706721
-3485.4560232199738 -3415.2161932243575 -4918.025153656424
-1571.4810465864662 -3982.667425064227 -5446.823317293425
482.1269173672518 -4196.241178539021 -5491.647326198484
2492.8957889337494 -4036.9604883995207 -5048.514370473461
4282.159929760505 -3518.9781429564173 -4156.79875789147
5690.935368878712 -2688.3191467304114 -2895.733333859931
6594.046226213523 -1618.7911968231554 -1377.3692953985185
6911.2471388540325 -405.42654512999354 263.3800494446607
6614.353413698845 843.9620342830514 1880.726921070365
5729.745361124653 2018.3608832836646 3330.9629523248186
4336.024288641176 3013.4195103736743 4485.228307575058
2557.0284297827507 3740.72258979328 5240.961444597029
550.8293736037011 4135.64605121905 5531.012157686077
-1504.3132896949458 4163.099212010245 5329.608168117655
-3425.7911156340588 3820.6427383543482 4654.64510421176
-5042.87236711238 3138.7053907811783 3566.0963962230635
-6211.872278491903 2177.880295255356 2160.684373873665
-6828.920077574922 1023.5409780258422 563.2860628983976
-6839.188359543253 -221.74444683687162 -1084.1626867055704
-6241.764742482396 -1447.3269044886442 -2635.278823826152
-5089.732936518574 -2544.3080151870945 -3952.238872719143
