-788.9863782281873 -4142.33163594166 -5497.0597469107815
1274.8849571186108 -4098.2562521899445 -5438.569737142134
3225.4771692849167 -3690.03281552982 -4896.838939458228
4889.471580186858 -2953.9337697675765 -3920.0025125797183
6119.014984096577 -1955.3647454366542 -2594.8566598108227
6804.857053814351 -783.0529824968334 -1039.14640547684
6886.057711677404 458.8364743092484 608.8965672026543
6355.401922891388 1659.9562968022408 2202.836407787606
5260.040783034508 2713.5817177261365 3601.044566552286
3697.3019362962455 3526.093494672836 4679.284112655001
1806.041587175754 4025.296390611426 5341.748730648219
-245.6934826482582 4166.834037521935 5529.575532045148
-2275.597608330895 3938.13019434863 5226.075281277327
-4103.304900217705 3359.5062012077447 4458.2153075143915
-5566.415544663206 2482.375339139419 3294.2233391231744
-6534.925740153113 1384.6745344638114 1837.5251705898525
-6922.779105581163 163.93932085698637 217.5548268032306
-6695.513167362608 -1071.3626208438498 -1421.7462180685015
-5873.3215014483085 -2211.4692920852863 -2934.7188722343326
-4529.25944548345 -3155.077211851801 -4186.928875800493
-2782.7528114596935 -3818.342675516991 -5067.111874717044
-396.2864506807648 -4194.770022879638 -5499.630737823836
1655.1190560047248 -3965.8707593953604 -5434.291745801144
3559.4599711938554 -3384.586475001634 -4886.0920841674915
5147.5272475096 -2502.5668292909136 -3903.741698593623
6278.214138332866 -1398.1831384640548 -2574.5267318114356
6851.054151476313 -169.56473995902277 -1016.553766783329
6815.147937905147 1074.1202298139804 631.7444614962136
6173.685922266995 2222.364903469013 2223.9094220069
4983.664819660993 3173.1427027630816 3618.470270906523
3350.8232273752697 3841.972847809263 4691.5141568408735
1420.2462864917381 4169.426845107448 5347.696421569136
-636.5257695947655 4126.408969989501 5528.712391261779
-2636.7397177054436 3716.7415494404845 5218.478002636107
-4402.667770756324 2976.8253315720444 4444.558942562702
-5777.399471586229 1972.4051194106278 3275.7213158169393
-6638.783875665715 792.7280566322786 1815.8214748946211
-6910.283198569124 -457.3863728076184 194.57792732663242
-6567.773534001334 -1666.8600158165336 -1443.9547229755126
-5641.688368738096 -2728.2258315254517 -2954.1856594503506
-4214.314433770863 -3547.1768094814674 -4201.924235852785
-2412.4801671488135 -4050.9455613860205 -5076.303404058911
-0.6682618626608674 -4210.21347718343 -5502.106758163517
2021.7327186191624 -3798.373771743206 -5429.919912195541
3864.4938748237746 -3049.0318877948494 -4875.260853217935
5363.877791198245 -2028.7701401598747 -3887.4134727020573
6386.657626834783 -828.2432624605706 -2554.152345503557
6841.954904941687 445.8766637940473 -993.9435736941132
6689.314464319968 1680.3784917730443 654.5814464875705
5942.2990779704105 2765.5713165384564 2244.94403256547
4667.284341193193 3605.0309933196086 3635.8334895753155
2977.560908660986 4124.167845926376 4703.663185443928
1023.2681225834315 4276.854286810092 5353.551765599944
-1021.9465267238535 4049.5234556448336 5527.753777707446
-2976.3567423932654 3462.3746944045515 5210.790608517742
-4666.304599974615 2567.578747185337 4430.825826583288
-5941.6308161077495 1444.6421606449765 3257.1627255980507
-6689.017059812358 193.3427784235992 1794.086422620228
-6842.054783484759 -1075.1359581315264 171.59766777400617
-6387.145913781671 -2248.084146650226 -1466.138292897899
-5364.71110011092 -3221.280193184261 -2973.6014322038877
-3865.598162548414 -3908.2513581985904 -4216.84703482362
-2023.0098643453653 -4247.957238958383 -5085.407273070858
394.40260135570855 -4188.572284128426 -5504.487765172577
2371.49820010643 -3597.1542287619523 -5425.454311820488
4137.875776629273 -2686.113234318648 -4864.3454336490595
5536.584931629845 -1536.3992911923633 -3871.0181168695804
6443.344218552325 -250.1695286663991 -2533.7338527230336
6777.584095506063 1058.2888943324726 -971.3162166541698
6509.605882636177 2272.713704845577 677.4071278154142
5663.220620159178 3285.197929043335 2265.939876226383
4313.633352946688 4005.7779003919436 3653.1339227212825
2580.760832256709 4370.426926223956 4715.73098866823
618.5763861383449 4346.744340358303 5359.314661627422
-1398.5712864661475 3936.8344444784702 5526.699707936001
-3291.449762739146 3177.119531693321 5203.0132316722775
-4891.868483303388 2135.103605957807 4417.016196726989
-6057.623221514883 903.3743550850882 3238.547888946189
-6685.13155305312 -408.6236716299899 1772.3203890992088
-6718.636608885981 -1684.3136919053072 148.61444498082906
-6155.161317768192 -2810.3450491659455 -1488.2965447578483
-5044.772932086169 -3686.6649158120676 -2992.965855212966
-3486.134332766914 -4235.408426025788 -4231.6970150181005
-1617.7373993327858 -4407.81731080338 -5094.423324542398
785.468940422713 -4130.079722421741 -5506.773717734508
2701.3282143842766 -3363.896518794744 -5420.895021790371
4377.162621914185 -2298.8163472561073 -4853.346013954186
5664.066921625239 -1029.4762550743887 -3854.5559142199972
6447.694019001614 331.3373201528248 -2513.2716060673433
6658.415207550539 1662.7101204345838 -948.6720864048201
6277.506984934738 2846.343829832547 700.2211113136491
5338.81471832183 3777.067398975725 2286.896590422162
3925.7453349835387 4372.181954332641 3670.371271591275
2163.8562507823185 4578.808956042625 4727.717358120481
209.6990427723257 4378.588688236082 5364.985010134787
-1763.090845437063 3789.3116003597993 5525.550200149688
-3579.222374832644 2863.3375476714837 5195.146006403631
-5077.3242890656675 1682.9433883226907 4403.130291465871
-6124.283658744552 353.0123234460199 3219.877127312355
-6627.073549367819 -1008.2854355378906 1750.523750199105
-6541.0188726965025 -2279.9926087865183 125.62865583370488
-5873.7659643975685 -3349.1124331616998 -1510.4290959147968
-4684.603173564547 -4120.648920512622 -3012.2785940823424
-3079.1928327178866 -4526.047668106062 -4246.473919998808
-1200.1826958690697 -4529.287218155233 -5103.351402779515
1169.1119075012834 -4035.2897531964013 -5508.964576374257
3008.302865549038 -3100.5663846876746 -5416.242120837455
4580.192912273087 -1890.3440862879788 -4842.262784077192
5745.1127188961445 -512.1564201832049 -3838.027149031444
6399.554048433371 911.5385914162675 -2492.765958889535
6485.366916786921 2254.2393989471934 -926.0115739770506
5994.926474020009 3396.6411433149956 723.023003018152
4971.810505734914 4237.236416185111 2307.8138132609947
3506.9273555842237 4701.334638671447 3687.5452385215053
1730.438319992684 4747.698647044578 4739.622086813625
-199.80775423370892 4372.208795695458 5370.562713203422
-2112.3000326545443 3608.22900572653 5524.305274198821
-3837.1051834980153 2523.6422341466123 5187.189068567263
-5220.966699928941 1214.8187752412364 4389.168350589214
-6140.922413236194 -201.94666298870607 3201.150763113265
-6515.230221133277 -1600.768253983764 1728.6968823159684
-6310.631232265776 -2857.3545607565998 102.6406972635693
-5545.304964662433 -3860.052375512254 -1532.53556417198
-4287.254015778829 -4519.767597142797 -3031.5393153092855
-2648.2617332889017 -4777.881633093803 -4261.1774945902125
-773.9597740910756 -4611.459918556229 -5112.191353607359
1541.9806136966617 -3905.0719416019924 -5511.060303258901
3289.695175095149 -2809.394384522908 -5411.495689310526
4745.105883596924 -1464.0898075547836 -4831.095935409232
5778.89311078693 11.305573866878152 -3821.432106731514
6299.200324828809 1485.696405436782 -2472.217265292112
6259.795946424337 2828.07659151233 -903.335070684744
5664.181227518015 3919.1697616223123 745.8124091736389
4565.279149696819 4662.027499418929 2328.6911835330857
3060.7319850274957 4990.643634921475 3704.6555269426844
1284.2253516874023 4875.819182382386 4751.444969170419
-606.3903398802474 4327.756798308574 5376.04767451456
-2443.125588649361 3395.154230657153 5522.964951581453
-4062.778407386927 2160.8773102229115 5179.1425555678525
-5321.435535418795 734.5969579214717 4375.130615199296
-6107.259763393493 -756.9555578169443 3182.369119725814
-6350.427160122646 -2181.2492503985677 1706.8401623678417
-6029.33123528433 -3411.729374827597 79.65096623882076
-5172.502770906681 -4339.062372175452 -1554.6155677830473
-3856.074736179449 -4880.850636093925 -3050.7476862893277
-2197.0175390374006 -4988.9539017352345 -4275.807484883106
-342.74569209923726 -4653.766719543782 -5120.943024372921
1900.821128551291 -3740.60365652522 -5513.060862198304
3542.994983872774 -2492.8570463711267 -5406.655809173518
4870.358186699781 -1023.6091479239898 -4819.845660785448
5764.968691423646 536.5909153509506 -3804.7710738922938
6147.33642876612 2049.1125210065197 -2451.62588012096
5983.486347271143 3379.561486788463 -880.6429681179222
5287.977245723783 4409.721583507954 768.5889362404163
4122.608159987949 5048.058565788331 2349.5283407167926
2590.927247469259 5237.85339145828 3721.7018413851897
829.0310789159867 4962.241957356156 4763.185801026988
-1006.5281391419467 4245.713548902783 5381.439799350946
-2752.652914961128 3151.934859622379 5521.52925544299
-4254.1923994676745 1778.0929260262094 5171.006606356888
-5377.728220065656 246.2596329203448 4361.01732770726
-6023.429288539226 -1307.454909263096 3163.5325214815184
-6133.922231342038 -2744.996345087155 1684.9539677883297
-5699.389265615765 -3938.6328094321634 56.65985975846055
-4758.440552281698 -4782.304464253734 -1576.668725458653
-3394.683513804979 -5201.04738062889 -3069.90337532203
-1729.2939478034718 -5157.654412814677 -4290.3636382389695
89.75097434187278 -4655.981216428293 -5129.606263947669
2242.5046216093247 -3543.3596173006026 -5514.966218645742
3765.9310213789613 -2153.655875947799 -5401.72256400407
4954.737923383011 -572.59035885388 -4808.512154481608
5703.294617385237 1059.352324395607 -3788.0443382254334
5945.088556136599 2597.1669047314476 -2430.992158959148
5658.635287083817 3904.2118081026524 -857.9356581359833
4869.387440261692 4864.350358972626 791.3521909011982
3647.473150417498 5392.2700335979325 2370.3249249849187
2101.4648644864387 5441.06285215078 3738.6838874841187
368.73220321910026 5006.393358578995 4774.844379636355
-1396.7639324588818 4126.883844902078 5386.738994598475
-3038.1514631403347 2880.682591074156 5519.9982105758045
-4409.585903613671 1378.5200473619682 5162.78136143032
-5389.209285401927 -246.13005209391662 4346.828731828924
-5889.977772026816 -1848.9104162973226 3144.6412936608253
-5867.395885865404 -3287.406976202983 1663.0386765199519
-5323.470126602113 -4433.802999725112 33.66777484525673
-4306.530684926358 -5186.236169297687 -1598.694656373042
-2906.9370929962624 -5477.849495805602 -3089.0060516166554
-1249.0493834701401 -5282.731855464619 -4304.845703294342
519.8218451402414 -4618.220306878702 -5138.180922730119
2564.054404352059 -3315.098878996709 -5516.776339698495
3956.4909504340326 -1794.6943946310428 -5396.696038992106
4997.375912795401 -114.82343741576342 -4797.095612210779
5594.222094681919 1575.2500861082553 -3771.2521885771744
5693.997093616645 3125.3557266104185 -2410.3164581208457
5287.83546308886 4397.759795405536 -835.2135328609355
4411.826446381906 5279.403607127896 814.1017800679012
3143.807288932456 5691.949240075811 2391.0805772108824
1596.4470574903112 5598.740204335172 3755.6013719843904
-92.76450090237478 5008.058531772649 4786.420503671931
-1773.7335262995628 3972.3888811592574 5391.945168747803
-3297.0985439836686 2583.7550459133895 5518.371843418802
-4527.501886956197 965.5432362158363 5154.466962826076
-5355.616818657875 -738.4613272361714 4332.565072580566
-5707.861693284509 -2376.8503610790935 3125.6957624876154
-5552.938007924348 -3804.045809704132 1641.0946670077174
-4904.611411893031 -4893.23509435689 10.675108538848944
-3820.4885683823472 -5547.638967267515 -1620.6929801706397
-2396.89854963297 -5709.1107725238 -3108.0553852979547
-760.3335761326646 -5363.303031621386 -4319.253429965151
943.7903722759694 -4540.942279891725 -5146.666852648468
2862.6716403668224 -3057.8493697952513 -5518.491194098426
4112.939212408256 -1419.053402374614 -5391.576320938354
4997.754086090762 345.8316872602775 -4785.596231119938
5438.496576941547 2079.9881138247347 -3754.3949149233695
5396.004780481953 3629.328468598381 -2389.599134645142
4874.054279299585 4856.187061891409 -812.4769846706108
3919.022665966555 5651.552123709469 836.8373108884102
2615.768690414694 5944.751977907956 2411.7949389749547
1080.0921876076618 5709.734530754959 3772.454002745812
-551.5552459748067 4967.382113787104 4797.913973230991
-2134.1945754920835 3783.655997011907 5397.058231895925
-3527.201351218249 2263.7354406013565 5516.650182056962
-4606.800808020503 542.6720560540116 5146.063554121666
-5277.065796417774 -1226.6101221508247 4318.226596274718
-5478.440330781514 -2886.9026081126963 3106.696255123474
-5193.031400015912 -4290.681128380333 1619.1223181925468
-4446.198840115957 -5313.213801047382 -12.317742111050341
-3304.302001449463 -5863.64411083665 -1642.6633169725633
-1868.8034292637014 -5893.063909199733 -3127.051047411818
-267.253471279078 -5398.8591179454115 -4333.586569451051
1358.0431304512197 -4424.942001558646 -5155.0639071631285
3135.7595031574087 -2773.890114929686 -5520.1107522325065
4233.832516787541 -1029.9646754822584 -5386.363498252858
4955.71093143312 805.4776453072827 -4774.014209786569
5237.252682041654 2569.3497425308506 -3737.4728083644586
5053.44154854595 4104.923839724934 -2368.8405462898904
4420.609956798969 5275.757439597895 -789.7264061919475
3394.9877708631357 5977.816838682393 859.5583907533919
2067.7060228276728 6148.720978432852 2432.467652570429
556.6995206855464 5773.2842760319745 3789.2414887481127
-1003.7721769050939 4884.865930064914 4809.324589838141
-2475.054311596081 3562.405809330531 5402.078095747718
-3726.417009104796 1923.4102990767503 5514.833256220854
-4646.671202242869 113.51134300291083 5137.5712804316445
-5154.048267480956 -1706.473594033052 4303.813550515872
-5203.465525985082 -3374.830863503157 3087.6430996620848
-4790.532037473089 -4743.3196005497 1597.1220095047595
-3951.9387545280274 -5690.343575372198 -35.31038005157073
-2762.198370445575 -6131.755551861395 -1664.605287383267
-1327.0245394411525 -6028.33413880168 -3145.9927099309634
226.06124544389425 -5389.268782600806 -4347.8448742396895
1759.0604966178114 -4271.343244649346 -5163.371941269257
3380.9455744310917 -2465.731301440335 -5521.634986133339
4318.032838845689 -630.7833228646504 -5381.057660953434
4871.443936153841 1260.2125220945593 -4762.349748215224
4992.0058617551285 3039.232954114121 -3720.486161120445
4669.006159482575 4548.204200706506 -2348.0410515255135
3931.144770343952 5653.047544600716 -766.9621902941226
2843.983916815593 6255.5928061666245 882.2646273030423
1504.1226116603132 6302.301194687762 2453.0983610097915
30.613411725653304 5789.022464867638 3805.963540095976
-1445.6159241855714 4761.363684337379 4820.652156448736
-2793.3959412519234 3310.6368455533648 5407.004673617483
-3892.970470321857 1565.7453945514444 5512.92109728613
-4646.637489084176 -318.26940591686025 5128.990288405155
-4987.430375508613 -2174.0045729671697 4289.326184196233
-4885.068186091405 -3836.569893247429 3068.5366251235478
-4348.646250571343 -5158.239142002975 1575.0941208574668
-3425.8280119682713 -6021.576206431939 -58.30240823350924
-2198.6099205032074 -6349.869799667488 -1686.5185124970371
-776.0356891607272 -6113.949595257943 -3164.8800457606017
715.4927187402245 -5334.778138683853 -4362.028098111031
2143.446458693016 -4081.5882331994544 -5171.59081149927
3596.102290892377 -2136.092356464669 -5523.063869479636
4364.717810353777 -224.95903616141524 -5375.658900664123
4745.5089981166175 1706.1628817212386 -4750.60304783408
4704.640886073572 3485.6847401904893 -3703.435266525879
4245.744785326417 4955.488212818278 -2327.2010095288742
3409.5956282589136 5984.974810935323 -744.1847300818264
2270.4889368566332 6482.670132471418 904.9556284339051
929.6393395380677 6404.351764008127 2473.686708030906
-493.8127927535091 5756.978636277913 3822.619868024054
-1873.387491347189 4598.072692629784 4831.896477452277
-3086.503490109077 3030.6078119318413 5411.837880430432
-4025.3701088773005 1193.860127540434 5510.913738272978
-4606.564928426015 -748.9672683518219 5120.320726223367
-4778.446238506859 -2625.2456356622974 4274.7647474914065
-4525.741630430444 -4268.259407543458 3049.377161448729
-3870.9050176002706 -5532.019600116487 1553.0390326400789
-2872.121506769434 -6304.235574351021 -81.29342961819115
-1618.1373959644975 -6516.292552122326 -1708.4026139045482
-220.37467644912627 -6149.348340358707 -3183.7127287440876
1196.9693001671005 -5236.007542583502 -4376.13599614154
2507.9573016502245 -3857.4244968091166 -5179.720375925308
3779.3652644057725 -1787.878228757668 -5524.397377596673
4373.388410427318 183.99352112638974 -5370.167310613618
4578.81680388347 2139.5166392161013 -4738.77431149146
4377.397230507995 3904.934314797328 -3686.3204190247507
3787.026703310542 5323.381439986833 -2306.32078017698
2860.1622344309985 6268.822762958833 -721.3944188884585
1679.1597994070225 6657.251673166372 927.6310023055823
348.9566473343342 6454.154557345308 2494.2323381031574
-1012.2528342250454 5677.577485513347 3839.21018490195
-2283.519209265121 4396.5227384551235 4843.0573586758
-3351.884881503004 2724.817652262906 5416.577632724156
-4122.420872514823 811.0005600018095 5508.811213845546
-4526.6616780576705 -1174.8774910327686 5111.5627435969345
-4528.688728577517 -3056.3625211241483 4260.129491856104
-4128.321911740105 -4666.276328587642 3030.1650394935123
-3361.135576202284 -5861.571006639732 1530.9571257116838
-2295.297594618351 -6536.039377671214 -104.28304718433263
-1025.512349004994 -6629.751967060231 -1730.2572136994004
335.39416920426646 -6134.38199998865 -3202.4904336685513
1666.4994436266707 -5093.945271926067 -4390.168324708476
2849.528929170493 -3600.889152042221 -5187.760494161684
3929.1493187148694 -1424.1540784834433 -5525.635487456714
4343.873886599221 592.5249326661637 -5364.582985633637
4372.626196882664 2556.555503295556 -4726.863743452335
4012.851480619077 4293.424898198095 -3669.141914165424
3296.517300193815 5648.804649510911 -2285.40072404083
2287.2730911184435 6502.263318343776 -698.5916502693318
1074.7946303645604 6777.96735662922 950.2903573475654
-233.18404995576526 6451.419250658333 2514.734896433591
-1520.4433041261652 5551.634232679391 3855.734204239159
-2672.604498369413 4158.562150181342 4854.134607387219
-3587.2930544008855 2395.983571090259 5421.223848650071
-4183.234879972559 420.511337107106 5506.613560311357
-4407.477928634775 -1592.325174561638 5102.7164917633945
-4240.097221439478 -3463.6766066666364 4245.420670019765
-3695.96526875911 -5027.265172174877 3010.900591023136
-2823.430582473064 -6144.159165345551 1508.84878139449
-1700.0216985132536 -6715.117653476887 -127.27086393487693
-425.5584262181966 -6689.408469288358 -1752.081934484642
886.7175797787444 -6069.315986618006 -3221.2128362705234
2120.204837516327 -4909.938143782145 -4404.12484149406
3165.3025910749093 -3314.290749962596 -5195.711027367323
4044.162105566017 -1048.1185939052743 -5526.778177679417
4276.33385981752 997.081598127239 -5358.906022157301
4128.534584242193 2953.686714545636 -4714.8715493947775
3613.896893081341 4647.8438043359965 -3651.900048595535
2778.1486036449096 5929.019575384532 -2264.4412023791706
1695.5496190703007 6683.375938086291 -675.7768179948949
462.29361004434134 6843.885019176871 972.9333022659582
-812.0392149761541 6396.2848824188595 2535.1940289730132
-2014.2187921706081 5380.346764224068 3872.1916406900555
-3037.426190427129 3886.341224765091 4865.128032298664
-3790.7449421389165 2047.0172125581714 5425.776447974828
-4207.239370331481 25.806737828387032 5504.320815620668
-4249.902117304222 -1997.6967788084412 5093.782123484576
-3914.9424107662308 -3843.6961699002336 4230.6385359822125
-3232.1228905898674 -5348.1662885135775 2991.5841487064117
-2262.115067646911 -6377.428362351304 1486.714381467245
-1091.108393815056 -6840.0279393107185 -150.25648290389427
176.848049057578 -6694.861016894169 -1773.8763993792973
1429.0907666865662 -5954.826313212916 -3239.87961324149
2554.3524982339277 -4685.679159277835 -4418.005305489685
3452.648800721888 -3000.188849276633 -5203.571838248168
4123.4151839135875 -663.07616531082 -5527.825428532195
4171.257591100194 1394.1363901265936 -5353.13651821746
3848.4654560551144 3327.473809234499 -4702.797936406424
3183.7202765270526 4965.150578013618 -3634.5951200568547
2236.0875789032634 6161.651928731789 -2243.4425771322794
1089.7686869851962 6810.663465618038 -652.9503160438941
-153.38093514261402 6854.517665479786 995.5594460502502
-1382.9019880818557 6289.317890208335 2555.6093824221616
-2489.5461306146067 5165.284620174917 3888.5822100588107
-3374.983174249007 3582.2931441607525 4876.037443569782
-3960.538151981669 1680.9992016533809 5430.235352081701
-4194.181934375355 -369.6588968643908 5501.933019365826
-4055.154246035532 -2387.471180174418 5084.759793043928
-3555.8083071841593 -4193.146171881227 4215.783345009264
-2740.5131958317334 -5626.241724897512 2972.216046110035
-1681.7114604855904 -6559.421010301512 1464.554308158653
-473.4822818061065 -6909.766953395248 -173.2395071633582
776.8178754546117 -6646.1497796669855 -1795.640232024839
1958.0943554720911 -5791.9930318674005 -3258.490442233547
2965.385559050337 -4423.19228544362 -4431.809477000035
3709.1892423267677 -2661.371493598563 -5211.342791059507
4166.232467701844 -272.40815624431656 -5528.777221930553
4029.460411831174 1780.2191364923196 -5347.274573445004
3534.6531153735395 3674.666146588627 -4690.643112980904
2725.7763780452565 5242.602943553756 -3617.2274273801936
1674.7024476550487 6344.711462200049 -2222.4052109156573
474.8238554800443 6883.064524122226 -630.1125385966301
-767.2449199845327 6809.827097244998 1018.1683979800403
-1941.1406173096082 6131.506648343561 2575.980604237762
-2942.5574522314387 4908.374926063059 3904.9056293042777
-3682.515144321812 3249.11255155329 4886.862652810997
-4095.2652053876627 1301.1522683424257 5434.600483971942
-4144.1329811794785 -762.4211039233492 5499.450212780578
-3824.7763553654518 -2758.2500152756343 5075.649656243907
-3165.571565622637 -4508.996308389837 4200.855353628333
-2225.0918503922385 -5859.0984920992405 2952.7966176927953
-1086.9029595997465 -6688.5940625553885 1442.3689441407407
147.86202894827295 -6923.778698141913 -196.2195398300933
1369.4888273424003 -6543.75521189617 -1817.3730565917406
2469.4305335244258 -5582.290358276699 -3277.0450018649153
3349.952499885416 -4124.81450884658 -4445.537117647288
3932.816485607162 -2300.8307888551612 -5219.023751608363
4172.255970339672 120.45648020650039 -5529.633541438419
3852.0773439453747 2151.9466661890333 -5341.3202890671355
3189.624740978541 3992.2269472182693 -4678.407289014226
2243.759982338135 5477.780344387774 -3599.7972704801728
1098.527302688494 6476.608919115314 -2201.3294670138434
-144.3143486126883 6899.962369249363 -607.2638800280787
-1374.3330367265473 6710.223882889489 1040.7597676318267
-2482.236203366059 5924.252557202398 2596.3073426386295
-3369.5817902223394 4611.885393653734 3921.161616544887
-3957.5252478512325 2889.731973953253 4897.603473086796
-4193.825219895051 910.8131869871286 5438.871768266111
-4057.485416852355 -1149.0353486806441 5496.872438739359
-3560.6202285408526 -3106.787051159573 5066.451870403236
-2747.378307398993 -4788.487090232553 4185.854819623966
-1690.0197669736126 -6044.7090374088975 2933.3261987997885
-482.49555372303604 -6763.832059842771 1420.1586725222498
767.9005068726876 -6881.958921171519 -219.196184072565
1950.06523755691 -6388.59353137489 -1839.0744977859306
2958.9581141638564 -5327.573570434671 -3295.5429717255097
3704.9345771535436 -3793.175318089791 -4459.1879903751615
4121.711344125538 -1921.7367926569455 -5226.614587255789
4141.448797214902 512.0709867672317 -5530.3943722684035
3640.553960319788 2506.052160621861 -5335.273767905634
2816.1799277423556 4277.3596023764585 -4666.090675801161
1741.5759499829517 5668.604872576478 -3582.3049503500893
512.2253062874001 6556.169723585319 -2180.2157093740834
-762.6388037355242 6861.1901233766675 -584.4047349011337
-1969.739109261292 6556.563670869076 1063.3331648857336
-3001.8194508714732 5669.357763199022 2616.5892466117475
-3767.174961004047 4278.404538701973 3937.34989106354
-4197.80044387639 2507.296295472187 4908.2597189189355
-4255.43293556649 513.4037733011344 5443.049131205384
-3934.9515362716634 -1526.106927163056 5494.199741756553
-3264.8324247287023 -3430.0163299388914 5057.166594354214
-2304.618624767494 -5029.153729420905 4170.78200203345
-1139.6293463434308 -6181.428749966255 2913.805125656659
126.62100068425514 -6784.456699323833 1397.923876842097
1381.6205161340404 -6784.655897848651 -242.16904311778123
2513.8569855835385 -6182.008645877613 -1860.7441808552926
3422.726229984262 -5030.06279642226 -3313.9840323824674
4027.4712284642296 -3431.1737934377766 -4472.761859453084
4274.357734028773 -1527.409941448162 -5234.1151669191695
4074.0953612366784 899.0007322926899 -5531.059701282075
3396.6345593570095 2839.4135576163944 -5329.135114375069
2417.367870993217 4527.532027784728 -4653.693486031584
1223.3074388475134 5813.359408537329 -3564.750769056711
-79.4492276360653 6582.644294333828 -2159.0643026000644
-1375.1464815869851 6767.032347120085 -561.5354979597738
-2548.6559359179782 6350.139879232394 1085.8881999322057
-3495.7061257502905 5369.009615945051 2636.8259659183122
-4132.147485656037 3910.819286770364 3953.4701733124284
-4401.42940783068 2105.1355016183693 4918.83120628964
-4279.625011764754 112.40118891260161 5447.132500652809
-3777.5571525785044 -1890.3204626925435 5491.432167985725
-2939.8367628491333 -3725.078845652751 5047.793988439967
-1840.8989754794795 -5228.8476259374465 4155.637161142259
-578.3892354863909 -6268.010348237734 2894.2337353637654
735.5129262990273 -6750.232844386756 1375.6649410626408
1984.0615368374613 -6632.66752940309 -265.1377202580559
3056.317572917239 -5925.7605974499265 -1882.3817315960973
3857.006380214566 -4692.323831641286 -3332.367865385655
4314.983244436124 -3041.9535014673384 -4486.258490480198
4389.554911397456 -1121.2922532949515 -5241.525361074461
3970.798820244905 1277.8530291720976 -5531.629516990173
3122.3477508152782 3149.080763114974 -5322.9044344810045
1996.4623815282937 4740.498851741782 -4641.215933786833
693.1825683116756 5910.702814054761 -3547.135029735057
-671.6895580810366 6555.714892646915 -2137.875611945632
-1976.8791195771735 6618.222933746441 -538.6565641222439
-3106.4142959077603 6092.6728235896235 1108.4244832788122
-3959.9309297723353 5025.761995802567 2657.017151099812
-4461.59032265598 3512.2901594952136 3969.5221849178715
-4566.817836005003 1686.735929085211 4929.317752644801
-4266.263543475006 -288.69219074271285 5451.1218060945785
-3586.6330129180674 -2238.4687425183342 5488.569765218824
-2588.3143994836228 -3989.347523162936 5038.334214511682
-1360.0126930244053 -5385.755269411254 4140.420558479654
-10.867890472565854 -6303.615024974674 2874.61236589036
1339.2425718407014 -6661.370922610187 1353.3822495631323
2570.3554544767076 -6427.234780826987 -288.10181885796726
3573.080975163331 -5622.010623312046 -1903.9867763595225
4258.322570999103 -4317.246150128573 -3350.694153273194
4565.193519060799 -2628.8754105834973 -4499.677650389446
4466.426988932164 -706.9175541783726 -5248.845041758463
3832.475758981788 1645.3065809774687 -5532.103809552815
2819.989572207996 3432.301435472432 -5316.5818358181605
1556.9349366231102 4914.321245018926 -4628.658234535965
155.53979942284062 5959.682045801908 -3529.4580365831594
-1259.6757315313298 6475.498943181515 -2116.6500033084485
-2562.963545743042 6415.939342200384 -515.7683284742374
-3638.520801535209 5786.295374778704 1130.9416257569244
-4390.779516725439 4642.513670568922 2677.1624534840143
-4752.898203236076 3086.224253393416 3985.5056486851317
-4692.701026638971 1255.7102676318557 4939.719176897109
-4215.536770245732 -686.3790860025504 5455.016978641226
-3363.8035722377513 -2567.4806457206178 5485.612582885356
-2213.181665027604 -4220.450282863186 5028.787435925808
-865.9088544919923 -5498.414391232347 4125.132456814077
558.3037577436522 -6287.820251546392 2854.941356068799
1932.9086310280793 -6518.525688865857 1331.0761871330353
3135.7660900158603 -6170.031512650774 -311.0609423611486
4059.9969708228937 -5273.30295979936 -1925.5589420580677
4623.479303769074 -3908.0182974608933 -3368.9625795769007
4776.14521077064 -2195.4890593371983 -4513.019107451563
4504.429656027204 -287.8809835463634 -5256.074082571001
3660.348161977954 1998.1403067310964 -5532.482570779662
2492.1042763753026 3686.5451190947574 -5310.167427568561
1102.425989397221 5047.384219490064 -4616.020605132065
-385.2076846555793 5959.741081902866 -3511.720094856806
-1838.6139654706399 6342.5487952956355 -2095.3878432237257
-3128.6513268291537 6161.793214409447 -492.87118626211344
-4140.694287938684 5433.5352658388465 1153.4392385284486
-4784.818390427281 4222.483864221691 2697.261525191042
-5003.790381096761 2636.2462412032064 4001.420288603169
-4778.153637633388 815.7665706777491 4950.035299429192
-4127.956974884417 -1077.1975395850777 5458.817951028823
-3110.9732196761684 -2874.4479212522024 5482.5606720515325
-1817.5658416185627 -4416.290990809164 5019.153817541237
-362.6597622768471 -5565.727225258914 4109.773120148674
1124.4702284493276 -6220.624170952787 2835.2210455886193
2511.686104721453 -6322.791360297966 1308.7471389654
3675.7276482361667 -5863.150790167806 -334.01469429713103
4513.164659539994 -4882.5435423177905 -1947.0978561720128
4949.587185146802 -3468.100874043425 -3387.1728288278046
4946.217168447719 -1745.50222360029 -4526.28263127912
4503.354050215534 132.19195942006175 -5263.212358677122
3455.93274696251 2333.2612935623083 -5532.765794130063
2141.4629509384836 3909.5255179437436 -5303.661320499651
636.7147740681994 5138.41124338573 -4603.303263808497
-924.6083046548131 5910.726580306566 -3493.9215108643125
-2403.7758779325236 6157.847921770797 -2074.0894988578366
-3669.357415659243 5857.817452115188 -469.9655328859877
-4608.900444294845 5037.294195230664 1175.9169330925529
-5138.9224426283845 3769.185243298428 2717.3140191393472
-5212.328630144705 2166.1676417021304 4017.265829849452
-4822.5965449452315 370.6765390704767 4960.265942096715
-4004.3555931110163 -1457.750800744798 5462.524657620135
-2830.310074003813 -3156.6505846798664 5479.414085419384
-1404.779084210182 -4575.068111433214 5009.433525716464
145.5726919869957 -5586.970759130002 4094.3428137166957
1682.989695665875 -6102.446536860741 2815.4517749907186
3070.8656792062175 -6075.693159645877 1286.3954906502067
4185.881770877032 -5509.087782456205 -356.9626782882195
4928.963897765829 -4452.975779561765 -1968.6031467558237
5234.085951936335 -3001.1973370909336 -3405.3245865615445
5074.136499869426 -1282.7493406819758 -4539.467992830477
4463.327752307853 549.6765638993343 -5270.259746809249
3221.0277510644096 2647.7316370417966 -5532.953474713165
1771.040149112075 4099.220715014604 -5297.063626962376
163.68785782945142 5186.476043324555 -4590.506430175133
-1458.208817953659 5812.89021470989 -3476.0625919611625
-2950.53724101758 5922.803581069705 -2052.755338002021
-4180.697481997685 5506.449857456069 -447.0517638929658
-5039.384405013576 4600.8238993502755 1198.374321292327
-5450.299908669804 3286.3945474040884 2737.3195890517013
-5376.932347193526 1679.9546178161102 4033.041998794683
-4825.800750390153 -75.75665192422497 4970.41092823145
-3845.875579236836 -1824.7366106885122 5466.13703440577
-2524.227485521331 -3411.5807138684027 5476.17287732586
-978.29070232739 -4695.290899145716 4999.6267283067
654.5715029263596 -5561.803883089198 4078.841803976982
2229.272157605394 -5934.126184445889 2795.6338856614666
3605.8921980814484 -5779.175332830729 1264.021628167707
4662.1128925607045 -5110.719391400333 -379.904498056318
5304.084397190494 -3988.1536040213764 -1990.0744424446077
5474.764726538915 -2511.2228672013107 -3423.417539323836
5158.988184325074 -811.1589583103564 -4552.574964413731
4384.8129020872075 960.9799837389166 -5277.216125269295
2957.6972839376167 2938.7939380613957 -5533.045609287998
1383.9887286075887 4253.891161150877 -5290.374460889243
-312.6932987937226 5191.011486678217 -4577.630325214551
-1981.5911543652603 5666.887661235496 -3458.1436465447464
-3474.4159398019056 5639.235998365114 -2031.3857290660012
-4658.523621763932 5110.513469660425 -424.13027497030583
-5428.701036338043 4127.6993920574405 1220.8110153215564
-5716.514540371417 2778.1211093597294 2757.2778894611974
-5496.390640981927 1181.694574511718 4048.7485230075
-4787.888312628156 -519.7307090628743 4980.470082644335
-3653.9610963955897 -2174.975638336585 5469.655019005264
-2195.3634016041096 -3636.964437420719 5472.837103741878
-541.6980343865039 -4775.792985684469 4989.733594660981
1160.0995803890175 -5490.271368947838 4063.2703586092352
2758.8172564338092 -5716.91504742113 2775.7677198267957
4112.40191237434 -5435.5857356625975 1241.6259378817444
5100.581611421869 -4671.2807776153395 -402.8397574297777
5635.552250760846 -3491.912022898906 -2011.5113724605192
5669.779341406012 -2002.2715609443883 -3441.4513746758794
5200.221656150436 -334.720483975959 -4565.603319690672
4268.601455949038 1362.5719768903868 -5284.081373930793
2668.253382828685 3203.8952366845647 -5533.042196263535
983.6131109678367 4372.09527534745 -5283.593937792366
-788.4255023175683 5151.815462171635 -4564.675171278249
-2490.4090497737075 5473.774236812088 -3440.164984049024
-3971.1088241773664 5309.3641492492025 -2009.9810410716564
-5098.9581526288175 4673.193757264728 -401.2014619385702
-5773.74267280991 3621.7895919742623 1243.2266277313786
-5935.504818859457 2248.5735274750423 2777.188575717207
-5569.87131421947 675.5618373572787 4064.3851312592265
-4709.330300333424 -957.4764866639699 4990.443231628497
-3430.3446227071236 -2505.4388230287786 5473.078550668175
-1846.5577715338732 -3830.7819250302987 5469.406822271367
-98.69615887451468 -4815.743241883301 4979.754295619242
1657.9350406217943 -5372.804638153837 4047.6287465095647
3267.2514360307546 -5452.468764159604 2755.853620546339
4586.258203251637 -5047.657112704732 1219.2088065331395
5497.755802650983 -4194.338975507652 -425.76806035025277
5920.753672480831 -2968.335413783307 -2032.9135666191523
5817.666595711227 -1478.5822242188954 -3459.4257811997086
5197.654311503334 142.54948461857524 -4578.552833680675
4115.8076321881235 1751.015046179572 -5290.855374240948
2355.235924333812 3440.7091768301043 -5532.943235698712
573.34118748719 4452.702518849775 -5276.722174761451
-1259.4974299340547 5069.0537017065 -4551.641192082774
-2980.424173492204 5234.997217990828 -3422.1269149391833
-4436.527149859533 4935.788258049772 -1988.5416436466207
-5498.425219583113 4198.012851030992 -378.26572074480066
-6071.764079105098 3087.2255795221436 1265.6207714369827
-6105.600054700806 1702.1247672064526 2797.0513039913044
-5596.926671451832 165.78269967296288 4079.951553528525
-4590.941791736215 -1385.289888251873 5000.3302029622555
-3177.0315868086227 -2813.2733903609837 5476.407570275122
-1480.8281832196108 -3991.285205889591 5465.882092150265
346.9533029559084 -4814.65381540828 4969.689003509378
2143.906465584313 -5210.219304667687 4031.9172377857044
3750.3641303669824 -5142.833944036552 2735.8919317074105
5023.585483964644 -4618.485218522739 1196.7706212329263
5850.439221670266 -3683.7638134546246 -448.6890108794812
6157.455760300836 -2421.7238276298376 -2054.280655335953
5917.355333079141 -944.5030521601791 -3477.3404485036426
5151.471916627198 616.6409643772985 -4591.423282764584
3927.8576135207845 2122.99372514554 -5297.538009222683
2021.3905659944498 3647.156210853947 -5532.748729302433
156.69510978157066 4494.903826715515 -5269.759290461788
-1721.9233945805931 4943.259512012876 -4538.528612705866
-3447.5414487979056 4952.384896530826 -3404.029750706266
-4866.830316003066 4521.4691498088605 -1967.067907017904
-5853.679951898294 3688.8010269858355 -355.3234474556778
-6320.404435616008 2528.3667448784345 1287.9930597242655
-6225.5332485912195 1143.2759819338874 2816.8657312832515
-5577.496112126431 -343.3998691894943 4095.4475210060664
-4433.87396966067 -1799.563134949889 5010.130825912076
-2896.282667255128 -3095.8273189172432 5479.642020338806
-1101.343939736841 -4117.0136597843775 5462.262974245505
791.4540299953582 -4772.385269762815 4959.537892144243
2613.9278359236505 -5003.70950525502 4016.1361037524143
4204.142682596757 -4790.43219278783 2715.8829980191845
5420.801002344864 -4151.503957526024 1174.311769455723
6155.797364241258 -3143.696377062984 -471.6022132062099
6343.82411605303 -1856.5575776135768 -2075.6122696325447
5968.1742557398975 -404.4554900244795 -3495.1950672275984
5062.225921902943 1083.584242776981 -4604.214444688571
3706.4765996923643 2475.3427603765767 -5304.129163476673
1669.644907800153 3821.421669930205 -5532.4586804335395
-262.73878703212847 4498.219302884295 -5262.70540513219
-2171.776987626417 4775.330410666842 -4525.337659582579
-3887.8432721837835 4628.132455269304 -3385.87380386183
-5258.457620488435 4069.7046209963373 -1945.5602020055085
-6161.834932851517 3149.6656715432773 -332.37503825067
-6517.7061706635195 1949.7651050934649 1310.343106256562
-6294.450612729652 576.6193526528675 2836.6315154268905
-5511.905495113215 -847.7615597232875 4110.872766099172
-4239.603385657104 -2196.815137177709 5019.844931235553
-2590.593910192354 -3350.672049129443 5482.781845005012
-711.3987971728917 -4206.807045333931 5458.549531053953
1231.0072208975878 -4689.148774291857 4949.301136818685
3064.0328452051067 -4754.8390566634935 4000.285616926781
4624.805704929479 -4398.041022583066 2695.8271650066526
5774.644282145319 -3650.4577431610037 1151.832639033028
6411.380373283521 -2578.5152734891344 -494.50727165297144
6478.437182376133 -1277.4604061398554 -2096.908041143185
5969.856417661324 137.1024243375932 -3512.989329048443
4930.827711953926 1539.4831027485743 -4616.926098568008
3453.673325458421 2805.07395157002 -5310.628723183337
1303.0830789582674 3961.971544461008 -5532.073094100751
-681.3406727894162 4462.503108012112 -5255.560640582951
-2605.2243157454654 4566.521687044008 -4512.068560501367
-4297.622345408944 4264.784774331695 -3367.6593879324905
-5608.1577698778 3584.1030187202996 -1924.01890001602
-6420.383765498017 2584.957981318564 -309.42088941524054
-6662.13048816365 1356.1280833754204 1332.6705250812859
-6311.917680677844 6.800253954299352 2856.348315096068
-5400.863287869306 -1343.1318078730806 4126.227022436441
-4009.9184906354253 -2573.7207143340825 5029.472351184299
-2262.674838271125 -3575.6232407391844 5485.826990053561
-314.3825969414787 -4259.815950840461 5454.74182670134
1661.8439177717432 -4565.5053198151745 4938.978914306474
3490.4083075090325 -4465.529505734213 3984.3660510235063
5008.834601719564 -3968.7717984153082 2675.724779004691
6082.203960658713 -3119.371300139038 1129.3336181465233
6615.142806380892 -1992.8009727099272 -517.4037906829311
6560.29718368007 -689.1615335925127 -2118.1676021210687
5922.540366819275 675.7129321201618 -3530.7229266853187
4758.539847726276 1980.5473384966044 -4629.558024891227
3171.7221806546363 3109.4014223587833 -5317.036576104789
924.9189688230695 4067.5658384068042 -5531.59197696258
-1095.4882609772371 4387.945493173839 -5248.325120193682
-3018.556551318654 4318.43693469075 -4498.721544600149
-4673.412845358189 3865.2163034120413 -3349.3868174545596
-5913.015899153175 3068.554241352807 -1902.4443730361809
-6627.221541465522 1999.2376688208947 -286.4613973339311
-6752.569466735952 752.2800559042424 1354.9749306365795
-6277.921961723875 -561.5209413061551 2876.015789810491
-5245.453540205878 -1825.4283386874374 4141.510024872329
-3746.9035523468815 -2927.1384174160175 5039.0129195068685
-1915.4247408464462 -3768.7594022218227 5488.777402899254
86.24796458120441 -4275.509575211989 5450.839926941147
2080.2571598628683 -4402.361959679842 4928.571402857292
3889.4263774325395 -4138.045164582888 3968.3776809502065
5353.002992900798 -3506.044897100643 2655.5761871520835
6340.941801183099 -2562.5171544864097 1106.8150953213685
6765.460103665537 -1391.298517274734 -540.2913749067174
6588.837586204637 -96.45690119022005 -2139.390585444694
5826.767934571963 1206.9553338591722 -3548.3955539049507
4546.96438160265 2403.1242908589456 -4642.110005523358
2863.1430893034317 3385.765108678642 -5323.352611586787
538.4683325361094 4137.269382257636 -5531.015337327213
-1501.587932878473 4275.07195681718 -5240.998968911236
-3408.22152084669 4033.015627169246 -4485.296842362352
-5012.019669953896 3432.6081604497563 -3331.0564079685814
-6170.477876499654 2527.1983949215028 -1880.8369936265228
-6780.662045022261 1397.2359615769976 -263.4969584835653
-6788.354634399375 143.1229813773403 1377.25593775803
-6192.8721243064665 -1123.7071038025376 2895.6335999416738
-5047.125748997234 -2290.6908815021707 4156.721509491761
-3452.9201019430693 -3254.1367218489704 5048.466471451608
-1551.9073509409727 -3928.438233915702 5491.633032592784
486.9991786254531 -4253.680769231785 5446.84389915347
2482.63369401033 -4200.965101231032 4918.078782193624
4257.675310823866 -3774.9752483542075 3952.3207828026243
5654.40379177035 -3013.562278455093 2635.3817373855345
6548.713681875702 -1984.3810753150153 1084.277459419484
6861.14162278976 -778.8789053202769 -563.1696290892548
6563.92702089487 495.83007346594434 -2160.5766246242015
5683.478697874194 1726.4823743102722 -3566.0069055269328
4298.0283510119325 2803.7291396540345 -4654.5818237100575
2530.6793235755067 3631.852266976863 -5329.576720560649
147.12001161439233 4170.460011183519 -5530.343185152375
-1896.105681201063 4124.739526859767 -5233.5823132475225
-3770.854063319076 3712.517834453253 -4471.7946856129365
-5310.54551379069 2970.4226403394005 -3312.6684760138965
-6378.371690416878 1964.3923591463354 -1859.1971349148498
-6879.451551326394 783.817196249249 -240.52796942639068
-6769.261951924687 -466.4035642597037 1399.5131616852252
-6057.593721677683 -1675.1823213058522 2915.2014067187565
-4807.681705947429 -2735.1137776874334 4171.861213614657
-3130.586072480085 -3552.0183720723758 5057.832843769513
-1175.3241281221847 -4053.310546322808 5494.393829821601
884.3705228443599 -4194.448290872106 5442.753812343861
2865.4849718600444 -3962.8908977442748 4907.501233507678
4591.98850615231 -3379.2132574916004 3936.195633859889
5910.473710063292 -2495.277689877672 2615.1417784336254
6703.787387148486 -1389.6257491723395 1061.7210996328752
6901.440135799155 -160.49946238088134 -586.0381581565694
6485.869641912877 1082.8879059834069 -2181.725353807704
5494.0011675725245 2230.055931725766 -3583.556677429007
4013.9665794663474 3179.073701495024 -4666.973264081285
2177.2734457723764 3845.6168217513023 -5335.708795545112
-245.69348264826624 4166.834037521935 -5529.575532045148
-2275.597608330894 3938.13019434863 -5226.075281277327
-4103.304900217703 3359.5062012077456 -4458.215307514392
-5566.415544663203 2482.375339139422 -3294.223339123178
-6534.925740153116 1384.6745344638082 -1837.5251705898474
-6922.779105581163 163.93932085698114 -217.55482680322254
-6695.513167362609 -1071.3626208438486 1421.7462180685009
-5873.3215014483085 -2211.4692920852854 2934.7188722343326
-4529.259445483455 -3155.0772118517975 4186.92887580049
-2782.7528114597085 -3818.342675516987 5067.111874717039
-788.9863782281856 -4142.33163594166 5497.0597469107815
1274.8849571186038 -4098.256252189945 5438.569737142136
3225.4771692849317 -3690.0328155298153 4896.838939458222
4889.471580186853 -2953.9337697675805 3920.0025125797224
6119.014984096576 -1955.364745436655 2594.856659810823
6804.857053814349 -783.0529824968419 1039.1464054768503
6886.057711677406 458.836474309237 -608.8965672026403
6355.401922891389 1659.9562968022371 -2202.8364077876017
5260.040783034512 2713.5817177261333 -3601.0445665522825
3697.3019362962496 3526.093494672834 -4679.284112654999
1806.0415871757705 4025.2963906114237 -5341.748730648216
-636.5257695947669 4126.408969989501 -5528.712391261779
-2636.739717705442 3716.7415494404854 -5218.478002636107
-4402.667770756327 2976.8253315720435 -4444.5589425627
-5777.399471586229 1972.405119410629 -3275.7213158169393
-6638.783875665714 792.7280566322816 -1815.821474894623
-6910.283198569124 -457.386372807623 -194.57792732662435
-6567.773534001335 -1666.8600158165316 1443.954722975512
-5641.688368738097 -2728.22583152545 2954.1856594503497
-4214.314433770868 -3547.1768094814643 4201.924235852782
-2412.4801671488294 -4050.9455613860177 5076.303404058906
-396.28645068077105 -4194.770022879638 5499.630737823835
1655.1190560047187 -3965.8707593953623 5434.291745801146
3559.459971193846 -3384.586475001638 4886.092084167495
5147.527247509594 -2502.5668292909177 3903.7416985936266
6278.214138332866 -1398.1831384640566 2574.5267318114365
6851.054151476311 -169.56473995903048 1016.5537667833371
6815.147937905149 1074.1202298139758 -631.7444614962094
6173.685922266994 2222.3649034690125 -2223.909422006901
4983.66481966099 3173.1427027630816 -3618.470270906525
3350.823227375267 3841.972847809263 -4691.514156840874
1420.2462864917384 4169.426845107448 -5347.696421569136
-1021.9465267238655 4049.5234556448318 -5527.753777707446
-2976.3567423932654 3462.374694404551 -5210.790608517742
-4666.304599974611 2567.578747185339 -4430.825826583291
-5941.6308161077595 1444.6421606449644 -3257.1627255980384
-6689.017059812358 193.34277842359776 -1794.0864226202273
-6842.054783484759 -1075.135958131526 -171.59766777400796
-6387.145913781676 -2248.08414665022 1466.138292897889
-5364.711100110921 -3221.2801931842614 2973.601432203887
-3865.5981625484187 -3908.251358198589 4216.847034823616
-2023.0098643453546 -4247.957238958385 5085.407273070861
-0.6682618626534911 -4210.21347718343 5502.106758163518
2021.7327186191635 -3798.3737717432055 5429.919912195541
3864.493874823777 -3049.031887794848 4875.260853217934
5363.877791198246 -2028.7701401598747 3887.413472702058
6386.657626834783 -828.2432624605699 2554.1523455035576
6841.954904941686 445.87666379403623 993.9435736941285
6689.314464319969 1680.3784917730404 -654.5814464875639
5942.299077970407 2765.571316538461 -2244.944032565475
4667.2843411931935 3605.0309933196086 -3635.833489575314
2977.560908660982 4124.167845926377 -4703.663185443929
1023.2681225834165 4276.854286810092 -5353.5517655999465
-1398.5712864661589 3936.834444478467 -5526.699707936001
-3291.449762739149 3177.119531693319 -5203.013231672276
-4891.86848330339 2135.1036059578046 -4417.016196726987
-6057.623221514886 903.3743550850832 -3238.5478889461842
-6685.13155305312 -408.62367162999453 -1772.3203890992033
-6718.636608885982 -1684.3136919053063 -148.61444498083085
-6155.161317768193 -2810.3450491659455 1488.2965447578479
-5044.772932086168 -3686.664915812069 2992.9658552129677
-3486.134332766915 -4235.408426025788 4231.6970150181
-1617.7373993327835 -4407.817310803379 5094.423324542398
394.4026013557047 -4188.572284128427 5504.487765172577
2371.498200106431 -3597.1542287619523 5425.454311820488
4137.875776629276 -2686.1132343186478 4864.3454336490595
5536.584931629842 -1536.3992911923674 3871.0181168695844
6443.344218552325 -250.16952866639963 2533.7338527230345
6777.584095506063 1058.288894332461 971.316216654185
6509.60588263618 2272.713704845573 -677.4071278154075
5663.220620159171 3285.1979290433405 -2265.9398762263927
4313.633352946689 4005.777900391943 -3653.133922721281
2580.7608322567057 4370.426926223956 -4715.7309886682315
618.5763861383589 4346.744340358305 -5359.314661627419
-1763.0908454370676 3789.311600359797 -5525.550200149687
-3579.2223748326464 2863.3375476714814 -5195.146006403629
-5077.324289065673 1682.9433883226848 -4403.130291465865
-6124.283658744554 353.0123234460154 -3219.8771273123493
-6627.073549367819 -1008.2854355378969 -1750.5237501990975
-6541.0188726965025 -2279.9926087865165 -125.62865583370665
-5873.7659643975685 -3349.112433161699 1510.4290959147963
-4684.603173564546 -4120.648920512622 3012.2785940823446
-3079.1928327178944 -4526.047668106061 4246.473919998803
-1200.1826958690785 -4529.287218155234 5103.351402779513
785.4689404227164 -4130.07972242174 5506.773717734508
2701.328214384271 -3363.896518794746 5420.895021790371
4377.162621914186 -2298.8163472561064 4853.346013954185
5664.066921625245 -1029.4762550743815 3854.5559142199904
6447.694019001614 331.33732015282453 2513.2716060673433
6658.41520755054 1662.710120434579 948.6720864048257
6277.506984934739 2846.343829832545 -700.2211113136473
5338.8147183218325 3777.0673989757224 -2286.896590422158
3925.745334983548 4372.181954332637 -3670.371271591268
2163.8562507823235 4578.808956042625 -4727.717358120479
209.69904277234022 4378.588688236085 -5364.985010134785
-2112.300032654543 3608.229005726531 -5524.305274198821
-3837.1051834980176 2523.6422341466114 -5187.189068567262
-5220.966699928947 1214.818775241231 -4389.168350589209
-6140.922413236194 -201.94666298870303 -3201.1507631132667
-6515.23022113328 -1600.7682539837715 -1728.6968823159586
-6310.631232265777 -2857.3545607565975 -102.64069726357106
-5545.304964662435 -3860.052375512253 1532.5355641719796
-4287.254015778821 -4519.7675971428 3031.5393153092928
-2648.261733288911 -4777.881633093802 4261.177494590207
-773.9597740910749 -4611.459918556228 5112.191353607359
1169.1119075012732 -4035.289753196406 5508.9645763742565
3008.3028655490375 -3100.566384687675 5416.242120837454
4580.192912273089 -1890.3440862879781 4842.26278407719
5745.112718896145 -512.1564201832053 3838.027149031443
6399.554048433374 911.5385914162774 2492.7659588895226
6485.366916786923 2254.2393989471875 926.011573977056
5994.926474020011 3396.641143314993 -723.0230030181501
4971.810505734915 4237.236416185111 -2307.8138132609956
3506.9273555842406 4701.334638671444 -3687.545238521493
1730.4383199926874 4747.698647044578 -4739.622086813623
-199.80775423371045 4372.208795695458 -5370.562713203423
-2443.1255886493664 3395.154230657149 -5522.964951581452
-4062.7784073869348 2160.8773102229034 -5179.142555567849
-5321.435535418799 734.5969579214633 -4375.130615199291
-6107.259763393495 -756.9555578169524 -3182.369119725808
-6350.427160122645 -2181.2492503985623 -1706.84016236785
-6029.331235284329 -3411.7293748276024 -79.65096623881517
-5172.502770906681 -4339.062372175453 1554.6155677830466
-3856.074736179439 -4880.850636093927 3050.7476862893354
-2197.017539037402 -4988.9539017352345 4275.807484883104
-342.74569209922146 -4653.766719543777 5120.943024372927
1541.9806136966713 -3905.071941601987 5511.060303258901
3289.695175095138 -2809.3943845229155 5411.495689310529
4745.105883596928 -1464.089807554779 4831.095935409231
5778.893110786931 11.305573866881451 3821.4321067315127
6299.200324828809 1485.696405436785 2472.217265292111
6259.795946424336 2828.076591512327 903.3350706847496
5664.181227518016 3919.1697616223105 -745.8124091736347
4565.279149696827 4662.027499418928 -2328.691183533077
3060.7319850275067 4990.643634921475 -3704.655526942676
1284.2253516873946 4875.819182382385 -4751.444969170423
-606.3903398802503 4327.756798308572 -5376.04767451456
-2752.652914961133 3151.934859622376 -5521.52925544299
-4254.19239946767 1778.092926026215 -5171.006606356891
-5377.728220065662 246.25963292033666 -4361.0173277072545
-6023.4292885392315 -1307.4549092631132 -3163.5325214815034
-6133.922231342039 -2744.9963450871523 -1684.9539677883338
-5699.389265615765 -3938.632809432165 -56.659859758459866
-4758.440552281698 -4782.304464253735 1576.6687254586525
-3394.683513804984 -5201.047380628891 3069.9033753220256
-1729.2939478034705 -5157.654412814678 4290.36363823897
89.75097434187136 -4655.981216428294 5129.606263947668
1900.8211285512743 -3740.6036565252316 5513.060862198303
3542.9949838727684 -2492.8570463711326 5406.655809173519
4870.358186699785 -1023.6091479239855 4819.845660785445
5764.968691423647 536.5909153509533 3804.771073892292
6147.33642876612 2049.112521006513 2451.6258801209674
5983.486347271145 3379.561486788459 880.6429681179277
5287.977245723785 4409.721583507953 -768.5889362404121
4122.608159987943 5048.058565788333 -2349.5283407167976
2590.9272474692625 5237.853391458281 -3721.701841385187
829.0310789159747 4962.241957356153 -4763.1858010269925
-1006.5281391419493 4245.713548902782 -5381.439799350946
-3038.1514631403365 2880.6825910741545 -5519.9982105758045
-4409.58590361367 1378.5200473619698 -5162.781361430321
-5389.209285401931 -246.1300520939241 -4346.8287318289185
-5889.9777720268185 -1848.9104162973301 -3144.641293660819
-5867.395885865404 -3287.4069762029853 -1663.0386765199494
-5323.470126602107 -4433.802999725121 -33.66777484524377
-4306.530684926358 -5186.236169297687 1598.6946563730417
-2906.9370929962593 -5477.849495805602 3089.0060516166586
-1249.049383470144 -5282.731855464621 4304.845703294341
519.8218451402339 -4618.220306878706 5138.180922730116
2242.5046216093133 -3543.3596173006117 5514.966218645741
3765.9310213789636 -2153.655875947796 5401.722564004069
4954.737923383018 -572.5903588538664 4808.512154481601
5703.294617385237 1059.3523243956076 3788.044338225433
5945.088556136599 2597.166904731447 2430.992158959149
5658.635287083817 3904.211808102651 857.9356581359839
4869.387440261689 4864.350358972627 -791.3521909012014
3647.4731504174965 5392.2700335979325 -2370.324924984919
2101.4648644864437 5441.062852150781 -3738.683887484116
368.7322032191074 5006.393358578996 -4774.844379636351
-1396.763932458879 4126.88384490208 -5386.738994598475
-3297.0985439836745 2583.755045913383 -5518.371843418801
-4527.501886956196 965.5432362158393 -5154.466962826077
-5355.616818657875 -738.4613272361694 -4332.565072580568
-5707.86169328451 -2376.8503610791013 -3125.6957624876086
-5552.9380079243465 -3804.045809704138 -1641.0946670077099
-4904.611411893031 -4893.235094356891 -10.675108538845809
-3820.4885683823472 -5547.638967267515 1620.692980170639
-2396.898549632967 -5709.1107725238 3108.0553852979583
-760.3335761326638 -5363.303031621386 4319.2534299651525
943.790372275962 -4540.942279891729 5146.6668526484655
2564.054404352048 -3315.0988789967196 5516.776339698495
3956.490950434035 -1794.6943946310403 5396.696038992105
4997.375912795404 -114.8234374157598 4797.095612210778
5594.222094681919 1575.2500861082517 3771.2521885771775
5693.997093616646 3125.355726610418 2410.316458120846
5287.835463088861 4397.759795405536 835.2135328609362
4411.826446381905 5279.403607127896 -814.1017800679019
3143.8072889324553 5691.949240075811 -2391.0805772108833
1596.4470574903157 5598.740204335173 -3755.6013719843877
-92.76450090237037 5008.058531772652 -4786.4205036719295
-1773.7335262995596 3972.3888811592597 -5391.945168747802
-3527.2013512182502 2263.735440601355 -5516.650182056962
-4606.800808020506 542.6720560540055 -5146.063554121664
-5277.065796417774 -1226.610122150822 -4318.22659627472
-5478.440330781514 -2886.902608112702 -3106.696255123468
-5193.031400015913 -4290.681128380332 -1619.1223181925463
-4446.198840115957 -5313.213801047382 12.317742111052123
-3304.3020014494646 -5863.644110836649 1642.6633169725626
-1868.8034292636987 -5893.063909199732 3127.051047411822
-267.2534712790801 -5398.8591179454115 4333.58656945105
1358.0431304512265 -4424.942001558639 5155.063907163131
2862.6716403668247 -3057.849369795249 5518.491194098427
4112.939212408248 -1419.0534023746266 5391.576320938356
4997.754086090762 345.8316872602759 4785.596231119939
5438.4965769415485 2079.988113824735 3754.394914923369
5396.004780481953 3629.3284685983785 2389.599134645143
4874.054279299592 4856.187061891399 812.476984670626
3919.0226659665545 5651.552123709469 -836.8373108884109
2615.768690414695 5944.751977907955 -2411.794938974955
1080.0921876076673 5709.73453075496 -3772.4540027458083
-551.5552459748134 4967.382113787099 -4797.913973230995
-2134.194575492081 3783.6559970119083 -5397.058231895924
-3726.4170091047963 1923.4102990767494 -5514.833256220854
-4646.67120224287 113.51134300290987 -5137.571280431644
-5154.048267480956 -1706.4735940330484 -4303.8135505158725
-5203.465525985082 -3374.830863503162 -3087.643099662078
-4790.532037473089 -4743.319600549703 -1597.1220095047543
-3951.9387545280247 -5690.3435753722 35.310380051577425
-2762.198370445574 -6131.755551861395 1664.605287383271
-1327.0245394411504 -6028.334138801679 3145.9927099309666
226.06124544389905 -5389.268782600802 4347.844874239694
1759.0604966178228 -4271.343244649335 5163.371941269262
3135.7595031574065 -2773.890114929689 5520.1107522325065
4233.832516787536 -1029.9646754822668 5386.363498252859
4955.710931433119 805.4776453072807 4774.014209786569
5237.252682041655 2569.3497425308506 3737.4728083644577
5053.441548545951 4104.923839724932 2368.840546289891
4420.6099567989695 5275.757439597893 789.7264061919482
3394.9877708631366 5977.816838682392 -859.5583907533925
2067.706022827674 6148.72097843285 -2432.46765257043
556.699520685556 5773.284276031977 -3789.241488748106
-1003.7721769050889 4884.865930064918 -4809.324589838139
-2475.0543115960704 3562.405809330542 -5402.078095747715
-3892.9704703218617 1565.745394551436 -5512.92109728613
-4646.637489084177 -318.26940591686076 -5128.9902884051535
-4987.430375508615 -2174.004572967185 -4289.326184196222
-4885.0681860914065 -3836.5698932474247 -3068.536625123549
-4348.646250571341 -5158.239142002982 -1575.0941208574566
-3425.8280119682695 -6021.57620643194 58.30240823351593
-2198.609920503206 -6349.869799667487 1686.518512497041
-776.0356891607257 -6113.949595257942 3164.8800457606053
715.492718740222 -5334.778138683853 4362.02809811103
2143.4464586930217 -4081.588233199448 5171.5908114992735
3380.9455744310894 -2465.7313014403385 5521.634986133339
4318.032838845686 -630.7833228646601 5381.057660953435
4871.443936153841 1260.2125220945566 4762.349748215224
4992.00586175513 3039.2329541141085 3720.4861611204524
4669.006159482583 4548.204200706489 2348.04105152553
3931.144770343955 5653.047544600715 766.9621902941233
2843.9839168155986 6255.592806166623 -882.2646273030382
1504.122611660315 6302.301194687761 -2453.098361009792
30.613411725651005 5789.022464867636 -3805.9635400959796
-1445.6159241855655 4761.363684337382 -4820.652156448733
-2793.3959412519134 3310.6368455533775 -5407.00467361748
-4025.3701088773055 1193.860127540422 -5510.913738272977
-4606.564928426015 -748.9672683518197 -5120.320726223368
-4778.446238506858 -2625.245635662305 -4274.764747491402
-4525.741630430443 -4268.259407543461 -3049.3771614487287
-3870.9050176002615 -5532.019600116497 -1553.039032640064
-2872.121506769427 -6304.235574351023 81.29342961819785
-1618.1373959644936 -6516.292552122327 1708.40261390455
-220.37467644912064 -6149.348340358705 3183.7127287440912
1196.969300167102 -5236.007542583503 4376.13599614154
2507.957301650226 -3857.4244968091166 5179.720375925308
3596.102290892377 -2136.0923564646705 5523.063869479636
4364.7178103537735 -224.95903616142778 5375.658900664126
4745.5089981166175 1706.1628817212388 4750.603047834081
4704.640886073571 3485.6847401904843 3703.4352665258825
4245.744785326422 4955.488212818266 2327.2010095288906
3409.5956282589123 5984.974810935323 744.184730081827
2270.488936856631 6482.670132471418 -904.9556284339055
929.639339538065 6404.351764008126 -2473.6867080309066
-493.81279275351625 5756.97863627791 -3822.619868024058
-1873.3874913471936 4598.07269262978 -4831.89647745228
-3086.503490109078 3030.607811931841 -5411.837880430432
-4122.420872514823 811.0005600018089 -5508.811213845546
-4526.6616780576705 -1174.877491032766 -5111.562743596935
-4528.688728577516 -3056.3625211241556 -4260.129491856101
-4128.321911740101 -4666.276328587648 -3030.165039493507
-3361.135576202273 -5861.571006639741 -1530.9571257116693
-2295.2975946183474 -6536.039377671216 104.28304718433442
-1025.512349004989 -6629.751967060231 1730.2572136994042
335.39416920428016 -6134.381999988644 3202.490433668563
1666.4994436266797 -5093.94527192606 4390.168324708482
2849.5289291704935 -3600.8891520422208 5187.760494161683
3779.365264405771 -1787.8782287576719 5524.397377596672
4373.3884104273175 183.9935211263888 5370.167310613618
4578.816803883469 2139.5166392160904 4738.774311491466
4377.397230507996 3904.934314797324 3686.3204190247548
3787.0267033105442 5323.381439986829 2306.3207801769872
2860.1622344309976 6268.822762958834 721.3944188884592
1679.1597994070203 6657.251673166373 -927.6310023055828
348.9566473343211 6454.154557345302 -2494.232338103169
-1012.2528342250441 5677.5774855133495 -3839.2101849019473
-2283.5192092651296 4396.522738455114 -4843.057358675805
-3351.8848815030074 2724.8176522629 -5416.5776327241565
-4183.234879972565 420.5113371070794 -5506.613560311355
-4407.477928634774 -1592.3251745616292 -5102.716491763398
-4240.097221439477 -3463.676606666643 -4245.420670019762
-3695.965268759105 -5027.265172174885 -3010.900591023127
-2823.4305824730554 -6144.159165345557 -1508.8487813944778
-1700.021698513246 -6715.117653476889 127.27086393488608
-425.5584262181887 -6689.408469288355 1752.0819344846502
886.7175797787443 -6069.315986618007 3221.212836270523
2120.204837516334 -4909.938143782136 4404.124841494066
3165.3025910749166 -3314.2907499625817 5195.711027367328
3929.149318714867 -1424.1540784834526 5525.635487456714
4343.873886599219 592.524932666153 5364.582985633638
4372.626196882663 2556.55550329555 4726.863743452338
4012.8514806190783 4293.424898198091 3669.1419141654283
3296.5173001938188 5648.8046495109065 2285.4007240408373
2287.2730911184462 6502.263318343773 698.5916502693373
1074.794630364559 6777.96735662922 -950.2903573475661
-233.18404995576645 6451.419250658332 -2514.7348964335915
-1520.4433041261645 5551.634232679392 -3855.7342042391574
-2672.6044983694196 4158.562150181332 -4854.134607387225
-3587.293054400883 2395.983571090265 -5421.223848650071
-4207.239370331483 25.806737828372135 -5504.320815620667
-4249.90211730422 -1997.6967788084587 -5093.78212348457
-3914.9424107662285 -3843.6961699002395 -4230.638535982209
-3232.122890589864 -5348.166288513582 -2991.5841487064067
-2262.1150676469083 -6377.428362351305 -1486.714381467242
-1091.1083938150562 -6840.0279393107185 150.2564829038936
176.84804905757446 -6694.8610168941705 1773.8763993792923
1429.0907666865662 -5954.826313212916 3239.8796132414896
2554.3524982339236 -4685.679159277843 4418.005305489681
3452.6488007218877 -3000.1888492766334 5203.571838248167
4044.1621055660157 -1048.118593905284 5526.778177679417
4276.33385981752 997.081598127234 5358.906022157302
4128.534584242193 2953.6867145456295 4714.87154939478
3613.896893081341 4647.8438043359965 3651.9000485955357
2778.1486036449137 5929.019575384526 2264.441202379178
1695.5496190703038 6683.375938086289 675.7768179949004
462.2936100443401 6843.88501917687 -972.933302265959
-812.0392149761551 6396.2848824188595 -2535.194028973014
-2014.2187921706156 5380.346764224059 -3872.1916406900627
-3037.4261904271366 3886.3412247650776 -4865.12803229867
-3790.7449421389147 2047.0172125581787 -5425.7764479748275
-4194.181934375356 -369.65889686438817 -5501.933019365827
-4055.154246035533 -2387.4711801744165 -5084.759793043928
-3555.8083071841593 -4193.146171881228 -4215.783345009263
-2740.513195831731 -5626.241724897514 -2972.216046110031
-1681.7114604855822 -6559.4210103015175 -1464.5543081586404
-473.48228180610596 -6909.766953395248 173.23950716335997
776.8178754546103 -6646.149779666986 1795.6402320248383
1958.0943554720966 -5791.993031867395 3258.4904422335544
2965.385559050332 -4423.192285443628 4431.80947700003
3709.189242326769 -2661.3714935985586 5211.342791059509
4123.415183913587 -663.0761653108243 5527.825428532194
4171.257591100195 1394.1363901265877 5353.136518217461
3848.4654560551144 3327.473809234498 4702.797936406424
3183.720276527061 4965.150578013605 3634.5951200568666
2236.087578903265 6161.651928731789 2243.44257713228
1089.7686869852082 6810.663465618034 652.9503160439094
-153.3809351426082 6854.517665479787 -995.5594460502438
-1382.9019880818555 6289.3178902083355 -2555.609382422162
-2489.546130614605 5165.284620174918 -3888.5822100588093
-3374.9831742490073 3582.2931441607498 -4876.037443569782
-3960.5381519816674 1680.9992016533893 -5430.2353520817005
-4144.1329811794785 -762.4211039233494 -5499.450212780578
-3824.7763553654527 -2758.2500152756315 -5075.649656243908
-3165.571565622635 -4508.996308389842 -4200.85535362833
-2225.0918503922353 -5859.098492099244 -2952.7966176927903
-1086.9029595997345 -6688.594062555395 -1442.3689441407234
147.86202894827343 -6923.778698141913 196.2195398300951
1369.4888273423992 -6543.75521189617 1817.3730565917397
2469.4305335244308 -5582.290358276692 3277.0450018649226
3349.9524998854067 -4124.814508846601 4445.537117647276
3932.816485607162 -2300.8307888551567 5219.023751608364
4166.232467701844 -272.408156244321 5528.777221930553
4029.4604118311736 1780.219136492326 5347.274573445003
3534.653115373538 3674.666146588631 4690.643112980902
2725.7763780452606 5242.60294355375 3617.227427380198
1674.7024476550464 6344.711462200051 2222.4052109156532
474.8238554800549 6883.064524122225 630.112538596643
-767.2449199845267 6809.827097245 -1018.1683979800335
-1941.1406173096082 6131.50664834356 -2575.9806042377627
-2942.557452231436 4908.374926063065 -3904.905629304275
-3682.515144321813 3249.112551553287 -4886.862652810999
-4095.2652053876627 1301.152268342427 -5434.600483971942
-4057.485416852353 -1149.035348680657 -5496.872438739358
-3560.6202285408544 -3106.7870511595697 -5066.451870403237
-2747.378307398994 -4788.487090232553 -4185.854819623966
-1690.0197669736142 -6044.709037408897 -2933.326198799788
-482.4955537230361 -6763.832059842772 -1420.1586725222471
767.9005068726904 -6881.958921171518 219.19618407257173
1950.0652375569139 -6388.593531374886 1839.0744977859395
2958.9581141638596 -5327.573570434665 3295.542971725517
3704.9345771535427 -3793.1753180897904 4459.1879903751615
4121.71134412554 -1921.7367926569298 5226.614587255794
4172.255970339672 120.45648020649506 5529.633541438419
3852.0773439453756 2151.9466661890283 5341.3202890671355
3189.62474097854 3992.2269472182725 4678.407289014223
2243.7599823381397 5477.780344387768 3599.7972704801764
1098.5273026884934 6476.608919115316 2201.32946701384
-144.3143486126834 6899.962369249362 607.2638800280819
-1374.3330367265403 6710.2238828894915 -1040.7597676318203
-2482.236203366057 5924.252557202398 -2596.3073426386304
-3369.5817902223366 4611.885393653739 -3921.1616165448845
-3957.5252478512316 2889.731973953251 -4897.603473086796
-4193.825219895051 910.8131869871202 -5438.871768266113
-3934.951536271661 -1526.1069271630674 -5494.199741756551
-3264.8324247287046 -3430.0163299388887 -5057.166594354215
-2304.6186247674873 -5029.153729420915 -4170.782002033441
-1139.6293463434326 -6181.428749966255 -2913.805125656658
126.6210006842569 -6784.456699323835 -1397.9238768420919
1381.6205161340395 -6784.655897848652 242.16904311778302
2513.8569855835362 -6182.008645877616 1860.7441808552917
3422.7262299842682 -5030.062796422246 3313.984032382481
4027.47122846423 -3431.173793437771 4472.761859453088
4274.357734028774 -1527.4099414481723 5234.115166919169
4141.448797214902 512.0709867672387 5530.3943722684035
3640.553960319791 2506.0521606218563 5335.273767905634
2816.17992774236 4277.359602376453 4666.090675801163
1741.5759499829574 5668.604872576472 3582.304950350093
512.2253062873993 6556.169723585321 2180.21570937408
-762.6388037355231 6861.190123376668 584.404734901132
-1969.7391092612768 6556.563670869084 -1063.3331648857152
-3001.8194508714696 5669.357763199026 -2616.5892466117443
-3767.174961004044 4278.40453870198 -3937.3498910635362
-4197.800443876388 2507.296295472196 -4908.259718918932
-4255.432935566491 513.4037733011439 -5443.049131205382
-3777.557152578502 -1890.3204626925508 -5491.432167985724
-2939.836762849139 -3725.078845652743 -5047.793988439968
-1840.898975479484 -5228.847625937443 -4155.637161142261
-578.3892354863906 -6268.010348237737 -2894.233735363761
735.512926299024 -6750.232844386756 -1375.66494106264
1984.0615368374604 -6632.667529403089 265.1377202580601
3056.3175729172353 -5925.760597449929 1882.3817315960969
3857.0063802145696 -4692.323831641272 3332.3678653856678
4314.983244436123 -3041.953501467339 4486.258490480199
4389.554911397455 -1121.2922532949563 5241.52536107446
4074.095361236679 899.0007322926882 5531.059701282075
3396.6345593570154 2839.4135576163835 5329.135114375072
2417.3678709932187 4527.532027784728 4653.693486031583
1223.3074388475213 5813.359408537325 3564.750769056715
-79.44922763606084 6582.644294333827 2159.0643026000653
-1375.1464815869826 6767.032347120085 561.5354979597721
-2548.6559359179723 6350.139879232398 -1085.8881999322018
-3495.706125750286 5369.009615945056 -2636.8259659183086
-4132.1474856560335 3910.81928677037 -3953.470173312425
-4401.429407830679 2105.135501618379 -4918.8312062896375
-4279.625011764756 112.40118891261682 -5447.132500652807
-3586.6330129180624 -2238.4687425183447 -5488.569765218823
-2588.3143994836214 -3989.3475231629363 -5038.334214511682
-1360.012693024405 -5385.755269411254 -4140.4205584796555
-10.867890472571567 -6303.615024974671 -2874.612365890368
1339.2425718407044 -6661.370922610186 -1353.3822495631316
2570.355454476712 -6427.234780826985 288.10181885797147
3573.080975163332 -5622.010623312045 1903.9867763595219
4258.322570999106 -4317.246150128568 3350.6941532731976
4565.193519060799 -2628.875410583508 4499.67765038944
4466.426988932164 -706.9175541783728 5248.845041758463
3970.798820244904 1277.8530291720995 5531.629516990173
3122.3477508152787 3149.080763114972 5322.904434481005
1996.4623815282903 4740.498851741784 4641.215933786832
693.1825683116762 5910.702814054758 3547.135029735059
-671.689558081046 6555.714892646917 2137.875611945624
-1976.8791195771732 6618.222933746441 538.656564122247
-3106.4142959077594 6092.672823589624 -1108.424483278808
-3959.9309297723366 5025.761995802566 -2657.0171510998125
-4461.590322655981 3512.2901594952095 -3969.522184917874
-4566.817836005003 1686.735929085209 -4929.317752644801
-4266.2635434750055 -288.692190742718 -5451.121806094579
-3363.8035722377463 -2567.480645720626 -5485.612582885355
-2213.1816650276064 -4220.450282863182 -5028.787435925809
-865.9088544919965 -5498.414391232343 -4125.132456814082
558.3037577436529 -6287.820251546391 -2854.9413560688004
1932.9086310280818 -6518.525688865857 -1331.0761871330346
3135.7660900158617 -6170.031512650774 311.0609423611479
4059.996970822899 -5273.302959799354 1925.558942058076
4623.479303769077 -3908.0182974608874 3368.9625795769052
4776.145210770641 -2195.489059337204 4513.01910745156
4504.429656027203 -287.8809835463589 5256.074082571002
3832.4757589817914 1645.306580977462 5532.103809552815
2819.989572207997 3432.30143547243 5316.581835818161
1556.934936623107 4914.3212450189285 4628.658234535964
155.53979942283252 5959.682045801911 3529.458036583154
-1259.6757315313314 6475.498943181515 2116.650003308449
-2562.9635457430327 6415.939342200388 515.7683284742528
-3638.5208015352086 5786.295374778705 -1130.94162575692
-4390.779516725441 4642.513670568921 -2677.1624534840153
-4752.898203236076 3086.224253393422 -3985.5056486851267
-4692.70102663897 1255.7102676318448 -4939.719176897112
-4215.536770245727 -686.3790860025651 -5455.016978641228
-3110.9732196761624 -2874.447921252211 -5482.560672051532
-1817.5658416185693 -4416.290990809158 -5019.153817541242
-362.6597622768336 -5565.727225258921 -4109.773120148665
1124.470228449328 -6220.624170952787 -2835.221045588621
2511.6861047214597 -6322.791360297965 -1308.7471389653947
3675.7276482361685 -5863.150790167805 334.01469429713035
4513.164659539996 -4882.5435423177905 1947.0978561720121
4949.587185146803 -3468.1008740434186 3387.172828827808
4946.217168447719 -1745.5022236002887 4526.28263127912
4503.354050215531 132.19195942007207 5263.212358677124
3660.3481619779573 1998.14030673109 5532.482570779662
2492.104276375305 3686.5451190947547 5310.167427568563
1102.425989397217 5047.384219490066 4616.020605132063
-385.20768465557416 5959.741081902864 3511.7200948568125
-1838.6139654706417 6342.548795295634 2095.387843223726
-3128.6513268291455 6161.793214409451 492.8711862621288
-4140.694287938683 5433.535265838847 -1153.4392385284445
-4784.818390427282 4222.483864221688 -2697.2615251910424
-5003.790381096761 2636.246241203211 -4001.420288603164
-4778.153637633386 815.766570677739 -4950.035299429195
-4127.956974884422 -1077.1975395850657 -5458.81795102882
-2830.310074003816 -3156.650584679863 -5479.414085419385
-1404.7790842101847 -4575.068111433212 -5009.433525716466
145.5726919869936 -5586.970759130001 -4094.342813716696
1682.9896956658731 -6102.446536860742 -2815.4517749907204
3070.865679206227 -6075.693159645876 -1286.395490650194
4185.881770877031 -5509.087782456206 356.9626782882188
4928.963897765829 -4452.975779561767 1968.6031467558234
5234.085951936335 -3001.197337090931 3405.324586561548
5074.136499869428 -1282.7493406819844 4539.467992830473
4463.327752307858 549.6765638993261 5270.259746809248
3455.9327469625086 2333.2612935623106 5532.765794130063
2141.4629509384877 3909.5255179437395 5303.661320499653
636.7147740681988 5138.411243385731 4603.303263808496
-924.6083046548137 5910.7265803065675 3493.9215108643116
-2403.7758779325195 6157.847921770797 2074.0894988578398
-3669.3574156592317 5857.817452115194 469.9655328860031
-4608.9004442948435 5037.2941952306655 -1175.916933092551
-5138.9224426283845 3769.1852432984338 -2717.3140191393436
-5212.328630144706 2166.1676417021386 -4017.265829849448
-4822.596544945233 370.67653907048236 -4960.265942096712
-4004.3555931110154 -1457.750800744799 -5462.524657620135
-2524.227485521331 -3411.580713868402 -5476.172877325859
-978.2907023273897 -4695.290899145716 -4999.626728306699
654.571502926376 -5561.803883089206 -4078.841803976971
2229.2721576053914 -5934.1261844458895 -2795.6338856614684
3605.8921980814566 -5779.175332830725 -1264.0216281676944
4662.112892560704 -5110.719391400335 379.9044980563173
5304.084397190495 -3988.1536040213737 1990.0744424446118
5474.764726538913 -2511.2228672012966 3423.4175393238474
5158.988184325076 -811.158958310363 4552.574964413729
4384.812902087207 960.9799837389179 5277.216125269296
3221.0277510644114 2647.7316370417943 5532.953474713165
1771.0401491120751 4099.220715014604 5297.063626962376
163.6878578294398 5186.476043324561 4590.506430175126
-1458.2088179536502 5812.89021470989 3476.06259196117
-2950.5372410175773 5922.8035810697065 2052.755338002024
-4180.697481997673 5506.449857456078 447.0517638929836
-5039.384405013575 4600.823899350277 -1198.3743212923255
-5450.299908669802 3286.3945474040925 -2737.3195890516977
-5376.932347193526 1679.9546178161158 -4033.0419987946802
-4825.800750390154 -75.75665192422211 -4970.410928231449
-3845.8755792368347 -1824.7366106885129 -5466.13703440577
-2195.363401604109 -3636.964437420719 -5472.837103741877
-541.6980343865033 -4775.792985684469 -4989.73359466098
1160.099580389017 -5490.271368947838 -4063.2703586092343
2758.8172564338156 -5716.915047421131 -2775.767719826789
4112.401912374341 -5435.5857356625975 -1241.6259378817413
5100.581611421873 -4671.280777615334 402.8397574297892
5635.552250760845 -3491.912022898905 2011.5113724605208
5669.779341406011 -2002.2715609443899 3441.4513746758785
5200.221656150437 -334.72048397596495 4565.603319690668
4268.60145594903 1362.5719768903973 5284.081373930796
2957.6972839376144 2938.793938061398 5533.045609287998
1383.9887286075862 4253.891161150879 5290.374460889242
-312.693298793721 5191.011486678217 4577.630325214551
-1981.5911543652612 5666.887661235497 3458.143646544745
-3474.4159398018965 5639.235998365116 2031.385729066011
-4658.5236217639285 5110.513469660426 424.1302749703089
-5428.701036338042 4127.6993920574405 -1220.811015321557
-5716.514540371415 2778.1211093597344 -2757.277889461194
-5496.390640981927 1181.694574511721 -4048.7485230074985
-4787.88831262815 -519.7307090628849 -4980.4700826443395
-3653.9610963955847 -2174.9756383365907 -5469.655019005265
-1846.5577715338684 -3830.781925030303 -5469.406822271367
-98.69615887451982 -4815.7432418833 -4979.754295619243
1657.9350406218014 -5372.804638153839 -4047.628746509559
3267.2514360307728 -5452.468764159603 -2755.8536205463215
4586.2582032516375 -5047.657112704732 -1219.2088065331366
5497.755802650983 -4194.338975507651 425.7680603502545
5920.75367248083 -2968.3354137833044 2032.913566619156
5817.666595711227 -1478.5822242188974 3459.4257811997077
5197.6543115033355 142.54948461857094 4578.552833680673
4115.80763218812 1751.0150461795752 5290.855374240948
2668.2533828287014 3203.895236684551 5533.042196263535
983.6131109678338 4372.095275347452 5283.593937792365
-788.4255023175613 5151.815462171633 4564.6751712782525
-2490.409049773708 5473.774236812089 3440.1649840490227
-3971.108824177365 5309.3641492492025 2009.9810410716568
-5098.958152628815 4673.19375726473 401.2014619385734
-5773.742672809909 3621.789591974263 -1243.2266277313793
-5935.504818859457 2248.5735274750514 -2777.188575717199
-5569.871314219472 675.5618373572821 -4064.3851312592255
-4709.330300333418 -957.47648666398 -4990.443231628502
-3430.344622707122 -2505.43882302878 -5473.078550668175
-1480.8281832196194 -3991.2852058895865 -5465.882092150265
346.95330295590617 -4814.65381540828 -4969.689003509378
2143.906465584319 -5210.219304667689 -4031.9172377856985
3750.36413036699 -5142.833944036553 -2735.8919317074015
5023.585483964644 -4618.485218522742 -1196.770621232923
5850.4392216702645 -3683.763813454628 448.68901087948296
6157.455760300833 -2421.7238276298544 2054.2806553359383
5917.355333079141 -944.5030521601842 3477.3404485036417
5151.471916627202 616.64096437729 4591.423282764581
3927.8576135207877 2122.993725145536 5297.538009222682
2355.2359243338187 3440.7091768300998 5532.943235698712
573.3411874871902 4452.702518849776 5276.72217476145
-1259.4974299340458 5069.0537017065 4551.641192082778
-2980.4241734922025 5234.99721799083 3422.126914939181
-4436.52714985953 4935.788258049774 1988.5416436466214
-5498.42521958311 4198.012851030998 378.2657207448038
-6071.764079105095 3087.225579522154 -1265.6207714369739
-6105.600054700806 1702.1247672064646 -2797.051303991296
-5596.926671451833 165.78269967296853 -4079.9515535285236
-4590.941791736215 -1385.2898882518705 -5000.3302029622555
-3177.0315868086323 -2813.273390360975 -5476.407570275121
-1101.3439397368359 -4117.013659784379 -5462.262974245504
791.4540299953561 -4772.385269762816 -4959.537892144243
2613.9278359236564 -5003.709505255022 -4016.1361037524084
4204.14268259676 -4790.432192787831 -2715.8829980191795
5420.801002344865 -4151.503957526025 -1174.3117694557175
6155.797364241257 -3143.696377062987 471.6022132062117
6343.824116053029 -1856.5575776135788 2075.6122696325465
5968.1742557398975 -404.45549002448416 3495.1950672275975
5062.225921902943 1083.5842427769785 4604.214444688572
3706.476599692357 2475.3427603765817 5304.129163476677
2021.3905659944728 3647.1562108539333 5532.748729302433
156.69510978157007 4494.9038267155165 5269.759290461787
-1721.9233945805775 4943.259512012875 4538.528612705873
-3447.541448797893 4952.38489653083 3404.0297507062737
-4866.830316003063 4521.469149808864 1967.0679070179046
-5853.679951898297 3688.801026985832 355.3234474556662
-6320.404435616007 2528.366744878442 -1287.9930597242612
-6225.533248591219 1143.2759819338908 -2816.865731283252
-5577.496112126434 -343.3998691894872 -4095.4475210060646
-4433.873969660671 -1799.563134949887 -5010.130825912076
-2896.282667255138 -3095.827318917236 -5479.642020338805
-711.3987971728881 -4206.8070453339315 -5458.549531053952
1231.0072208975962 -4689.148774291858 -4949.301136818683
3064.0328452051167 -4754.839056663492 -4000.285616926775
4624.805704929489 -4398.041022583061 -2695.827165006643
5774.644282145324 -3650.457743160999 -1151.8326390330226
6411.380373283523 -2578.5152734891312 494.50727165297326
6478.437182376133 -1277.4604061398536 2096.908041143184
5969.856417661324 137.102424337595 3512.989329048442
4930.82771195392 1539.4831027485814 4616.926098568011
3453.673325458406 2805.0739515700316 5310.628723183341
1669.6449078001651 3821.4216699301996 5532.4586804335395
-262.7387870321132 4498.21930288429 5262.705405132195
-2171.776987626418 4775.330410666841 4525.337659582579
-3887.843272183779 4628.132455269303 3385.873803861834
-5258.457620488436 4069.7046209963364 1945.5602020055092
-6161.834932851518 3149.665671543276 332.3750382506707
-6517.70617066352 1949.7651050934624 -1310.3431062565626
-6294.45061272965 576.6193526528607 -2836.6315154268955
-5511.905495113202 -847.7615597233051 -4110.8727660991835
-4239.603385657087 -2196.815137177724 -5019.844931235561
-2590.593910192344 -3350.6720491294486 -5482.781845005012
-314.3825969414751 -4259.815950840462 -5454.74182670134
1661.8439177717512 -4565.5053198151745 -4938.978914306472
3490.408307509032 -4465.529505734212 -3984.366051023507
5008.83460171957 -3968.7717984153046 -2675.724779004686
6082.203960658715 -3119.371300139033 -1129.3336181465177
6615.1428063808935 -1992.800972709924 517.4037906829328
6560.29718368007 -689.1615335925111 2118.167602121068
5922.540366819271 675.7129321201693 3530.722926685324
4758.539847726266 1980.5473384966149 4629.558024891234
3171.7221806546204 3109.401422358793 5317.036576104792
1303.0830789582799 3961.9715444610033 5532.073094100751
-681.3406727894065 4462.503108012109 5255.560640582953
-2605.224315745466 4566.521687044008 4512.068560501368
-4297.622345408935 4264.784774331698 3367.6593879324996
-5608.157769877801 3584.1030187202987 1924.0189000160208
-6420.383765498018 2584.957981318563 309.4208894152412
-6662.130488163651 1356.1280833754217 -1332.670525081282
-6311.917680677846 6.800253954304613 -2856.34831509606
-5400.863287869301 -1343.1318078730892 -4126.2270224364465
-4009.918490635429 -2573.7207143340815 -5029.4723511842985
-2262.6748382711316 -3575.623240739182 -5485.82699005356
86.24796458120196 -4275.509575211989 -5450.839926941147
2080.257159862876 -4402.361959679841 -4928.57140285729
3889.4263774325377 -4138.045164582887 -3968.3776809502074
5353.002992900796 -3506.0448971006435 -2655.576187152087
6340.941801183108 -2562.5171544863974 -1106.8150953213535
6765.460103665538 -1391.2985172747285 540.2913749067217
6588.837586204638 -96.45690119021846 2139.3905854446934
5826.767934571954 1206.9553338591852 3548.3955539049616
4546.9643816026455 2403.124290858951 4642.110005523361
2863.14308930341 3385.7651086786527 5323.352611586792
924.9189688230824 4067.5658384068015 5531.59197696258
-1095.4882609772274 4387.945493173838 5248.325120193685
-3018.556551318655 4318.43693469075 4498.72154460015
-4673.41284535819 3865.2163034120404 3349.3868174545605
-5913.0158991531725 3068.554241352808 1902.4443730361859
-6627.221541465522 1999.2376688208928 286.46139733393176
-6752.569466735953 752.2800559042394 -1354.9749306365802
-6277.921961723874 -561.5209413061579 -2876.0157898104912
-5245.4535402058655 -1825.4283386874506 -4141.510024872339
-3746.903552346884 -2927.1384174160166 -5039.012919506866
-1915.4247408464528 -3768.759402221821 -5488.777402899254
486.99917862546124 -4253.680769231786 -5446.8438991534695
2482.6336940103306 -4200.965101231033 -4918.078782193624
4257.675310823864 -3774.9752483542084 -3952.320782802625
5654.403791770345 -3013.5622784550956 -2635.381737385538
6548.713681875704 -1984.381075315009 -1084.2774594194739
6861.14162278976 -778.8789053202784 563.1696290892542
6563.927020894871 495.83007346594337 2160.576624624201
5683.478697874189 1726.4823743102775 3566.0069055269396
4298.028351011933 2803.729139654034 4654.5818237100575
2530.6793235755076 3631.852266976862 5329.576720560648
538.4683325361183 4137.269382257634 5531.015337327213
-1501.5879328784547 4275.071956817181 5240.998968911241
-3408.2215208466882 4033.0156271692467 4485.296842362352
-5012.01966995389 3432.6081604497595 3331.0564079685855
-6170.477876499651 2527.1983949215078 1880.8369936265285
-6780.662045022261 1397.2359615769988 263.49695848356595
-6788.354634399375 143.12298137734234 -1377.2559377580283
-6192.8721243064665 -1123.7071038025376 -2895.633599941674
-5047.125748997226 -2290.690881502177 -4156.721509491768
-3452.920101943061 -3254.136721848974 -5048.466471451612
-1551.9073509409752 -3928.438233915701 -5491.633032592783
884.3705228443604 -4194.448290872106 -5442.753812343861
2865.484971860051 -3962.890897744274 -4907.501233507675
4591.988506152315 -3379.213257491598 -3936.1956338598848
5910.473710063291 -2495.277689877672 -2615.141778433624
6703.78738714849 -1389.625749172333 -1061.7210996328645
6901.440135799155 -160.49946238087526 586.0381581565786
6485.869641912877 1082.8879059834055 2181.7253538077034
5494.001167572522 2230.055931725768 3583.5566774290096
4013.9665794663433 3179.0737014950255 4666.973264081286
2177.2734457723773 3845.6168217513014 5335.708795545111
147.12001161440134 4170.460011183518 5530.343185152375
-1896.1056812010572 4124.7395268597675 5233.582313247523
-3770.854063319063 3712.5178344532574 4471.794685612944
-5310.54551379069 2970.422640339402 3312.6684760138974
-6378.371690416878 1964.3923591463365 1859.19713491485
-6879.451551326394 783.8171962492504 240.52796942639137
-6769.261951924688 -466.40356425970333 -1399.5131616852257
-6057.593721677683 -1675.1823213058517 -2915.201406718757
-4807.681705947421 -2735.113777687439 -4171.861213614664
-3130.5860724800714 -3552.0183720723803 -5057.832843769517
-1175.3241281221801 -4053.310546322809 -5494.393829821602
