3578.4224568369823 -3570.237862077085 -4737.8656668225185
5168.0636824382655 -2776.8526787988435 -3685.0079678027682
6298.499770180982 -1736.7319489920667 -2304.721139452644
6869.28651283215 -542.2949639947111 -719.649723760008
6829.707003450839 700.3273083758194 929.3657280194909
6183.278055137397 1880.7224260613898 2495.802956410141
4987.437716756184 2894.0071027769827 3840.4771394728796
3348.441650231276 3650.146548269846 4843.908075037112
1411.9218486891582 4081.9544545446483 5416.9365209938405
-650.0534052259626 4151.062794171085 5508.646385225888
-2654.2685613743806 3851.3309878963933 5110.8888438341255
-4422.640307778953 3209.3915220594486 4259.006399901436
-5798.041054400057 2282.283535304801 3028.6925469957578
-6658.260409053634 1152.3846408019963 1529.2660700911852
-6926.86410706826 -79.90868619276328 -106.04240821459685
-6579.98553112742 -1305.101775745805 -1731.9285531910718
-5648.446364955022 -2414.3308451790176 -3203.9252457732428
-4215.017951457767 -3309.036023901681 -4391.239120074116
-2407.066695671873 -3909.7188304352685 -5188.372127920928
-385.23700073732726 -4163.005961366192 -5524.495503405901
1670.8226922974548 -4046.391743578976 -5369.743209564061
3899.7174652902377 -3233.680249809751 -4725.948844534841
5408.34451010923 -2301.29291643809 -3667.8246033558885
6436.4164110760585 -1164.4256083832797 -2283.798050185607
6892.5844681705885 75.90602497399361 -696.8460179736759
6736.316147659433 1309.4930749042255 952.023840993599
5981.496575592236 2426.725918513512 2516.302203800783
4695.194783418287 3328.3335147515913 3856.9960731899346
2991.704330214703 3934.2040720529326 4854.978915327673
1022.3878183933349 4190.503332582172 5421.575575114506
-1037.7723377673342 4074.4579822905066 5506.441452859883
-3005.7218675284657 3596.3791598079843 5102.035842898358
-4706.5998189665515 2798.7462665265266 4244.291958379797
-5989.275721916344 1752.4324853684989 3009.42410759072
-6739.778193470281 550.4073874621862 1507.1557182020374
-6891.421795504942 -700.5238222431813 -129.03007079283142
-6430.73232850256 -1889.210416144082 -1753.7509717586167
-5398.644073308733 -2910.032373907219 -3222.6434026742645
-3886.86260064212 -3672.285184781976 -4405.189824924681
-2029.7163286928771 -4108.239341430757 -5196.315799373403
7.779146324123913 -4179.158403882012 -5525.726311391507
2044.5834100519978 -3878.7409022137704 -5364.151791391963
4189.327903271881 -2868.3235487076904 -4713.950412027698
5604.828947457528 -1805.062383166554 -3650.577900946476
6522.3163432748615 -581.4135034952711 -2262.835523068907
6860.2673092783925 693.8965174526941 -674.0302786765435
6588.653419065321 1907.5507877102873 974.6655139094036
5731.608758738999 2951.710799331065 2536.757998335337
4365.285507447974 3733.598353061785 3873.448402230055
2611.0874820802833 4183.739308496463 4865.965917238297
624.8828753610679 4262.136666333686 5426.121006560214
-1416.8453170873097 3961.8244772884727 5504.141432309424
-3332.6805853892124 3309.486797255828 5093.094737271116
-4952.39255845143 2363.0866918434062 4229.50422414815
-6132.062719478458 1206.7159636255612 2990.1036998360505
-6766.872197765823 -56.876773546213094 1485.0193399395428
-6800.415385352166 -1315.415759788772 -152.0155052105967
-6229.711822818598 -2457.074283167131 -1775.5431056137356
-5105.47102618755 -3380.4109737932017 -3241.305909240518
-3527.5867238891647 -4003.3833147085275 -4419.064458594583
-1636.2608606138892 -4270.637479553689 -5204.169738057548
400.45396073946245 -4158.426762956617 -5526.861698171377
2401.5866903178385 -3676.72157951558 -5358.467742169606
4444.683168110452 -2477.1518656013254 -4701.870576496452
5755.750806423313 -1292.1965375958796 -3633.2681583998383
6555.394726889092 7.576123486071729 -2241.833920094697
6772.563057994848 1306.6756127490135 -651.2028998630274
6387.959440494312 2489.671239567726 997.2903557783259
5435.757593607578 3451.4486510085717 2557.1699867721404
4000.5648300995213 4106.549703374371 3889.8338424855906
2209.9043252475385 4396.765793298813 4876.86889103954
222.88412309190636 4296.309947599779 5430.572736838012
-1783.940311511306 3814.1081090108423 5501.7463632925
-3632.253820743632 2993.0060269985415 5084.0656813522055
-5157.825638119525 1905.9622248968176 4214.643452569014
-6225.102012803508 649.5653149355477 2970.73165736691
-6739.250755239676 -664.5483238281751 1462.857317566611
-6654.587493357982 -1919.6139276974882 -174.9983145430925
-5978.634929515222 -3004.113410003899 -1797.3045784381727
-4771.454415377785 -3821.684232496914 -3259.912443197804
-3140.30923725121 -4299.681639747559 -4432.862781489184
-1230.1338023747835 -4395.63346446454 -5211.933808347337
789.3444191959308 -4101.013965944113 -5527.901644139042
2738.685925140154 -3442.0013795461905 -5352.691160052194
4663.493689437642 -2063.377746779756 -4689.709546542189
5859.715816643851 -766.8805426051064 -3615.8956746298904
6535.276478601943 597.757363179839 -2220.7936039299184
6630.149145847806 1909.281904031276 -628.364275728563
6135.903965554801 3051.1583689639015 1019.8979759024778
5096.456790951206 3921.9260230261284 2577.5378166260425
3604.1670650393467 4444.213338853611 3906.1521110039816
1791.6312787720983 4571.612796414945 4887.687648453013
-180.09880905841482 4292.804394822499 5434.93068907304
-2135.8263273534767 3632.56148408828 5499.256287168445
-3901.7763035437415 2649.549544259305 5074.948831060211
-5321.036332500849 1431.1135000662398 4199.7099002661635
-6267.498932331933 85.51674105412918 2951.308314710126
-6657.066747559283 -1267.6785556846846 1440.67003378887
-6455.124968209749 -2508.2350496351887 -197.97810191082044
-5679.617007585448 -3525.9238522173905 -1819.035014443143
-4399.450151248464 -4230.318847268119 -3278.4626832385275
-2728.3728423040575 -4558.831448290584 -4446.584555331655
-814.8676330539472 -4482.271869030138 -5219.607876168639
1171.0421413807312 -4007.4427640802496 -5528.846131336161
3052.899682519933 -3176.5347831689255 -5346.822144792849
4843.7711345254875 -1630.4157230935225 -4677.467532168092
5915.714193938632 -233.41498931307314 -3598.460749634006
6462.020086536192 1184.3256905926576 -2199.7149379100383
6434.147136336946 2496.8338355615483 -605.5148006627498
5834.571977284525 3587.4873370659743 1042.4879838813474
4716.569493452976 4359.376845243225 2597.861136174434
3179.4791118038265 4743.916589910428 3922.4029259926006
1359.878058156657 4706.938527229032 4898.422002654593
-580.554128684318 4251.72832034383 5439.194788009838
-2469.401533471833 3418.7333937936764 5496.6712469372305
-4138.831775220255 2281.9690023405606 5065.744343829793
-5440.508650776272 942.441650773462 4184.703825120184
-6258.772457431848 -480.82577730191747 2931.8340072783894
-6520.916865074072 -1861.3697249948611 1418.4578717482784
-6203.649192682142 -3076.5228041355044 -220.95447048649663
-5335.160065254337 -4018.3133310307603 -1840.7340383758226
-3992.6185530643625 -4603.0590843863365 -3296.956309027194
-2295.3153611166854 -4778.802837902107 -4460.2295431670445
-394.0633265082549 -4529.928987839441 -5227.191809001536
1542.202963978875 -3878.5510679413032 -5529.69514345282
3341.4377532702324 -2882.5468649155737 -5340.860797740879
4983.846125182371 -1181.8540768870757 -4665.144744775838
5923.130050694798 303.8194220178743 -3580.96368448781
6336.117877974891 1762.4972319869487 -2178.5982860327595
6186.113826201591 3064.5694283022804 -582.6548692425883
5486.446413656891 4094.341182271535 1065.0599896185745
4299.284160385268 4760.312754475623 2618.139594463331
2730.111642365621 5003.309648156114 3938.586006823667
918.356724024195 4801.740522935189 4909.071768277706
-974.9982193888907 4173.515680160264 5443.364960013654
-2781.7202923000573 3174.4556540312087 5493.991287238718
-4341.2743098619285 1893.3313121722972 5056.452378608972
-5515.087053624055 443.97617447926376 4169.625486264042
-6198.860110110788 -1044.8281946735956 2912.3090713644992
-6331.8372425646485 -2440.7949935767115 1396.221215016351
-5902.202849206568 -3619.886446048126 -243.92702350187957
-4948.131831305906 -4477.335102178139 -1862.4012755258461
-3554.3975856748407 -4936.952886018157 -3315.3930012059536
-1844.8395163396588 -4957.900740474576 -4473.797509366385
28.64063996715394 -4538.317356750796 -5234.685475882607
1899.5759497255228 -3715.4845598020183 -5530.448665827823
3601.7256001990077 -2562.514654579414 -5334.8072218400175
5082.383310570752 -721.4250645959481 -4652.741397161913
5881.747562814433 840.3979532989396 -3563.4047813400302
6158.492732478021 2327.5479250175545 -2157.4440129517666
5888.028796760726 3607.8850493225314 -559.7848762256285
5094.387663262458 4567.645754052447 1087.6136033286289
3848.0878295312987 5121.551088751561 2638.3728413134395
2259.868505090974 5220.384133658343 3954.701074039058
470.8499467037426 4855.363139011147 4919.636761416483
-1360.0056957390807 4058.9218220526272 5447.441133071729
-3070.0188638287846 2901.8274889197064 5491.216454351888
-4507.247383311433 1486.8930489360773 5047.073095856387
-5543.987193057508 -60.158363568193174 4154.475144078573
-6088.119411313355 -1601.8644414688038 2892.7338441354955
-6091.295502602029 -3001.2378340785867 1373.960447587602
-5553.233257274492 -4133.938074415185 -266.895364254558
-4521.741867075355 -4899.319775351569 -1884.0363517316987
-3088.473868649229 -5229.375413937259 -3333.7724414001245
-1380.781413449289 -5094.778098258605 -4487.288219630757
449.5995297950552 -4507.487390484245 -5242.088747407197
2240.031581782057 -3519.686647282762 -5531.10668544894
3831.4269975110487 -2219.146299579756 -5328.661521626655
5138.393662255472 -252.97384238567668 -4640.257703513995
5791.753834654617 1371.8883544484988 -3545.7843434072074
5930.491262151639 2874.852250557055 -2136.2524839703865
5542.278515474249 4122.372908122316 -536.9052165431808
4661.610000808304 5003.602642065374 1110.1484355436262
3366.736980432013 5440.240323312391 2658.560527326202
1772.7146046624378 5393.488777731675 3970.7478493551484
21.17875683870186 4867.502085313846 4930.116799628959
-1732.2389164715912 3909.016471934813 5451.423236794516
-3331.7395602481083 2603.1975905881354 5488.346796194044
-4635.200522998348 1066.073179373235 5037.606657538522
-5526.80357803773 -565.7765122140729 4139.253060188007
-5927.325881190437 -2147.354477821818 2873.1086636269342
-5801.179268158183 -3538.130574565191 1351.6759538729038
-5159.57241909417 -4614.528242928165 -289.85909611496334
-4059.5149181830293 -5280.904826383315 -1905.6388933873088
-2598.7517019035286 -5478.049841145192 -3352.0943122236604
-907.0779924758995 -5188.446087495552 -4500.701440995343
865.1935772294247 -4437.8261298513025 -5249.401495731634
2560.588900758432 -3292.8858454905694 -5531.669190953137
4028.4646634957453 -1855.3582031664796 -5322.423803228047
5151.243880909183 219.57364630678924 -4627.693879407195
5653.738430697824 1893.8875416428662 -3528.1026749685184
5653.873509896525 3399.921217715409 -2115.0240650353044
5151.637116125692 4603.856973285422 -514.0162852934735
4191.655156999975 5398.719833085471 1132.6640971199968
2859.2262423991388 5713.882743824114 2678.7023038898274
1272.7425286534326 5521.342097812572 3986.7260556676183
-426.8299441017183 4838.205976399677 4940.511701940209
-2088.47670321107 3725.174021866458 5455.311202416912
-3564.553142111072 2281.1440078334626 5485.3823623199805
-4723.903391550682 634.4243380688843 5028.053227126916
-5463.514094142435 -1068.6667182584704 4123.959497455472
-5717.667593232945 -2676.8020469019293 2853.433868736927
-5463.781235093751 -4047.091766725833 1329.3681186928368
-4724.413936807459 -5057.779622706461 -312.8178225330129
-3565.2617274867557 -5619.061563509328 -1927.2085274483954
-2089.320367785456 -5681.065225548878 -3370.3582972846793
-427.7337245750004 -5238.281311354299 -4514.036941833445
1271.858937142464 -4330.053114826992 -5256.623594575464
2858.4413508338116 -3037.080696922193 -5532.136172626768
4191.038706440321 -1474.2503310867423 -5316.094174360461
5120.662828195553 692.2435531403036 -4615.050141800365
5468.689570309209 2402.0581239931903 -3510.3600813604808
5330.799245151996 3898.439289270815 -2093.7591227302455
4719.244013235862 5048.427015677697 -491.1184777348578
3688.363240682483 5749.8398470845705 1155.1601992452202
2329.755208078978 5940.354175321416 2698.7978231853267
764.1382012753357 5603.041966266034 4002.635417056231
-869.3758380768927 4767.874889963241 4950.8212888454855
-2425.642019022963 3509.061206212888 5459.104962799444
-3766.3792618241705 1938.452035029055 5482.323203921134
-4772.45717872915 195.60289377624898 5018.412969595321
-5354.481331720673 -1564.6264229777323 4108.594719978387
-5460.736320634522 -3185.83181580018 2833.709799220421
-5081.78092341336 -4523.962070996138 1307.0373272710876
-4251.286990118656 -5460.118443103539 -335.7711470451192
-3043.0475512862467 -5911.1193302060665 -1948.744881438953
-1564.4199833278276 -5836.891324299871 -3388.564081190886
53.21316549329169 -5244.029909453948 -4527.29449186047
1666.1180910381897 -4185.213424106839 -5263.754919223607
3130.9811125555434 -2754.5223595212287 -5532.50762240574
4317.642722138026 -1079.0798952698963 -5309.672744327319
5046.7449222234845 1161.0475018699747 -4602.326709032349
5237.987009638524 2892.1644752876487 -3492.55686897175
4963.8109647198 4366.299943021253 -2072.4580242696497
4248.578532260096 5452.470499625726 -468.21218927895103
3155.8412526292855 6054.165124565784 1177.6363534445388
1782.6936285211293 6117.920609922125 2718.8467381924697
251.145852296746 5638.0720010345 4018.475658789602
-1302.7173350396272 4657.25595258351 4961.045382313316
-2740.828370276867 3262.62227471436 5462.804452429421
-3935.4047768878117 1578.090289954819 5479.169373824692
-4780.303198832873 -246.66194240239003 5008.686051416883
-5200.450703546568 -2049.4971787190248 4093.158993083988
-5158.515341448136 -3670.2255966362623 2813.93679568319
-4658.223253490329 -4964.838363772613 1284.6839652277213
-3744.0275871838585 -5818.303454453482 -358.71867328096346
-2497.158639361667 -6154.786750002003 -1970.247583457655
-1028.4061878319903 -5944.390232976071 -3406.7113495550398
531.7246665727808 -5205.808557223344 -4540.473862137942
2044.6094509172822 -4004.66794584676 -5270.795346528528
3375.8217129270015 -2447.6950132858697 -5532.78353387566
4407.077401193576 -673.2336372618945 -5303.159624017323
4929.950460405929 1622.0161799211862 -4589.523800818208
4963.391662278136 3360.108050591241 -3474.6933452377302
4555.813733471385 4799.639575374943 -2051.121137492302
3743.4317615864275 5812.702061015242 -445.2978154838163
2598.429449904808 6309.280459911487 1200.0921715876837
1222.5452785793368 6245.251602123343 2738.848702695851
-261.967405799501 5626.304732651302 4034.2465073299372
-1723.2031365480323 4507.435997051551 4971.183805788565
-3031.324706461865 2988.061792556693 5466.4096074220715
-4070.099773457186 1203.185184899993 5475.920926492684
-4747.22861424218 -688.5997065263036 4998.8726405612415
-5002.545359782117 -2519.1994921576875 4077.6525833246783
-4813.363996796692 -4125.957347585987 2794.115199576091
-4196.494119595904 -5366.105786215674 1262.3084185725875
-3206.747323857895 -6129.452176972735 -381.6600049703593
-1932.0669558162817 -6348.169843147932 -1991.7162621843295
-485.71396001420163 -6002.824760274936 -3424.799789000379
1003.7968526557504 -5124.10235448894 -4553.574825077423
2404.115909877295 -3790.080967753804 -5277.744754912349
3590.8187182173556 -2119.2942545373576 -5532.963902271944
4458.461525395401 -260.19894643563043 -5296.554925902522
4771.102859353942 2071.2328620419316 -4576.641638245427
4647.032037465349 3801.9616531472348 -3456.7698186353305
4110.052025883761 5194.869466736491 -2029.7488308550064
3207.8758551361593 6126.190330897058 -422.37575204717024
2020.66583712839 6513.172299813957 1222.5272658955107
653.910791945807 6321.4303273065325 2758.8033712908195
-770.9470967414215 5568.00152907785 4049.947690337772
-2127.3029526375535 4319.8313602183625 4981.236384195501
-3294.6386056766073 2687.8252177357817 5469.920365521646
-4169.231160317909 816.9940093306976 5472.57791802104
-4673.369229995376 -1126.4307021225807 4988.972906491637
-4762.257934844687 -2969.767102432546 4062.0757584734642
-4427.999123358323 -4549.2266630831145 2774.2453531890687
-3700.293157807479 -5724.467470766365 1239.911073698613
-2643.799906716386 -6391.064222260294 -404.5947459500764
-1352.393431788753 -6489.786870883017 -2013.1505468863027
59.179134434141126 -6011.863476067194 -3442.829087166029
1465.4933748592116 -4999.7596287744755 -4566.597154444458
2741.5920977162823 -3543.405197381416 -5284.603024368959
3774.088331412517 -1772.2036642234182 -5533.04872447989
4471.240254548901 156.46594168851442 -5289.858764036387
4571.382827372875 2504.866583475116 -4563.6804437700985
4291.387601190543 4214.002365134935 -3438.7865986776237
3630.083754198128 5548.705543807728 -2008.3414734262126
2646.231035285044 6390.38188481999 -399.4463947994964
1427.249076093256 6664.244751636999 1244.9412489467907
81.44977311118834 6345.960226714676 2778.7103993894552
-1271.5866996482653 5463.809286860989 4065.5789366766458
-2511.637113877644 4096.174914337585 4991.202943940811
-3528.51754840107 2364.5774249077426 5473.336666102491
-4231.87371410484 422.87685449774983 5469.140406138624
-4559.209329038491 -1556.3981801988891 4978.987020161987
-4481.439187326476 -3397.380406443947 4046.428787519303
-4005.473507348557 -4936.4904744180985 2754.3275996452867
-3173.6039285117495 -6036.971700308584 1217.4923173751909
-2059.7457134952288 -6601.041497812702 -427.52250017071606
-762.8700527894847 -6578.579790042684 -2034.5500674248542
601.7899599067055 -5971.582398305473 -3460.7989327124014
1912.9782937534405 -4833.9837046211 -4579.540625362482
3054.190111233207 -3266.86434519307 -5291.370036466085
3924.02373423737 -1409.469752296578 -5533.037999034743
4445.190628160016 573.1624134475956 -5283.071254051838
4332.319510985707 2919.2046824072136 -4550.640441213074
3899.2691913204344 4592.742866341947 -3420.7439959084927
3119.751692345338 5858.195691682108 -1986.8994348796662
2063.030564700558 6603.12212154796 -376.51013969722925
823.0001179216154 6761.332173590127 1267.3337336848444
-490.15750101118334 6318.76819039129 2798.569443226523
-1759.762474958382 5314.753924018711 4081.1399764178173
-2873.004830415108 3838.500448083627 5001.083312916595
-3730.968098715412 2021.1793623545564 5476.658450170094
-4257.418478361031 24.267620480752505 5465.608450206235
-4405.578542831016 -1974.8004059694813 4968.91515401393
-4162.283620207471 -3798.3987500804697 4030.7119406625006
-3549.1515320476774 -5284.492696248468 2734.3622828951884
-2620.6617550704914 -6301.036275740548 1195.0525367414155
-1459.3146805706087 -6757.7051304908355 -450.44287170350606
-168.30109260502755 -6613.922228696507 -2055.9144542615954
1137.6667860156856 -5882.463312162858 -3478.709015326559
2342.547978130452 -4628.321715578484 -4592.405014316696
3339.2835022858494 -2962.93342350965 -5298.045674347333
4039.3090330588616 -1034.2754941428332 -5532.931726121717
4380.424230028872 986.2823517218202 -5276.192513159238
4055.77868247058 3310.6844361268004 -4537.521855756128
3473.7966425529326 4934.960877624157 -3402.6423218972855
2583.1525264389784 6120.744388425511 -1965.4230854879804
1462.9839723727748 6762.672899870926 -353.567382815924
212.82287216182664 6803.708246661601 1289.7043334242398
-1056.2484741984752 6240.204258154541 2818.3801598653945
-2231.4675083561715 5122.23073662511 4096.630540844908
-3208.410861762557 3549.124535607187 5010.877320503334
-3900.2728302221753 1660.6630445240917 5479.885660362106
-4245.578441651159 -375.3556457647092 5461.982111215584
-4213.645777125323 -2378.0223397062073 4958.757481973858
-3807.312194021975 -4169.391312985651 4014.925489309972
-3062.682214365415 -5590.291571033906 2714.349747710598
-2045.9194796029578 -6514.469890405322 1172.5921192994545
-847.3678207080288 -6859.8089717339835 -473.35546474719666
426.47618766924336 -6595.623922148244 -2077.2433384648207
1662.425915212185 -5745.388742660788 -3496.559025727606
2750.6618047525494 -4384.650560164713 -4605.190099157936
3594.489321860141 -2634.3169336759547 -5304.629822734203
4118.930688563891 -649.9126871206179 -5532.729907575989
4277.38698795913 1392.2391537802118 -5269.2226601443635
3743.9480604502037 3675.923522331555 -4524.324913938022
3018.373800479168 5237.7264810499155 -3384.481889233414
2024.6037824202983 6334.13445654293 -1943.9127961162694
850.9388334660291 6867.726788680879 -330.6185203433999
-398.3357651252495 6791.091457121928 1312.0526618574454
-1612.2164829174478 6111.0378473837045 2838.1422072040014
-2682.8446911069263 4887.991707057558 4112.050362458547
-3515.0903750215452 3230.6260529610586 5020.584797572858
-4035.004853395467 1286.205096690051 5483.0182409493345
-4196.391443218058 -772.5008268399715 5458.261451788232
-3984.9102377501995 -2762.5666618412156 4948.514179449898
-3419.352270167691 -4507.16632561376 3999.069706070647
-2549.969847800498 -5851.28448198189 2694.2903396786683
-1454.011414097878 -6675.49033418691 1150.1114529078438
-228.85768542865776 -6906.54957529261 -496.25988363483714
1016.6310529162973 -6523.931577739968 -2098.5363517159185
2171.787660797759 -5561.633629702952 -3514.3486556719613
3133.9714042841624 -4105.160126839656 -4617.895659106487
3817.688035292939 -2283.925131508171 -5311.12236792809
4162.1863307179465 -259.75336540181183 -5532.43254688267
4136.8561052048 1787.498627129342 -5262.161815366387
3399.3198798985063 4011.7490462996357 -4511.049843650626
2536.6611260428585 5498.427085735365 -3366.2630115209727
1448.608899184295 6496.545749153686 -1922.3689382157604
231.84141451776094 6917.417813138258 -307.663948572945
-1005.5261972479534 6723.646947837422 1334.37833306156
-2153.548393709161 5932.450544982596 2857.8552439806936
-3110.218364697844 4614.129877075656 4127.399174980974
-3790.5317850146403 2885.823520815098 5030.2055764912475
-4134.039821758134 901.0990805021781 5486.056137836695
-4110.2202784034735 -1163.6919675215245 5454.446536174529
-3721.1896259080677 -3125.0838774528597 4938.1854233288905
-3001.5149449790283 -4808.798370667804 3983.144864750688
-2015.1424892572159 -6065.230025584853 2674.18440519605
-849.7157800577529 -6782.7393759051165 1127.6109257747876
391.21190511613463 -6897.57256711473 -519.1557328406221
1597.3786957152704 -6399.526166237559 -2119.7931263157143
2661.6113792191773 -5332.853781632155 -3532.0775979587665
3489.3482113902965 -3792.3339356853903 -4630.521474755932
4007.041142226978 -1914.8485771696219 -5317.523197812244
4168.690882966377 132.7794806022747 -5532.039649176744
3959.934144755593 2168.6094988294512 -5255.010100755756
3024.6708513286253 4315.224886118803 -4497.696874134972
2032.5461120712466 5714.789827437233 -3347.9860033733034
859.820731074642 6606.570613645778 -1900.7918838173405
-389.3034951390795 6911.328608374291 -284.70406389640937
-1603.8363973794324 6601.984726382714 1356.680961504907
-2675.8613973925294 5706.025529119262 2877.5189297801876
-3510.1243694229724 4303.060923112966 4142.676713360665
-4032.497387303105 2517.7504704162593 5039.739491121729
-4196.565315998048 508.7268394571034 5488.999298564152
-3987.75000004301 -1545.4994036987616 5450.53743025248
-3424.6055966315175 -3462.401242523576 4927.771391973339
-2557.1699573251867 -5071.653536452591 3967.1512403487964
-1462.518545354988 -6230.267157082837 2654.0322914627923
-237.9159424730779 -6835.29419972918 1105.090926451448
1007.8265359744792 -6832.975356535057 -542.0426169867569
2164.0192039268036 -6223.516666894336 -2141.0132951908517
3127.929268968364 -5061.071209947015 -3549.745546435134
3813.9090917705857 -3448.9273658507104 -4643.067328076915
4161.006354704617 -1530.331189930128 -5323.832201853698
4138.379942747518 524.2416279635796 -5531.55122124298
3748.0403118960544 2532.2332766162035 -5247.7676398121175
2623.0396711980284 4583.677121750054 -4484.266235977302
1510.1117521341023 5884.901210822175 -3329.6511804075994
263.0037768767988 6663.226001849144 -1879.182005525158
-1007.4732381290821 6849.493921526139 -261.73926279739385
-2188.4318347036983 6427.154247766556 1378.9601620537383
-3174.938658989976 5433.7337139910605 2897.13292503941
-3879.338250436181 3957.502094179803 4157.882713776903
-4239.041614135617 2129.629046088801 5049.186376827555
-4222.087527691387 112.52911152966327 5491.847672307631
-3829.9824360858393 -1914.5695284147573 5446.534201526622
-3097.5665974329772 -3771.550263809544 4917.27226521831
-2089.9183731510934 -5293.412207089111 3951.089109051456
-896.5717299590032 -6344.931246011977 2633.8343464764025
376.4392459801658 -6832.67529945452 1082.5518438252807
1616.0019429375875 -6713.306167838856 -564.9201408502505
2711.9757755572828 -5997.4303223518355 -2162.19649190003
3566.978659209044 -4748.6564734343865 -3567.352196001469
4105.039835562061 -3077.9436577166002 -4655.533002420917
4278.35020785479 -1133.7420406774427 -5330.049271105192
4071.5103889489787 911.1975320209204 -5530.967271515813
3502.899004456003 2875.173205274716 -5240.434557602167
2197.7022665216455 4814.71732928295 -4470.758161105076
973.6033186096173 6007.223825808423 -3311.2588592394172
-337.00455674866873 6665.962123143267 -1857.5396765101707
-1617.6680983196886 6732.400432743876 -238.76994184440133
-2754.5947303354847 6200.635419242525 1401.2155499788764
-3646.763532221105 5117.9167377011345 2916.6968910533706
-4214.901390710718 3580.4486944073087 4173.016913644302
-4408.526763845585 1724.8420720751176 5058.54607047483
-4210.435187511725 -284.024337705717 5494.601209879885
-3638.227967576964 -2267.6539386611225 5442.436919126859
-2742.748226622533 -4049.792535731082 4906.688224368381
-1603.5632693803473 -5472.089293779518 3934.958748228163
-321.8946785322113 -6408.1669042073145 2613.5909190258244
988.3756671150377 -6774.850763419019 1059.9940671132103
2210.8244973239357 -6539.559401358066 -587.7879093697501
3236.8318689021066 -5723.199488102701 -2183.342350640467
3975.232524325627 -4398.308184482141 -3584.897242616682
4360.416324942217 -2682.60789701279 -4667.918282523976
4358.157999715828 -728.5461254630128 -5336.174298207033
3968.6582107533195 1290.2501665061823 -5530.2878100791995
3226.525723595679 3194.402069011706 -5233.010980757509
1752.1449761442727 5006.263539189283 -4457.17288278298
427.3937213580226 6080.609993291279 -3292.8093574772197
-935.3333411573452 6614.667565171903 -1835.8652705037466
-2214.9519316681103 6560.982895896513 -215.7964976839908
-3297.762322893719 5924.326103921518 1423.446740962329
-4087.5520597386353 4761.266939136205 2936.210489981014
-4514.144858149014 3175.1483123328244 4188.079051617387
-4539.636075914429 1306.903824069812 5067.818410435353
-4161.760706470062 -677.4648042147589 5497.25986373135
-3414.0946346697865 -2601.637711639535 5438.245653807259
-2363.0712720715746 -4294.643691286085 4896.019452194426
-1102.0786567823332 -5606.051732228454 3918.7604364266467
256.838483554552 -6419.3374750095145 2593.30235868543
1592.9343975104907 -6662.236912337467 1037.4179858550626
2787.4910997701627 -6313.167363259099 -610.6455276523782
3734.366985112038 -5403.145189076515 -2204.45050625413
4349.427975827126 -4013.029853532366 -3602.380383303506
4578.0232037396845 -2266.3392046104213 -4680.222954510437
4399.840979676048 -318.2743716930535 -5342.207177388974
3830.7135761840805 1658.0705358733196 -5529.512848666444
2921.2104606385224 3487.088600004639 -5225.497037472447
1290.0358889224767 5156.558676557681 -4443.510635608883
-124.05226929951766 6104.312220723785 -3274.3029937168994
-1527.117838999843 6509.670835745634 -1814.1591617911429
-2794.4922870587657 6336.616629791551 -192.8193270339082
-3813.5638319851178 5600.526228496421 1445.6533511039877
-4493.783494890362 4366.8044942948445 2955.673384851053
-4774.710773630543 2745.0730173692973 4203.068867595082
-4631.384046660545 879.429756295961 5077.003236589374
-4076.538522650633 -1064.3546979381902 5499.823587950968
-3159.4746613085686 -2913.566566416864 5433.960477944841
-1961.6776111830486 -4503.895259493135 4885.266132930528
-589.5768966235186 -5694.033093744634 3902.4944533680314
834.9103125166101 -6378.231099764266 2572.969015808952
2185.21207644608 -6495.69528216369 1014.823989906699
3341.3481577380694 -6035.98843285364 -633.4926009804929
4200.590791950152 -5039.957522785603 -2225.5205942340676
4686.592500308405 -3596.1042693287595 -3619.8013161536965
4756.16989824182 -1832.7213702984182 -4692.446805896625
4403.140728608634 93.50686524821025 -5348.147804472015
3658.8731823737457 2011.426605469421 -5528.642400659997
2589.4986971844664 3750.6222647943887 -5217.8928575017835
815.1945750518132 5264.186322035685 -4429.771655509803
-676.2146416327965 6077.990374219947 -3255.740087536267
-2107.539219889257 6351.7383088333345 -1792.4217252050873
-3351.59968967503 6061.106420562423 -169.8388266762483
-4297.855818780186 5231.918628097124 1467.8349969281758
-4862.228597557126 3937.851905628659 2975.0852395677584
-4994.571027902361 2293.889760366647 4217.986102725204
-4683.123904104531 446.10544332664085 5086.100390328393
-3955.560669876263 -1441.3173000544307 5502.2923382669715
-2876.528511437409 -3200.672676208865 5429.581465538317
-1541.9041713198706 -4675.6342391614735 4874.428452270774
-70.27487904557991 -5735.145181281665 3886.1610799420523
1407.5986446281581 -6285.06330577491 2552.5912415234616
2760.400851581759 -6276.525974004026 992.2124694333689
3867.9293290527185 -5710.2917653623235 -656.3287348185924
4631.775311509058 -4636.673074165522 -2246.552250730699
4984.067731326661 -3151.0656326244602 -3637.1597403332303
4893.503860994902 -1385.4721814009586 -4704.589625594524
4368.1306978257635 503.2265531845439 -5353.996076870227
3454.6299529289713 2347.211400146246 -5527.676481091221
2234.170176320606 3982.6362136373764 -5210.198572158576
331.5604608090056 5328.08365434732 -4415.956179737814
-1224.5553023721636 6001.715500865167 -3237.1209594895513
-2671.8639530651362 6142.068587036482 -1770.6533361192935
-3881.765766246441 5736.671925225564 -146.85539345065138
-4746.755656248259 4821.54678788827 1489.991295390351
-5189.975475398326 3478.00605943753 2994.4457189168247
-5172.0431977270155 1825.4292296275644 4232.830499408946
-4694.552184799932 10.655002000973383 5095.109714557882
-3799.9296085504407 -1805.0659693121142 5504.666072047656
-2567.6666108648224 -3460.398907850288 5425.108692206825
-1107.2551667845248 -4808.260217715491 4863.506597366052
451.5407579738309 -5728.886506534243 3869.7605982021487
1970.2153048322382 -6140.476088443088 2532.169387723308
3313.827575708848 -6006.457422858292 969.5838149029172
4362.991723990928 -5338.738656348298 -679.1535348200692
5024.484910922603 -4196.649531553059 -2267.545112558099
5239.530563929955 -2681.669679186188 -3654.4553560875324
4989.020933030967 -928.4117075100729 -4716.651203915402
4295.21489827443 907.3397186459681 -5359.751893592499
3219.7601705660886 2662.470029005558 -5526.6151066401335
1858.2156220181705 4181.028193230725 -5202.414314311865
-156.83989105967265 5347.551458608944 -4402.06444686596
-1764.5554711174598 5875.970262533927 -3218.445931101838
-3215.4825539423223 5882.283322361997 -1748.8543704419826
-4380.6999009366455 5365.929695023021 -123.8694242473527
-5156.672837347868 4372.789666286644 1512.1218638836579
-5474.452762474721 2991.108086029312 3013.7544885711122
-5305.8035354154445 1343.6534260666435 4247.601801305285
-4665.710380099207 -423.19073732797375 5104.031053699995
-3611.048382378389 -2152.4325465690536 5506.944748302115
-2235.528889058448 -3690.4212782528098 5420.542235188614
-661.3728434887082 -4900.499884216785 4852.500756820806
971.5490816119119 -5675.147569978567 3853.293291360649
2518.144607238399 -5945.533489172852 2511.7038070640074
3840.99193381615 -5687.632666310166 946.9384170791354
4822.5502711588815 -4924.360721280972 -701.9666068340345
5375.603853495857 -3723.5377159648892 -2288.4988172002704
5451.0114430007725 -2191.8620441091875 -3671.6878647466337
5042.072744425355 -465.42981080623525 -4728.6313325734545
4185.12375573596 1302.3579036919189 -5365.415155244306
2956.3081552363224 2954.4254031435357 -5525.458295635117
1464.8116015992935 4343.979240243508 -5194.540218384406
-645.9263232885528 5322.261109041403 -4388.096696784139
-2291.753000472357 5701.64597050001 -3199.7153248635277
-3733.9473663717995 5574.414566218468 -1727.0252046093672
-4844.364122610976 4951.871964813022 -100.88131600039723
-5524.337867414378 3889.3338084017455 1534.2263202455786
-5713.449949540588 2481.211275053683 3033.0112150964246
-5394.89693058799 852.6222313007713 4262.299753335462
-4596.983644237422 -851.7260393742479 5112.864253696263
-3390.608187565907 -2480.394713712715 5509.128327680943
-1882.96231399022 -3888.66943270488 5415.882173339711
-208.00697557248688 -4951.418807456495 4841.411120689799
1485.4306954484487 -5574.2128922220645 3836.759443783833
3046.8813304735463 -5701.7136994833345 2491.1948529561832
4337.603188267587 -5322.592222987065 924.2766670148268
5242.909967525983 -4470.5350696671485 -724.7675569121394
5682.361188038267 -3221.2512567872973 -2309.4130028174154
5616.9096803620105 -1685.7451335135909 -3688.856968730333
5052.371098183454 -0.45315735652037 -4740.529804689398
4038.907171965922 1684.8790838203236 -5370.98576402941
2666.5686190670426 3220.502424429646 -5524.206068052605
1057.293742320415 4469.969991686292 -5186.576420350298
-1131.599168844724 5252.258459868771 -4374.053170694936
-2801.7793131097064 5480.03623824849 -3180.929464224788
-4223.009069998916 5220.888748116906 -1705.1662155792174
-5269.0059386486455 4497.842381222242 -77.89146568076815
-5846.828506997743 3375.1429802997923 1556.3042827645031
-5905.1347041158015 1952.5473140067086 3052.215565957281
-5438.743768516357 356.4592502513721 4276.924101687366
-4489.096581550321 -1271.301782184462 5121.609162010256
-3140.5734632376752 -2786.102072257217 5511.21677247692
-1512.9966105367303 -4053.3449666023566 5411.1285871325645
249.01663068668117 -4960.4303728534815 4830.237880474799
1988.9036514820873 -5426.759771986426 3820.1593409870497
3552.067854683405 -5410.8977504353725 2470.6428795594516
4799.615241003065 -4914.253718424463 901.5989560453047
5620.695750395035 -3980.9566776843158 -747.5559913153043
5942.352776347386 -2693.9341659912748 -2330.287308252133
5736.00568053563 -1167.543781514542 -3705.962371553341
5019.989307961965 462.5879916312407 -4752.346414794032
3857.924855515647 2051.6167916866334 -5376.463623751543
2353.0668494323945 3458.350436428667 -5522.858445516734
639.1285275132963 4557.794468173093 -5178.5230577326765
-1609.7735937550326 5137.9646039937115 -4359.934111109515
-3290.3956495522575 5212.827297927816 -3162.0886735899294
-4678.651612223315 4824.507410325228 -1683.2777808242747
-5651.188847223896 4007.5088673132022 -54.900270289531676
-6121.593153314862 2834.4255747773927 1578.3553701863227
-6048.067043564725 1409.4911312508634 3071.3672095226525
-5437.143635488802 -140.6827847372652 4291.4745938199085
-4343.106154887862 -1678.3564179252467 5130.265627630198
-2863.1646330177036 -3066.9007180347444 5513.210046625662
-1128.8183687128794 -4182.937430474738 5406.28155865465
705.8283613899084 -4927.301795698488 4818.981229121324
2477.759144106447 -5233.853773266645 3803.49326962977
4029.530153402216 -5075.35487469109 2450.0482417763255
5223.259725266393 -4465.888422671216 878.905675781426
5952.879748642887 -3459.6081860684612 -770.3315165206798
6153.560282569965 -2145.9265798930737 -2351.121373035733
5807.46998093619 -641.5699798504899 -3723.0037778303713
4945.36048583399 919.7929283852941 -4764.080958831804
3643.834009208417 2399.42819848925 -5381.848639816091
2018.5368901624954 3665.863743440232 -5521.4154512989735
213.88391022241044 4606.571207408477 -5170.380269601332
-2076.413910468938 4980.17348523164 -4345.7397618433615
-3753.528325573093 4902.085053582337 -3143.1932783118305
-5097.125276862356 4388.4248524763125 -1661.3602783257659
-5987.820278936539 3484.8338449425046 -31.908126850969115
-6346.471172110725 2271.6000573441215 1600.3792017210376
-6141.210250612869 856.5246358980551 3090.4658150716846
-5390.275848090767 -634.6567582440154 4305.950978467373
-4160.391781629861 -2069.446114270788 5138.8335010716
-2560.838647792531 -3320.356101429911 5515.108115706242
-733.7437620435246 -4276.237877834239 5401.341171607058
1158.5474769445182 -4852.157152832162 4807.6413610152695
2947.896688404159 -4996.94097146 3786.761517510675
4475.31234246758 -4697.724656059348 2429.411295246029
5605.076855318001 -3981.0948893427335 856.1972181029261
6236.805692098791 -2910.72737096085 -793.0937392282366
6314.366973365627 -1581.7289521524278 -2371.9148373944113
5830.869038905875 -112.18697464207338 -3739.9808932812875
4829.272801992019 1367.3233078896583 -4775.7332341643
3398.5744837065567 2725.340914115878 -5387.1407192317065
1665.8979081452937 3841.200020161298 -5519.877110317723
-214.80100722722673 4615.751647586744 -5162.148196570299
-2527.5675738119066 4780.046376250676 -4331.470368012106
-4187.30270574424 4550.238971450107 -3124.243604686294
-5474.977616595928 3916.122865641373 -1639.4140865668833
-6276.176739669552 2934.0420575982644 -8.915432405770071
-6519.710016875561 1691.2587369060636 1622.3753970493171
-6183.938447806022 298.1996554730296 3109.511052799421
-5298.696809882028 -1121.3557739764087 4320.353005643793
-3942.642707452063 -2441.2738219192825 5147.312634379832
-2236.2674984624423 -3544.2739774309207 5516.910946941784
-331.19010853614725 -4332.349836257662 5396.307511303038
1603.314975937432 -4735.477399928798 4796.218471979555
3395.358488767083 -4717.8370153159785 3769.964373562605
4885.709499584474 -4280.9961080056055 2408.7323963384647
5941.943780780795 -3463.7699096569513 833.4739751516324
6470.210281263953 -2338.772554331392 -815.8422663677188
6423.570204206665 -1005.9649940191924 -2392.6673422554722
5806.167725132077 416.2269706162876 -3756.893424736154
4672.861763732117 1801.4353423305347 -4787.303039573785
3124.351528108479 3026.578278409914 -5392.339770611922
1298.2289482215506 3982.796452532569 -5518.243449137878
-643.2469708987586 4585.125683633355 -5153.826980795426
-2959.398573593035 4539.103260682108 -4317.126176027303
-4588.075609729407 4160.062933971989 -3105.2399799464883
-5809.08199350314 3411.382759442971 -1617.4395845262313
-6513.925949417692 2359.5862561307763 14.07741599590257
-6639.978998833283 1098.1301590876446 1644.343576329059
-6176.040775134649 -260.89962165526543 3128.5025938224658
-5163.334225456772 -1596.7473260749703 4334.680426647242
-3691.842770928025 -2790.717023362688 5155.702881132673
-1892.3148848171736 -3736.7192662646903 5518.618509200033
75.353483096765 -4350.697604036668 5391.180664666539
2036.3263633542585 -4578.097366968031 4784.712759270756
3816.3627099566543 -4398.7130881949015 3753.102127847674
5257.298481947515 -3828.48384810121 2388.0119021479095
6231.100212542951 -2918.077017079084 810.7363393246773
6651.241344521052 -1748.386237319427 -838.5767051053588
6480.3904945465865 -423.3436677073116 -2413.378529253531
5733.7285104063785 939.3148445936964 -3773.7410801403075
4477.599586063436 2218.511110837252 -4798.790175266656
2823.616288876631 3300.5829291072564 -5397.445704176735
918.7422931871448 4089.3834697564726 -5516.514495970377
-1067.7659870861592 4514.824343154056 -5145.41676597193
-3368.2199423410284 4259.211183915 -4302.70743359215
-4952.465880349955 3734.653209515818 -3086.182732257167
-6096.663491351236 2878.254908195499 -1595.4371516713006
-6699.145796378917 1766.1110272683777 37.070021301200285
-6706.379598681223 497.0404311178771 1666.283360201976
-6117.722143178584 -816.194388563442 3147.44011018471
-4985.4782280731015 -2056.9067550108252 4348.932994064116
-3410.252693992474 -3114.8539296888825 5164.004096442833
-1532.0112424031595 -3896.032663402759 5520.230772993887
482.35613119425994 -4331.031797515564 5385.960720230697
2453.8640457500705 -4381.199749999122 4773.1244215756915
4207.335371235977 -4042.0788781168376 3736.1750715521775
5586.966485400414 -3343.8015595428787 2367.250170486997
6470.171109338434 -2348.412798372083 787.9847032677808
6778.47263633349 -1144.3572542261143 -861.2966628506838
6484.477122753117 161.37945388692637 -2434.0480407367018
5614.307360156979 1452.7768893200637 -3790.523568559396
4245.281750628849 2615.088722730742 -4810.194442876889
2499.044227445251 3545.0384469989494 -5402.45843175414
530.755657778171 4159.9959481063215 -5514.690280671709
-1484.692881265317 4405.319553382917 -5136.917697331913
-3750.525103422474 3942.5696626503727 -4288.214389697224
-5277.3828571501945 3277.4037139625602 -3067.0721907091174
-6335.321984606906 2321.026062639875 -1573.4071679518956
-6830.339951628696 1158.415059996524 60.06198646148721
-6718.452239495105 -107.12620434827917 1688.194369800083
-6009.6005624403415 -1363.148835321126 3166.323274862966
-4766.76950271506 -2498.0497101955675 4363.110461773461
-3100.390054050152 -3410.9879058085294 5172.216136960481
-1158.5273432452161 -4020.84485711654 5521.74771048191
886.2756061205515 -4273.43209768272 5380.647768136312
2852.3290785260774 -4146.30614272192 4761.453659007993
4564.940595064561 -3650.762691215475 3719.1834969816023
5871.9371068197315 -2830.832953486341 2346.447559880438
6657.186238062404 -1759.371284934145 765.2194598683833
6850.915157472613 -531.5817568418408 -884.001747263258
6435.9102003954085 743.4411431539761 -2454.6755197727866
5449.046378486356 1952.4060350428429 -3807.240600184414
3978.010873102621 2987.891082725394 -4821.515645469478
2153.511644430547 3757.8888955637435 -5407.377866781672
137.66345562061196 4193.981788807467 -5512.770834743404
-1890.4167353473395 4257.42099512971 -5128.329921641842
-4103.017793893613 3591.693268149683 -4273.64729461618
-5560.052516034026 2791.9787630270935 -3047.908685313418
-6523.052172236236 1744.1846924125539 -1551.350013793601
-6906.450016992295 541.4121576487103 83.05291443917694
-6676.179469281899 -709.467223270346 1710.076226752329
-5852.701077794772 -1897.3073279561972 3185.151761772613
-4509.184511389937 -2916.5633503570784 4377.21258495113
-2765.007112917802 -3676.669919951283 5180.3388608757
-775.1466984290807 -4110.0882323576225 5523.1692954688115
1283.5889018903267 -4178.307168493867 5375.241900130292
3228.271995339668 -3875.2651765104356 4749.700673104647
4886.108954964777 -3227.888867272932 3702.1276975555616
6109.7936916052795 -2293.7004668212585 2325.6044295588695
6790.5964463586715 -1155.7067141538002 742.4410022489182
6868.02490681142 84.97665180159625 -906.6915662595153
6335.199214463104 1318.1094693305258 -2475.2606101553883
5239.463270345909 2434.1224760813075 -3823.8918863366835
3678.17802165263 3333.8530188617233 -4832.753587543822
1790.0705143171276 3937.3560905432782 -5412.203924307891
-257.09261381050476 4191.007794777454 -5510.756191331482
-2281.4119349687344 4072.2700645108794 -5119.6535872000495
-4422.640307778961 3209.3915220594454 -4259.006399901431
-5798.041054400057 2282.2835353048013 -3028.6925469957573
-6658.260409053634 1152.3846408019965 -1529.2660700911845
-6926.86410706826 -79.90868619275822 106.04240821459126
-6579.98553112742 -1305.1017757458037 1731.9285531910712
-5648.446364955015 -2414.3308451790226 3203.92524577325
-4215.017951457767 -3309.0360239016795 4391.239120074115
-2407.066695671874 -3909.7188304352676 5188.372127920927
-385.23700073733784 -4163.0059613661915 5524.4955034059
1670.8226922974368 -4046.391743578979 5369.743209564064
3578.422456836981 -3570.237862077086 4737.865666822519
5168.063682438261 -2776.852678798847 3685.0079678027723
6298.49977018099 -1736.731948992058 2304.721139452631
6869.28651283215 -542.2949639947125 719.6497237600087
6829.707003450839 700.3273083758191 -929.3657280194917
6183.2780551374 1880.7224260613862 -2495.8029564101375
4987.437716756196 2894.007102776974 -3840.4771394728696
3348.441650231281 3650.1465482698436 -4843.9080750371095
1411.921848689161 4081.9544545446483 -5416.9365209938405
-650.0534052259584 4151.062794171085 -5508.646385225888
-2654.268561374367 3851.330987896397 -5110.88884383413
-4706.599818966549 2798.7462665265284 -4244.2919583797975
-5989.275721916345 1752.4324853684993 -3009.4241075907194
-6739.778193470281 550.4073874621836 -1507.1557182020322
-6891.421795504942 -700.5238222431793 129.03007079283074
-6430.732328502561 -1889.2104161440805 1753.7509717586163
-5398.644073308727 -2910.032373907223 3222.643402674272
-3886.862600642122 -3672.2851847819747 4405.189824924681
-2029.716328692879 -4108.239341430756 5196.315799373403
7.779146324112892 -4179.158403882013 5525.726311391506
2044.5834100519799 -3878.7409022137754 5364.151791391967
3899.717465290231 -3233.6802498097536 4725.948844534843
5408.344510109225 -2301.2929164380944 3667.824603355892
6436.416411076057 -1164.4256083832834 2283.7980501856096
6892.5844681705885 75.90602497399153 696.8460179736765
6736.316147659433 1309.4930749042246 -952.0238409935998
5981.496575592237 2426.72591851351 -2516.3022038007816
4695.194783418289 3328.3335147515895 -3856.9960731899337
2991.7043302147003 3934.2040720529335 -4854.978915327676
1022.3878183933319 4190.503332582172 -5421.575575114506
-1037.77233776734 4074.457982290506 -5506.441452859883
-3005.721867528467 3596.3791598079847 -5102.035842898358
-4952.3925584514345 2363.086691843402 -4229.504224148146
-6132.062719478458 1206.71596362556 -2990.10369983605
-6766.872197765821 -56.876773546206714 -1485.0193399395519
-6800.415385352164 -1315.4157597887852 152.01550521061324
-6229.711822818598 -2457.0742831671314 1775.543105613735
-5105.47102618755 -3380.410973793202 3241.3059092405174
-3527.586723889178 -4003.3833147085243 4419.064458594575
-1636.2608606138895 -4270.637479553689 5204.169738057548
400.45396073945295 -4158.426762956618 5526.861698171376
2401.5866903178453 -3676.7215795155776 5358.467742169604
4189.327903271886 -2868.3235487076877 4713.950412027696
5604.828947457529 -1805.0623831665537 3650.5779009464763
6522.316343274863 -581.4135034952689 2262.835523068906
6860.2673092783925 693.8965174526944 674.0302786765442
6588.653419065321 1907.5507877102868 -974.665513909402
5731.608758739008 2951.710799331058 -2536.757998335325
4365.285507447979 3733.598353061783 -3873.44840223005
2611.0874820802737 4183.739308496465 -4865.965917238301
624.8828753610693 4262.136666333686 -5426.121006560213
-1416.8453170873158 3961.824477288472 -5504.141432309424
-3332.6805853892265 3309.4867972558213 -5093.094737271111
-5157.825638119529 1905.9622248968135 -4214.64345256901
-6225.102012803511 649.565314935545 -2970.7316573669077
-6739.250755239677 -664.54832382818 -1462.8573175666058
-6654.587493357979 -1919.613927697493 174.99831454309918
-5978.634929515219 -3004.113410003903 1797.3045784381789
-4771.454415377786 -3821.6842324969143 3259.912443197804
-3140.309237251214 -4299.681639747559 4432.862781489182
-1230.133802374781 -4395.63346446454 5211.933808347338
789.3444191959271 -4101.013965944114 5527.901644139042
2738.6859251401543 -3442.0013795461905 5352.691160052194
4444.683168110448 -2477.1518656013286 4701.870576496454
5755.750806423313 -1292.1965375958798 3633.2681583998387
6555.394726889093 7.57612348607377 2241.833920094695
6772.56305799485 1306.6756127490082 651.2028998630353
6387.959440494312 2489.671239567727 -997.2903557783264
5435.757593607587 3451.4486510085644 -2557.1699867721277
4000.564830099527 4106.5497033743695 -3889.8338424855865
2209.9043252475235 4396.765793298814 -4876.868891039547
222.8841230919082 4296.30994759978 -5430.572736838012
-1783.940311511311 3814.10810901084 -5501.746363292499
-3632.253820743621 2993.006026998547 -5084.065681352209
-5321.036332500853 1431.1135000662355 -4199.70990026616
-6267.498932331934 85.51674105412717 -2951.3083147101233
-6657.066747559284 -1267.6785556846892 -1440.6700337888647
-6455.124968209748 -2508.235049635193 197.97810191082712
-5679.617007585442 -3525.9238522173955 1819.0350144431518
-4399.450151248465 -4230.318847268118 3278.462683238527
-2728.372842304062 -4558.8314482905835 4446.584555331653
-814.8676330539455 -4482.271869030137 5219.60787616864
1171.0421413807212 -4007.4427640802533 5528.846131336161
3052.899682519924 -3176.5347831689305 5346.822144792851
4663.4936894376415 -2063.3777467797563 4689.709546542189
5859.715816643848 -766.8805426051108 3615.895674629894
6535.2764786019425 597.7573631798396 2220.793603929917
6630.149145847805 1909.2819040312802 628.3642757285564
6135.903965554801 3051.1583689639015 -1019.8979759024784
5096.456790951206 3921.9260230261284 -2577.5378166260434
3604.167065039351 4444.21333885361 -3906.152111003979
1791.6312787721008 4571.612796414945 -4887.687648453012
-180.09880905840052 4292.804394822501 -5434.930689073038
-2135.8263273534726 3632.5614840882813 -5499.256287168445
-3901.776303543731 2649.5495442593124 -5074.9488310602155
-5440.508650776269 942.4416507734663 -4184.703825120187
-6258.772457431851 -480.8257773019212 -2931.834007278385
-6520.916865074072 -1861.3697249948634 -1418.4578717482734
-6203.649192682144 -3076.5228041355017 220.9544704864935
-5335.160065254332 -4018.313331030764 1840.7340383758312
-3992.618553064364 -4603.0590843863365 3296.956309027194
-2295.3153611166895 -4778.802837902107 4460.229543167043
-394.0633265082479 -4529.928987839439 5227.191809001537
1542.2029639788652 -3878.5510679413082 5529.69514345282
3341.4377532702324 -2882.546864915574 5340.860797740879
4843.771134525483 -1630.415723093529 4677.467532168095
5915.714193938632 -233.4149893130755 3598.460749634007
6462.020086536193 1184.3256905926578 2199.7149379100365
6434.147136336946 2496.8338355615488 605.514800662748
5834.571977284517 3587.4873370659816 -1042.4879838813627
4716.5694934529765 4359.376845243224 -2597.8611361744343
3179.4791118038324 4743.916589910428 -3922.402925992598
1359.8780581566546 4706.938527229032 -4898.422002654594
-580.5541286842991 4251.728320343837 -5439.194788009835
-2469.401533471832 3418.7333937936774 -5496.6712469372305
-4138.831775220257 2281.9690023405587 -5065.744343829792
-5515.087053624056 443.9761744792613 -4169.625486264042
-6198.86011011079 -1044.8281946736058 -2912.30907136449
-6331.837242564648 -2440.7949935767174 -1396.2212150163455
-5902.2028492065665 -3619.88644604813 243.92702350188384
-4948.131831305912 -4477.3351021781355 1862.401275525836
-3554.397585674835 -4936.952886018158 3315.3930012059564
-1844.8395163396615 -4957.900740474577 4473.797509366383
28.64063996716272 -4538.317356750793 5234.685475882608
1899.5759497255199 -3715.484559802019 5530.448665827822
3601.7256001990186 -2562.5146545794037 5334.807221840014
4983.846125182379 -1181.8540768870646 4665.144744775833
5923.130050694794 303.81942201786404 3580.9636844878205
6336.11787797489 1762.4972319869537 2178.598286032756
6186.11382620159 3064.569428302283 582.6548692425866
5486.4464136568895 4094.341182271537 -1065.0599896185754
4299.284160385267 4760.312754475623 -2618.139594463332
2730.1116423656263 5003.309648156114 -3938.586006823663
918.3567240242019 4801.740522935191 -4909.071768277703
-974.99821938888 4173.51568016027 -5443.364960013653
-2781.7202923000646 3174.455654031203 -5493.991287238717
-4341.274309861931 1893.331312172294 -5056.452378608971
-5543.987193057509 -60.15836356819453 -4154.475144078572
-6088.119411313354 -1601.8644414688006 -2892.733844135499
-6091.295502602028 -3001.2378340785917 -1373.9604475875965
-5553.233257274482 -4133.938074415197 266.895364254577
-4521.741867075359 -4899.319775351568 1884.0363517316937
-3088.473868649234 -5229.375413937259 3333.77244140012
-1380.7814134492926 -5094.778098258606 4487.288219630756
449.59952979504794 -4507.48739048425 5242.088747407194
2240.0315817820597 -3519.6866472827605 5531.10668544894
3831.426997511047 -2219.146299579759 5328.661521626656
5082.383310570741 -721.425064595964 4652.741397161921
5881.74756281443 840.3979532989318 3563.4047813400366
6158.492732478022 2327.5479250175626 2157.4440129517584
5888.028796760726 3607.8850493225314 559.7848762256291
5094.38766326246 4567.645754052445 -1087.6136033286248
3848.087829531297 5121.551088751562 -2638.372841313441
2259.8685050909803 5220.384133658344 -3954.701074039053
470.84994670373646 4855.363139011145 -4919.636761416485
-1360.0056957390782 4058.921822052629 -5447.4411330717285
-3070.018863828797 2901.8274889196978 -5491.2164543518875
-4507.247383311436 1486.893048936074 -5047.073095856385
-5526.803578037729 -565.7765122140707 -4139.253060188008
-5927.325881190437 -2147.3544778218184 -2873.108663626934
-5801.179268158182 -3538.1305745651953 -1351.6759538728984
-5159.572419094168 -4614.528242928167 289.8590961149676
-4059.514918183025 -5280.904826383316 1905.638893387313
-2598.75170190352 -5478.049841145191 3352.094312223667
-907.0779924759028 -5188.446087495553 4500.701440995341
865.1935772294281 -4437.826129851301 5249.401495731636
2560.588900758428 -3292.8858454905726 5531.669190953137
4028.464663495739 -1855.3582031664873 5322.42380322805
5138.393662255468 -252.97384238568418 4640.257703513999
5791.753834654617 1371.8883544485 3545.784343407206
5930.491262151639 2874.852250557067 2136.2524839703738
5542.278515474249 4122.3729081223155 536.9052165431816
4661.610000808304 5003.602642065374 -1110.1484355436266
3366.7369804320115 5440.240323312391 -2658.5605273262026
1772.7146046624348 5393.488777731674 -3970.74784935515
21.178756838700952 4867.502085313845 -4930.116799628959
-1732.2389164715883 3909.016471934815 -5451.423236794515
-3331.7395602481033 2603.1975905881404 -5488.346796194045
-4635.200522998347 1066.0731793732368 -5037.606657538523
-5463.514094142438 -1068.6667182584772 -4123.9594974554675
-5717.667593232945 -2676.8020469019266 -2853.433868736928
-5463.781235093754 -4047.09176672583 -1329.3681186928409
-4724.4139368074575 -5057.779622706464 312.8178225330171
-3565.2617274867494 -5619.061563509331 1927.2085274484039
-2089.3203677854526 -5681.065225548878 3370.358297284683
-427.7337245750013 -5238.2813113543 4514.036941833445
1271.8589371424662 -4330.053114826991 5256.623594575464
2858.441350833812 -3037.080696922193 5532.136172626768
4191.038706440316 -1474.2503310867507 5316.094174360463
5151.243880909179 219.57364630678023 4627.693879407199
5653.738430697825 1893.8875416428682 3528.1026749685166
5653.873509896526 3399.9212177154127 2115.0240650353003
5151.637116125696 4603.8569732854185 514.0162852934791
4191.655156999975 5398.719833085472 -1132.6640971199975
2859.2262423991397 5713.882743824115 -2678.702303889828
1272.7425286534306 5521.342097812572 -3986.7260556676206
-426.82994410171875 4838.205976399677 -4940.511701940209
-2088.4767032110663 3725.174021866461 -5455.311202416912
-3564.5531421110695 2281.1440078334663 -5485.3823623199805
-4723.903391550681 634.4243380688865 -5028.053227126917
-5354.481331720673 -1564.62642297773 -4108.594719978388
-5460.736320634521 -3185.8318158001857 -2833.709799220414
-5081.780923413361 -4523.962070996138 -1307.0373272710872
-4251.286990118655 -5460.118443103541 335.7711470451234
-3043.047551286248 -5911.119330206066 1948.7448814389522
-1564.4199833278249 -5836.891324299869 3388.564081190889
53.21316549329046 -5244.029909453949 4527.29449186047
1666.1180910381922 -4185.213424106837 5263.754919223609
3130.9811125555416 -2754.522359521231 5532.50762240574
4317.64272213803 -1079.0798952698897 5309.672744327318
5120.662828195554 692.243553140304 4615.050141800365
5468.689570309209 2402.058123993182 3510.360081360487
5330.799245151998 3898.4392892708115 2093.7591227302487
4719.244013235864 5048.4270156776965 491.1184777348583
3688.3632406824827 5749.83984708457 -1155.1601992452208
2329.755208078991 5940.354175321417 -2698.797823185314
764.138201275333 5603.041966266032 -4002.635417056233
-869.3758380768924 4767.874889963241 -4950.8212888454855
-2425.6420190229605 3509.0612062128894 -5459.1049627994435
-3766.379261824177 1938.452035029046 -5482.323203921133
-4772.45717872915 195.60289377624935 -5018.412969595321
-5200.450703546568 -2049.497178719021 -4093.158993083989
-5158.5153414481365 -3670.2255966362577 -2813.936795683192
-4658.22325349033 -4964.838363772612 -1284.6839652277208
-3744.0275871838567 -5818.303454453482 358.7186732809677
-2497.1586393616653 -6154.786750002002 1970.2475834576592
-1028.406187831984 -5944.390232976069 3406.711349555047
531.7246665727829 -5205.808557223341 4540.473862137944
2044.6094509172833 -4004.667945846758 5270.795346528529
3375.8217129270042 -2447.6950132858665 5532.783533875661
4407.077401193582 -673.2336372618827 5303.159624017319
5046.7449222234845 1161.0475018699744 4602.326709032348
5237.987009638525 2892.164475287639 3492.5568689717566
4963.810964719802 4366.299943021249 2072.458024269652
4248.578532260098 5452.470499625724 468.21218927895166
3155.841252629287 6054.165124565783 -1177.6363534445395
1782.69362852113 6117.920609922123 -2718.84673819247
251.14585229674432 5638.0720010344985 -4018.4756587896054
-1302.7173350396288 4657.255952583509 -4961.0453823133175
-2740.828370276861 3262.6222747143674 -5462.80445242942
-3935.4047768878095 1578.0902899548232 -5479.169373824693
-4780.303198832869 -246.6619424023779 -5008.6860514168875
-5002.545359782119 -2519.199492157697 -4077.652583324671
-4813.363996796695 -4125.9573475859825 -2794.115199576093
-4196.494119595898 -5366.105786215682 -1262.3084185725725
-3206.747323857898 -6129.4521769727335 381.6600049703586
-1932.0669558162765 -6348.169843147931 1991.7162621843381
-485.71396001419555 -6002.8247602749325 3424.799789000386
1003.7968526557523 -5124.102354488937 4553.574825077425
2404.1159098772964 -3790.0809677538027 5277.74475491235
3590.8187182173533 -2119.294254537361 5532.963902271944
4458.461525395403 -260.1989464356247 5296.55492590252
4929.95046040593 1622.0161799211862 4589.523800818207
4963.391662278139 3360.10805059123 3474.6933452377366
4555.813733471388 4799.639575374938 2051.1211374923055
3743.4317615864375 5812.702061015234 445.2978154838292
2598.4294499048233 6309.280459911484 -1200.0921715876673
1222.5452785793393 6245.251602123341 -2738.8487026958514
-261.96740579949403 5626.304732651305 -4034.2465073299336
-1723.203136548031 4507.435997051551 -4971.183805788565
-3031.3247064618654 2988.0617925566926 -5466.409607422072
-4070.0997734571843 1203.1851848999981 -5475.920926492685
-4747.228614242178 -688.5997065262907 -4998.872640561245
-4762.257934844685 -2969.767102432558 -4062.075758473457
-4427.999123358323 -4549.226663083114 -2774.2453531890706
-3700.2931578074767 -5724.467470766366 -1239.9110736986124
-2643.7999067163832 -6391.064222260295 404.59474595007816
-1352.393431788739 -6489.786870883016 2013.1505468863154
59.179134434151116 -6011.8634760671885 3442.829087166036
1465.493374859217 -4999.759628774472 4566.597154444462
2741.5920977162864 -3543.4051973814117 5284.603024368961
3774.088331412517 -1772.2036642234193 5533.04872447989
4471.240254548901 156.46594168851348 5289.858764036388
4771.102859353941 2071.2328620419357 4576.641638245425
4647.032037465351 3801.961653147229 3456.7698186353377
4110.0520258837605 5194.869466736492 2029.7488308550073
3207.8758551361625 6126.190330897055 422.3757520471783
2020.6658371284027 6513.172299813957 -1222.527265895492
653.9107919458042 6321.430327306532 -2758.8033712908205
-770.9470967414237 5568.001529077848 -4049.947690337772
-2127.302952637556 4319.831360218362 -4981.236384195502
-3294.63860567661 2687.8252177357786 -5469.920365521647
-4169.2311603179105 816.9940093306913 -5472.577918021039
-4673.369229995377 -1126.4307021225827 -4988.972906491637
-4481.439187326475 -3397.3804064439487 -4046.4287875193027
-4005.4735073485576 -4936.490474418099 -2754.3275996452885
-3173.603928511747 -6036.971700308586 -1217.49231737519
-2059.7457134952224 -6601.041497812705 427.5225001707226
-762.8700527894713 -6578.579790042682 2034.5500674248676
601.7899599067113 -5971.582398305471 3460.798932712405
1912.9782937534455 -4833.983704621096 4579.540625362485
3054.19011123322 -3266.864345193051 5291.370036466091
3924.023734237374 -1409.4697522965675 5533.037999034743
4445.190628160016 573.1624134475952 5283.071254051838
4571.382827372874 2504.8665834751164 4563.6804437700985
4291.38760119054 4214.0023651349375 3438.786598677622
3630.083754198132 5548.705543807722 2008.3414734262224
2646.2310352850477 6390.381884819987 399.4463947995045
1427.2490760932574 6664.244751637001 -1244.9412489467866
81.44977311118633 6345.9602267146765 -2778.7103993894557
-1271.5866996482675 5463.809286860988 -4065.5789366766458
-2511.6371138776526 4096.174914337574 -4991.202943940815
-3528.51754840107 2364.5774249077454 -5473.336666102491
-4231.873714104844 422.8768544977343 -5469.140406138623
-4559.209329038491 -1556.398180198897 -4978.987020161984
-4162.283620207465 -3798.3987500804933 -4030.7119406624847
-3549.1515320476824 -5284.492696248459 -2734.362282895199
-2620.66175507049 -6301.036275740549 -1195.0525367414148
-1459.3146805705994 -6757.705130490837 450.4428717035175
-168.30109260501965 -6613.922228696503 2055.9144542616036
1137.666786015694 -5882.463312162852 3478.709015326567
2342.5479781304584 -4628.321715578476 4592.4050143167005
3339.283502285852 -2962.933423509645 5298.045674347335
4039.3090330588643 -1034.2754941428232 5532.931726121717
4380.424230028873 986.2823517218349 5276.192513159234
4332.319510985708 2919.204682407203 4550.64044121308
3899.269191320438 4592.742866341939 3420.7439959085013
3119.7516923453404 5858.1956916821055 1986.8994348796712
2063.030564700563 6603.122121547957 376.5101396972373
823.0001179216182 6761.332173590128 -1267.3337336848404
-490.15750101118044 6318.768190391293 -2798.5694432265195
-1759.762474958383 5314.75392401871 -4081.139976417818
-2873.0048304151087 3838.5004480836255 -5001.083312916595
-3730.968098715412 2021.1793623545566 -5476.658450170094
-4257.4184783610335 24.26762048073797 -5465.608450206234
-4405.5785428310155 -1974.8004059694767 -4968.915154013932
-3807.31219402197 -4169.391312985665 -4014.9254893099624
-3062.6822143654063 -5590.291571033917 -2714.3497477105843
-2045.9194796029567 -6514.469890405322 -1172.592119299454
-847.3678207080234 -6859.808971733984 473.3554647472034
426.4761876692472 -6595.623922148243 2077.243338464825
1662.4259152121836 -5745.388742660788 3496.5590257276035
2750.6618047525444 -4384.650560164721 4605.1900991579305
3594.489321860143 -2634.316933675949 5304.629822734204
4118.930688563889 -649.9126871206289 5532.729907575989
4277.38698795913 1392.23915378021 5269.2226601443635
4055.778682470582 3310.68443612679 4537.521855756134
3473.7966425529326 4934.960877624157 3402.6423218972864
2583.152526438981 6120.744388425508 1965.4230854879856
1462.9839723727766 6762.672899870925 353.56738281592715
212.822872161833 6803.708246661603 -1289.704333424231
-1056.2484741984722 6240.204258154543 -2818.3801598653904
-2231.467508356172 5122.230736625109 -4096.630540844908
-3208.4108617625575 3549.124535607186 -5010.877320503334
-3900.27283022218 1660.663044524076 -5479.885660362109
-4245.57844165116 -375.3556457647273 -5461.9821112155805
-4213.645777125323 -2378.0223397062023 -4958.75748197386
-3419.352270167691 -4507.166325613761 -3999.069706070646
-2549.9698478004984 -5851.284481981891 -2694.2903396786674
-1454.011414097878 -6675.490334186909 -1150.111452907843
-228.857685428659 -6906.54957529261 496.2598836348365
1016.6310529163069 -6523.931577739962 2098.5363517159312
2171.78766079776 -5561.633629702951 3514.3486556719627
3133.9714042841606 -4105.16012683966 4617.895659106485
3817.6880352929415 -2283.9251315081606 5311.122367928093
4162.186330717946 -259.7533654018239 5532.43254688267
4136.856105204799 1787.498627129345 5262.161815366385
3743.948060450206 3675.923522331549 4524.324913938025
3018.373800479169 5237.726481049915 3384.481889233415
2024.6037824203013 6334.134456542929 1943.9127961162724
850.9388334660414 6867.726788680877 330.6185203434153
-398.3357651252475 6791.091457121928 -1312.0526618574436
-1612.216482917437 6111.037847383713 -2838.142207203989
-2682.844691106921 4887.991707057567 -4112.050362458542
-3515.0903750215452 3230.626052961058 -5020.584797572858
-4035.004853395466 1286.2050966900522 -5483.018240949334
-4196.391443218058 -772.5008268399766 -5458.261451788231
-3984.9102377502004 -2762.56666184121 -4948.514179449899
-3001.5149449790283 -4808.798370667803 -3983.1448647506872
-2015.142489257216 -6065.230025584854 -2674.1844051960493
-849.7157800577534 -6782.7393759051165 -1127.610925774787
391.21190511613327 -6897.57256711473 519.1557328406215
1597.378695715283 -6399.52616623755 2119.793126315732
2661.6113792191773 -5332.853781632154 3532.0775979587675
3489.348211390295 -3792.333935685394 4630.521474755931
4007.0411422269794 -1914.8485771696112 5317.523197812246
4168.690882966378 132.7794806022472 5532.039649176745
3959.934144755593 2168.6094988294544 5255.010100755755
3399.319879898509 4011.7490462996298 4511.049843650629
2536.6611260428563 5498.427085735367 3366.263011520969
1448.6088991842912 6496.545749153689 1922.3689382157543
231.84141451776418 6917.417813138257 307.6639485729482
-1005.5261972479568 6723.64694783742 -1334.3783330615654
-2153.548393709151 5932.450544982605 -2857.8552439806813
-3110.2183646978388 4614.129877075665 -4127.3991749809675
-3790.5317850146407 2885.8235208150977 -5030.2055764912475
-4134.039821758134 901.099080502181 -5486.056137836695
-4110.2202784034735 -1163.6919675215295 -5454.446536174528
-3721.1896259080677 -3125.08387745286 -4938.1854233288905
-2557.1699573251803 -5071.653536452602 -3967.151240348787
-1462.5185453549896 -6230.267157082836 -2654.0322914627914
-237.91594247308342 -6835.294199729179 -1105.090926451452
1007.8265359744781 -6832.975356535057 542.0426169867586
2164.019203926801 -6223.516666894336 2141.0132951908504
3127.929268968365 -5061.07120994701 3549.7455464351383
3813.9090917705867 -3448.9273658507036 4643.067328076919
4161.006354704617 -1530.3311899301182 5323.832201853701
4138.379942747518 524.2416279635773 5531.55122124298
3748.0403118960494 2532.233276616223 5247.767639812113
3024.67085132863 4315.224886118795 4497.696874134976
2032.5461120712523 5714.789827437227 3347.986003373308
859.8207310746394 6606.57061364578 1900.7918838173343
-389.30349513907476 6911.328608374291 284.70406389641244
-1603.836397379434 6601.984726382712 -1356.6809615049124
-2675.8613973925276 5706.025529119262 -2877.5189297801876
-3510.1243694229674 4303.0609231129765 -4142.67671336066
-4032.497387303104 2517.7504704162593 -5039.739491121729
-4196.5653159980475 508.72683945710713 -5488.999298564152
-3987.750000043009 -1545.4994036987655 -5450.537430252479
-3424.6055966315134 -3462.4012425235865 -4927.771391973333
-2089.9183731510875 -5293.412207089121 -3951.0891090514474
-896.5717299590051 -6344.931246011977 -2633.8343464764016
376.43924598017543 -6832.675299454522 -1082.5518438252655
1616.0019429375866 -6713.306167838857 564.9201408502522
2711.9757755572805 -5997.430322351836 2162.1964919000297
3566.9786592090445 -4748.656473434384 3567.3521960014727
4105.03983556206 -3077.943657716606 4655.533002420915
4278.35020785479 -1133.7420406774222 5330.0492711051975
4071.5103889489787 911.1975320209243 5530.967271515813
3502.8990044560073 2875.1732052747066 5240.43455760217
2623.0396711980284 4583.677121750057 4484.2662359773
1510.1117521341087 5884.901210822171 3329.6511804076035
263.0037768768074 6663.226001849142 1879.1820055251658
-1007.4732381290736 6849.49392152614 261.73926279740186
-2188.4318347036997 6427.154247766554 -1378.9601620537437
-3174.9386589899746 5433.733713991061 -2897.1329250394106
-3879.338250436174 3957.502094179823 -4157.882713776891
-4239.041614135616 2129.6290460888076 -5049.1863768275525
-4222.087527691388 112.52911152966688 -5491.847672307631
-3829.982436085842 -1914.5695284147496 -5446.534201526622
-3097.566597432984 -3771.5502638095336 -4917.272265218314
-1603.5632693803445 -5472.089293779522 -3934.958748228157
-321.8946785322186 -6408.166904207313 -2613.5909190258285
988.3756671150326 -6774.850763419019 -1059.994067113212
2210.8244973239366 -6539.559401358065 587.7879093697567
3236.8318689021025 -5723.199488102702 2183.342350640466
3975.232524325626 -4398.308184482137 3584.8972426166856
4360.416324942215 -2682.6078970127965 4667.918282523974
4358.157999715826 -728.5461254629934 5336.174298207038
3968.658210753321 1290.250166506179 5530.2878100791995
3226.52572359568 3194.402069011706 5233.010980757509
2197.7022665216487 4814.717329282948 4470.758161105076
973.6033186096294 6007.223825808415 3311.258859239426
-337.0045567486648 6665.962123143267 1857.5396765101711
-1617.6680983196788 6732.400432743879 238.76994184440935
-2754.59473033548 6200.635419242528 -1401.2155499788746
-3646.763532221102 5117.916737701135 -2916.696891053371
-4214.9013907107155 3580.448694407313 -4173.016913644301
-4408.526763845584 1724.8420720751253 -5058.546070474828
-4210.435187511726 -284.0243377057124 -5494.601209879885
-3638.227967576968 -2267.6539386611144 -5442.43691912686
-2742.7482266225406 -4049.7925357310714 -4906.688224368385
-1102.078656782325 -5606.0517322284595 -3918.760436426641
256.83848355455444 -6419.337475009516 -2593.3023586854297
1592.9343975104919 -6662.236912337467 -1037.4179858550644
2787.4910997701577 -6313.167363259102 610.6455276523676
3734.3669851120394 -5403.145189076515 2204.45050625413
4349.427975827128 -4013.0298535323595 3602.3803833035095
4578.0232037396845 -2266.3392046104236 4680.222954510436
4399.840979676047 -318.27437169305017 5342.207177388975
3830.7135761840846 1658.0705358733087 5529.512848666445
2921.2104606385205 3487.0886000046416 5225.497037472447
1752.1449761442718 5006.263539189282 4457.172882782981
427.3937213580253 6080.609993291276 3292.8093574772242
-935.333341157347 6614.667565171903 1835.865270503747
-2214.95193166811 6560.982895896513 215.7964976839939
-3297.762322893727 5924.32610392151 -1423.446740962339
-4087.552059738635 4761.266939136208 -2936.21048998101
-4514.144858149014 3175.1483123328253 -4188.079051617386
-4539.636075914429 1306.9038240698085 -5067.818410435354
-4161.760706470061 -677.4648042147641 -5497.259863731351
-3414.0946346697847 -2601.6377116395383 -5438.245653807259
-2363.071272071569 -4294.643691286092 -4896.019452194424
-589.5768966235142 -5694.033093744637 -3902.4944533680296
834.9103125166085 -6378.231099764265 -2572.9690158089556
2185.2120764460765 -6495.69528216369 -1014.8239899067053
3341.348157738071 -6035.98843285364 633.4926009804922
4200.590791950153 -5039.957522785602 2225.520594234067
4686.592500308407 -3596.1042693287623 3619.801316153694
4756.16989824182 -1832.7213702984088 4692.4468058966295
4403.140728608634 93.5068652482134 5348.147804472016
3658.8731823737494 2011.4266054694128 5528.642400659997
2589.4986971844637 3750.622264794391 5217.892857501783
1290.0358889224824 5156.558676557675 4443.510635608888
-124.05226929951513 6104.312220723783 3274.3029937169035
-1527.1178389998443 6509.670835745634 1814.1591617911438
-2794.492287058775 6336.616629791546 192.8193270338966
-3813.56383198512 5600.52622849642 -1445.6533511039881
-4493.783494890359 4366.8044942948545 -2955.673384851041
-4774.710773630543 2745.073017369299 -4203.0688675950805
-4631.384046660545 879.429756295958 -5077.003236589375
-4076.538522650635 -1064.3546979381838 -5499.823587950968
-3159.474661308561 -2913.566566416875 -5433.960477944838
-1961.6776111830409 -4503.8952594931425 -4885.266132930525
-70.27487904557569 -5735.145181281668 -3886.161079942051
1407.598644628155 -6285.063305774909 -2552.5912415234675
2760.400851581773 -6276.525974004023 -992.2124694333538
3867.9293290527207 -5710.2917653623235 656.3287348185918
4631.775311509062 -4636.673074165517 2246.5522507307032
4984.067731326661 -3151.065632624462 3637.1597403332275
4893.503860994902 -1385.4721814009572 4704.589625594523
4368.130697825763 503.2265531845466 5353.996076870227
3454.629952928973 2347.211400146244 5527.676481091222
2234.170176320599 3982.6362136373828 5210.198572158573
815.1945750518187 5264.18632203568 4429.771655509808
-676.2146416327935 6077.990374219945 3255.7400875362714
-2107.5392198892587 6351.7383088333345 1792.421725205088
-3351.5996896750285 6061.106420562424 169.83882667625386
-4297.855818780189 5231.9186280971235 -1467.8349969281767
-4862.228597557125 3937.851905628671 -2975.085239567747
-4994.571027902362 2293.8897603666474 -4217.986102725203
-4683.123904104531 446.10544332663744 -5086.1003903283945
-3955.5606698762663 -1441.3173000544245 -5502.2923382669715
-2876.5285114374014 -3200.672676208875 -5429.5814655383165
-1541.9041713198808 -4675.6342391614635 -4874.42845227078
451.5407579738243 -5728.886506534241 -3869.7605982021532
1970.2153048322373 -6140.476088443089 -2532.1693877233074
3313.827575708848 -6006.457422858292 -969.5838149029164
4362.991723990927 -5338.738656348299 679.1535348200686
5024.484910922606 -4196.649531553051 2267.5451125581094
5239.530563929955 -2681.6696791861928 3654.4553560875297
4989.020933030967 -928.4117075100777 4716.6512039154
4295.21489827443 907.339718645969 5359.7518935925
3219.7601705660945 2662.4700290055507 5526.615106640134
1858.2156220181782 4181.028193230718 5202.414314311868
331.5604608090041 5328.0836543473215 4415.956179737812
-1224.5553023721575 6001.715500865165 3237.1209594895554
-2671.8639530651344 6142.068587036482 1770.6533361192942
-3881.76576624644 5736.671925225565 146.85539345065206
-4746.755656248256 4821.546787888275 -1489.9912953903467
-5189.975475398324 3478.0060594375445 -2994.445718916813
-5172.0431977270155 1825.4292296275692 -4232.830499408944
-4694.552184799933 10.655002000977904 -5095.1097145578815
-3799.9296085504457 -1805.0659693121063 -5504.666072047656
-2567.6666108648255 -3460.398907850285 -5425.108692206826
-1107.255166784527 -4808.260217715489 -4863.506597366053
971.549081611912 -5675.147569978567 -3853.2932913606483
2518.144607238401 -5945.533489172852 -2511.7038070640046
3840.991933816163 -5687.63266631016 -946.9384170791155
4822.550271158881 -4924.360721280975 701.9666068340339
5375.603853495858 -3723.537715964881 2288.498817200281
5451.0114430007725 -2191.8620441091907 3671.6878647466315
5042.072744425354 -465.4298108062339 4728.631332573456
4185.123755735953 1302.3579036919302 5365.415155244309
2956.3081552363283 2954.4254031435285 5525.458295635117
1464.8116015992935 4343.979240243508 5194.540218384405
-156.83989105967322 5347.551458608944 4402.06444686596
-1764.555471117459 5875.970262533926 3218.445931101838
-3215.482553942334 5882.2833223619955 1748.854370441967
-4380.699900936642 5365.929695023025 123.86942424735828
-5156.672837347866 4372.789666286647 -1512.1218638836538
-5474.452762474719 2991.10808602933 -3013.7544885710963
-5305.803535415445 1343.65342606665 -4247.601801305282
-4665.710380099208 -423.19073732796915 -5104.031053699994
-3611.0483823783916 -2152.43254656905 -5506.944748302115
-2235.528889058449 -3690.421278252809 -5420.542235188614
-661.3728434887108 -4900.499884216784 -4852.5007568208075
1485.4306954484484 -5574.2128922220645 -3836.7594437838325
3046.881330473548 -5701.7136994833345 -2491.194852956181
4337.603188267588 -5322.592222987065 -924.2766670148237
5242.909967525985 -4470.535069667146 724.7675569121436
5682.361188038268 -3221.251256787294 2309.4130028174195
5616.909680362009 -1685.7451335135806 3688.8569687303416
5052.371098183452 -0.453157356519403 4740.529804689399
4038.9071719659237 1684.8790838203213 5370.98576402941
2666.568619067049 3220.5024244296396 5524.206068052605
1057.293742320405 4469.969991686298 5186.576420350294
-645.9263232885538 5322.261109041404 4388.096696784138
-2291.7530004723576 5701.645970500011 3199.7153248635263
-3733.9473663718004 5574.414566218468 1727.0252046093658
-4844.364122610975 4951.871964813023 100.8813160003979
-5524.337867414375 3889.333808401754 -1534.2263202455697
-5713.449949540587 2481.211275053688 -3033.011215096421
-5394.896930587989 852.6222313007712 -4262.299753335463
-4596.983644237424 -851.7260393742444 -5112.8642536962625
-3390.6081875659092 -2480.3947137127116 -5509.128327680942
-1882.9623139902092 -3888.6694327048885 -5415.882173339709
-208.00697557247943 -4951.418807456499 -4841.411120689794
1988.9036514820866 -5426.759771986427 -3820.159340987049
3552.067854683403 -5410.897750435373 -2470.642879559454
4799.615241003069 -4914.253718424461 -901.5989560452969
5620.695750395041 -3980.956677684303 747.5559913153231
5942.352776347386 -2693.9341659912725 2330.2873082521364
5736.005680535629 -1167.5437815145408 3705.9623715533426
5019.989307961963 462.5879916312421 4752.346414794033
3857.9248555156482 2051.6167916866307 5376.463623751543
2353.0668494324004 3458.3504364286623 5522.858445516734
639.1285275132935 4557.794468173095 5178.523057732676
-1131.599168844705 5252.258459868765 4374.053170694947
-2801.7793131097083 5480.036238248491 3180.9294642247864
-4223.009069998911 5220.888748116907 1705.1662155792203
-5269.005938648645 4497.842381222243 77.89146568076883
-5846.828506997743 3375.142980299795 -1556.3042827645013
-5905.1347041158015 1952.5473140067136 -3052.2155659572772
-5438.743768516357 356.45925025137285 -4276.924101687367
-4489.096581550326 -1271.3017821844549 -5121.609162010253
-3140.5734632376784 -2786.1020722572143 -5511.21677247692
-1512.9966105367187 -4053.344966602364 -5411.128587132562
249.0166306866783 -4960.4303728534815 -4830.2378804748005
2477.759144106434 -5233.853773266646 -3803.4932696297765
4029.5301534022155 -5075.354874691092 -2450.0482417763224
5223.259725266395 -4465.888422671215 -878.905675781418
5952.879748642887 -3459.608186068462 770.3315165206839
6153.560282569963 -2145.9265798930746 2351.1213730357367
5807.469980936188 -641.5699798504918 3723.0037778303727
4945.360485834002 919.7929283852759 4764.080958831796
3643.83400920842 2399.428198489246 5381.84863981609
2018.5368901625 3665.86374344023 5521.415451298974
213.8839102224171 4606.571207408476 5170.380269601333
-1609.7735937550285 5137.964603993712 4359.934111109515
-3290.3956495522557 5212.827297927818 3162.088673589928
-4678.651612223311 4824.507410325233 1683.2777808242777
-5651.1888472238925 4007.508867313207 54.900270289532344
-6121.5931533148605 2834.425574777398 -1578.355370186321
-6048.067043564724 1409.4911312508711 -3071.367209522649
-5437.143635488807 -140.6827847372527 -4291.474593819902
-4343.10615488787 -1678.3564179252373 -5130.265627630195
-2863.164633017709 -3066.9007180347403 -5513.210046625662
-1128.81836871288 -4182.937430474739 -5406.281558654649
705.8283613898924 -4927.301795698484 -4818.981229121328
2947.896688404164 -4996.9409714600015 -3786.761517510669
4475.312342467573 -4697.724656059352 -2429.411295246033
5605.076855318003 -3981.0948893427326 -856.1972181029181
6236.805692098788 -2910.7273709608544 793.0937392282358
6314.366973365626 -1581.7289521524283 2371.914837394415
5830.869038905874 -112.18697464207295 3739.980893281291
4829.272801992017 1367.3233078896583 4775.733234164301
3398.5744837065604 2725.340914115874 5387.140719231706
1665.897908145297 3841.2000201612964 5519.877110317723
-214.80100722723247 4615.751647586746 5162.148196570296
-2076.413910468913 4980.1734852316395 4345.739761843374
-3753.528325573091 4902.085053582339 3143.1932783118295
-5097.1252768623435 4388.424852476321 1661.3602783257786
-5987.820278936532 3484.833844942517 31.908126850982075
-6346.471172110723 2271.6000573441247 -1600.3792017210385
-6141.210250612865 856.5246358980498 -3090.465815071693
-5390.27584809077 -634.6567582440086 -4305.950978467371
-4160.391781629863 -2069.4461142707855 -5138.833501071601
-2560.838647792536 -3320.356101429907 -5515.108115706241
-733.7437620435251 -4276.23787783424 -5401.341171607058
1158.547476944502 -4852.157152832159 -4807.641361015274
3395.3584887670836 -4717.8370153159785 -3769.9643735626064
4885.70949958448 -4280.996108005603 -2408.7323963384592
5941.9437807808 -3463.7699096569445 -833.4739751516245
6470.210281263954 -2338.772554331387 815.8422663677231
6423.570204206664 -1005.9649940191866 2392.6673422554763
5806.167725132074 416.2269706162928 3756.8934247361567
4672.861763732117 1801.4353423305358 4787.303039573784
3124.3515281084806 3026.5782784099147 5392.339770611922
1298.228948221543 3982.7964525325724 5518.243449137877
-643.2469708987746 4585.125683633358 5153.826980795421
-2527.5675738119 4780.046376250676 4331.470368012111
-4187.3027057442305 4550.238971450109 3124.2436046863027
-5474.977616595929 3916.1228656413723 1639.414086566884
-6276.1767396695495 2934.042057598268 8.91543240577812
-6519.710016875562 1691.2587369060611 -1622.3753970493178
-6183.938447806022 298.19965547302684 -3109.511052799422
-5298.696809882024 -1121.355773976413 -4320.353005643795
-3942.642707452056 -2441.2738219192893 -5147.312634379835
-2236.2674984624205 -3544.2739774309334 -5516.910946941785
-331.19010853612315 -4332.349836257669 -5396.307511303034
1603.3149759374398 -4735.477399928799 -4796.218471979552
3816.362709956653 -4398.713088194901 -3753.1021278476755
5257.298481947516 -3828.4838481012075 -2388.0119021479086
6231.10021254295 -2918.0770170790847 -810.7363393246814
6651.241344521054 -1748.3862373194197 838.5767051053655
6480.390494546585 -423.3436677073057 2413.378529253535
5733.728510406377 939.3148445937012 3773.7410801403103
4477.599586063435 2218.511110837253 4798.790175266655
2823.6162888766216 3300.5829291072623 5397.4457041767355
918.7422931871312 4089.383469756477 5516.514495970376
-1067.765987086176 4514.824343154058 5145.416765971925
-2959.398573593021 4539.103260682109 4317.126176027311
-4588.0756097294025 4160.062933971989 3105.2399799464924
-5809.081993503141 3411.3827594429695 1617.439584526232
-6513.92594941769 2359.586256130782 -14.077415995890961
-6639.978998833284 1098.1301590876421 -1644.3435763290597
-6176.040775134649 -260.8996216552677 -3128.502593822466
-5163.334225456773 -1596.7473260749705 -4334.68042664724
-3691.8427709280336 -2790.717023362683 -5155.702881132669
-1892.3148848171675 -3736.7192662646935 -5518.618509200034
75.3534830967623 -4350.697604036667 -5391.18066466654
2036.3263633542556 -4578.09736696803 -4784.712759270757
4207.335371235975 -4042.078878116837 -3736.175071552179
5586.966485400416 -3343.8015595428765 -2367.250170486997
6470.171109338433 -2348.4127983720837 -787.984703267785
6778.472636333491 -1144.3572542261145 861.2966628506805
6484.477122753113 161.37945388693984 2434.0480407367145
5614.307360156975 1452.776889320069 3790.523568559399
4245.281750628848 2615.088722730744 4810.194442876889
2499.04422744523 3545.038446998959 5402.458431754144
530.7556577781659 4159.995948106322 5514.690280671708
-1484.6928812653398 4405.319553382917 5136.917697331905
-3368.219942341016 4259.211183915002 4302.707433592158
-4952.465880349947 3734.653209515821 3086.1827322571758
-6096.663491351237 2878.254908195497 1595.437151671301
-6699.145796378917 1766.1110272683768 -37.07002130119851
-6706.379598681223 497.04043111787405 -1666.2833602019766
-6117.722143178584 -816.1943885634453 -3147.4401101847106
-4985.478228073098 -2056.9067550108302 -4348.932994064119
-3410.252693992471 -3114.8539296888853 -5164.0040964428335
-1532.0112424031427 -3896.0326634027647 -5520.2307729938875
482.3561311942579 -4331.031797515563 -5385.960720230697
2453.864045750067 -4381.199749999122 -4773.124421575693
4564.940595064569 -3650.7626912154724 -3719.183496981597
5871.937106819732 -2830.8329534863415 -2346.447559880437
6657.186238062403 -1759.3712849341487 -765.2194598683875
6850.915157472614 -531.581756841846 884.0017472632524
6435.910200395406 743.4411431539802 2454.6755197727925
5449.046378486356 1952.4060350428417 3807.240600184413
3978.010873102622 2987.891082725393 4821.515645469477
2153.5116444305386 3757.888895563746 5407.377866781674
137.66345562061483 4193.981788807466 5512.770834743404
-1890.4167353473367 4257.42099512971 5128.329921641842
-3750.5251034224657 3942.5696626503754 4288.214389697228
-5277.382857150185 3277.403713962566 3067.0721907091265
-6335.321984606905 2321.0260626398776 1573.4071679518988
-6830.339951628696 1158.415059996526 -60.06198646148544
-6718.452239495105 -107.1262043482788 -1688.1943698000837
-6009.600562440343 -1363.1488353211237 -3166.3232748629644
-4766.769502715065 -2498.049710195564 -4363.110461773457
-3100.39005405015 -3410.98790580853 -5172.216136960481
-1158.5273432452007 -4020.844857116543 -5521.747710481911
886.2756061205624 -4273.43209768272 -5380.647768136309
2852.3290785260774 -4146.30614272192 -4761.453659007992
4886.108954964777 -3227.8888672729327 -3702.1276975555606
6109.79369160528 -2293.7004668212585 -2325.6044295588686
6790.5964463586715 -1155.7067141538005 -742.4410022489172
6868.02490681142 84.97665180159682 906.6915662595171
6335.1992144631 1318.10946933053 2475.2606101553943
5239.463270345902 2434.1224760813125 3823.8918863366903
3678.178021652631 3333.853018861723 4832.753587543822
1790.0705143171201 3937.356090543279 5412.203924307892
-257.0926138105081 4191.007794777454 5510.756191331481
-2281.4119349687317 4072.2700645108807 5119.65358720005
-4103.017793893605 3591.6932681496864 4273.647294616185
-5560.052516034021 2791.978763027097 3047.9086853134227
-6523.052172236231 1744.1846924125634 1551.350013793613
-6906.450016992295 541.4121576487123 -83.05291443917518
-6676.1794692818985 -709.4672232703459 -1710.0762267523296
-5852.701077794774 -1897.3073279561954 -3185.151761772612
-4509.184511389936 -2916.563350357079 -4377.212584951131
-2765.0071129178014 -3676.669919951283 -5180.3388608757
-775.1466984290652 -4110.088232357625 -5523.169295468812
1283.5889018903438 -4178.307168493866 -5375.241900130289
3228.271995339674 -3875.2651765104347 -4749.700673104645
