6456.438849472808 -1512.1581953805894 -2006.701702650675
6910.217736003308 -299.68188020471837 -397.6912872591395
6749.993451698861 939.4224851596013 1246.6557442448252
5990.002627352603 2095.0550401298274 2780.231942014027
4697.773782872506 3064.532760786902 4066.7723308883565
2988.1271219435 3761.7132971675514 4991.9621514268365
1012.9722530499183 4124.649099087961 5473.594227945967
-1052.1896458826443 4121.0917278299685 5468.873436839467
-3023.8598773203385 3751.3572714411143 4978.219241114
-4726.846888667613 3048.298258924488 4045.228419260253
-6009.832810530871 2074.3845688658407 2752.8013001627005
-6758.818713461563 916.1527065767325 1215.7757050761757
-6907.253913113813 -323.4833441616619 -429.2768967501862
-6441.949290601367 -1534.376480188014 -2036.1863624496552
-5404.249203590162 -2608.933532449381 -3462.1717341887943
-3886.357858682967 -3451.6753912363943 -4580.527953854859
-2023.1465630312484 -3987.7207440840893 -5291.8841635050785
19.830183178267937 -4169.439608995669 -5533.033242176728
2061.0449305890697 -3980.685467363629 -5282.548035964524
3919.1267911703276 -3438.229953005885 -4562.685254676645
5428.97703755145 -2590.272618899943 -3437.407865496307
6572.601196187579 -926.6848483818325 -1985.2570251513298
6910.536852116915 321.1171330017841 -374.7545205682212
6634.440982344188 1540.3864479188683 1269.0465677505044
5768.845916525482 2622.7856670637657 2800.0872994054503
4390.663574860163 3472.1388697847315 4082.3279865275085
2622.35150645878 4012.977296694867 5001.8359170453095
621.0319987084889 4197.24508013286 5476.908776138252
-1435.468927481077 4008.569218894397 5465.334255453024
-3364.4221400123192 3463.714391240896 4968.140801946458
-4994.4316808801 2611.0933396653936 4029.5062358601404
-6180.664049199249 1526.4651862662383 2732.8323575207974
-6817.717293349617 306.2039022851863 1193.334331378455
-6848.9864369263205 -941.2649421675874 -452.1966869683077
-6271.6930793001975 -2105.0982658356143 -2057.548045245469
-5137.132268706505 -3081.884370512564 -3480.0772303016925
-3546.1147121045924 -3784.831524242678 -4593.386281378234
-1640.0093014641022 -4151.479787584258 -5298.552803610638
411.81813267376657 -4149.250853330005 -5532.9196569262485
2427.0537184894624 -3778.342772069923 -5275.662317905972
4226.634930467554 -3071.712354527275 -4549.639230076997
5650.66108059171 -2092.1468142972417 -3419.360730892777
6635.663728339497 -332.5948637919207 -1963.7780651688622
6855.112330371836 939.5427120727013 -351.8112824152376
6465.4541186856695 2128.1977948543868 1291.415476679369
5501.3119353762195 3127.753164121057 2819.894303387526
4048.354044498794 3849.393938836899 4097.813146337394
2235.6821308585522 4228.999169300016 5011.6233082783765
224.36004876210166 4232.8392649136495 5480.1287461321845
-1806.8974082547122 3860.57301633055 5461.700695743259
-3677.604101109436 3145.277913400846 4957.976570258822
-5221.539530680811 2150.511065040698 4013.7144687850796
-6301.518258602382 964.6618711893212 2712.816222863957
-6821.579435489742 -306.9017632661292 1170.8723505434557
-6735.513343525557 -1551.1958292391694 -475.10866841149743
-6050.967332675658 -2657.6593384735534 -2078.8741971980653
-4828.7663200847865 -3527.9781525386297 -3497.9226305743964
-3177.5082292624015 -4084.820625473548 -4606.165287843584
-1243.914588004856 -4278.708859895082 -5305.129945464446
800.2063232261852 -4092.415035310375 -5532.710526251484
2773.225390990943 -3542.4921755707687 -5268.685496880847
4499.831212667 -2677.803340060838 -4536.514639866868
5826.6072839135595 -1575.1799264401075 -3401.2545489341346
6645.020750372522 265.29585947736587 -1942.2651936134573
6744.374653141231 1550.5924969744685 -328.86196899633103
6244.461270777669 2698.1121864523084 1313.7620847531161
5189.700101138582 3605.892767693549 2839.652611922295
3673.8113028895596 4193.273952325446 4113.227542911944
1831.4882481234388 4408.064344413582 5021.324156112106
-173.5705748422348 4231.178875028819 5483.254082323594
-2163.2068905312485 3678.334594375091 5457.972820456432
-3960.6327809194927 2798.6541429056406 4947.726721572502
-5406.13906777236 1670.300989147609 3997.8533907357673
-6371.286174003121 393.53426250864885 2692.75324184152
-6770.316543744849 -918.199710350863 1148.3901504566952
-6567.7745775300655 -2148.347609492642 -498.01244542337554
-5781.6570178977345 -3187.605395662801 -2100.164450035959
-4481.813859841262 -3943.6304538524514 -3515.7076268429714
-2783.7418722217412 -4349.24663988011 -4618.864752576171
-838.3222030053062 -4368.413175599914 -5311.61547548888
1181.586072864549 -3999.4270302021964 -5532.405853763816
3096.5052408552906 -3275.0742419745816 -5261.617693368637
4736.286329406623 -2259.716734920938 -4523.311710688725
5955.227592739964 -1043.5734793660147 -3383.0896322876297
6600.503273209947 862.1326169157401 -1920.7187819809435
6579.202881763574 2149.322477087424 -305.90697661254984
5973.311441916214 3245.5356030235616 1336.0860060785312
4836.665067009096 4053.368647832654 2859.3618838126713
3270.2597755431784 4501.042100366485 4128.570910067103
1413.2775517215925 4548.778209784839 5030.9382930270585
-569.2805846368395 4192.335413279427 5486.284730742502
-2501.255642803579 3463.3852175432057 5454.150693967486
-4210.983160527629 2426.6980464125836 4937.391432887376
-5546.546344843571 1174.3881044692369 3981.923275609806
-6389.274545802452 -182.2713742735223 2672.6437609118198
-6664.287664497262 -1522.73524152732 1125.888119352864
-6347.14957845678 -2727.897400157875 -520.9076224892262
-5466.039398363259 -3690.6739036038484 -2121.418436107716
-4099.247630406372 -4325.517834458948 -3533.431911986543
-2368.2197212359583 -4576.020523500012 -4631.484456274826
-426.76509707264205 -4419.923707492796 -5318.009281688334
1552.6094787933644 -3871.097273559129 -5532.0056447244915
3394.0278889540864 -2978.3068588391643 -5254.459029419967
4933.872026735189 -1820.8808096269565 -4510.030670537823
6035.319983000099 -501.6615096755819 -3364.8662946347904
6502.381052772309 1453.0614862829111 -1899.1392023462963
6360.917630917836 2730.8871827587836 -282.9467016630245
5654.258763129065 3766.0615687455384 1358.3868551541673
4445.194190930389 4466.604857260275 2879.021778708388
2841.1546074541566 4770.270702834869 4143.84298284538
984.6659689039769 4650.077062474409 5040.465553001163
-959.3145621187531 4116.70366858602 5489.220639054042
-2818.0557844146006 3217.5430878872817 5450.234382278963
-4426.400383431118 2032.4896838744698 4926.9708826787555
-5641.439883441615 666.8406520153704 3965.9243984969658
-6355.212692757186 -758.0600981573111 2652.488127336152
-6504.29696492974 -2115.6038819167725 1103.3666458090938
-6075.445908131196 -3285.1669765932047 -543.7938042428664
-5106.764820739963 -4162.828568681514 -2142.6357883880523
-3684.3252683577084 -4670.604574170188 -3551.095179932661
-1934.517247486743 -4763.37686663327 -4644.024181015737
-12.818879687450947 -4432.9022207609105 -5324.311253651134
1910.0185018268016 -3708.5447591029592 -5531.509906044536
3663.142357475587 -2654.6668209181034 -5247.209628654484
5090.779939227223 -1364.9100858812028 -4496.671748758297
6066.079382858713 46.124900095484215 -3346.5848506660004
6351.361041507053 2033.2689643132978 -1877.526827357289
6091.270445432979 3290.5790838971984 -259.98154063808056
5289.943739182125 4255.506811408361 1380.6642468770065
4018.582317169201 4842.314083741847 2898.6319571118274
2390.152221017757 4998.860499589521 4159.043497520439
549.3466110186431 4711.236222910691 5049.905771512584
-1340.2708561373938 4004.9979329066105 5492.061756559378
-3110.799376043827 2942.8980009198453 5446.223953019825
-4604.919719870568 1619.308666856186 4916.465250894303
-5689.872738229465 151.83665152331997 3949.8570356744403
-6269.255594201436 -1329.1267166215625 2632.2866891728063
-6291.5875784535865 -2691.991343218103 1080.8261187382898
-5754.884396182818 -3815.660725360274 -566.6705954734049
-4706.834480416992 -4600.291907302907 -2163.8161404843654
-3240.5616654632195 -4976.166965233148 -3568.697125662547
-1486.3507255624068 -4909.887750753382 -4656.483710256223
399.92899904733247 -4407.3434629316835 -5330.521282551446
2250.6732770322396 -3513.187367120279 -5530.918646284631
3901.4353574358183 -2306.869156371425 -5239.8696162587285
5205.537785164174 -895.5754975504098 -4483.235176039168
6047.105336554375 595.2939743962788 -3328.245616075027
6148.582260999042 2598.021327446018 -1855.8820302279685
5772.429665450089 3823.8668739427444 -237.0118901124659
4883.371362235545 4709.945067926286 1402.9177965490894
3560.4040831641273 5177.5239733710905 2918.1920803839153
1921.0792767276034 5185.057152592153 4174.1721916016195
111.05814603629935 4731.875249556874 5059.258785542563
-1708.830988300998 3858.2454651059534 5494.808034196567
-3376.8829902464554 2641.793639449036 5442.119475444318
-4744.884119301609 1190.6068556066314 4905.874718950888
-5691.281471775818 -366.3705722485408 3933.7214646020766
-6131.983489705389 -1890.7943669686651 2612.0397952710537
-6027.831864808316 -3247.212784569216 1058.2669273823528
-5388.080926018582 -4315.1020961021995 -589.5376011321896
-4269.575351748416 -4999.575649882848 -2184.9591266429766
-2771.699270752593 -5239.814966895045 -3586.2374452163344
-1027.5455461484783 -5014.473729549377 -4668.862828838425
807.9101095402798 -4343.574495677739 -5336.639261151165
2571.5794065412633 -3286.7296064024204 -5530.231875654966
4106.752588080713 -1937.844368022933 -5232.439118983968
5277.022779982292 -416.77315345467935 -4469.721184410384
5978.40634004941 1141.3301847768869 -3309.8489075535954
5895.607133121413 3142.703393648286 -1834.2051847323423
5406.962894580828 4326.432326597337 -214.0381467384036
4437.886274790896 5125.738761092681 1425.1471198841898
3074.48398414265 5469.600812730885 2937.701810749951
1437.9002993525887 5327.46482921013 4189.228803838527
-326.44713715646566 4711.960216419733 5068.524433578238
-2061.7883129395186 3677.7772603036146 5497.459424541414
-3613.930549108907 2316.8076549498496 5437.921020430761
-4844.959196516971 749.9795223108636 4895.199469731499
-5645.49195756127 -883.4875821163665 3917.5179639175553
-5944.397983342861 -2438.452937751168 2591.7477952651125
-5715.118161743557 -3776.7510488923185 1035.6894613054951
-4978.025011090385 -4779.468255340389 -612.3944263394428
-3798.6124924988844 -5357.5087329505 -2206.0643817554587
-2281.6765840125045 -5459.51104859813 -3603.715835698415
-562.003698063856 -5076.411848908203 -4681.1613229931
1207.6056827703796 -4242.251178976313 -5342.665083801748
2869.9139992002133 -3031.147874979715 -5529.449606015064
4277.2178623909695 -1550.713780317811 -5224.918265144022
5304.472148246858 67.50803892066249 -4456.130007238793
5860.400805438405 1679.7314726468887 -3291.395042785954
5594.409336300812 3662.856366937797 -1812.496665197785
4997.816213497561 4794.205424312758 -191.06070723882155
3957.1451875698403 5499.56829071357 1447.3518330144334
2564.864446080913 5716.270380026552 2957.160811305451
944.684242835465 5425.056760634792 4204.213074225506
-759.4353010644189 4651.803040591172 5077.70255561543
-2396.0756857378187 3465.2162062896155 5500.015881808289
-3819.814230728453 1970.7297052083777 5433.62866048033
-4904.14551834021 301.135221414516 4884.4396875820685
-5552.721955159317 -1395.2164483121883 3901.2468134316214
-5707.914678543573 -2967.597013799805 2571.4110395681314
-5355.934133968244 -4276.293561526325 1013.0941103875243
-4528.055337460017 -5205.022660106038 -635.2406763913012
-3297.8389531749153 -5671.262653469603 -2227.131541364957
-1774.5951055723597 -5633.586072146168 -3621.1319952825384
-93.67069515734838 -5095.340645727275 -4693.378980343251
1595.5767675894804 -4104.351842401385 -5348.59864644606
3143.050232462669 -2748.673366226735 -5528.571850873579
4411.249891132778 -1148.763199108463 -5217.307184613026
5287.49063852445 553.2196195148665 -4442.461879224142
5693.914638912745 2206.0464471799905 -3272.884340443341
5247.358282069875 4154.214453367859 -1790.7568464986612
4548.290308019648 5223.397471613336 -168.07996840044703
3445.086780258625 5828.4587020037125 1469.5315524969249
2035.7721735573066 5915.635798951339 2976.568746021948
445.5702753963786 5477.182694822028 4219.124744006139
-1184.2224970864697 4552.057872037417 5086.792993161411
-2708.7919038283403 3222.462730945351 5502.477361850916
-3992.673262577598 1606.5376346640119 5429.242469715797
-4921.788080388821 -152.13538063151665 4873.59555830828
-5413.580428346255 -1897.2904997228036 3884.908294123239
-5424.352398138717 -3473.8630317915104 2551.029879366099
-4953.146852978137 -4741.767588688709 990.4812648170604
-4041.832473403502 -5588.345286426604 -658.0759567664213
-2771.3835412773115 -5938.373981416138 -2248.1602416724313
-1254.6850194922765 -5760.752088031864 -3638.485623217129
373.4977723691628 -5071.262090981818 -4705.515589907822
1968.493648087626 -3931.1682022809086 -5354.43984662016
3388.5802245814193 -2441.7727671598295 -5527.5986253880565
4507.57657758176 -735.4151061333183 -5209.606008823201
5226.054970489972 1036.2874143891877 -4428.717036394987
5480.175445105655 2715.911250470789 -3254.3171201784853
4857.2003349268325 4612.739946964806 -1768.9861040498174
4062.0137060094717 5610.5319227611935 -145.09632706704852
2905.8993334596375 6109.803515806437 1491.685895320357
1491.5830528027357 6066.1922540411815 2995.9252797528197
-55.26692780011137 5483.573189458132 4233.963555677714
-1597.2061993330049 4413.714582727142 5095.795589237617
-2997.226690831194 2951.678066053437 5504.8438221631395
-4130.930437736348 1227.3719999850377 5424.762523880256
-4897.58288695899 -605.9914545153384 4862.6672691723825
-5229.06360398683 -2385.5099089323253 3868.5026881347153
-5095.919072432777 -3953.0653393028774 2530.604666611847
-4509.979768220567 -5169.373566534848 967.8513150848639
-3523.308969881728 -5926.360266957961 -680.8998731329625
-2223.5767077821633 -6156.763850258189 -2269.1501195430333
-726.269897190488 -5840.111946949843 -3655.7764198304326
835.5691809495036 -5004.540468245857 -4717.57094210532
2323.1642705271875 -3724.2936068741124 -5360.188583455069
3604.336019630051 -2113.1269147383027 -5526.529946364676
4565.246696020679 -314.1996229232835 -5201.814870762579
5120.515169214733 1512.6456842308114 -4414.895716104659
5220.803398613357 3205.085784204743 -3235.693702620112
4427.036925387541 5034.656496320386 -1747.1848138001121
3542.9133410521135 5952.472671920682 -122.11018013245003
2343.986358545105 6341.385528624752 1513.8144789116652
936.785901666645 6166.838452398488 3015.2300782390726
-553.652093592114 5444.340716951811 4248.729252995683
-1994.895670673003 4238.089416708271 5104.710188382394
-3258.884012959149 2655.2652732411248 5507.115221879653
-4233.306209316943 836.5091578067752 5420.188900335816
-4831.580571418619 -1056.5744672586925 4851.655008889925
-5000.547796707641 -2855.77681420752 3852.030278766855
-4725.194405716633 -4401.230858843901 2510.135754018891
-4029.9867556035974 -5555.616227188495 945.2046519770348
-2976.6970969495956 -6216.360713327151 -703.7120313552807
-1658.914838211581 -6324.754270037024 -2290.100812512285
-193.7307160705963 -5871.165654127158 -3673.0040865357023
1288.6672303664936 -4895.898204661999 -4729.544828757468
2656.5614381625332 -3485.608714417233 -5365.844757678517
3788.408504049983 -1765.607593554589 -5525.3658322579595
4583.638849195697 111.27551023666925 -5193.933904972711
4971.5927676226 1978.2712966188806 -4400.998157027116
4917.798851170727 3669.4889967958984 -3217.014409367366
3960.2997317768027 5416.480277145935 -1725.3533522259202
2995.18268277174 6246.449574691255 -99.12192453376575
1763.930508259712 6521.394415432794 1535.9169211425988
375.945367207257 6216.884743695111 3034.4828081150704
-1045.4441695306248 5359.977580130786 4263.421580978043
-2373.941403949528 4026.812886697668 5113.536636653667
-3491.5035267572707 2335.848196904158 5509.291521776706
-4298.830239001766 437.33314411475595 5415.5216780622595
-4724.1870194051835 -1500.0408777341565 4840.558967626536
-4729.779051381182 -3304.1296847754065 3835.491350474052
-4315.109458348473 -4814.632069390066 2489.6234950553926
-3517.0234533955477 -5897.333265974594 922.5416665683083
-2406.4344804052153 -6456.030521856513 -726.512037500797
-1082.0232433670997 -6441.081134048183 -2311.0119587923964
338.5305072249653 -5853.81342126069 -3690.168325836341
1729.0043366334319 -4746.40869695711 -4741.437043092764
2965.8485431214676 -3217.2647306573995 -5371.408271616654
3939.164091141208 -1402.2526743050491 -5524.106303170456
4562.46762292616 537.3556858437945 -5185.963247546344
4780.375884354746 2429.217635158846 -4387.024599152872
4573.526770124372 4105.232937144026 -3198.279562984311
3460.723130551418 5755.048812971572 -1703.4920963246211
2423.247693554031 6490.080992486207 -76.13195724452338
1170.4560647370217 6648.440994567117 1557.9928403363394
-186.33572189370977 6216.057838077992 3053.6831369143524
-1526.5707619133375 5231.350663955119 4278.040285909802
-2731.16329049151 3781.8150259355884 5122.27478163159
-3693.0799751968375 1996.2485266397778 5511.372684272785
-4326.85029729139 33.30658535966623 5410.760937655687
-4576.160982401827 -1932.5947921932059 4829.379336994601
-4418.85968207416 -3726.7766414071452 3818.8861888594015
-3868.9233071478925 -5189.818031342148 2469.0682439380416
-2975.2161178912484 -6191.721314051102 899.8627502152574
-1817.1479200390943 -6643.462986085173 -749.299497846776
-497.61815506915605 -6504.903817448461 -2331.88319727845
866.1271667399759 -5788.355398331234 -3707.2688413310675
2152.9132888477866 -4557.486200293014 -4753.247379750071
3248.4036173371323 -2921.664353159976 -5376.879029195736
4055.259029041595 -1026.2398067358488 -5522.751380852387
4501.786879804581 960.3706500959647 -5177.9030361250625
4548.311210530606 2861.647960149585 -4372.9752837848155
4190.698130265995 4508.655290808684 -3179.4894869943355
2932.3141375759155 6047.547205185849 -1681.6014236081069
1831.7308892355936 6681.393175551924 -53.14067526780656
568.3903129680796 6721.568041459205 1580.0418552740555
-745.4542369464551 6164.5020897673285 3072.830733075346
-1993.0619065362603 5059.6930749277835 4292.585115347328
-3063.5772793221977 3505.308126283577 5130.92447242119
-3861.8803665529144 1639.4611678277229 5513.35867342926
-4317.038435632558 -372.0591100464637 5405.906761327113
-4388.608694695113 -2350.5203032384984 4818.116310049977
-4070.231812141968 -4120.1274523993425 3802.2150806697373
-3390.1969711619026 -5523.643196532993 2448.470355625936
-2408.9282516597486 -6436.359002545772 877.1682945496027
-1213.615685590097 -6777.176065686112 -772.074018887145
89.5319600089312 -6515.811294242937 -2352.71416755472
1384.724298056631 -5675.488095139391 -3724.3053377189935
2556.8778054595136 -4330.872872313432 -4764.975634782166
3501.8414991738837 -2601.4405890598687 -5382.256935943788
4135.651208108353 -640.8588932343453 -5521.301088701279
4401.990158196 1376.6659276179876 -5169.753409896919
4277.192964912305 3271.867939402531 -4358.85045353406
3772.3484065439893 4876.3501264152055 -3160.6445058745517
2379.3200835958346 6291.531554604987 -1659.6817120962744
1225.4137968412228 6818.836326250099 -30.148475629409017
-37.37588340260768 6740.257566337552 1602.06358520154
-1296.8445523847556 6062.777342522778 3091.925265947091
-2441.082891778941 4846.5927457647085 4307.055818122704
-3368.42030372273 3199.767114623516 5139.485559654967
-3996.458789611735 1268.6281334013129 5515.249454951006
-4269.39437387321 -775.2340247564682 5400.959232901063
-4162.975532087436 -2750.213237756143 4806.770081288658
-3686.658045358478 -4480.8239354691805 3785.478313790695
-2882.7648126670633 -5813.293762743827 2427.8301858144664
-1822.7252755651693 -6629.226927979198 854.4586914713386
-600.7285988311942 -6856.1241887804135 -794.8352073392155
674.6454501629769 -6473.824727803058 -2373.504509900837
1890.0742902773686 -5516.297529848521 -3741.277520804782
2937.5617352462104 -4068.623088493959 -4776.621605659247
3724.033928761087 -2259.4336308683587 -5387.541898992235
4179.609365051817 -249.4835797789451 -5519.755451761554
4263.808167344105 1782.6341822144818 -5161.514509594037
3969.1489025539186 3656.357074156913 -4344.650352315741
3321.8133394487595 5205.196594401747 -3141.7449450501695
1806.1942859994435 6484.949379564818 -1637.7333403104467
609.1981155707136 6901.297211351626 -7.155755370963798
-641.9279808483815 6704.434500065865 1624.0576498357586
-1836.0159591145493 5911.8533615230535 3110.9664057949617
-2866.965862190054 4593.978108067769 4321.452144348064
-3643.1732669375237 2867.907739369781 5147.957895495479
-4095.6687391150426 887.0111824229814 5517.044996186993
-4184.246070275971 -1172.7002106665598 5395.918437814109
-3901.0347758314447 -3128.212043728268 4795.340846643404
-3271.199422145151 -4805.768508772286 3768.6761772417367
-2350.7036443790494 -6056.311352044144 2407.148090929152
-1221.3375319168333 -6768.724354002275 831.7343331421006
16.549780007676947 -6879.70649304973 -817.5826701506353
1252.96657135098 -6379.396519095049 -2394.2538652980197
2378.051784276527 -5312.249168898254 -3758.185097503661
3291.8366602607293 -3773.0851676233597 -4788.1850912724385
3913.12740299353 -1898.6659912935786 -5392.733827077492
4186.719603493588 144.45799052108723 -5518.1144967241
4088.303394106885 2174.7462459345015 -5153.186477490163
3626.623486929846 4011.798753679947 -4330.375225344843
2842.702167764063 5492.385336672057 -3122.791130888974
1217.5599956706324 6626.156859956942 -1615.7566872668806
-11.934102148535223 6928.108220293233 15.837088456903237
-1240.3678026198716 6614.466761754318 1646.0236693713875
-2358.589380563983 5713.1009043242475 3129.9538238063237
-3267.2399415459595 4304.100960014615 4335.773845419936
-3885.581895675265 2512.6627571717113 5156.341333637876
-4158.672846778526 497.96344171521986 5518.745266130852
-4062.247465410324 -1560.9821108142387 5390.784463113405
-3604.8735698610353 -3481.227552540701 4783.828803480367
-2827.1908379025003 -5092.150649108424 3751.8089611711803
-1798.2997930736947 -6250.613813967808 2386.4244281195006
-609.6219199216272 -6853.68251108924 808.9956119782869
633.2235360972131 -6847.771440210085 -840.3160145059719
1819.8043020780867 -6233.405825918268 -2414.9618754352696
2844.68746973969 -5065.1747491426995 -3775.0277758465227
3616.807672009571 -3446.8806677525513 -4799.665891937271
4067.55864052237 -1522.3161126458947 -5397.832630542565
4156.889173637666 537.5129096435544 -5516.378251925809
3876.861861467585 2549.5815510746193 -5144.769457398222
3252.358359578045 4335.108683038385 -4316.025319131895
2338.86854470044 5735.442384203039 -3103.7833906955825
618.1729121730469 6713.932762484423 -1593.752132470208
-632.9609247065569 6899.052795395288 38.829658801442214
-1827.8534057227128 6471.161711440763 1667.9612644874285
-2860.333090237859 5468.279511199294 3148.8871920962665
-3638.659627320344 3979.516679238405 4350.020674023501
-4093.6752885206583 2137.156326505865 5164.635729312457
-4184.949935537803 104.90025540722668 5520.350235421408
-3904.3734154321182 -1936.6766637315316 5385.557397455179
-3276.8761833047665 -3806.1713623322016 4772.234150595692
-2358.214121956516 -5337.471032281737 3734.876956851155
-1230.0143870202155 -6394.512977907215 2365.6595552528365
7.477524032067959 -6883.374383587644 786.242920644331
1244.3050242595332 -6760.617768095367 -863.0348478336564
2370.570562538878 -6037.1505954254035 -2435.628182715573
3286.2005032590696 -4777.256098752889 -3791.805264984969
3909.8371080113225 -3092.881433063084 -4811.063809397134
4186.067527679226 -1133.6906791590316 -5402.838221338579
4090.347477258063 926.2334667079141 -5514.546747349087
3631.1821032882754 2903.8577043492337 -5136.26359466783
2849.3702642611242 4623.4614415895 -4301.6008814788
1814.379372998936 5932.250340018175 -3084.7220527058494
12.88257254857158 6747.488929479185 -1571.7200559068835
-1248.861340255879 6814.367189692988 61.82155861459887
-2399.638442440865 6275.759020744709 1689.8700563537234
-3337.197138375131 5179.522122088417 3167.766183713232
-3978.2312235163345 3623.0619529261357 4364.19238413688
-4265.782006267946 1744.6768297008496 5172.840939287151
-4174.299337686651 -288.73048623151794 5521.859876343194
-3711.9118543409795 -2296.4828313893286 5380.237331103204
-2919.70471328024 -4100.182599029297 4760.557088212058
-1868.0689955314567 -5539.563149390544 3717.880456672589
-650.447149643936 -6486.729203955969 2344.8538309081
624.9697799297239 -6857.520902207657 763.4766520459106
1844.8554019219457 -6618.991774563393 -885.7387778126891
2900.8175254388093 -5792.336180782206 -2456.2524302620122
3699.029281792408 -4451.006098089858 -3808.5172751963196
4168.566053536117 -2714.1845906636877 -4822.378646826654
4267.707437972323 -736.1958713541597 -5407.750513026314
3987.6442880190725 1307.2070818675468 -5512.620014621338
3353.2614435866067 3234.458949281522 -5127.669036182786
2420.9266043459993 4874.314944862542 -4287.1021614744595
1273.4818122478323 6081.066667013711 -3065.607446081167
-593.4070714399808 6726.477241682605 -1549.6608380386176
-1854.656047702085 6674.73853805063 84.81239085992017
-2951.1106951018537 6029.920023705238 1711.7496666375118
-3785.3462065058416 4849.316653385466 3186.590472644667
-4283.2370957435705 3237.8302175367817 4378.288731035387
-4400.543572348088 1338.6483578760797 5180.956821869988
-4126.842441082088 -679.4782829434826 5523.274162826917
-3486.4532485761893 -2637.2302964821683 5374.8243559272405
-2536.2773848862184 -4360.652824883891 4748.797817975243
-1360.742145279128 -5696.612213384953 3700.8197541401696
-64.29899454544334 -6526.402607555819 2324.007614369756
1237.8574040250944 -6776.29348939925 740.6971993231576
2430.024740000267 -6424.080957435375 -908.4274123794348
3406.273713838484 -5501.060640788427 -2476.834261924071
4079.860320016166 -4089.2469452004393 -3825.1635178886168
4390.933432588301 -2314.0857131667367 -4833.61020883516
4311.852840380976 -333.307810320284 -5412.569420777674
3849.6452010512794 1677.0859541703524 -5510.598087014416
3045.3796917184745 3538.4632718624575 -5118.98593035854
1970.5188323478237 5085.432599559294 -4272.529409490556
720.5687272436029 6180.538923731908 -3046.4399009028443
-1195.777565821762 6650.992994211971 -1527.5748597958238
-2445.4479069533513 6481.29925736323 107.80175851938596
-3477.829469880762 5735.713638784448 1733.5997175099324
-4201.1906222060115 4480.484692634963 3205.3597338226505
-4551.257551126885 2827.1450192616403 4392.309471295731
-4496.925273765343 922.6011042053485 5188.983236911556
-4043.021451398229 -1063.9199677278525 5524.593070449921
-3229.877430566976 -2955.907081592557 5369.318565401443
-2129.744625946215 -4585.2488794731735 4736.956542950631
-840.3746650797739 -5807.171192379335 3683.6951438672563
523.6662727024755 -6513.1008604915605 2303.1212656214043
1841.1771640835236 -6640.312934876767 717.9049558438899
2995.0913845628565 -6177.504064464824 -931.1003597343724
3882.8785917817227 -5165.796848395116 -2497.3733222836017
4425.654996388745 -3695.085912619414 -3841.743705605628
4575.192532899564 -1896.0503778900552 -4844.758301470015
4318.204134960529 71.45755359488403 -5417.29486137718
3677.5243495035315 2032.6161678566025 -5508.480999444051
2710.0803870433533 3813.167915615134 -5110.214427139614
1501.83388920248 5254.9029602594865 -4257.88287717718
160.1428596165064 6229.716816122966 -3027.219748166318
-1789.3360305522867 6521.5746542824745 -1505.462502571013
-3016.4617184359445 6235.617821654512 130.78926460026483
-3975.5615451123626 5395.598981014449 1755.419831652591
-4581.415282041057 4076.1574927151382 3224.0736431295204
-4780.190165950596 2394.531523265547 4406.254362800264
-4554.224176096396 500.1409197453024 5196.92004580742
-3923.5953823124246 -1438.689399326572 5525.816576436602
-2944.337920395256 -3249.6858516838583 5363.7200546027625
-1703.463113236832 -4771.933455107556 4725.033467619706
-311.22813294257685 -5870.1738297599 3666.506921570804
1108.6608327658084 -6446.8234988045415 2282.195145339717
2430.0404182050056 -6450.6446085614525 695.1003151967777
3535.500248429969 -5881.297636660079 -953.7572283488961
4326.815366294639 -4789.371560091885 -2517.869256661111
4733.673950947544 -3271.888802598616 -3858.257552031751
4719.924831672782 -1463.6843665469617 -4855.822732219974
4286.78967805493 474.5748487454568 -5421.926753223387
3472.7544492752572 2370.666006089403 -5506.268788469248
2350.1497477455887 4056.1130852959022 -5101.354677997038
1018.7239276664253 5381.15671691477 -4243.1628174585185
-403.2199839822121 6228.060959418458 -3007.947319775494
-2369.2550714750637 6339.199998886268 -1483.324148212241
-3563.0830073776556 5939.685987509075 153.77451214197956
-4440.31538174251 5012.404810259073 1777.209632264054
-4923.0062484364435 3639.74946904134 3242.7318774034616
-4968.266405699717 1943.686414721839 4420.123164741106
-4572.074289938563 74.91829272694928 5204.767111500496
-3769.6333092988284 -1800.5066483502264 5526.944659658802
-2632.243866364585 -3515.9486723282125 5358.028920209284
-1260.968004491903 -4918.9832272832255 4713.028797876539
222.35039824681937 -5884.944535891777 3649.2553840662554
1685.9119923326828 -6328.00269683263 2261.229614888186
2999.6729073968436 -6208.7900481774595 672.283671184607
4046.8997207910807 -5537.899156915371 -976.3976269720464
4734.541734466108 -4374.9416228912005 -2538.3217111218028
5001.498937839646 -2823.2513265580524 -3874.7047719970424
4824.051011869558 -1020.7027602258584 -4866.803310018513
4217.964983495681 872.5397256327095 -5426.465016330303
3237.094256103765 2688.253227791284 -5503.96149229165
1968.5934983028692 4265.103633455622 -5092.406835925708
525.1745691474877 5462.980864188422 -4228.369484528454
-964.9084251672781 6175.448271241428 -2988.6229485370036
-2930.8122013464476 6105.278660303301 -1461.160179016482
-4080.8954965131297 5595.902574286398 176.7571042229324
-4868.373318099705 4589.305987330183 1798.9687430663612
-5223.274805868709 3174.9294235620696 3261.334114444053
-5114.065405172338 1478.4464475621892 4433.915637624356
-4550.448850520024 -349.40298335896784 5212.524298483451
-3582.504946183136 -2146.2064258789483 5527.977300636177
-2296.239755813878 -3752.310008987801 5352.245260498565
-805.9435862583616 -5025.004381056841 4700.942741024199
755.9642077613832 -5851.205062000473 3631.940829262407
2250.7012644272586 -6157.500495594883 2240.2250363108315
3545.4536367089477 -5916.674988409832 649.4554178174001
4525.17689440203 -5150.126943604047 -999.0211646372614
5102.81832661578 -3925.967518899204 -2558.73033248174
5227.051957160329 -2352.9686513154984 -3891.0850814820865
4886.839082771493 -570.8981932295648 -4877.699845247127
4112.409110338317 1261.8990746702932 -5430.909572328766
2972.57354144145 2982.5710720328157 -5501.559150754886
1568.6117684633964 4438.228540847643 -5083.371055441763
25.271956117994996 5499.529926963017 -4213.503133846192
-1520.3133804326408 6072.173944778154 -2969.2469681544426
-3469.4284468731357 5821.641136789336 -1438.970977723038
-4565.716961606842 5207.053931717221 199.73664396740375
-5256.321487982912 4129.797134032228 1820.6967883115144
-5479.878783164785 2685.589737672248 3279.8800330179006
-5216.524800410519 1002.7559076036529 4447.631543274188
-4489.659696797747 -769.1771853773572 5220.1914728010215
-3363.8686265774345 -2472.7655099591025 5528.914481536525
-1939.1830667914037 -3956.637767428268 5346.369175345947
-342.1925815562217 -5088.945395842593 4688.775505771195
1285.2032162376265 -5769.077893367264 3614.5635561562844
2798.403068247356 -5936.602502884918 2219.1817723259783
4062.952527053712 -5576.633927670269 626.6159493057096
4966.490823857853 -4721.156955327212 -1021.6274506691686
5428.734615876229 -3446.184469047298 -2579.0947683138593
5408.611513664541 -1865.0033693610665 -3907.398197622912
4907.909543163076 -118.10853587463957 -4888.512149738601
3971.1182717452866 1639.2807593350367 -5435.260344467801
2681.4757149174275 3251.012765212672 -5499.061805343879
1153.572273356814 4573.878020066617 -5074.247492579904
-476.8311270601043 5490.334140704566 -4198.564022131854
-2064.8659892987876 5918.949979006385 -2949.8197132226605
-3980.7058250810383 5490.524354812256 -1416.756927506941
-5013.633177432664 4776.291254548262 222.71273455238077
-5601.077220002587 3637.663715908717 1842.3933927879884
-5690.840971652751 2175.8137924864136 3298.3693128641344
-5274.948529127308 520.6332652001266 4461.270644836993
-4390.353761058563 -1180.807812460643 5227.768502052324
-3115.6567945696293 -2777.328934094546 5529.756186176107
-1564.1200490485467 -4127.072191826872 5340.40076622282
126.39562685828768 -5110.106973957382 4676.52730222788
1805.680496640676 -5639.086326116685 3597.123864827963
3324.522730198208 -5667.008111477783 2198.10018632
4547.966529749931 -5191.391356878599 603.7656600537135
5367.303544710985 -4254.496698175026 -1044.2160946902952
5709.732085700821 -2939.5713372873556 -2599.414666954225
5544.825874129584 -1363.4521629853703 -3923.6438387158905
4887.237550574378 333.81571940912323 -4899.240036780265
3795.396723361908 2001.4226102079574 -5439.517257615938
2366.3182414545377 3491.1943189913713 -5496.469499184131
726.9819993773705 4670.758091678476 -5065.036304890705
-976.9497836524196 5435.304510635666 -4183.552407362029
-2594.0752911311856 5716.900271381909 -2930.3415192218927
-4460.463381308347 5114.5538975493355 -1394.5184119723037
-5421.029677485054 4307.104929656842 245.68497921439797
-5899.913697020327 3116.95078734566 1864.0581818271562
-5854.564493230536 1649.8418890656055 3316.801634699953
-5289.011541884105 36.13729873017235 4474.832706785447
-4253.506704596425 -1580.778249183342 5235.255255393156
-2840.0591303986293 -3057.2347125258357 5530.502400019913
-1174.2598390706958 -4262.042455206862 5334.340136194869
595.8775921130859 -5088.149022077504 4664.198341902799
2313.068684271873 -5462.151219362356 3579.622056435382
3824.7334730983903 -5350.817310551051 2176.9806423410173
4996.55390827372 -4764.039802022281 580.9049446524626
5724.408601683263 -3753.9564504395075 -1066.7867066278307
5943.624469679863 -2410.317594268648 -2619.689677507877
5634.723220379041 -852.5114423424869 -3939.8217242225496
4825.152085371969 781.044092420664 -4909.8833211172005
3586.84501274844 2345.2004320166925 -5443.680238262523
2029.8310201321437 3700.9754214854474 -5493.78227704097
292.45763361038365 4727.902503292104 -5055.737651437903
-1470.9018970868385 5334.734699622855 -4168.468548765331
-3103.5653392812346 5467.5523067944905 -2910.8127225120406
-4904.7714926231765 4696.72304178234 -1372.2558151457808
-5784.62106859739 3803.2961252919545 268.65298125641795
-6150.481677235299 2571.92965757922 1885.6907813098253
-5969.844997906575 1112.0359530631924 3335.1766802261386
-5258.761392280582 -446.6670259719182 4488.317494922585
-4080.413759256211 -1965.6816795834502 5242.6516035382465
-2539.5034571210695 -3310.0368897120366 5531.153110181923
-772.9471283933675 -4360.280796332066 5328.187389920311
1062.288944714688 -5023.094619420885 4651.78883769905
2803.135983306603 -5239.584442086499 3562.0584332091457
4294.912088422077 -4990.514193535125 2155.8235050926437
5405.066406569981 -4298.0148583773425 558.0341978730471
6034.956854750909 -3223.618041525198 -1089.3388967203123
6128.614902415279 -1862.7886150687618 -2639.9194498550755
5677.7186210165355 -336.4422454502777 -3955.9315747745213
4722.332123882703 1219.7984941289324 -4920.441818955472
3347.3456939286957 2667.654784507274 -5447.749214518967
1674.9329094844945 3878.478240471944 -5491.000185318793
-146.3050142893974 4744.681884349257 -5046.351692795631
-1954.5430954947096 5189.299721108648 -4153.312706817925
-3589.111445294209 5172.825504780797 -2891.233660326847
-5309.984154414911 4240.368771607567 -1349.9695214698181
-6101.477661660413 3268.9458546141027 291.6163440546623
-6350.828102773704 2007.062752905556 1907.2908176726694
-6035.879596805465 566.8433177515409 3353.494132132556
-5184.616700639737 -923.7426337356177 4501.724776385855
-3872.6778583065293 -2332.2499984375922 5249.957418763485
-2216.63459329592 -3533.526715867855 5531.708305425327
-363.63361713028576 -4420.834077966667 5321.9426336480665
1521.6778016972191 -4915.330931727336 4639.299003910608
3271.7814700708923 -4973.079061629526 3544.433298447343
4731.172996852272 -4588.947292907928 2134.6291399276956
5770.179040452595 -3797.0674189479705 535.1538146598041
6296.479354295073 -2667.80144165856 -1111.8722755244696
6263.309845863903 -1301.4895988240075 -2660.1036346572605
5673.617771545189 180.46530635909673 -3971.9731121782393
4579.799859963196 1646.3850771132356 -4930.915347965274
3079.0466327028134 2966.0163087239657 -5451.724116120009
1304.7065999531942 4022.103975156387 -5488.123272060253
-585.5623398128606 4720.810052683585 -5036.8785910456545
-2423.801495988546 5000.051440096162 -4138.085143239026
-4046.675252567975 4835.016314691862 -2871.6046707680707
-5672.768984184365 3749.144962297909 -1327.6599157960816
-6369.0492016046155 2708.381766317888 314.5746710654901
-6499.4114473502395 1426.9669648629208 1928.857917914671
-6052.272463801447 18.75988643848466 3371.753674103602
-5067.362511883662 -1391.1140902224045 4515.0543196511335
-3632.1951630308963 -2677.381475163412 5257.172574908143
-1874.2913343169118 -3725.7517665410637 5532.167976162712
50.15150464317388 -4443.0726632692185 5315.605975215935
1970.1381623294606 -4765.6070557626745 4626.729056218623
3715.0693984838636 -4664.696347829517 3526.7469565102424
5129.90041526945 -4149.306898708954 2113.397912841825
6088.917267961158 -3265.233322704698 512.2641901234435
6506.90710062121 -2091.0294367377032 -1134.3864539217877
6346.729682299585 -731.0284089850281 -2680.2418833631045
5622.61747954118 693.9277009713037 -3987.9460594198395
4398.91103927515 2057.225289444772 -4941.303727284092
2784.3420488663774 3237.729382966597 -5455.604874424915
922.372048531999 4130.547012270469 -5485.151586945428
-1021.5547560774971 4656.3474129271035 -5027.318509774577
-2874.7119375903076 4768.410911901114 -4122.786120986358
-4472.438347982665 4456.7801755260925 -2851.926092799613
-5990.134695030698 3226.9929510072466 -1305.3273833788173
-6585.185503553178 2126.1429336608744 337.52756583214256
-6595.113681474366 836.3757862341558 1950.3917096035843
-6019.0370666168665 -527.7070201741674 3389.9549908237263
-4908.1425942813685 -1844.900742035882 4528.305894536716
-3361.1381134149506 -2998.1669367541695 5264.296947377025
-1515.4817610599548 -3885.0328419029547 5532.5321144562395
464.8317963473854 -4426.696529862851 5309.177524048731
2403.843008768526 -4575.0288049066785 4614.079211687681
4129.262220769272 -4316.84969345133 3508.999712815084
5487.778363485901 -3675.0995425499746 2092.130190467249
6358.681315888115 -2706.800669384361 489.3657195342936
6664.587528760337 -1497.9906781448506 -1156.8810431253871
6378.315892641553 -156.07764132835615 -2700.3338482145377
5525.302898683313 1199.7035788555947 -4003.8501406699033
4181.342494784671 2448.8858712457936 -4951.606777519819
2465.8514607050943 3480.4739072171733 -5459.391422418668
531.2587031309679 4202.8065627241385 -5482.085181290972
-1450.5387216067481 4551.701411420244 -5017.6716140710105
-3303.4494153453793 4496.1576148990225 -4107.415904251645
-4862.834131581589 4041.1104832313217 -2832.1982662417195
-6259.455811851189 2678.1097326012373 -1282.9723098681684
-6748.153827372948 1526.942929536592 360.47463199176104
-6637.248761547319 240.10054630395746 1971.8918208823395
-5936.5950161717665 -1068.075824131697 3408.0977679828225
-4708.448751291231 -2281.3489704196895 4541.479272207309
-3061.9361521714686 -3291.9142491508305 5271.330413142651
-1143.3570888457846 -4009.9785005171857 5532.800714017774
876.8142693637939 -4371.738564611789 5302.657391156405
2819.0768319043655 -4345.050472181938 4601.349688762105
4510.8520466152995 -3932.2855773587944 3491.1918738307895
5801.818261436327 -3170.1198524362917 2070.826340066404
6577.267462868652 -2126.275066783001 466.4587983154215
6768.297586362256 -893.5014104415901 -1179.3556546866216
6357.934767122832 418.66376728391253 -2720.3791822527114
5382.641542487382 1693.628832010552 -4019.6850812882326
3929.076995468602 2818.107542645332 -4961.824320753856
2126.3967149320215 3692.1850310548375 -5463.08369471313
134.7767547354436 4238.195676567985 -5478.924108049224
-1868.8187115774085 4407.624037202681 -5007.938070522722
-3706.361434190788 4185.415659592421 -4091.974758456031
-5214.577678277046 3591.3147332332874 -2812.421531765081
-6478.494425666853 2106.9140385541136 -1260.5950813035327
-6856.652849540812 915.6314891872651 383.4154732820844
-6625.567577807651 -357.00893617647563 1993.3578804754932
-5805.771550961871 -1597.9275508530304 3426.181692281686
-4470.107243604324 -2696.8632902467366 4554.574225177942
-2737.2542909100116 -3556.1708913124003 5278.27285074736
-761.18428222572 -4099.497102686052 5532.973770208994
1282.520290336501 -4278.565006139327 5296.045689132102
3212.267306854755 -4077.463632623855 4588.5407072621165
4856.59027635607 -3514.0617216953265 3473.3237470726663
6069.383887007758 -2638.4200055883066 2049.4867295256063
6742.886104246321 -1528.3430934692842 443.5438220358294
6817.253300454323 -282.4661904723102 -1201.8099005018494
6285.877623893603 988.5090731305877 -2740.377539324057
5195.974135330339 2171.6509675852108 -4035.450607828562
3644.385542686059 3161.832143436585 -4971.9561805441945
1768.977301451587 3871.070657871802 -5466.681627548161
-263.61233604588296 4236.347556441334 -5475.66842180729
-2272.778860641985 4225.206383716013 -4998.118047213765
-4079.9990095443122 3838.6370817847114 -4076.462950245512
-5524.6933416678785 3110.988029555465 -2792.596230884939
-6645.41880557995 1518.0105744052855 -1238.1960841069
-6909.823119083807 297.15507363604394 406.3496935483656
-6560.259325197762 -950.1039594693217 2014.7895176956001
-5627.787701044037 -2112.9420863132855 3444.206451437412
-4195.262442513004 -3088.036036294698 4567.590527317955
-2389.9697053587124 -3788.744432828386 5285.124140305417
-372.31767167398124 -4152.806259874188 5533.051280041474
1678.4164210281738 -4147.873026440066 5289.3425321502355
3580.015849112813 -3774.3830719657835 4575.652488380073
5163.515158363005 -3065.522617940046 3455.3956410971277
6288.213486079595 -2084.27702648591 2028.1117273486961
6854.176450187654 -917.834274529418 420.6211864036034
6811.115757638618 330.1620805683744 -1224.2433928191103
6162.857539934202 1548.8220859152505 -2760.328574086219
4967.00238455178 2629.862452034779 -4051.146448043334
3329.807269970996 3477.227998329734 -4982.002181928432
1396.7441668347647 4015.626577409364 -5470.185158792724
-660.4257850355546 4197.219112799194 -5472.318178786107
-2658.9140076746494 4005.870310824117 -4988.21171372156
-4421.146052279907 3458.5823522600126 -4060.880747486308
-5790.539868260223 2603.9841739589383 -2772.722705955255
-6758.8187134615655 916.1527065767256 -1215.7757050761652
-6907.253913113812 -323.4833441616624 429.27689675018803
-6441.949290601366 -1534.3764801880143 2036.1863624496566
-5404.249203590167 -2608.9335324493773 3462.17173418879
-3886.357858682968 -3451.675391236394 4580.527953854859
-2023.146563031239 -3987.7207440840907 5291.88416350508
19.830183178265038 -4169.439608995669 5533.033242176728
2061.044930589067 -3980.68546736363 5282.548035964525
3919.126791170316 -3438.2299530058904 4562.685254676651
5428.977037551442 -2590.27261889995 3437.407865496315
6456.438849472808 -1512.1581953805908 2006.7017026506758
6910.217736003308 -299.68188020471973 397.69128725914015
6749.993451698856 939.4224851596118 -1246.6557442448402
5990.002627352602 2095.055040129827 -2780.231942014028
4697.773782872503 3064.5327607869026 -4066.772330888358
2988.127121943505 3761.713297167549 -4991.962151426835
1012.972253049933 4124.649099087959 -5473.594227945966
-1052.1896458826402 4121.091727829969 -5468.873436839467
-3023.859877320339 3751.357271441115 -4978.219241114
-4726.846888667612 3048.2982589244893 -4045.228419260254
-6009.832810530862 2074.3845688658507 -2752.8013001627123
-6817.717293349615 306.203902285191 -1193.3343313784594
-6848.98643692632 -941.2649421675872 452.1966869683095
-6271.693079300197 -2105.0982658356143 2057.548045245471
-5137.132268706506 -3081.884370512563 3480.0772303016925
-3546.1147121045933 -3784.831524242677 4593.386281378234
-1640.0093014640934 -4151.479787584259 5298.55280361064
411.8181326737633 -4149.250853330005 5532.9196569262485
2427.0537184894592 -3778.342772069924 5275.6623179059725
4226.634930467543 -3071.7123545272807 4549.639230077002
5650.661080591702 -2092.1468142972494 3419.3607308927853
6572.6011961875765 -926.684848381838 1985.257025151335
6910.536852116915 321.1171330017821 374.7545205682219
6634.440982344187 1540.3864479188674 -1269.0465677505053
5768.845916525482 2622.7856670637652 -2800.0872994054507
4390.66357486016 3472.1388697847315 -4082.3279865275103
2622.351506458786 4012.9772966948653 -5001.835917045307
621.0319987084905 4197.24508013286 -5476.908776138252
-1435.4689274810814 4008.5692188943963 -5465.334255453023
-3364.422140012324 3463.714391240894 -4968.140801946455
-4994.431680880104 2611.0933396653913 -4029.5062358601367
-6180.664049199248 1526.4651862662408 -2732.8323575207987
-6821.579435489742 -306.9017632661306 -1170.8723505434548
-6735.513343525556 -1551.1958292391714 475.10866841149914
-6050.9673326756665 -2657.6593384735447 2078.874197198051
-4828.766320084769 -3527.978152538639 3497.922630574411
-3177.508229262402 -4084.8206254735487 4606.165287843584
-1243.9145880048561 -4278.708859895083 5305.129945464446
800.2063232261668 -4092.4150353103782 5532.710526251484
2773.2253909909414 -3542.492175570769 5268.685496880847
4499.83121266699 -2677.8033400608438 4536.514639866873
5826.607283913562 -1575.179926440104 3401.2545489341314
6635.6637283394975 -332.5948637919166 1963.7780651688581
6855.112330371836 939.542712072702 351.8112824152383
6465.454118685669 2128.197794854388 -1291.41547667937
5501.3119353762195 3127.7531641210585 -2819.8943033875266
4048.3540444987975 3849.3939388368985 -4097.81314633739
2235.6821308585686 4228.999169300015 -5011.623308278371
224.36004876210822 4232.8392649136495 -5480.128746132183
-1806.897408254724 3860.573016330547 -5461.700695743258
-3677.6041011094376 3145.2779134008456 -4957.976570258822
-5221.539530680816 2150.511065040694 -4013.714468785076
-6301.518258602391 964.6618711893083 -2712.816222863943
-6770.316543744849 -918.1997103508639 -1148.3901504566945
-6567.774577530065 -2148.3476094926455 498.01244542337975
-5781.657017897732 -3187.6053956628034 2100.1644500359625
-4481.813859841256 -3943.6304538524537 3515.7076268429755
-2783.7418722217303 -4349.246639880111 4618.864752576175
-838.3222030053066 -4368.413175599915 5311.61547548888
1181.5860728645423 -3999.4270302021982 5532.405853763816
3096.5052408552915 -3275.074241974581 5261.617693368637
4736.286329406619 -2259.7167349209403 4523.311710688727
5955.227592739963 -1043.5734793660145 3383.0896322876297
6645.020750372521 265.29585947736007 1942.265193613465
6744.374653141231 1550.5924969744685 328.8619689963317
6244.461270777668 2698.112186452309 -1313.7620847531166
5189.700101138588 3605.8927676935455 -2839.6526119222876
3673.8113028895605 4193.273952325445 -4113.227542911942
1831.4882481234552 4408.064344413582 -5021.324156112099
-173.57057484222838 4231.178875028821 -5483.254082323594
-2163.206890531265 3678.334594375084 -5457.972820456429
-3960.6327809194936 2798.65414290564 -4947.726721572502
-5406.139067772365 1670.300989147605 -3997.8533907357637
-6371.286174003118 393.5342625086558 -2692.7532418415276
-6664.287664497262 -1522.7352415273203 -1125.888119352863
-6347.149578456779 -2727.8974001578777 520.9076224892304
-5466.03939836326 -3690.673903603848 2121.4184361077155
-4099.247630406367 -4325.5178344589485 3533.4319119865486
-2368.2197212359474 -4576.020523500012 4631.484456274831
-426.7650970726431 -4419.923707492797 5318.009281688334
1552.6094787933587 -3871.097273559131 5532.0056447244915
3394.027888954087 -2978.3068588391643 5254.459029419967
4933.872026735179 -1820.8808096269645 4510.030670537829
6035.319983000094 -501.6615096755893 3364.8662946347977
6600.503273209946 862.1326169157371 1920.7187819809465
6579.202881763575 2149.32247708742 305.9069766125554
5973.311441916214 3245.5356030235616 -1336.086006078532
4836.665067009091 4053.3686478326554 -2859.361883812676
3270.259775543175 4501.042100366485 -4128.570910067105
1413.2775517215919 4548.778209784839 -5030.938293027059
-569.2805846368368 4192.335413279427 -5486.284730742502
-2501.255642803578 3463.385217543206 -5454.150693967486
-4210.9831605276195 2426.6980464125904 -4937.391432887381
-5546.546344843571 1174.3881044692387 -3981.923275609807
-6389.274545802448 -182.2713742735139 -2672.6437609118275
-6504.296964929741 -2115.6038819167657 -1103.3666458091004
-6075.445908131195 -3285.1669765932047 543.7938042428682
-5106.764820739965 -4162.828568681513 2142.6357883880514
-3684.3252683577134 -4670.604574170187 3551.0951799326576
-1934.517247486734 -4763.376866633269 4644.024181015741
-12.818879687452828 -4432.9022207609105 5324.3112536511335
1910.018501826796 -3708.5447591029624 5531.509906044536
3663.1423574755913 -2654.6668209181007 5247.209628654482
5090.7799392272145 -1364.9100858812135 4496.671748758304
6066.079382858714 46.124900095482346 3346.5848506660013
6502.381052772309 1453.0614862829034 1899.139202346304
6360.9176309178365 2730.887182758782 282.9467016630251
5654.258763129065 3766.0615687455384 -1358.3868551541682
4445.194190930388 4466.604857260275 -2879.021778708389
2841.154607454139 4770.27070283487 -4143.842982845393
984.6659689039744 4650.077062474409 -5040.465553001165
-959.3145621187502 4116.703668586022 -5489.220639054042
-2818.055784414604 3217.54308788728 -5450.234382278962
-4426.400383431101 2032.4896838744855 -4926.970882678764
-5641.439883441616 666.8406520153707 -3965.924398496965
-6355.212692757188 -758.0600981573144 -2652.488127336147
-6291.5875784535865 -2691.9913432181033 -1080.8261187382914
-5754.884396182813 -3815.6607253602806 566.6705954734141
-4706.83448041699 -4600.291907302908 2163.8161404843654
-3240.561665463214 -4976.166965233149 3568.6971256625498
-1486.3507255624204 -4909.887750753384 4656.483710256217
399.92899904733827 -4407.343462931682 5330.521282551447
2250.6732770322355 -3513.1873671202807 5530.918646284631
3901.435357435824 -2306.8691563714196 5239.869616258727
5205.5377851641715 -895.5754975504133 4483.235176039172
6047.105336554379 595.2939743962891 3328.245616075019
6351.3610415070525 2033.268964313311 1877.5268273572756
6091.270445432981 3290.579083897194 259.98154063808863
5289.94373918212 4255.506811408364 -1380.6642468770117
4018.5823171691986 4842.314083741847 -2898.6319571118283
2390.152221017753 4998.860499589521 -4159.043497520441
549.3466110186386 4711.236222910689 -5049.905771512585
-1340.2708561373872 4004.9979329066136 -5492.0617565593775
-3110.7993760438226 2942.898000919847 -5446.223953019825
-4604.919719870561 1619.3086668561918 -4916.465250894306
-5689.872738229468 151.83665152331156 -3949.8570356744353
-6269.255594201438 -1329.126716621569 -2632.2866891728013
-6027.831864808317 -3247.2127845692157 -1058.2669273823547
-5388.080926018588 -4315.102096102194 589.5376011321791
-4269.575351748417 -4999.575649882849 2184.959126642976
-2771.6992707525733 -5239.8149668950455 3586.2374452163494
-1027.5455461484858 -5014.47372954938 4668.862828838421
807.9101095402726 -4343.574495677743 5336.639261151163
2571.5794065412597 -3286.729606402423 5530.231875654966
4106.752588080707 -1937.8443680229393 5232.43911898397
5277.022779982295 -416.77315345467395 4469.72118441038
5978.40634004941 1141.330184776885 3309.8489075535977
6148.582260999045 2598.0213274460043 1855.8820302279855
5772.4296654500895 3823.8668739427426 237.01189011246902
4883.371362235538 4709.945067926292 -1402.9177965490996
3560.404083164127 5177.523973371091 -2918.1920803839157
1921.0792767276073 5185.057152592153 -4174.172191601616
111.05814603629437 4731.875249556873 -5059.2587855425645
-1708.8309883009915 3858.245465105958 -5494.808034196566
-3376.882990246462 2641.7936394490303 -5442.119475444316
-4744.884119301608 1190.6068556066325 -4905.874718950889
-5691.281471775825 -366.37057224855386 -3933.721464602067
-6131.98348970539 -1890.7943669686704 -2612.0397952710487
-5715.118161743558 -3776.7510488923176 -1035.689461305497
-4978.025011090386 -4779.468255340388 612.3944263394421
-3798.6124924988844 -5357.5087329505 2206.0643817554583
-2281.676584012498 -5459.5110485981295 3603.71583569842
-562.0036980638542 -5076.411848908202 4681.161322993101
1207.6056827703876 -4242.2511789763075 5342.665083801749
2869.913999200209 -3031.147874979719 5529.449606015064
4277.217862390971 -1550.7137803178096 5224.918265144022
5304.472148246857 67.50803892066203 4456.130007238793
5860.400805438404 1679.7314726468787 3291.395042785963
5895.607133121414 3142.7033936482835 1834.205184732345
5406.962894580828 4326.432326597338 214.03814673840188
4437.886274790885 5125.738761092687 -1425.1471198842046
3074.48398414265 5469.600812730884 -2937.701810749951
1437.9002993525858 5327.464829210129 -4189.228803838529
-326.4471371564691 4711.960216419731 -5068.52443357824
-2061.7883129395223 3677.7772603036124 -5497.459424541415
-3613.9305491089085 2316.8076549498473 -5437.92102043076
-4844.959196516969 749.9795223108649 -4895.1994697315
-5645.491957561269 -883.487582116363 -3917.517963917558
-5944.397983342861 -2438.4529377511685 -2591.7477952651116
-5355.934133968243 -4276.293561526329 -1013.0941103875189
-4528.055337460018 -5205.022660106038 635.2406763913006
-3297.8389531749253 -5671.262653469602 2227.1315413649468
-1774.5951055723538 -5633.586072146167 3621.1319952825434
-93.67069515734144 -5095.340645727272 4693.378980343255
1595.576767589483 -4104.351842401383 5348.598646446061
3143.0502324626677 -2748.673366226737 5528.571850873579
4411.249891132779 -1148.7631991084613 5217.307184613026
5287.49063852445 553.2196195148658 4442.461879224142
5693.914638912745 2206.0464471799796 3272.8843404433496
5594.409336300815 3662.856366937793 1812.4966651977904
4997.816213497561 4794.205424312759 191.0607072388198
3957.1451875698363 5499.5682907135715 -1447.3518330144389
2564.8644460809164 5716.270380026553 -2957.160811305447
944.6842428354626 5425.056760634791 -4204.2130742255085
-759.435301064422 4651.803040591171 -5077.702555615432
-2396.0756857378215 3465.2162062896127 -5500.015881808289
-3819.814230728454 1970.7297052083773 -5433.62866048033
-4904.1455183402095 301.1352214145177 -4884.439687582069
-5552.721955159317 -1395.2164483121858 -3901.2468134316227
-5707.914678543574 -2967.597013799805 -2571.4110395681314
-4953.146852978137 -4741.767588688708 -990.4812648170598
-4041.8324734035004 -5588.345286426605 658.0759567664254
-2771.3835412773115 -5938.373981416136 2248.1602416724327
-1254.6850194922706 -5760.7520880318625 3638.485623217135
373.4977723691589 -5071.26209098182 4705.51558990782
1968.4936480876281 -3931.1682022809064 5354.439846620161
3388.5802245814175 -2441.7727671598313 5527.5986253880565
4507.576577581761 -735.4151061333172 5209.6060088232
5226.054970489971 1036.2874143891895 4428.717036394985
5480.175445105655 2715.9112504707937 3254.3171201784817
5247.358282069874 4154.214453367861 1790.7568464986573
4548.290308019651 5223.3974716133325 168.0799684004526
3445.0867802586286 5828.458702003711 -1469.5315524969205
2035.7721735573023 5915.635798951338 -2976.5687460219524
445.5702753963758 5477.182694822026 -4219.124744006141
-1184.222497086458 4552.057872037426 -5086.792993161406
-2708.791903828343 3222.462730945348 -5502.477361850917
-3992.6732625776 1606.5376346640091 -5429.242469715796
-4921.788080388818 -152.13538063151154 -4873.595558308281
-5413.580428346257 -1897.2904997228136 -3884.908294123232
-5424.352398138717 -3473.8630317915076 -2551.0298793661004
-4509.979768220568 -5169.373566534847 -967.8513150848634
-3523.30896988173 -5926.3602669579595 680.8998731329618
-2223.576707782164 -6156.763850258188 2269.1501195430346
-726.2698971904853 -5840.111946949839 3655.7764198304358
835.5691809495042 -5004.540468245856 4717.570942105321
2323.1642705271934 -3724.2936068741055 5360.188583455071
3604.3360196300523 -2113.1269147383005 5526.529946364676
4565.24669602068 -314.19962292328256 5201.814870762578
5120.515169214736 1512.6456842308194 4414.895716104655
5220.803398613356 3205.0857842047535 3235.693702620102
4857.200334926832 4612.739946964808 1768.9861040498135
4062.0137060094758 5610.531922761189 145.0963270670541
2905.899333459643 6109.803515806436 -1491.6858953203532
1491.583052802732 6066.192254041179 -2995.9252797528247
-55.26692780011213 5483.57318945813 -4233.963555677715
-1597.2061993330049 4413.7145827271415 -5095.795589237617
-2997.2266908311967 2951.678066053433 -5504.84382216314
-4130.93043773635 1227.3719999850337 -5424.762523880254
-4897.582886958988 -605.9914545153326 -4862.667269172384
-5229.06360398683 -2385.5099089323217 -3868.502688134717
-5095.91907243278 -3953.065339302867 -2530.604666611855
-4029.9867556035924 -5555.6162271885005 -945.2046519770221
-2976.6970969495983 -6216.360713327149 703.7120313552799
-1658.914838211571 -6324.754270037022 2290.1008125122976
-193.7307160705991 -5871.165654127158 3673.0040865357014
1288.6672303664975 -4895.898204661996 4729.544828757472
2656.561438162538 -3485.608714417226 5365.844757678519
3788.4085040499845 -1765.6075935545873 5525.3658322579595
4583.638849195698 111.27551023666945 5193.9339049727105
4971.592767622601 1978.2712966188801 4400.998157027115
4917.798851170728 3669.4889967959007 3217.014409367363
4427.036925387541 5034.656496320387 1747.184813800108
3542.9133410521194 5952.472671920677 122.11018013245562
2343.9863585451108 6341.38552862475 -1513.8144789116614
936.7859016666562 6166.83845239849 -3015.230078239065
-553.6520935920973 5444.340716951822 -4248.729252995673
-1994.895670673003 4238.08941670827 -5104.710188382395
-3258.8840129591467 2655.2652732411284 -5507.115221879653
-4233.306209316944 836.5091578067751 -5420.188900335816
-4831.580571418619 -1056.5744672586886 -4851.655008889926
-5000.547796707643 -2855.7768142075156 -3852.030278766857
-4725.194405716637 -4401.230858843891 -2510.1357540188988
-3517.0234533955386 -5897.333265974603 -922.5416665682956
-2406.434480405214 -6456.030521856514 726.5120375007962
-1082.023243367098 -6441.081134048183 2311.0119587923955
338.53050722497005 -5853.813421260688 3690.1683258363437
1729.0043366334428 -4746.4086969571 4741.437043092769
2965.8485431214735 -3217.2647306573904 5371.408271616655
3939.16409114121 -1402.2526743050444 5524.106303170456
4562.46762292616 537.3556858437977 5185.963247546343
4780.375884354744 2429.217635158848 4387.02459915287
4573.52677012437 4105.23293714403 3198.2795629843095
3960.2997317767986 5416.480277145943 1725.353352225914
2995.1826827717423 6246.4495746912535 99.12192453377133
1763.9305082597095 6521.394415432795 -1535.9169211425994
375.94536720726336 6216.8847436951155 -3034.482808115063
-1045.4441695306125 5359.977580130796 -4263.421580978032
-2373.9414039495305 4026.8128866976663 -5113.536636653667
-3491.503526757273 2335.8481969041554 -5509.291521776706
-4298.830239001767 437.3331441147526 -5415.5216780622595
-4724.187019405183 -1500.0408777341559 -4840.558967626536
-4729.7790513811815 -3304.1296847754074 -3835.491350474051
-4315.109458348471 -4814.632069390068 -2489.6234950553917
-2975.2161178912443 -6191.721314051105 -899.8627502152543
-1817.1479200390945 -6643.462986085173 749.299497846773
-497.61815506915417 -6504.90381744846 2331.8831972784496
866.1271667399832 -5788.35539833123 3707.2688413310725
2152.913288847796 -4557.486200293003 4753.247379750076
3248.4036173371346 -2921.664353159974 5376.879029195737
4055.2590290415965 -1026.2398067358438 5522.751380852387
4501.786879804584 960.3706500959853 5177.903036125058
4548.3112105306045 2861.647960149599 4372.975283784808
4190.698130265993 4508.655290808688 3179.489486994334
3460.723130551415 5755.048812971574 1703.4920963246198
2423.2476935540294 6490.080992486207 76.13195724452406
1170.456064737027 6648.440994567117 -1557.9928403363306
-186.33572189370412 6216.057838077995 -3053.683136914345
-1526.5707619133366 5231.3506639551215 -4278.0402859098
-2731.1632904915127 3781.8150259355857 -5122.2747816315905
-3693.0799751968393 1996.2485266397746 -5511.372684272785
-4326.850297291394 33.306585359650484 -5410.760937655684
-4576.160982401827 -1932.5947921932052 -4829.379336994601
-4418.859682074157 -3726.776641407154 -3818.886188859396
-3868.923307147889 -5189.8180313421535 -2469.068243938037
-2408.928251659731 -6436.359002545782 -877.1682945495777
-1213.615685590108 -6777.176065686112 772.0740188871298
89.53196000893134 -6515.811294242937 2352.714167554719
1384.7242980566416 -5675.488095139381 3724.3053377190035
2556.8778054595205 -4330.872872313423 4764.97563478217
3501.841499173889 -2601.440589059855 5382.25693594379
4135.651208108356 -640.8588932343354 5521.301088701279
4401.990158195999 1376.6659276179914 5169.753409896917
4277.192964912302 3271.867939402544 4358.850453534053
3772.3484065439825 4876.350126415217 3160.6445058745394
2932.314137575921 6047.547205185842 1681.601423608117
1831.7308892355986 6681.3931755519225 53.1406752678146
568.3903129680782 6721.568041459205 -1580.0418552740562
-745.4542369464486 6164.502089767334 -3072.8307330753387
-1993.0619065362582 5059.693074927786 -4292.585115347325
-3063.577279322197 3505.30812628358 -5130.92447242119
-3861.8803665529153 1639.4611678277201 -5513.35867342926
-4317.0384356325585 -372.05911004646634 -5405.906761327113
-4388.608694695113 -2350.5203032384998 -4818.116310049977
-4070.2318121419653 -4120.127452399351 -3802.2150806697314
-3390.196971161903 -5523.643196532992 -2448.4703556259374
-1822.7252755651582 -6629.2269279792035 -854.4586914713233
-600.7285988311808 -6856.124188780413 794.8352073392318
674.645450162977 -6473.8247278030585 2373.504509900837
1890.0742902773734 -5516.297529848515 3741.2775208047865
2937.5617352462127 -4068.6230884939546 4776.6216056592475
3724.033928761085 -2259.4336308683633 5387.541898992233
4179.609365051816 -249.4835797789562 5519.7554517615545
4263.808167344105 1782.6341822144855 5161.514509594036
3969.14890255392 3656.3570741569065 4344.650352315744
3321.813339448758 5205.196594401748 3141.744945050168
2379.320083595841 6291.531554604982 1659.6817120962842
1225.4137968412244 6818.836326250099 30.148475629412147
-37.37588340260854 6740.257566337552 -1602.0635852015407
-1296.844552384753 6062.777342522779 -3091.925265947087
-2441.082891778935 4846.592745764715 -4307.055818122698
-3368.4203037227285 3199.7671146235193 -5139.485559654966
-3996.4587896117355 1268.6281334013104 -5515.249454951006
-4269.394373873209 -775.2340247564711 -5400.959232901063
-4162.975532087433 -2750.213237756155 -4806.770081288651
-3686.6580453584734 -4480.823935469192 -3785.4783137906875
-2882.764812667065 -5813.293762743824 -2427.8301858144705
-1221.3375319168317 -6768.7243540022755 -831.7343331420973
16.549780007677562 -6879.706493049729 817.582670150637
1252.966571350979 -6379.396519095049 2394.2538652980193
2378.0517842765257 -5312.249168898255 3758.1850975036605
3291.836660260736 -3773.0851676233456 4788.185091272446
3913.1274029935294 -1898.6659912935781 5392.733827077492
4186.719603493587 144.4579905210814 5518.1144967241
4088.303394106884 2174.7462459345106 5153.18647749016
3626.62348692985 4011.7987536799365 4330.375225344848
2842.7021677640623 5492.385336672058 3122.7911308889725
1806.1942859994447 6484.949379564817 1637.7333403104474
609.1981155707167 6901.297211351625 7.155755370966934
-641.9279808483775 6704.434500065867 -1624.0576498357548
-1836.015959114537 5911.853361523064 -3110.966405794947
-2866.965862190051 4593.978108067773 -4321.452144348063
-3643.1732669375174 2867.9077393698017 -5147.957895495473
-4095.6687391150417 887.0111824229916 -5517.044996186993
-4184.246070275972 -1172.7002106665618 -5395.918437814109
-3901.034775831445 -3128.212043728268 -4795.340846643404
-3271.199422145151 -4805.768508772287 -3768.676177241736
-2350.7036443790525 -6056.31135204414 -2407.148090929156
-609.6219199216257 -6853.6825110892405 -808.9956119782838
633.2235360972137 -6847.771440210084 840.3160145059737
1819.8043020780856 -6233.405825918269 2414.9618754352687
2844.687469739689 -5065.174749142701 3775.0277758465218
3616.8076720095773 -3446.8806677525313 4799.665891937279
4067.5586405223694 -1522.3161126458947 5397.832630542565
4156.889173637666 537.5129096435484 5516.378251925809
3876.8618614675834 2549.581551074628 5144.769457398219
3252.358359578056 4335.108683038361 4316.025319131909
2338.8685447004395 5735.44238420304 3103.783390695581
1217.5599956706335 6626.156859956942 1615.756687266881
-11.934102148536738 6928.108220293233 -15.837088456906372
-1240.367802619878 6614.466761754315 -1646.0236693713973
-2358.5893805639794 5713.100904324251 -3129.95382380632
-3267.239941545963 4304.100960014608 -4335.773845419942
-3885.58189567526 2512.662757171732 -5156.34133363787
-4158.672846778526 497.96344171523026 -5518.745266130851
-4062.247465410324 -1560.9821108142407 -5390.784463113405
-3604.8735698610353 -3481.2275525407013 -4783.828803480366
-2827.1908379025012 -5092.150649108424 -3751.8089611711803
-1798.2997930736951 -6250.613813967808 -2386.4244281195
7.477524032077294 -6883.374383587646 -786.2429206443159
1244.305024259532 -6760.617768095367 863.0348478336582
2370.570562538869 -6037.150595425411 2435.6281827155635
3286.20050325907 -4777.256098752886 3791.805264984973
3909.8371080113216 -3092.881433063086 4811.063809397134
4186.067527679226 -1133.6906791590263 5402.83822133858
4090.347477258062 926.2334667079194 5514.546747349087
3631.182103288273 2903.8577043492414 5136.2635946678265
2849.3702642611265 4623.4614415894985 4301.6008814788
1814.3793729989266 5932.250340018185 3084.722052705835
618.1729121730496 6713.932762484423 1593.7521324702084
-632.9609247065496 6899.052795395289 -38.829658801435514
-1827.8534057227178 6471.161711440758 -1667.9612644874387
-2860.3330902378543 5468.279511199297 -3148.887192096263
-3638.659627320346 3979.516679238399 -4350.020674023505
-4093.6752885206574 2137.156326505871 -5164.6357293124565
-4184.949935537804 104.900255407238 -5520.350235421407
-3904.3734154321182 -1936.6766637315325 -5385.557397455179
-3276.876183304767 -3806.1713623322007 -4772.234150595692
-2358.2141219565174 -5337.471032281737 -3734.876956851155
-1230.01438702021 -6394.5129779072195 -2365.659555252827
624.9697799297335 -6857.520902207659 -763.4766520458952
1844.8554019219448 -6618.991774563394 885.7387778126907
2900.8175254388157 -5792.336180782197 2456.2524302620245
3699.0292817924083 -4451.006098089856 3808.5172751963223
4168.566053536117 -2714.1845906636904 4822.378646826654
4267.707437972323 -736.1958713541592 5407.750513026314
3987.6442880190743 1307.2070818675402 5512.620014621338
3353.2614435866003 3234.458949281539 5127.66903618278
2420.926604345999 4874.314944862545 4287.102161474458
1273.4818122478384 6081.066667013707 3065.607446081171
12.882572548570518 6747.4889294791865 1571.7200559068795
-1248.8613402558772 6814.367189692989 -61.821558614599546
-2399.6384424408575 6275.759020744716 -1689.8700563537143
-3337.197138375125 5179.522122088426 -3167.7661837132246
-3978.2312235163354 3623.06195292613 -4364.192384136884
-4265.782006267946 1744.6768297008562 -5172.840939287149
-4174.299337686653 -288.7304862314946 -5521.859876343192
-3711.9118543409813 -2296.482831389324 -5380.237331103204
-2919.704713280241 -4100.182599029297 -4760.557088212057
-1868.068995531462 -5539.5631493905385 -3717.8804566725917
-650.4471496439489 -6486.729203955963 -2344.8538309081127
1237.8574040250987 -6776.29348939925 -740.6971993231473
2430.024740000259 -6424.080957435378 908.4274123794291
3406.2737138384796 -5501.060640788431 2476.8342619240684
4079.8603200161674 -4089.2469452004325 3825.163517888624
4390.933432588299 -2314.08571316674 4833.61020883516
4311.852840380975 -333.30781032028443 5412.569420777674
3849.645201051282 1677.0859541703448 5510.598087014417
3045.3796917184645 3538.4632718624785 5118.985930358532
1970.5188323478276 5085.432599559293 4272.529409490557
720.5687272436072 6180.538923731906 3046.439900902845
-593.4070714399764 6726.477241682606 1549.6608380386183
-1854.6560477020746 6674.738538050633 -84.81239085991102
-2951.1106951018505 6029.920023705238 -1711.7496666375125
-3785.346206505835 4849.3166533854765 -3186.5904726446597
-4283.237095743568 3237.830217536786 -4378.288731035386
-4400.543572348088 1338.6483578760874 -5180.956821869986
-4126.842441082089 -679.478282943478 -5523.274162826917
-3486.4532485761924 -2637.230296482163 -5374.8243559272405
-2536.2773848862203 -4360.652824883891 -4748.797817975242
-1360.7421452791343 -5696.61221338495 -3700.8197541401723
-64.29899454545429 -6526.402607555816 -2324.0076143697647
1841.1771640835334 -6640.312934876765 -717.9049558438794
2995.091384562858 -6177.504064464823 931.1003597343719
3882.878591781724 -5165.7968483951145 2497.3733222836013
4425.654996388742 -3695.085912619426 3841.7437056056174
4575.192532899564 -1896.0503778900547 4844.758301470014
4318.204134960527 71.45755359488767 5417.29486137718
3677.5243495035324 2032.6161678565984 5508.480999444051
2710.0803870433515 3813.167915615135 5110.214427139613
1501.8338892024883 5254.9029602594765 4257.882877177187
160.14285961650492 6229.7168161229665 3027.219748166319
-1195.7775658217613 6650.99299421197 1527.5748597958268
-2445.4479069533536 6481.299257363229 -107.80175851938664
-3477.8294698807626 5735.713638784448 -1733.5997175099308
-4201.1906222060115 4480.484692634965 -3205.3597338226473
-4551.257551126886 2827.1450192616244 -4392.309471295738
-4496.925273765344 922.6011042053524 -5188.983236911554
-4043.021451398229 -1063.9199677278516 -5524.593070449921
-3229.8774305669754 -2955.907081592556 -5369.318565401443
-2129.7446259462095 -4585.248879473179 -4736.956542950628
-840.3746650797692 -5807.1711923793355 -3683.6951438672536
523.6662727024841 -6513.100860491563 -2303.121265621397
2430.040418205012 -6450.644608561452 -695.1003151967722
3535.5002484299675 -5881.29763666008 953.7572283488909
4326.815366294638 -4789.371560091888 2517.8692566611066
4733.673950947544 -3271.8888025986166 3858.2575520317487
4719.924831672782 -1463.6843665469612 4855.822732219973
4286.789678054931 474.5748487454543 5421.926753223386
3472.754449275253 2370.6660060894096 5506.268788469247
2350.1497477455864 4056.113085295903 5101.354677997038
1018.7239276664305 5381.156716914765 4243.162817458524
-403.2199839822141 6228.060959418458 3007.947319775494
-1789.3360305522795 6521.574654282474 1505.4625025710232
-3016.4617184359468 6235.61782165451 -130.7892646002655
-3975.5615451123626 5395.598981014448 -1755.4198316525892
-4581.415282041063 4076.1574927151228 -3224.0736431295327
-4780.190165950596 2394.531523265543 -4406.254362800266
-4554.224176096399 500.1409197453161 -5196.920045807415
-3923.5953823124246 -1438.689399326571 -5525.816576436602
-2944.337920395256 -3249.685851683858 -5363.7200546027625
-1703.4631132368338 -4771.933455107553 -4725.033467619709
-311.2281329425654 -5870.173829759907 -3666.5069215707963
1108.6608327658146 -6446.823498804541 -2282.195145339712
2999.6729073968486 -6208.790048177459 -672.2836711846038
4046.8997207910797 -5537.899156915375 976.3976269720409
4734.541734466115 -4374.941622891187 2538.3217111218155
5001.498937839647 -2823.251326558054 3874.70477199704
4824.051011869558 -1020.7027602258516 4866.803310018516
4217.964983495683 872.5397256327075 5426.465016330303
3237.0942561037655 2688.253227791283 5503.96149229165
1968.593498302863 4265.1036334556275 5092.406835925706
525.1745691474842 5462.980864188423 4228.3694845284535
-964.908425167284 6175.44827124143 2988.622948537
-2369.2550714750582 6339.199998886269 1483.3241482122512
-3563.0830073776533 5939.685987509077 -153.77451214197288
-4440.315381742512 5012.404810259071 -1777.2096322640546
-4923.006248436444 3639.749469041338 -3242.731877403462
-4968.266405699717 1943.6864147218337 -4420.123164741108
-4572.074289938569 74.91829272696256 -5204.767111500492
-3769.633309298829 -1800.5066483502255 -5526.944659658802
-2632.243866364581 -3515.948672328216 -5358.028920209283
-1260.9680044919044 -4918.983227283224 -4713.028797876541
222.35039824683145 -5884.944535891782 -3649.255384066247
1685.9119923326753 -6328.002696832628 -2261.229614888197
3545.4536367089386 -5916.674988409836 -649.4554178174117
4525.176894402029 -5150.1269436040475 999.021164637261
5102.818326615779 -3925.967518899203 2558.7303324817417
5227.051957160329 -2352.9686513155034 3891.085081482084
4886.839082771488 -570.8981932295499 4877.699845247133
4112.409110338319 1261.8990746702887 5430.9095723287655
2972.573541441454 2982.5710720328107 5501.559150754886
1568.6117684633969 4438.228540847643 5083.371055441763
25.27195611799846 5499.529926963015 4213.503133846193
-1520.3133804326324 6072.173944778153 2969.2469681544494
-2930.8122013464485 6105.278660303301 1461.1601790164802
-4080.895496513125 5595.902574286401 -176.75710422292573
-4868.373318099704 4589.305987330183 -1798.968743066362
-5223.274805868708 3174.9294235620705 -3261.3341144440537
-5114.065405172338 1478.4464475621917 -4433.9156376243545
-4550.448850520031 -349.4029833589525 -5212.524298483447
-3582.5049461831372 -2146.206425878946 -5527.977300636177
-2296.23975581388 -3752.310008987799 -5352.245260498565
-805.943586258367 -5025.0043810568395 -4700.942741024202
755.9642077613803 -5851.205062000473 -3631.9408292624094
2250.7012644272577 -6157.5004955948825 -2240.2250363108315
4062.9525270537088 -5576.63392767027 -626.6159493057114
4966.490823857855 -4721.156955327211 1021.6274506691728
5428.734615876232 -3446.1844690472803 2579.094768313878
5408.611513664542 -1865.0033693610712 3907.3981976229106
4907.909543163071 -118.10853587462825 4888.512149738605
3971.118271745289 1639.2807593350324 5435.2603444678
2681.4757149174275 3251.012765212672 5499.061805343879
1153.5722733568048 4573.878020066622 5074.2474925799
-476.83112706010047 5490.3341407045655 4198.564022131855
-2064.8659892987853 5918.949979006385 2949.819713222661
-3469.4284468731366 5821.641136789336 1438.9709777230362
-4565.716961606843 5207.053931717221 -199.73664396740688
-5256.321487982916 4129.797134032216 -1820.6967883115294
-5479.878783164784 2685.589737672249 -3279.8800330179015
-5216.52480041052 1002.7559076036556 -4447.631543274187
-4489.659696797757 -769.1771853773367 -5220.191472801015
-3363.8686265774363 -2472.7655099590997 -5528.914481536525
-1939.1830667914062 -3956.637767428266 -5346.369175345948
-342.1925815562247 -5088.945395842592 -4688.775505771196
1285.2032162376254 -5769.077893367264 -3614.5635561562844
2798.403068247356 -5936.602502884919 -2219.181772325978
4547.96652974993 -5191.391356878601 -603.7656600537152
5367.303544710986 -4254.496698175024 1044.2160946902995
5709.73208570082 -2939.571337287355 2599.414666954227
5544.825874129582 -1363.4521629853675 3923.643838715893
4887.237550574377 333.8157194091242 4899.240036780266
3795.396723361899 2001.4226102079685 5439.517257615941
2366.3182414545377 3491.1943189913713 5496.469499184131
726.9819993773748 4670.758091678475 5065.036304890706
-976.9497836524154 5435.304510635666 4183.552407362031
-2594.075291131192 5716.900271381909 2930.3415192218854
-3980.7058250810387 5490.524354812256 1416.7569275069395
-5013.6331774326645 4776.291254548261 -222.7127345523839
-5601.077220002587 3637.6637159087177 -1842.393392787989
-5690.84097165275 2175.8137924864136 -3298.3693128641353
-5274.9485291273095 520.6332652001342 -4461.270644836988
-4390.353761058564 -1180.807812460641 -5227.768502052324
-3115.656794569627 -2777.3289340945485 -5529.756186176107
-1564.120049048549 -4127.072191826871 -5340.4007662228205
126.39562685828523 -5110.106973957382 -4676.527302227882
1805.6804966406871 -5639.086326116688 -3597.1238648279536
3324.5227301982122 -5667.008111477783 -2198.1001863199945
4996.553908273718 -4764.039802022283 -580.9049446524643
5724.408601683261 -3753.9564504395116 1066.786706627825
5943.624469679861 -2410.3175942686407 2619.689677507885
5634.723220379035 -852.5114423424714 3939.8217242225614
4825.152085371969 781.0440924206655 4909.883321117201
3586.8450127484375 2345.2004320166952 5443.680238262524
2029.8310201321435 3700.9754214854474 5493.78227704097
292.4576336103876 4727.902503292101 5055.737651437904
-1470.901897086837 5334.734699622854 4168.468548765331
-3103.565339281236 5467.552306794491 2910.8127225120397
-4460.463381308333 5114.553897549344 1394.5184119723237
-5421.029677485055 4307.104929656841 -245.6849792144011
-5899.913697020326 3116.950787345664 -1864.058181827152
-5854.564493230535 1649.8418890656053 -3316.8016346999534
-5289.011541884105 36.137298730174436 -4474.832706785446
-4253.506704596427 -1580.7782491833395 -5235.255255393156
-2840.059130398628 -3057.2347125258366 -5530.502400019913
-1174.2598390707024 -4262.042455206858 -5334.34013619487
595.8775921130838 -5088.149022077502 -4664.198341902799
2313.068684271885 -5462.151219362357 -3579.622056435372
3824.7334730983894 -5350.8173105510505 -2176.980642341017
5405.066406569974 -4298.014858377352 -558.0341978730562
6034.956854750908 -3223.6180415251984 1089.3388967203164
6128.614902415277 -1862.7886150687575 2639.9194498550833
5677.718621016535 -336.4422454502775 3955.9315747745245
4722.332123882703 1219.798494128931 4920.441818955473
3347.3456939286953 2667.6547845072746 5447.749214518968
1674.932909484515 3878.4782404719326 5491.000185318795
-146.30501428939013 4744.6818843492565 5046.351692795632
-1954.5430954947085 5189.2997211086495 4153.312706817923
-3589.1114452942 5172.8255047808 2891.233660326852
-4904.771492623175 4696.723041782344 1372.2558151457793
-5784.621068597388 3803.296125291956 -268.6529812564211
-6150.481677235297 2571.9296575792278 -1885.6907813098214
-5969.844997906574 1112.035953063198 -3335.1766802261373
-5258.761392280584 -446.66702597191284 -4488.317494922585
-4080.413759256214 -1965.681679583446 -5242.651603538246
-2539.5034571210795 -3310.0368897120293 -5531.153110181923
-772.9471283933764 -4360.280796332063 -5328.187389920313
1062.2889447146829 -5023.094619420885 -4651.78883769905
2803.1359833065994 -5239.5844420865005 -3562.0584332091476
4294.912088422063 -4990.514193535131 -2155.8235050926564
5770.179040452594 -3797.06741894797 -535.1538146597986
6296.479354295071 -2667.801441658568 1111.8722755244642
6263.309845863901 -1301.4895988240032 2660.103634657269
5673.617771545188 180.4653063590924 3971.9731121782384
4579.799859963195 1646.385077113234 4930.915347965274
3079.0466327028125 2966.0163087239657 5451.724116120009
1304.706599953193 4022.1039751563876 5488.123272060252
-585.5623398128539 4720.810052683585 5036.878591045655
-2423.801495988542 5000.051440096163 4138.085143239027
-4046.6752525679776 4835.016314691863 2871.6046707680653
-5309.984154414894 4240.368771607582 1349.9695214698404
-6101.477661660411 3268.945854614104 -291.6163440546655
-6350.828102773703 2007.0627529055675 -1907.2908176726608
-6035.879596805469 566.8433177515576 -3353.494132132544
-5184.616700639735 -923.7426337356166 -4501.724776385856
-3872.6778583065206 -2332.2499984375986 -5249.957418763489
-2216.634593295924 -3533.5267158678516 -5531.708305425326
-363.6336171302863 -4420.834077966668 -5321.9426336480665
1521.6778016972137 -4915.330931727336 -4639.299003910609
3271.7814700708877 -4973.079061629528 -3544.4332984473444
4731.172996852258 -4588.947292907936 -2134.6291399277084
6088.917267961158 -3265.2333227046956 -512.2641901234429
6506.90710062121 -2091.029436737702 1134.3864539217868
6346.729682299582 -731.0284089850182 2680.2418833631123
5622.617479541177 693.9277009713094 3987.946059419843
4398.911039275148 2057.2252894447747 4941.303727284092
2784.3420488663733 3237.7293829666 5455.604874424915
922.3720485319998 4130.547012270468 5485.151586945428
-1021.5547560775002 4656.3474129271035 5027.318509774576
-2874.711937590318 4768.410911901112 4122.786120986351
-4472.438347982676 4456.780175526088 2851.9260927996033
-5672.768984184361 3749.144962297911 1327.6599157960895
-6369.049201604615 2708.3817663178907 -314.5746710654834
-6499.41144735024 1426.9669648629183 -1928.8579179146714
-6052.272463801449 18.759886438486674 -3371.7536741035983
-5067.362511883659 -1391.114090222409 -4515.054319651135
-3632.195163030894 -2677.3814751634145 -5257.172574908144
-1874.291334316907 -3725.7517665410664 -5532.167976162712
50.151504643185 -4443.072663269221 -5315.605975215933
1970.1381623294842 -4765.607055762676 -4626.729056218612
3715.0693984838845 -4664.696347829513 -3526.7469565102274
5129.90041526945 -4149.306898708952 -2113.3979128418246
6358.681315888116 -2706.8006693843586 -489.3657195342929
6664.587528760336 -1497.990678144847 1156.8810431253887
6378.315892641554 -156.07764132835868 2700.333848214533
5525.302898683307 1199.703578855604 4003.8501406699097
4181.342494784668 2448.8858712457954 4951.606777519819
2465.85146070509 3480.473907217176 5459.391422418669
531.258703130969 4202.8065627241385 5482.085181290972
-1450.538721606763 4551.701411420245 5017.671614071005
-3303.44941534539 4496.157614899021 4107.4159042516385
-4862.834131581599 4041.1104832313163 2832.1982662417095
-5990.134695030692 3226.9929510072525 1305.3273833788298
-6585.185503553178 2126.142933660873 -337.5275658321408
-6595.113681474366 836.3757862341535 -1950.3917096035846
-6019.037066616872 -527.7070201741599 -3389.9549908237173
-4908.142594281366 -1844.9007420358862 -4528.305894536718
-3361.1381134149474 -2998.1669367541717 -5264.296947377025
-1515.4817610599544 -3885.032841902955 -5532.5321144562395
464.83179634737735 -4426.696529862849 -5309.177524048734
2403.843008768528 -4575.028804906678 -4614.079211687681
4129.262220769272 -4316.849693451329 -3508.999712815085
5487.778363485901 -3675.099542549974 -2092.1301904672505
6577.267462868654 -2126.2750667829987 -466.4587983154209
6768.297586362256 -893.5014104415861 1179.3556546866234
6357.934767122835 418.6637672839103 2720.3791822527064
5382.641542487385 1693.6288320105518 4019.6850812882303
3929.0769954685898 2818.1075426453417 4961.824320753862
2126.3967149320165 3692.1850310548393 5463.08369471313
134.77675473544465 4238.195676567985 5478.924108049224
-1868.8187115774301 4407.624037202681 5007.938070522716
-3706.361434190793 4185.41565959242 4091.974758456029
-5214.5776782770645 3591.3147332332755 2812.421531765063
-6259.455811851184 2678.109732601243 1282.9723098681811
-6748.1538273729475 1526.9429295365944 -360.47463199175434
-6637.24876154732 240.1005463039546 -1971.8918208823402
-5936.595016171769 -1068.0758241316955 -3408.097767982819
-4708.44875129123 -2281.348970419692 -4541.479272207309
-3061.936152171465 -3291.9142491508323 -5271.330413142651
-1143.357088845778 -4009.978500517188 -5532.800714017774
876.8142693637989 -4371.738564611789 -5302.657391156404
2819.076831904379 -4345.050472181935 -4601.3496887620995
4510.8520466152995 -3932.2855773587935 -3491.191873830791
5801.818261436327 -3170.119852436291 -2070.826340066406
6742.886104246323 -1528.3430934692792 -443.54382203582134
6817.253300454323 -282.46619047231127 1201.809900501849
6285.877623893606 988.5090731305828 2740.377539324052
5195.974135330345 2171.650967585205 4035.4506078285563
3644.38554268605 3161.832143436589 4971.956180544198
1768.9773014515913 3871.0706578718004 5466.68162754816
-263.61233604588017 4236.347556441334 5475.66842180729
-2272.7788606419927 4225.206383716012 4998.118047213761
-4079.9990095443136 3838.6370817847114 4076.4629502455105
-5524.69334166788 3110.9880295554644 2792.596230884937
-6478.494425666849 2106.9140385541214 1260.5950813035429
-6856.652849540812 915.631489187271 -383.4154732820777
-6625.567577807654 -357.00893617647125 -1993.357880475489
-5805.771550961874 -1597.9275508530266 -3426.1816922816824
-4470.107243604324 -2696.8632902467366 -4554.574225177943
-2737.25429091001 -3556.1708913124003 -5278.27285074736
-761.1842822257241 -4099.497102686051 -5532.973770208994
1282.5202903365043 -4278.565006139327 -5296.045689132101
3212.2673068547715 -4077.463632623852 -4588.540707262108
4856.590276356074 -3514.0617216953246 -3473.3237470726617
6069.383887007757 -2638.420005588307 -2049.486729525606
6854.176450187655 -917.8342745294167 -420.62118640360035
6811.115757638618 330.1620805683729 1224.2433928191094
6162.857539934202 1548.8220859152493 2760.3285740862184
4967.002384551779 2629.862452034779 4051.1464480433347
3329.8072699709865 3477.2279983297376 4982.002181928437
1396.7441668347508 4015.6265774093667 5470.185158792726
-660.4257850355518 4197.219112799194 5472.318178786107
-2658.9140076746535 4005.870310824117 4988.211713721558
-4421.146052279907 3458.582352260012 4060.8807474863065
-5790.539868260223 2603.9841739589383 2772.722705955254
-6645.418805579945 1518.0105744052935 1238.1960841069101
-6909.823119083807 297.15507363604985 -406.3496935483589
-6560.25932519777 -950.1039594693108 -2014.7895176955874
-5627.78770104404 -2112.9420863132823 -3444.206451437409
-4195.262442513004 -3088.036036294698 -4567.590527317955
-2389.9697053587106 -3788.7444328283864 -5285.124140305417
-372.31767167397936 -4152.806259874188 -5533.051280041474
1678.4164210281758 -4147.8730264400665 -5289.3425321502355
3580.01584911283 -3774.383071965778 -4575.652488380064
5163.515158363015 -3065.5226179400415 -3455.3956410971196
6288.213486079598 -2084.2770264859073 -2028.111727348691
