6647.189737992652 1175.3041155183425 1559.6812403277722
5776.236789945703 2302.2209568487374 3055.150399012102
4392.039854514451 3224.5753630328513 4279.1560374374985
2617.5909038601376 3860.412097395601 5122.939883169617
610.5575142893833 4153.234275765294 5511.528038630727
-1450.7265898135079 4077.0233625648243 5410.392740917081
-3383.1072700026953 3638.551031878134 4828.5203050554765
-5014.88402273041 2876.777474490874 3817.6126504773547
-6201.066322582489 1859.3896139650828 2467.493358587136
-6836.256666741772 676.7868264415823 898.1264533702129
-6864.015605642806 -565.951440641333 -751.0429285916916
-6281.876635746134 -1758.402438586265 -2333.478850450603
-5141.565359201859 -2794.611663240815 -3708.574936143724
-3544.403437104561 -3582.5073776651293 -4754.1478639474235
-1632.3057152622364 -4052.081590009218 -5377.293890805129
424.8295326367853 -4161.610570813821 -5522.643757599239
2444.2168122273233 -3901.362189474434 -5177.282490807712
4246.42470178267 -3294.4606567542687 -4371.896954577927
5671.319121456758 -2394.831837179021 -3178.049188180112
6592.291949015374 -1282.4116993240011 -1701.8178047733459
6927.510707107253 -56.043654212999336 -74.37244110804563
6509.870933270277 1766.0105161839358 1581.7281805512812
5536.461373647622 2809.8734741955436 3074.293945832068
4071.112924615815 3604.0668430982387 4293.695202708911
2244.0282264471034 4078.023056804817 5131.582798254017
217.55177260289253 4189.629025804871 5513.506742594066
-1828.2551109473204 3928.9680699780156 5405.531417228818
-3711.6135047244634 3319.201059141227 4817.250903658881
-5265.178750459247 2414.508468125809 3800.9365071414604
-6350.909758359351 1295.2762038215285 2446.8922218294
-6872.3345637208095 60.952964581702275 875.4308245981385
-6783.122284352181 -1178.786213048878 -773.8164431635515
-6091.199822777007 -2313.7850626319832 -2354.3067241126446
-4858.047526157966 -3243.193955521724 -3725.6065209194294
-3193.2363876493596 -3884.430832941115 -4765.869828787609
-1244.6921828110346 -4180.518984309749 -5382.664687692746
814.4483847117281 -4105.149678017073 -5521.186167661469
2801.2216391049783 -3665.0198076799475 -5169.126027307056
4539.094057905079 -2899.2368437559403 -4357.766355090467
5873.64805017413 -1875.8439631728882 -3159.2000184814233
6686.302637105293 -685.7741144562822 -1679.9248963093767
6904.84989237382 565.2297737998938 -51.381074871265426
6320.137999411847 2341.56473097242 1603.747806644185
5252.196399897999 3293.096210811093 3093.384404095243
3717.5741013689426 3952.021640804509 4308.160222148578
1852.62902962804 4259.792604851128 5140.1370984142695
-176.93026152392332 4189.062302164783 5515.390236365739
-2190.7685224938105 3746.115430533974 5400.576747924716
-4009.9473862108075 2970.3097633434313 4805.898315389887
-5472.824827298717 1930.5790386901283 3784.194727195289
-6449.417765384966 719.3078942426412 2426.2488308243574
-6852.951632213073 -555.876913239013 852.7200784170515
-6647.570672836154 -1781.6696175537172 -796.5765950580251
-5851.523886794335 -2849.153157620448 -2375.0939423433992
-4535.5435244212285 -3663.476936329902 -3742.573769923459
-2816.560215998346 -4152.28471234272 -4777.509494031367
-847.3131721131329 -4272.143769662553 -5387.9425338394785
1197.221365486967 -4012.4041050537344 -5519.633234919602
3135.377530844131 -3396.1447275654964 -5160.880300565631
4794.94164320813 -2478.1229872974013 -4343.560503356235
6028.454148318255 -1339.9091445443373 -3140.2962940223406
6726.312046915027 -82.63849420406868 -1658.0029780012496
6826.507602209168 1181.9749489992828 -28.388821358530397
6079.602247440805 2897.323517367387 1625.7397383597877
4925.889848361503 3748.0019615980195 3112.421444137354
3334.4905193437194 4265.6539837049795 4322.550845966795
1446.807074511626 4404.283929845569 5148.602635930135
-569.4315280990877 4151.573920937703 5517.178487420562
-2535.0736405291073 3529.9783502724486 5395.52881856467
-4275.4633350106715 2594.728712130653 4794.462736291084
-5635.959349614732 1428.9260411366467 3767.3875997448695
-6495.675643005293 136.15702064900398 2405.5635420531557
-6778.222649711794 -1168.710148638554 829.9946070082837
-6458.494828251239 -2369.7322924195655 -819.3229912406161
-5564.9013986628415 -3360.1933226202104 -2395.840146178047
-4176.842058635702 -4052.0864301405395 -3759.476390156259
-2417.6519719293187 -4383.933876054472 -4789.066658678687
-443.64289782607074 -4326.249558504029 -5393.127338104651
1569.7857946437894 -3884.158982247024 -5517.98498619051
3443.7321303680756 -3096.9438350664263 -5152.5454529750805
5011.687753739623 -2034.5516374260026 -4329.279644689521
6134.332926761934 -791.3805983174913 -3121.338341242515
6711.915699164804 522.1080798680905 -1636.0524284084088
6693.1153069399825 1789.205163923821 -5.396077612391631
5790.285605329421 3428.810612579115 1647.7035959295888
4560.328233725067 4170.945638663624 3131.404737216586
2925.165685883406 4542.473840859422 4336.8668256585515
1030.089329972827 4510.383307976745 5156.979264614165
-956.5149833783997 4077.525424689205 5518.87146487806
-2858.1287428596 3282.3615134924294 5390.387716319027
-4505.7852208463255 2195.5453774156003 4782.944363838177
-5753.082908648088 913.6453995632098 3750.5154150246863
-6489.193933027967 -449.4359815071675 2384.836712720448
-6648.711599099786 -1772.5830033033142 807.2548028074642
-6217.462062201314 -2938.2282464035843 -842.055238914326
-5233.763736193408 -3842.7990156086057 -2416.5449773600126
-3785.0225342308627 -4405.920228431091 -3776.314089734308
-1999.9654698040858 -4577.556093895018 -4800.541123154292
-37.2026966813363 -4342.4560121423265 -5398.219010954275
1928.8656993028944 -3721.5096571564645 -5516.241449937041
3723.5459132163815 -2769.890837556108 -5144.121628466017
5187.372732228497 -1572.1550615731592 -4314.924025699841
6190.278719571812 -234.7264090805978 -3102.3264875180466
6643.15127709046 1123.5587149386663 -1614.0736265847122
6505.750690650414 2382.010716479417 17.596759316112056
5454.603641236057 3931.752977326954 1669.6390000699348
4158.612910132268 4558.553650078417 3150.333955519245
2493.111172191049 4780.3068261372255 4351.107914007832
606.0855657624757 4577.30876266276 5165.266839814247
-1334.7934029467726 3967.596728437062 5520.469139502988
-3157.0701201598486 3005.3463133782657 5385.1535299670995
-4698.827302622695 1776.057689630743 4771.343396936611
-5823.073058783525 388.95854605874473 3733.5784643926927
-6429.913219536232 -1032.7012712470616 2364.06870074824
-6465.427373523735 -2362.6010486676473 784.5010584977291
-5926.459932312959 -3482.573354810207 -864.7729455265239
-4860.900518275132 -4293.103735356434 -2437.208078347179
-3363.4287614779946 -4722.173009040807 -3793.08657789519
-1567.1015990595251 -4731.656487956981 -4811.932689310944
368.46941754746376 -4320.711523385694 -5403.21746446262
2271.3003094039545 -3525.8523788313805 -5514.402656267509
3972.3162013326873 -2417.705777469578 -5135.608972505562
5320.374366550486 -1094.735407852551 -4300.4938942877225
6195.693921221919 325.50700691936913 -3083.261061155821
6520.49888163785 1716.8266956625462 -1592.0669520719068
6265.928901682227 2955.598798326233 40.5892923743229
5075.345394164782 4402.11533879748 1691.5455719884822
3724.1338359461706 4907.750979690184 3169.2087721654525
2042.0166433116067 4977.311408726976 4365.273865091885
178.4573106763577 4604.6158765270275 5173.465218416083
-1700.9587371594996 3822.780016673702 5521.971483705845
-3429.2371366642506 2701.2733763451406 5379.826349895623
-4852.812767617096 1339.7467421853385 4759.660035918095
-5845.194687949085 -140.82226939935353 3716.57704032522
-6318.205409042415 -1608.878604359572 2343.2598647697414
-6229.81585255458 -2933.979014874975 761.7337670029343
-5587.879818470699 -3998.382514363907 -887.475718775667
-4449.436140509009 -4707.51218083895 -2457.8290923180093
-2915.6405354342223 -4998.358731469508 -3809.793565002563
-1122.7774737083305 -4845.079173872997 -4823.241160432977
769.8492937843193 -4261.293069398124 -5408.12261231371
2594.071573096248 -3298.872375330607 -5512.46863693519
4187.799209242969 -2043.3323938520057 -5127.007632094823
5409.422507794346 -606.2333621631185 -4285.989499640416
6150.394877668508 884.732164165237 -3064.1423913878475
6344.877672098467 2297.0853551243727 -1570.0327848930508
5975.590241325433 3505.332431687647 63.58112451486492
4655.650180464137 4836.1327521826925 1713.4229333908395
3260.5410202552416 5215.7857493914025 3188.0288612147224
1575.7184817480709 5131.993293667933 4379.364434285466
-249.11355878908194 4592.200712420448 5181.574258845676
-2051.810766410984 3644.370945333507 5523.378471543345
-3672.1955832140143 2372.7228266952193 5374.406268097201
-4966.28970728361 890.2478723824248 4747.894482537179
-5819.1071966576355 -671.3295121799705 3699.511436411986
-6154.871474877315 -2173.256323504145 2322.4105641230494
-5943.748412345564 -3482.0797733066793 738.9533214808954
-5204.49721966662 -4481.5051543955315 -910.1631666180899
-4002.8036094604336 -5082.729135754896 -2478.407663177787
-2445.4433325393784 -5232.330328213009 -3826.4347625512455
-670.7946838708971 -4917.016009305951 -4834.466341239649
1163.4570161934842 -4164.80324000272 -5412.9343698028115
2894.330454622076 -3042.5294258872573 -5510.439425337773
4368.029930597497 -1649.9135203612466 -5118.317755766356
5453.610778455705 -110.69555802491536 -4271.411092227586
6054.61437587142 1438.3581904213913 -3044.9708083655564
6117.638915753405 2859.6075015177926 -1547.9715055459612
5637.084391154511 4026.768136923523 86.5718587024635
4198.9815691839885 5230.340916720535 1735.270706486949
2771.7138912623773 5480.251066429199 3206.793897671683
1098.1672706360282 5243.216859199951 4393.379378265071
-672.9563312140262 4540.299824552586 5189.593821071768
-2384.2848098155023 3433.9572257161185 5524.690078718866
-3883.7591198033087 2022.4924577017123 5368.893378168716
-5038.144388400429 431.32035925853364 4736.046939967751
-5744.868418555684 -1198.1764459229814 3682.3819473509866
-5941.135678782457 -2721.210015773508 2301.5211588450825
-5609.506961704918 -4002.452133889102 716.16011531654
-4779.448934164058 -4928.05881543676 -932.8348972747744
-3524.715894556535 -5415.78584480296 -2498.943435564713
-1956.7963797567415 -5422.296535073696 -3843.009883172076
-215.00691935607773 -4947.012382846719 -4845.608037888514
1545.8868493716939 -4032.1644707975474 -5417.6526538379285
3169.4217875200834 -2759.0410506556896 -5508.315056516766
4511.339691068895 -1240.7647253108473 -5109.539493581614
5452.405265378088 387.75899088417646 -4256.758923796994
5909.00070437204 1981.8286190868441 -3025.7466431541525
5840.555499560052 3399.804077371993 -1525.8834949966315
5253.15130775651 4515.692023588193 109.56109792076724
3709.098742302908 5581.604000830198 1757.0885139977656
2261.7288434065194 5699.103981133481 3225.503557491616
613.3944113399008 5310.213562607176 4407.318455013132
-1089.4428060113046 4449.487365554833 5197.523766608258
-2695.478249107398 3193.4046898192537 5525.906282582874
-4062.008620858828 1653.5739933675857 5363.287775309703
-5067.611700815738 -33.184008984753326 4724.117612799526
-5622.935242307509 -1716.9934665131666 3665.1888689434336
-5678.636311675382 -3248.2405196401605 2280.592009665296
-5229.765624465901 -4490.867147928401 693.354542115197
-4316.207311074202 -5334.460522277322 -955.4905192381156
-3019.13503672975 -5704.063669327488 -2519.436054856055
-1453.7993651159732 -5566.835727486788 -3859.518640637015
240.71275998178064 -4934.970001602675 -4856.666057978786
1913.8365000045997 -3864.6105343170248 -5422.277382941193
3416.907468268866 -2450.8634614933185 -5506.095567156913
4616.371213126006 -819.3464146787735 -5100.672997128333
5405.650117085509 884.9731567225008 -4242.033247370133
5714.61328583715 2510.658979508238 -3006.470227726818
5515.807985974818 3913.2617341192154 -1503.7691346726908
4826.898940833966 4968.154010587438 132.54844517926026
3190.025477038734 5887.1397515996605 1778.8759791616865
1734.8252346221143 5870.681404629917 3244.157517586098
125.47815695419148 5332.587251797806 4421.181423822196
-1495.018205610935 4320.669319969758 5205.363958516588
-2982.6756398282073 2924.840958117385 5527.0270621333075
-4205.309254190292 1269.1276416831436 5357.589556320718
-5054.282686621866 -499.3532351895518 4712.106707034523
-5454.160921992851 -2223.464385740086 3647.932498088623
-5369.413024253799 -3750.0109681048802 2259.6234779994497
-4807.569216028851 -4943.352619301462 670.5369956957366
-3818.5517852897256 -5697.455696727462 -978.1296412786961
-2490.239270989121 -5945.314832626717 -2539.885167174271
-940.6580692260823 -5664.906655062684 -3875.960749863952
692.5047299976364 -4881.146661162944 -4867.6402105546285
2264.135444954115 -3663.675365859568 -5426.808477250303
3634.587789631672 -2120.670436525046 -5503.780995585544
4682.091059074655 -389.23463249634545 -5091.71841951793
5313.5699909006735 1376.7863767577126 -4227.234317237898
5472.914910817331 3020.473874509337 -2987.1418949590347
5145.967323416372 4395.779013379541 -1481.628806456763
4361.777956624231 5380.499896352501 155.53350352010798
2646.017006686282 6144.5416863731 1800.6327257410778
1195.3701174296232 5993.712861497219 3262.7554558285046
-361.4906525559985 5310.316345901657 4434.968045299072
-1886.2313916864225 4155.074919033289 5213.114261408123
-3243.372194075394 2630.636851362861 5528.052398015943
-4312.325143716331 872.4551550891606 5351.79881960167
-4998.109080010875 -963.2480104205925 4700.0144300835045
-5239.7890907060255 -2713.362363060202 3630.6131327788203
-5015.8908462562595 -4222.382562347318 2238.615925943422
-4346.308688242207 -5356.2255413491885 647.7078700837836
-3290.5379298163048 -6014.144375593559 -1000.7518724519847
-1942.3884360383752 -6137.680089428557 -2560.2904193931226
-421.6492056871686 -5715.855992552395 -3892.3359269217526
1136.5554069663883 -4786.153007117086 -4878.530306108501
2593.77208401974 -3431.179323312898 -5431.245858519895
3820.5207288266233 -1771.3302991499158 -5501.371381771923
4707.799340798202 45.909195447529385 -5082.675915382854
5176.769321502738 1859.0694565602782 -4212.362388956144
5185.760630113771 3507.0432380657 -2967.7619786228197
4733.974349403507 4843.400837463233 -1459.4628926799278
3861.553673044489 5749.401017537671 178.51587602498728
2081.52503353456 6351.798188313043 1822.3583780287693
647.821997469493 6067.329978710672 3281.29705105968
-843.4428659907353 5243.752874460806 4448.678081368995
-2259.764129419648 3954.245315484626 5220.774541446481
-3475.29543313808 2313.3857073078866 5528.982272524733
-4382.031486539373 466.9716269108994 5345.915665150103
-4899.404812133214 -1420.9349318083675 4687.840990762402
-4981.444519485136 -3182.585186166216 3613.2310720941196
-4620.86102057159 -4661.448780188163 2217.5697162668675
-3849.693741665686 -5726.122193659334 624.8675595049244
-2736.4642797100487 -6282.004521550532 -1023.3568221051744
-1380.08795772648 -6279.703179579191 -2580.651459143778
98.91523571733114 -5719.4226520787415 -3908.6438890350596
1569.1293763852889 -4650.946322668203 -4889.336156584389
2899.919485950577 -3169.2130021468233 -5435.589450122887
3973.039023102093 -1405.8811985225268 -5498.8667673265545
4693.136607656418 482.369319198524 -5073.545640873917
4996.228409129693 2327.7592060659017 -4197.417719341306
4855.383390864557 3966.3174722712893 -2948.330813380962
4283.116250822045 5252.451025167847 -1437.2717761150443
3330.2754357479234 6071.881254476565 201.4951658219849
1501.1611822615193 6507.308353377497 1844.0525608545454
96.69392056708811 6091.072639366322 3299.781983093416
-1316.3650203039974 5133.618391115449 4462.3112952797055
-2612.4591523483455 3720.019620300711 5228.344666349827
-3676.424824118377 1975.880781185045 5529.8166696021035
-4413.724016540882 56.176263651117175 5339.9401945594855
-4758.844460784921 -1868.5197614337135 4675.586599288685
-4681.120690843279 -3627.189605851218 3595.786616197266
-4187.458804760412 -5063.567736129463 2196.485212407041
-3321.722827514299 -6050.025651951579 602.0164583778775
-2160.8371999030146 -6498.912238497529 -1045.94409988387
-807.951704402478 -6370.34195264637 -2600.9679348208642
616.7238456718715 -5675.73882851738 -3924.884354589243
1986.600775610262 -4476.8214019050165 -4900.057575381076
3179.95950858176 -2880.1187475262736 -5439.839177051809
4090.764884193321 -1027.504903236878 -5496.267195500464
4638.087847818302 916.4072608361205 -5064.327753657595
4773.296352251355 2778.8926181968113 -4182.400566465954
4484.376528520854 4394.46117146131 -2928.848734781246
3797.0001708690124 5619.562564866269 -1415.0558399702425
2772.2436851746606 6345.3411633387295 224.4709760923897
909.6591946676674 6609.894462944014 1865.714899591625
-453.48380561410045 6064.891757376256 3318.20993272199
-1776.3327796861524 4980.996803826517 4475.86745160556
-2941.3467909750825 3454.5184255123513 5235.824505393186
-3845.0092319980886 1621.0909251870005 5530.555574839238
-4407.025729212968 -356.377617881548 5333.872511017444
-4577.458650473416 -2302.180445663933 4663.251467277769
-4341.164282792877 -4043.424437896576 3578.280066328476
-3719.138417700517 -5425.392424546242 2175.362778462456
-2766.6507830253495 -6325.290485332464 579.1549613077431
-1568.334085031399 -6663.158728416805 -1068.5133157388445
-230.66402106162934 -6408.976077690858 -2621.2394955885957
1127.501553431841 -5585.3277771338135 -3941.0570431352307
2385.483666943832 -4265.398592771187 -4910.694377355339
3431.50508812521 -2566.4700250474343 -5443.994965920099
4172.622223314616 -639.4993328300314 -5493.572711184453
4542.983562711503 1344.2936815059384 -5055.022412913308
4509.680876006478 3208.6403029044454 -4167.3111896543405
4075.673253059722 4787.885152503843 -2909.3160792506546
3279.52417578113 5941.705395015366 -1392.8154678822134
2191.9749835295847 6567.579038435119 247.44291007756928
311.83617659057757 6658.810984109279 1887.3450201631247
-998.200946843368 5989.148657335059 3336.580581721687
-2219.5435356175767 4787.324189410642 4489.346316251568
-3243.6699409457938 3160.1249584309157 5243.213929410689
-3979.582037409897 1252.1347569146403 5531.198975476327
-4361.8908057420085 -767.1131126563637 5327.712719303995
-4356.626434141427 -2718.19961574742 4650.835807739325
-3964.2566851271736 -4427.7621543567775 3560.7117248002396
-3219.645332785454 -5743.898594637357 2154.2027791866294
-2188.954363444925 -6549.6644381006045 556.2834630791001
-963.7651928443112 -6773.463853509648 -1091.064079932777
347.0587445544049 -6395.411280677836 -2641.465791386775
1627.044989457259 -5449.0983497576535 -3957.1616753943727
2762.461146877491 -4018.609117487276 -4921.246378825184
3652.420508536591 -2231.048829752518 -5448.056744963364
4217.84627962882 -245.2500626977123 -5490.783360908318
4408.497899062502 1762.3402486899536 -5045.629779330672
4207.435133790104 3613.338895078724 -4152.149849477915
3632.523292855488 5143.276523763189 -2889.733184089549
2734.8458162847596 6216.211462414027 -1370.5510439096315
1594.1652872639456 6736.808733234694 270.4105710858464
-287.4467847391773 6653.750028264876 1908.9425490485085
-1533.0044261571618 5864.611071848229 3354.8936128582795
-2642.3478968319687 4554.375685276081 4502.747656457473
-3516.9071611205063 2839.464032518651 5250.512810797797
-4078.973790450618 872.2535396892665 5531.746860402782
-4278.605698217543 -1172.4605079630967 5321.4609257897255
-4098.064713345999 -3112.9962942247707 4638.33983507362
-3553.39269463288 -4776.928698585346 3543.08189499212
-2692.986141194637 -6016.4100248702935 2133.005579981779
-1593.2959511362237 -6721.306917864999 533.4023586492473
-352.03442375524065 -6828.986195237818 -1113.596003046967
920.5069070540212 -6329.880080651448 -2661.646472936895
2111.257159593502 -5268.336342678001 -3973.197973263215
3114.4129484036685 -3738.6778009443674 -4931.71339757299
3840.839479372053 -1876.8213296795427 -5452.024444040625
4225.9905673518 151.79895302205833 -5487.899192840061
4235.643847968193 2166.931232588928 -5036.150015106718
3868.941584875744 3989.522162719171 -4136.916807750825
3158.466883396595 5457.626540962172 -2870.1003874658873
2167.348538624031 6440.796850641105 -1348.2629525264952
983.6517649423321 6851.674095169137 293.3735624993685
-883.3243098426068 6594.843227661828 1930.5071132900684
-2053.5348505747984 5692.445796552188 3373.148709892527
-3041.2798080441676 4284.249575531957 4516.071240801747
-3758.7937081321993 2495.3789786061247 5257.721023513515
-4142.322292058187 484.7830086408715 5532.19922015743
-4157.78736205284 -1568.888059077333 5315.117238433956
-3803.8147787797902 -3483.1565377946645 4625.763765067809
-3111.856559645946 -5087.931272548237 3525.390881345462
-2143.3962290299787 -6240.620985717274 2111.7715468925103
-984.4857373252717 -6838.80413779122 510.5120431413635
261.900632485278 -6829.3295306247755 -1136.108695988086
1485.0159817675217 -6213.03902464331 -2681.7811917481094
2576.1811441844266 -5044.692735849609 -3989.1656598183995
3438.4413065557974 -3428.103359206246 -4942.095252848661
3995.1808694885517 -1506.9119551135934 -5455.897994635529
4196.9310796047785 548.1751891650789 -5484.92025678504
4025.765545369437 2554.5545622592613 -5026.583283943108
3496.893075646915 4333.950552018642 -4121.612327525421
2657.306310290665 5728.256016002434 -2850.418028409322
1581.6062178684108 6613.58079492694 -1325.951578615554
365.37347222399666 6911.2598970009 316.33148778084666
-1470.9663974392186 6482.660019088214 1952.0383404993452
-2555.5621802167652 5474.208070611634 3391.3455575856233
-3413.085048382152 3979.3487118947655 4529.316839205581
-3967.340331921749 2130.9067570418574 5264.838443082555
-4169.0800165838145 93.12438549552392 5532.556046928684
-4000.3786460661045 -1952.9324963717447 5308.68176678289
-3476.2260774728848 -3825.462755633278 4613.1078148922215
-2643.195566729328 -5358.083861289997 3507.638989358179
-1575.3055304091738 -6414.61570230737 2090.5010465994865
-367.44268459771934 -6901.180788097377 487.6129118377044
873.0690562359051 -6774.545675531876 -1158.6017699948768
2036.0047800225288 -6045.962450091344 -2701.869600123299
3018.032544244342 -4780.1689286909905 -4005.064459321324
3731.8948724923657 -3089.636420550627 -4952.391765372754
4114.161964168546 -1124.5761577982196 -5459.677329857523
4130.867710625947 940.4076316957195 -5481.846604185122
3780.5277329798687 2921.8320762026096 -5016.929751043282
3094.271275685837 4643.6389184900045 -4106.236673087669
2133.0752365612866 5952.838064595817 -2830.686446805386
982.3461018217517 6733.101425062737 -1303.617307461551
-255.6687950194755 6915.099176183894 339.28395048052556
-2045.6177515310173 6318.202353253687 1973.5358588635568
-3035.020247028554 5211.827777425227 3409.4838417046494
-3754.7478746106212 3642.359431843062 4542.4842229368805
-4140.849676093888 1749.2514665105375 5271.864946597499
-4159.018812036714 -299.28516808504725 5532.817334554665
-3807.6408749766424 -2321.2290021049716 5302.154621967699
-3117.9373366181367 -4136.921452742169 4600.372203096591
-2151.19138305848 -5585.030277722448 3489.826525579462
-993.3026347661778 -6536.884653025413 2069.1944464131334
252.84541166190428 -6907.908140261262 464.70536017274657
1476.5270336700141 -6665.133674379342 -1181.0748366448731
2569.0127491043877 -5830.132832071454 -2721.911351165053
3433.2304078540815 -4477.099102517488 -4020.894097223001
3992.390478382451 -2726.2554702790394 -4962.602757339572
4196.809134589498 -733.1720755312401 -5463.36238444302
4028.3228817947333 1325.0568756001846 -5478.678288117784
3501.902462948716 3265.548708418193 -5007.189583109625
2664.3226424238674 4915.882207868789 -4090.7901099526157
1590.0060629323277 6129.418000156498 -2810.9059833896126
374.41046712255894 6798.328104622457 -1281.2605247446957
-874.4531417643051 6863.176923021213 362.23055424296854
-2602.6364436565477 6102.895877759448 1994.9992971520294
-3488.0398404043945 4907.592586383273 3427.5632490279713
-4063.5155903215878 3276.2281570916125 4555.573164614201
-4277.9301475942575 1353.7564785518962 5278.800412720914
-4112.231837865942 -689.0024039695883 5532.98307852332
-3581.143683111052 -2670.54039926115 5295.535916702621
-2731.8551965215397 -4414.789160604845 4587.557149606289
-1639.8293871720296 -5766.764531045664 3471.9537976044917
-402.0975404995387 -6606.33756587377 2047.8521142672419
871.3624372223214 -6858.908516539095 441.78978372637397
2067.3980384859206 -6502.035345685664 -1203.5275078611353
3079.7362514031597 -5567.427800655944 -2741.906098781665
3818.4263831833177 -4138.129863283443 -4036.6543001687505
4217.832573929453 -2341.140927674427 -4972.728052420213
4242.465830828578 -336.1313467137854 -5466.953094756523
3890.1373809039346 1698.7449794904974 -5475.415363295215
3192.153153099263 3582.680359447492 -4997.362948340573
2210.532109108347 5148.278867133773 -4075.272904859793
1032.49558646278 6256.430204625531 -2791.0769797416506
-237.2827000722678 6808.670262544592 -1258.8816165338674
-1485.9773774079163 6755.930088279256 385.1709028139312
-3137.5315946829855 5838.5776703916745 2016.4282847226016
-3910.9800894196646 4564.128181585403 3445.5834673506943
-4336.920840157975 2884.13587449864 4568.583438210685
-4377.507141984621 947.8754381408671 5285.644721687456
-4029.1327238722515 -1072.607890578574 5533.053275972491
-3322.752181686111 -2997.7853011578995 5288.825765283008
-2321.1305264993757 -4656.5963321652525 4574.662875718539
-1113.2662379196402 -5901.648343923292 3454.0211140691194
193.51664138768234 -6622.313001366578 2026.4744187126512
1483.1047178739093 -6754.5560870965055 418.86657821706166
2640.912431679187 -6286.6272226067495 -1225.959395918817
3564.0634864764515 -5260.1039409792265 -2761.853497693113
4170.531859865293 -3766.197340609755 -4052.3447960029403
4406.430175427485 -1937.6475788423072 -4982.767475765672
4250.797832602624 63.07067353161372 -5470.4493987917185
3717.4634480319833 2058.184819781174 -5472.057886063346
2853.816122284061 3870.4202125978622 -4987.450016427739
1736.5947103054295 5338.751784465878 -4059.685325768632
465.06923739580475 6332.711831557786 -2771.1997782793787
-847.7796781791802 6763.982641767658 -1236.480969280071
-2085.2996489281095 6594.243911007557 408.1046000471358
-3645.999768925145 5527.480627673487 2037.8224515280174
-4300.457886010436 4184.37574723739 3463.5441854900214
-4572.801447675113 2469.4707188287216 4581.51481905794
-4438.8315333052315 535.1423799583966 5292.397755305921
-3910.451957709843 -1446.7357078048972 5533.027925689973
-3034.6115649361705 -3300.06497903465 5282.024283583355
-1889.1326174444077 -4860.168994780551 4561.689604098575
-575.7959465707659 -5988.425666839863 3436.0287846445317
788.7027209945682 -6584.584438627259 2005.0617289108739
2083.1216906346576 -6595.673987069764 395.93613949501236
3192.446156432891 -6020.708957122573 -1248.3701134521111
4018.1077714128587 -4910.777514888972 -2781.753203437005
4486.742877727277 -3364.5019398653126 -4067.9653137736645
4556.711189608814 -1519.2756026110496 -4992.720854009787
4221.795715495915 460.94503916637996 -5473.851236172555
3511.755165015869 2400.208691389869 -5468.605914400897
2489.67975704045 4126.203268241033 -4977.450958552941
1246.385376872336 5485.566577164178 -4044.0276418538056
-107.65581370302407 6357.513222693871 -2751.274722252959
-1452.1313127911171 6664.566918899965 -1214.0589698096785
-2667.5785721644065 6379.444597391597 431.031249911215
-4123.959784315294 5172.214640914064 2059.181428122329
-4653.375110159667 3771.566901807336 3481.445093290643
-4769.317636466037 2035.7988922262753 4594.367083849945
-4461.485360966689 119.14121711464853 5299.059396961308
-3757.230532239421 -1808.102677980257 5532.907028113527
-2719.129282388066 -3574.688715408706 5275.13158905529
-1439.421463094228 -5023.647973210033 4548.637558775809
-31.814730007409363 -6026.234062675648 3417.9771200319465
1378.6188814572022 -6493.362809979926 1983.6144146277175
2666.556155335026 -6383.5277759641485 372.99886353534123
3717.5582128224037 -5706.488285403713 -1270.759273460727
4438.238908864988 -4522.402268173807 -2801.604872374561
4764.562600964276 -2936.480963181179 -4083.5155837374527
4667.533997029303 -1089.640438075453 -5002.588015272291
4155.774514322704 854.0194217615839 -5477.158548154277
3274.7562287024693 2721.7959081725867 -5465.059507918364
2102.7614811310027 4347.728883737868 -4967.365947385272
743.9271481442904 5587.3470682890775 -4028.3001235005954
-681.0083766255667 6330.504946154062 -2731.302155738965
-2045.4333185762096 6511.169678589879 -1191.6160053178346
-3228.1125339350756 6113.288411285489 453.95045649648193
-4567.585655703895 4775.744718179834 2080.504845667269
-4966.943436818797 3329.196293751185 3499.285881630081
-4924.966496500094 1586.8341686854517 4607.140010646898
-4445.384670107869 -296.52513597504554 5305.629531616817
-3570.810907527261 -2153.536881025018 5532.690585330878
-2378.954925567283 -3819.1974235549915 5268.147800725569
-975.7183585989267 -5145.505514730255 4535.506965139963
514.2150664004424 -6014.612860242717 3399.8664319571835
1958.4582261544824 -6349.295458428821 1962.1328462269187
3228.6837779623233 -6119.815291709342 350.05514643123206
4212.026607252842 -5346.56267995442 -1293.126489316602
4821.1123883146165 -4098.244511081701 -2821.408161696498
5001.821176571403 -2485.7793325495395 -4098.9953373639
4738.096203159126 -652.4417516574514 -5012.3687891617465
4053.3705893034476 1238.868142062885 -5480.371277624449
3008.485210664319 3020.0991646776256 -5461.418727856997
1696.2827185377619 4532.981123023891 -4957.19515707812
233.35806285503222 5643.087815929464 -4012.503042300221
-1250.301480787358 6251.781392106717 -2711.2824236343754
-2622.866251004119 6304.9767561045355 -1169.152463361673
-3762.3778445602 5797.94726638771 476.86182402178173
-4973.337404036902 4341.366235467436 2101.7923359386295
-5238.706524753692 2860.992090545516 3517.0662424240245
-5038.593581061195 1126.40624312164 4619.833378879056
-4390.779486187675 -708.2657421559833 5312.108045815832
-3352.8253653479796 -2480.0052080700225 5532.378601079677
-2016.9579971653448 -4031.3853279234477 5261.073039193989
-501.8750596601824 -5224.55916994776 4522.298049937158
1057.8016793381971 -5953.508002121927 3381.697033165305
2523.488097041172 -6153.461521768027 1940.6173946637173
3764.9515231769306 -5806.652981183931 327.1053843870882
4671.882484260798 -4943.897841144743 -1315.4713747706758
5163.696184399498 -3641.855681981518 -2841.162729429019
5196.692818046834 -2016.2186634538239 -4114.404307340309
4767.940489499901 -211.43176864837682 -5022.063006778512
3915.535724698705 1612.1417666544933 -5483.489369103936
2715.2184277125248 3292.469431222502 -5457.68363708774
1273.6420578842615 4680.246738062294 -4946.938763266143
-281.1029980731262 5652.163583300729 -3996.636671045156
-1810.8708190515147 6121.860890051552 -2691.215871650669
-3179.734820881493 6047.603991377277 -1146.6687318536804
-4266.065429839719 5435.990938596143 499.76495684135085
-5337.989481998139 3872.6775236783587 2123.043531332611
-5466.559409581767 2370.884609738405 3534.785868631673
-5109.401544023218 658.4281937674597 4632.446969350522
-4298.250929038841 -1112.5324566842712 5318.494827683898
-3105.181856445848 -2784.639716091323 5531.971080747432
-1636.2037490415048 -4209.319516533554 5253.907426631327
-21.8417581729426 -5259.982805637331 4509.011041266047
1594.4609687602542 -5843.273539405885 3363.4692374152487
3069.0888414424035 -5907.36377641466 1919.0684314784621
4271.014702087843 -5446.558817850057 304.14997371172956
5093.4421634134815 -4501.8032064897825 -1337.7935439594808
5463.294936317055 -3157.042624394913 -2860.8682344396193
5347.7099788539235 -1531.7649506692055 -4129.742227576327
4756.957521730928 229.61676096321716 -5031.670500717616
3743.5285132378854 1970.5960157275251 -5486.51276874786
2397.470568139375 3536.47916667625 -5453.8543001101425
838.386841935372 4788.1306240826 -4936.596943062252
-795.191234374644 5614.335663174057 -3980.701283724417
-2358.1130798712043 5941.682340486248 -2671.102846307825
-3711.506229812419 5741.084467202761 -1124.165199055001
-4735.115763557972 5030.3660446741005 522.6594594515657
-5658.656586576962 3373.550019590546 2144.2580648721737
-5648.764946777165 1862.9733556095896 3552.4444542610204
-5136.955752259546 186.86333345880692 4644.980564243062
-4168.70549599466 -1505.8503159060078 5324.789766930639
-2830.047462347895 -3064.7625563873175 5531.468031371425
-1239.9272922127907 -4351.357194244661 5246.651086777227
460.3658591667133 -5251.3146497768375 4495.646168573815
2119.7534836769582 -5684.669753661578 3345.183359474362
3590.7917087775695 -5612.917003171168 1897.4863287902253
4742.772332623416 -5042.431945068445 281.18931081149043
5473.336821402116 -4023.904680298268 -1360.0926114118267
5717.571314256212 -2647.8358260687505 -2880.5243364430853
5453.774504690205 -1036.4951388569025 -4145.008833208523
4705.385896887263 666.9426900263909 -5041.191105071735
3538.903102899991 2311.119734071047 -5489.441424346538
2057.9732379995935 3749.943647561581 -5449.930783051246
394.1834196361322 4855.568611609626 -4926.169875054543
-1304.6313254074582 5529.754996204278 -3964.697155518812
-2887.523851908324 5712.598382456074 -2650.943694928339
-4213.847212477412 5387.852333101564 -1101.642253568707
-5165.75175605398 4584.37195975046 545.5449364979123
-5932.816650755573 2848.096228716927 2165.4355702133935
-5783.967175165461 1341.4927376986875 3570.041694374131
-5121.186833540018 -284.30827010801926 4657.43394711982
-4003.366567796306 -1884.847240449312 5330.99275485167
-2529.82961401906 -3317.9092619608305 5530.869461638583
-831.5061970618372 -4456.160485142141 5239.304144938054
940.7001945091778 -5198.462293680386 4482.203662652247
2629.3212456032525 -5478.857914349108 3326.8397151129866
4084.3155654392353 -5272.432965755974 1875.8714592903236
5176.400523562302 -4597.529210464453 258.2237921834128
5808.539578907326 -3514.1148088985346 -1382.368192055457
5924.564402310338 -2118.455885123147 -2900.1306960073057
5514.165679045429 -534.5628592640429 -4160.203860604966
4613.809136679825 1096.8284225311372 -5050.624655433938
3303.4954051523273 2630.7616856321633 -5492.275285326368
1699.6516097262238 3930.9402280572876 -5445.913153664455
-55.21369002228972 4881.837480572462 -4915.657739303216
-1805.1730111110235 5398.962049347851 -3948.6245627962135
-3394.734788291277 5436.365147083975 -2630.7387656312762
-4682.6594819836 4990.723344406189 -1079.1002843330873
-5554.509331189012 4101.633871149257 568.4209927816905
-6158.3308299266955 2300.6357655750962 2186.5756816517087
-5871.201497201144 810.7767578140395 3587.5772850924277
-5062.390146105873 -751.1233229140167 4669.806902929106
-3803.763214595866 -2246.2828001507337 5337.103684330468
-2207.1552289290794 -3541.8501929443664 5530.1753818853285
-414.43181523077317 -4522.708652941322 5231.866727984744
1415.1156839548744 -5101.704601544433 4468.683755633738
3118.9239444882173 -5227.391707838431 3308.438621099028
4545.602125381499 -4888.6021208603215 1854.224196235916
5568.383609388276 -4115.438782166716 235.2538144083756
6096.389773251923 -2976.6006473719685 -1404.619901223711
6082.70495219627 -1573.2784824614457 -2919.686974559147
5528.545102626967 -30.163620165321138 -4175.3270473697585
4483.1497590686795 1515.6314121533703 -5059.970988900626
3039.406885438473 2926.7559422633294 -5495.0143027507265
1325.5993718196435 4077.825363046284 -5441.801481328345
-505.9934632824018 4866.562105080729 -4905.060717337479
-2292.6265586560658 5222.883447522712 -3932.483783106762
-3875.5497232671887 5115.12867540581 -2610.4884073261805
-5114.1132873962015 4552.872273106636 -1056.5396806149718
-5898.265443023548 3586.0731893910606 591.287233266886
-6333.460323555728 1735.659752322469 2207.6780341283566
-5909.9015989045165 275.2229600929058 3605.0509236019257
-4961.22218201464 -1209.668599937002 4682.099218008084
-3571.7164022878233 -2587.075796319284 5343.122449840227
-1864.847945998482 -3734.6099550034573 5529.385804097403
7.7204340432454845 -4550.307630119733 5224.338964350599
1879.6028196396803 -4961.690503603742 4455.086680987314
3584.474246209995 -4932.20540182242 3289.980395192438
4970.849405798421 -4464.472205462279 1832.5449134435528
5915.542781468344 -3600.051061633234 212.27977414430467
6334.614221072889 -2415.749582414206 -1426.847354662111
6190.827388138473 -1016.7981514552592 -2939.192834390303
5496.958373769438 472.50025740569356 -4190.378132347624
4314.660484886504 1919.8149448629088 -5069.229944074302
2748.9860773457294 3196.5456494999444 -5497.658429320785
939.052193106095 4189.249245369375 -5437.595837045479
-954.3205994537016 4809.719661570233 -4894.378992152388
-2762.897818785067 5002.8253787334925 -3916.2750951781177
-4325.979442139995 4751.408106458718 -2590.192969707099
-5504.678807812695 4077.8073727140513 -1033.96083200298
-6194.263304526176 3041.87555874084 614.1432630869763
-6456.879898785697 1157.793869814374 2228.7422632366033
-5899.903059507603 -260.74405581626604 3622.4623081584796
-4818.693942094151 -1656.1137278311737 4694.3106800864625
-3309.322721435554 -2904.3304273929134 5349.048947445671
-1505.9036542538627 -3894.4846230366315 5528.500741909658
431.3215611576378 -4538.596769259283 5216.720984029075
2330.2219630367827 -4779.4346752293795 4441.412673514543
4022.0719174894502 -4595.598836101737 3271.4653561397595
5356.54313150129 -4003.4238729331446 1810.833985282716
6215.061981476897 -3055.5271299181427 189.30206811923497
6521.345300048005 -1836.133392449959 -1449.0501685350844
6248.178470257371 -453.591145323934 -2958.6479386631217
5419.833563704779 969.2546656160854 -4205.356855628326
4109.912660469178 2305.9779460120726 -5078.401361066361
2434.80798129625 3437.8049662873514 -5500.2076193763505
543.359928006323 4264.167928749392 -5433.296293441178
-1396.3680393827478 4711.640857749318 -4883.612748205698
-3212.0225786124533 4740.463819842874 -3899.998778910587
-4742.2748160035135 4348.075768360567 -2569.852803246536
-5851.155124862413 3569.3421036431996 -1011.3641284007543
-6440.134623505954 2473.4567292173133 636.988687551806
-6527.68800993118 571.7603658112117 2249.7680052280284
-5841.4436283947225 -792.7092553773682 3639.8111380929236
-4636.161345722272 -2086.7431804783923 4706.44107829017
-3018.935782023419 -3195.360816472314 5354.883074804863
-1133.4645257103452 -4020.05662131268 5527.520210605825
852.7200278392583 -4487.552753621516 5209.012918571552
2763.13666481513 -4556.310130470185 4427.6619693455195
4428.036483296648 -4220.2193571889065 3252.8938236686217
5699.485828119222 -3509.1435738937826 1789.0917866693355
6464.510845331798 -2486.264984435284 166.32109312451857
6655.135704898074 -1242.4708403155214 -1471.2279594325316
6254.42255150216 111.72229045973835 -2978.0519514164293
5297.976507323982 1455.9884054424674 -4220.26295855126
3870.7820006831116 2670.883561101753 -5087.485081499859
2099.6515266345405 3648.4589913776845 -5502.661828896641
141.957800275526 4301.852829271149 -5428.9029247622675
-1828.3494996095276 4573.008164913677 -4872.762171414689
-3636.199922874651 4437.831656787835 -3883.655115372332
-5120.958025791819 3908.334330852942 -2549.4682591893943
-6150.696535163241 3031.564348179056 -988.7499600203022
-6633.918665498249 1885.426569368448 659.8231121543226
-6545.413435893341 -17.660666788172332 2270.754897018849
-5735.160174592935 -1316.3036200431022 3657.097113816385
-4415.312763444082 -2497.987220153897 4718.49020314498
-2703.145436982281 -3457.7136935176795 5360.624731170963
-750.7917758862504 -4110.207131285794 5526.444227118241
1268.2730292927017 -4397.4906280922605 5201.214901085034
3174.6462100944927 -4294.037784522968 4413.834805934779
4798.9381434239585 -3809.0408397243727 3234.266118482215
5996.823362917051 -2985.593900615854 1767.3186930594045
6661.8645099890755 -1896.8638413746075 143.33724600795773
6734.969760237706 -639.58910557735 -1493.3803443764643
6209.643391361242 674.5159290410022 -2997.4045375713254
5132.56295659114 1928.6872632996754 -4235.096183709832
3599.43177924637 3011.4862703095205 -5096.4809485122305
1746.4752924693748 3826.7015065125383 -5505.021015501053
-261.66318832408876 4301.897520658954 -5424.415806875795
-2246.5517465449943 4394.851061528505 -4861.827449152938
-4031.8243232554214 4097.302799095029 -3867.2443867944985
-5458.851615474977 3435.6912022447877 -2529.039689546915
-6400.835985883848 2468.803364792587 -966.1187173752022
-6774.077989340871 1282.5515142134607 682.6461425774369
-6510.0183862202775 -605.670423241346 2291.702576196161
-5582.08234164169 -1827.240126868751 3674.319936825352
-4158.15378444337 -2886.451526512641 4730.457846580148
-2364.755015739923 -3689.1890410420024 5366.273817393969
-361.23738633152493 -4164.125919535334 5525.272810027568
1674.3777701165761 -4269.061936112342 5193.327066229869
3561.2171138040244 -3994.6730651960347 4399.9314220571905
5131.626688786067 -3365.3399621030608 3215.5825622537327
6246.068712696681 -2436.98163482605 1745.5150804423688
6805.520121063122 -1292.0867947769873 120.3509236669374
6760.271201139963 -32.3843727824936 -1515.5069408276179
6114.342518034 1230.195542850203 -3016.705362936973
4925.127669850521 2383.467185876451 -4249.856274955958
3298.293614634038 3324.957309764108 -5105.388806758023
1378.3916974342058 3971.010385344399 -5507.285138449882
-663.9863710549844 4264.221761694795 -5419.835017267715
-2647.3663366197497 4178.538321289633 -4850.808770247092
-4395.516185400036 3721.5734138244957 -3850.766876566351
-5753.105131702461 2933.930376685128 -2508.567447090595
-6599.505439967103 1885.5947502358915 -943.470791273911
-6859.510728438061 669.7157554319268 705.4573847008327
-6421.898055597803 -1187.4906103971807 2312.6106810242045
-5383.622967919255 -2321.348959884709 3691.4793097068846
-3866.9893539008253 -3248.9452672143584 4742.343801931979
-2006.7567657850402 -3887.8585297905465 5371.830235922428
31.784967477765807 -4181.318500408709 5524.005979562466
2067.5024668941282 -4103.24997285155 5185.34955021742
3919.513299041836 -3660.5896783906114 4385.952057803855
5423.258174068863 -2892.669926771454 3196.8434776208323
6445.122760753364 -1867.7237578857769 1723.6813253346863
6894.3099061895655 -676.8221367412266 97.36252304163028
6730.90736128013 574.2181014377973 -1537.6073666920568
5969.434159220518 1774.23654138945 -3035.9540942163785
4677.550535683841 2816.6062785298236 -4264.542977404466
2970.0460199592203 3608.7081873497636 -5114.208502411564
998.6398815289502 4080.1605371686373 -5509.454158645041
-1061.4997928341004 4189.07271777048 -5415.160635041564
-3027.3205522887333 3925.7674039555877 -4839.706324973614
-4724.150595495086 3313.640428352749 -3834.222869230372
-6001.219126698286 2407.08195901926 -2488.051885346087
-6745.053002577975 1286.6436943217268 -920.8065728129543
-6889.559319001055 51.88149104084745 728.256444607709
-6281.876635746129 -1758.4024385862704 2333.478850450612
-5141.565359201855 -2794.6116632408166 3708.574936143727
-3544.403437104557 -3582.5073776651307 4754.147863947426
-1632.3057152622466 -4052.081590009217 5377.293890805128
424.8295326367824 -4161.610570813821 5522.643757599239
2444.2168122273306 -3901.362189474433 5177.28249080771
4246.424701782671 -3294.4606567542687 4371.896954577926
5671.319121456759 -2394.8318371790206 3178.0491881801104
6592.291949015372 -1282.411699324006 1701.8178047733509
6927.510707107253 -56.043654213006256 74.37244110805369
6647.189737992652 1175.304115518342 -1559.681240327773
5776.236789945703 2302.220956848737 -3055.1503990121023
4392.039854514436 3224.5753630328586 -4279.1560374375085
2617.5909038601358 3860.412097395601 -5122.939883169618
610.5575142893799 4153.234275765294 -5511.528038630727
-1450.7265898135036 4077.0233625648257 -5410.392740917082
-3383.107270002685 3638.551031878138 -4828.520305055481
-5014.884022730408 2876.777474490875 -3817.6126504773556
-6201.066322582487 1859.3896139650865 -2467.49335858714
-6836.256666741773 676.7868264415828 -898.1264533702123
-6864.015605642808 -565.9514406413206 751.0429285916763
-6091.199822777012 -2313.7850626319782 2354.306724112639
-4858.047526157963 -3243.193955521726 3725.606520919434
-3193.2363876493555 -3884.4308329411156 4765.8698287876105
-1244.6921828110392 -4180.518984309748 5382.664687692745
814.4483847117248 -4105.149678017074 5521.186167661469
2801.221639104985 -3665.019807679945 5169.126027307053
4539.09405790508 -2899.23684375594 4357.766355090465
5873.648050174132 -1875.8439631728882 3159.200018481422
6686.30263710529 -685.7741144562877 1679.9248963093817
6904.84989237382 565.2297737998863 51.38107487127348
6509.87093327028 1766.0105161839313 -1581.728180551277
5536.461373647622 2809.8734741955427 -3074.293945832069
4071.1129246158152 3604.066843098238 -4293.695202708912
2244.0282264471025 4078.0230568048173 -5131.582798254018
217.55177260288957 4189.629025804871 -5513.506742594066
-1828.2551109473156 3928.9680699780165 -5405.531417228818
-3711.6135047244634 3319.201059141227 -4817.250903658881
-5265.178750459248 2414.50846812581 -3800.9365071414595
-6350.909758359351 1295.2762038215296 -2446.8922218293997
-6872.3345637208095 60.95296458170307 -875.4308245981376
-6783.122284352183 -1178.7862130488759 773.8164431635508
-5851.523886794335 -2849.153157620448 2375.0939423433983
-4535.543524421224 -3663.476936329904 3742.573769923462
-2816.5602159983637 -4152.284712342717 4777.509494031359
-847.3131721131118 -4272.143769662552 5387.942533839482
1197.2213654869652 -4012.404105053735 5519.633234919602
3135.377530844129 -3396.1447275654973 5160.880300565632
4794.941643208117 -2478.1229872974113 4343.560503356245
6028.454148318257 -1339.909144544335 3140.296294022339
6726.312046915027 -82.63849420407205 1658.002978001255
6826.507602209168 1181.9749489992853 28.38882135852862
6320.137999411841 2341.5647309724277 -1603.747806644195
5252.196399897998 3293.096210811094 -3093.384404095244
3717.5741013689412 3952.02164080451 -4308.160222148579
1852.629029628037 4259.792604851129 -5140.13709841427
-176.93026152392014 4189.062302164784 -5515.390236365739
-2190.768522493796 3746.115430533979 -5400.576747924719
-4009.947386210804 2970.3097633434336 -4805.898315389889
-5472.824827298721 1930.5790386901235 -3784.194727195285
-6449.4177653849665 719.3078942426397 -2426.248830824357
-6852.951632213074 -555.8769132390147 -852.7200784170508
-6647.57067283615 -1781.6696175537281 796.576595058039
-5564.901398662842 -3360.193322620211 2395.840146178046
-4176.842058635701 -4052.0864301405395 3759.47639015626
-2417.651971929314 -4383.933876054472 4789.066658678689
-443.64289782606403 -4326.249558504027 5393.127338104651
1569.7857946437991 -3884.1589822470214 5517.98498619051
3443.7321303680737 -3096.9438350664273 5152.545452975081
5011.6877537396185 -2034.5516374260062 4329.2796446895245
6134.332926761934 -791.3805983174913 3121.3383412425155
6711.915699164803 522.1080798680867 1636.0524284084138
6693.1153069399825 1789.2051639238189 5.396077612394764
6079.602247440806 2897.323517367385 -1625.7397383597836
4925.889848361502 3748.00196159802 -3112.4214441373542
3334.490519343718 4265.6539837049795 -4322.550845966795
1446.8070745116356 4404.28392984557 -5148.602635930132
-569.4315280990902 4151.5739209377025 -5517.178487420562
-2535.0736405290927 3529.978350272455 -5395.528818564672
-4275.463335010668 2594.7287121306554 -4794.462736291086
-5635.959349614737 1428.9260411366392 -3767.387599744862
-6495.675643005293 136.157020649003 -2405.5635420531553
-6778.2226497117945 -1168.7101486385552 -829.994607008283
-6458.494828251245 -2369.7322924195555 819.3229912406009
-5233.763736193407 -3842.799015608606 2416.544977360014
-3785.0225342308627 -4405.920228431091 3776.314089734309
-1999.9654698040872 -4577.556093895018 4800.541123154291
-37.20269668132993 -4342.456012142325 5398.219010954277
1928.865699302903 -3721.5096571564604 5516.24144993704
3723.545913216379 -2769.8908375561095 5144.121628466018
5187.372732228492 -1572.1550615731633 4314.924025699844
6190.278719571811 -234.72640908059824 3102.3264875180466
6643.151277090459 1123.5587149386579 1614.0736265847224
6505.750690650418 2382.010716479411 -17.59675931610291
5790.285605329424 3428.8106125791123 -1647.7035959295847
4560.328233725069 4170.945638663622 -3131.404737216583
2925.1656858834053 4542.473840859421 -4336.8668256585515
1030.0893299728205 4510.383307976744 -5156.979264614167
-956.5149833784044 4077.525424689203 -5518.87146487806
-2858.128742859602 3282.361513492428 -5390.387716319026
-4505.7852208463255 2195.5453774156003 -4782.944363838177
-5753.082908648089 913.6453995632098 -3750.5154150246863
-6489.193933027966 -449.4359815071598 -2384.8367127204565
-6648.711599099787 -1772.5830033033085 -807.2548028074709
-6217.462062201321 -2938.228246403574 842.055238914311
-4860.90051827514 -4293.10373535643 2437.2080783471697
-3363.428761477995 -4722.173009040807 3793.086577895191
-1567.1015990595274 -4731.656487956981 4811.932689310943
368.4694175474635 -4320.711523385695 5403.21746446262
2271.3003094039623 -3525.852378831377 5514.402656267509
3972.316201332685 -2417.7057774695813 5135.608972505562
5320.374366550483 -1094.7354078525566 4300.493894287725
6195.693921221921 325.50700691937504 3083.261061155814
6520.498881637849 1716.8266956625341 1592.0669520719193
6265.928901682228 2955.5987983262307 -40.58929237432112
5454.6036412360645 3931.752977326949 -1669.639000069926
4158.612910132268 4558.553650078417 -3150.3339555192456
2493.111172191049 4780.306826137225 -4351.107914007832
606.0855657624764 4577.30876266276 -5165.266839814247
-1334.7934029467926 3967.5967284370545 -5520.4691395029895
-3157.0701201598526 3005.3463133782634 -5385.153529967098
-4698.827302622695 1776.0576896307434 -4771.34339693661
-5823.073058783528 388.95854605874143 -3733.578464392689
-6429.913219536227 -1032.70127124704 -2364.068700748262
-6465.427373523736 -2362.601048667647 -784.5010584977284
-5926.45993231296 -3482.573354810206 864.7729455265234
-4449.436140509013 -4707.5121808389495 2457.8290923180043
-2915.6405354342146 -4998.358731469509 3809.793565002568
-1122.7774737083328 -4845.079173872999 4823.241160432976
769.8492937843222 -4261.2930693981225 5408.12261231371
2594.071573096234 -3298.872375330616 5512.468636935192
4187.799209242972 -2043.332393852002 5127.007632094822
5409.422507794342 -606.2333621631221 4285.98949964042
6150.39487766851 884.7321641652458 3064.1423913878402
6344.877672098468 2297.0853551243717 1570.032784893054
5975.590241325429 3505.3324316876533 -63.58112451487297
5075.345394164767 4402.115338797491 -1691.5455719885017
3724.1338359461743 4907.750979690183 -3169.208772165449
2042.0166433115974 4977.311408726976 -4365.273865091891
178.45731067635654 4604.615876527027 -5173.465218416083
-1700.958737159504 3822.7800166736993 -5521.971483705845
-3429.237136664255 2701.273376345136 -5379.826349895621
-4852.812767617093 1339.746742185341 -4759.660035918097
-5845.194687949084 -140.82226939935168 -3716.5770403252227
-6318.205409042414 -1608.8786043595658 -2343.25986476975
-6229.815852554577 -2933.979014874985 -761.7337670029239
-5587.879818470699 -3998.382514363908 887.4757187756662
-4002.803609460438 -5082.729135754895 2478.4076631777816
-2445.443332539388 -5232.33032821301 3826.4347625512382
-670.7946838708998 -4917.016009305953 4834.466341239648
1163.4570161935085 -4164.803240002708 5412.934369802816
2894.3304546220693 -3042.529425887263 5510.439425337774
4368.029930597491 -1649.9135203612534 5118.3177557663585
5453.6107784557025 -110.69555802492033 4271.4110922275895
6054.61437587142 1438.3581904213863 3044.9708083655614
6117.638915753405 2859.6075015177967 1547.9715055459574
5637.084391154513 4026.7681369235206 -86.57185870245928
4655.650180464149 4836.132752182686 -1713.4229333908215
3260.54102025524 5215.7857493914025 -3188.028861214723
1575.7184817480563 5131.9932936679315 -4379.364434285473
-249.11355878908387 4592.200712420448 -5181.574258845677
-2051.8107664109825 3644.3709453335077 -5523.378471543344
-3672.1955832140193 2372.7228266952156 -5374.4062680972
-4966.2897072836095 890.2478723824286 -4747.894482537182
-5819.107196657639 -671.3295121799791 -3699.5114364119795
-6154.871474877316 -2173.256323504146 -2322.4105641230485
-5943.74841234556 -3482.0797733066906 -738.9533214808802
-5204.49721966662 -4481.505154395531 910.163166618089
-3524.7158945565357 -5415.785844802959 2498.943435564712
-1956.796379756745 -5422.296535073697 3843.0098831720743
-215.00691935608117 -4947.012382846721 4845.6080378885135
1545.8868493717007 -4032.1644707975433 5417.65265383793
3169.421787520083 -2759.04105065569 5508.315056516766
4511.3396910689 -1240.7647253108405 5109.539493581611
5452.4052653780855 387.7589908841707 4256.758923796998
5909.00070437204 1981.828619086843 3025.746643154153
5840.555499560054 3399.8040773719913 1525.8834949966345
5253.151307756516 4515.692023588185 -109.56109792075563
4198.9815691839885 5230.340916720535 -1735.2707064869496
2771.713891262377 5480.2510664292 -3206.793897671684
1098.1672706360089 5243.216859199945 -4393.379378265082
-672.9563312140272 4540.299824552585 -5189.593821071768
-2384.2848098155055 3433.957225716116 -5524.690078718866
-3883.7591198033124 2022.4924577017077 -5368.893378168714
-5038.144388400433 431.3203592585279 -4736.046939967749
-5744.868418555685 -1198.1764459229846 -3682.3819473509843
-5941.135678782457 -2721.2100157735085 -2301.5211588450816
-5609.50696170492 -4002.452133889095 -716.1601153165491
-4779.448934164057 -4928.058815436761 932.8348972747763
-3019.1350367297505 -5704.063669327488 2519.436054856054
-1453.7993651159766 -5566.835727486789 3859.5186406370126
240.71275998176927 -4934.970001602682 4856.66605797878
1913.8365000046058 -3864.6105343170198 5422.2773829411935
3416.9074682688697 -2450.863461493315 5506.095567156912
4616.371213126008 -819.3464146787719 5100.672997128332
5405.65011708551 884.9731567225027 4242.033247370131
5714.61328583715 2510.6589795082364 3006.470227726819
5515.8079859748195 3913.2617341192126 1503.7691346726938
4826.898940833973 4968.154010587432 -132.54844517924866
3709.0987423029073 5581.604000830197 -1757.0885139977663
2261.728843406519 5699.103981133481 -3225.5035574916164
613.3944113398926 5310.213562607173 -4407.318455013136
-1089.4428060113 4449.487365554836 -5197.523766608256
-2695.4782491074006 3193.4046898192514 -5525.906282582874
-4062.008620858831 1653.5739933675816 -5363.287775309702
-5067.611700815741 -33.184008984758634 -4724.117612799523
-5622.935242307511 -1716.9934665131702 -3665.1888689434313
-5678.636311675383 -3248.2405196401605 -2280.592009665295
-5229.765624465902 -4490.8671479283985 -693.3545421151988
-4316.207311074202 -5334.4605222773225 955.4905192381173
-2490.2392709891224 -5945.314832626716 2539.8851671742705
-940.6580692260791 -5664.906655062682 3875.9607498639552
692.5047299976374 -4881.146661162943 4867.640210554629
2264.1354449541204 -3663.675365859563 5426.808477250304
3634.5877896316683 -2120.6704365250507 5503.780995585544
4682.091059074656 -389.2346324963441 5091.718419517929
5313.569990900674 1376.7863767577126 4227.234317237897
5472.9149108173315 3020.4738745093346 2987.1418949590357
5145.967323416372 4395.779013379541 1481.6288064567616
4361.777956624226 5380.499896352504 -155.53350352011603
3190.025477038727 5887.1397515996605 -1778.8759791616963
1734.8252346221175 5870.681404629917 -3244.157517586096
125.47815695419447 5332.587251797808 -4421.181423822195
-1495.018205610941 4320.669319969754 -5205.363958516591
-2982.6756398282096 2924.8409581173823 -5527.0270621333075
-4205.309254190285 1269.1276416831552 -5357.5895563207205
-5054.2826866218675 -499.3532351895566 -4712.106707034522
-5454.160921992852 -2223.4643857400874 -3647.9324980886217
-5369.413024253801 -3750.0109681048725 -2259.623477999458
-4807.569216028846 -4943.352619301468 -670.5369956957261
-3818.5517852897283 -5697.45569672746 978.1296412786929
-1942.3884360383774 -6137.680089428556 2560.290419393122
-421.6492056871732 -5715.855992552396 3892.3359269217503
1136.5554069663885 -4786.153007117085 4878.5303061085015
2593.7720840197408 -3431.179323312897 5431.245858519895
3820.520728826622 -1771.3302991499174 5501.371381771923
4707.799340798205 45.909195447535076 5082.6759153828525
5176.769321502739 1859.0694565602787 4212.362388956142
5185.760630113772 3507.0432380656976 2967.7619786228197
4733.974349403505 4843.400837463238 1459.462892679919
3861.5536730444815 5749.401017537675 -178.51587602500265
2646.0170066862756 6144.5416863731 -1800.6327257410876
1195.3701174296307 5993.71286149722 -3262.755455828499
-361.4906525559956 5310.316345901657 -4434.9680452990715
-1886.2313916864275 4155.0749190332845 -5213.114261408126
-3243.372194075396 2630.6368513628586 -5528.052398015943
-4312.325143716333 872.4551550891583 -5351.7988196016695
-4998.109080010876 -963.2480104205914 -4700.0144300835045
-5239.789090706026 -2713.362363060206 -3630.6131327788157
-5015.890846256264 -4222.3825623473085 -2238.6159259434307
-4346.3086882422085 -5356.225541349185 -647.7078700837855
-3290.5379298163143 -6014.144375593556 1000.7518724519744
-1380.087957726477 -6279.703179579189 2580.651459143784
98.91523571732552 -5719.422652078743 3908.643889035057
1569.1293763852973 -4650.946322668194 4889.336156584394
2899.9194859505733 -3169.2130021468274 5435.589450122886
3973.039023102095 -1405.8811985225223 5498.866767326554
4693.13660765642 482.36931919852964 5073.545640873915
4996.228409129695 2327.7592060659013 4197.417719341305
4855.383390864559 3966.317472271286 2948.330813380963
4283.116250822048 5252.451025167845 1437.2717761150452
3330.2754357479203 6071.881254476567 -201.49516582199297
2081.525033534553 6351.798188313042 -1822.358378028779
647.821997469499 6067.3299787106735 -3281.2970510596765
-843.4428659907314 5243.752874460808 -4448.678081368994
-2259.7641294196396 3954.2453154846344 -5220.774541446478
-3475.295433138068 2313.3857073079052 -5528.982272524732
-4382.031486539375 466.97162691089784 -5345.9156651501025
-4899.4048121332125 -1420.9349318083607 -4687.840990762404
-4981.444519485137 -3182.5851861662163 -3613.2310720941173
-4620.861020571594 -4661.448780188159 -2217.5697162668716
-3849.6937416656892 -5726.122193659331 -624.8675595049261
-2736.464279710059 -6282.004521550529 1023.3568221051643
-807.9517044024684 -6370.341952646369 2600.9679348208724
616.7238456718705 -5675.738828517381 3924.8843545892396
1986.6007756102604 -4476.821401905018 4900.0575753810745
3179.9595085817623 -2880.1187475262705 5439.839177051809
4090.764884193326 -1027.5049032368645 5496.267195500463
4638.087847818304 916.4072608361296 5064.327753657593
4773.296352251354 2778.8926181968145 4182.400566465954
4484.376528520852 4394.46117146131 2928.848734781247
3797.0001708690106 5619.562564866269 1415.0558399702431
2772.2436851746584 6345.34116333873 -224.47097609239037
1501.1611822615087 6507.308353377496 -1844.0525608545554
96.69392056708965 6091.0726393663235 -3299.7819830934127
-1316.3650203040017 5133.618391115446 -4462.311295279707
-2612.459152348341 3720.0196203007176 -5228.344666349824
-3676.424824118368 1975.8807811850625 -5529.816669602103
-4413.724016540883 56.17626365111196 -5339.940194559484
-4758.844460784921 -1868.5197614337126 -4675.586599288687
-4681.120690843278 -3627.189605851222 -3595.786616197264
-4187.458804760413 -5063.56773612946 -2196.4852124070453
-3321.7228275142998 -6050.025651951578 -602.0164583778817
-2160.8371999030105 -6498.912238497531 1045.944099883872
-230.6640210616232 -6408.976077690855 2621.2394955885993
1127.5015534318402 -5585.327777133814 3941.0570431352276
2385.483666943831 -4265.398592771189 4910.6943773553385
3431.5050881252146 -2566.4700250474257 5443.9949659201
4172.62222331462 -639.4993328300177 5493.572711184451
4542.983562711503 1344.2936815059409 5055.022412913308
4509.680876006477 3208.640302904449 4167.31118965434
4075.6732530597155 4787.885152503855 2909.316079250643
3279.5241757811195 5941.705395015375 1392.8154678822
2191.9749835295825 6567.57903843512 -247.44291007756996
909.6591946676606 6609.894462944013 -1865.7148995916305
-453.4838056141033 6064.891757376256 -3318.2099327219908
-1776.3327796861497 4980.9968038265215 -4475.867451605556
-2941.346790975079 3454.5184255123586 -5235.824505393184
-3845.009231998088 1621.0909251870028 -5530.555574839238
-4407.025729212969 -356.3776178815532 -5333.872511017443
-4577.458650473415 -2302.180445663933 -4663.25146727777
-4341.164282792873 -4043.424437896588 -3578.280066328466
-3719.138417700517 -5425.39242454624 -2175.3627784624596
-2766.6507830253436 -6325.290485332468 -579.1549613077376
-1568.3340850313937 -6663.158728416806 1068.5133157388484
347.05874455442046 -6395.411280677828 2641.4657913867914
1627.0449894572494 -5449.0983497576635 3957.1616753943636
2762.461146877489 -4018.609117487279 4921.2463788251835
3652.420508536596 -2231.048829752504 5448.0567449633645
4217.846279628821 -245.2500626977038 5490.783360908317
4408.497899062502 1762.340248689966 5045.6297793306685
4207.435133790102 3613.3388950787353 4152.149849477908
3632.5232928554865 5143.276523763191 2889.733184089547
2734.84581628475 6216.211462414034 1370.5510439096179
1594.1652872639354 6736.808733234696 -270.4105710858594
311.83617659058024 6658.81098410928 -1887.3450201631208
-998.2009468433616 5989.148657335064 -3336.5805817216797
-2219.5435356175776 4787.324189410641 -4489.346316251569
-3243.669940945789 3160.124958430924 -5243.213929410686
-3979.5820374098957 1252.1347569146437 -5531.198975476327
-4361.8908057420085 -767.1131126563614 -5327.712719303995
-4356.626434141426 -2718.1996157474177 -4650.835807739325
-3964.2566851271736 -4427.762154356776 -3560.711724800241
-3219.645332785454 -5743.898594637356 -2154.202779186631
-2188.9543634449205 -6549.664438100607 -556.2834630790946
-963.765192844311 -6773.463853509648 1091.0640799327764
920.5069070540325 -6329.880080651441 2661.6464729369072
2111.257159593514 -5268.336342677988 3973.197973263227
3114.4129484036666 -3738.67780094437 4931.713397572988
3840.8394793720554 -1876.8213296795348 5452.024444040627
4225.9905673518 151.79895302206256 5487.89919284006
4235.643847968193 2166.9312325889223 5036.150015106719
3868.9415848757467 3989.5221627191604 4136.916807750832
3158.4668833965934 5457.626540962173 2870.1003874658854
2167.3485386240322 6440.7968506411025 1348.262952526498
983.6517649423312 6851.674095169137 -293.3735624993692
-287.4467847391725 6653.750028264879 -1908.942549048502
-1533.004426157159 5864.611071848231 -3354.893612858276
-2642.34789683197 4554.37568527608 -4502.747656457474
-3516.9071611205054 2839.4640325186524 -5250.512810797797
-4078.973790450616 872.253539689276 -5531.746860402782
-4278.605698217543 -1172.460507963095 -5321.460925789726
-4098.064713346 -3112.9962942247685 -4638.3398350736215
-3553.39269463288 -4776.928698585344 -3543.0818949921204
-2692.986141194633 -6016.410024870298 -2133.0055799817737
-1593.2959511362174 -6721.306917865001 -533.4023586492392
-352.03442375524446 -6828.986195237819 1113.5960030469616
1485.015981767524 -6213.039024643307 2681.781191748113
2576.181144184427 -5044.692735849607 3989.165659818401
3438.441306555796 -3428.10335920625 4942.0952528486605
3995.1808694885513 -1506.9119551135964 5455.897994635528
4196.9310796047785 548.1751891650946 5484.920256785038
4025.765545369437 2554.55456225926 5026.583283943108
3496.893075646916 4333.950552018642 4121.612327525422
2657.306310290662 5728.256016002439 2850.4180284093163
1581.6062178684208 6613.580794926936 1325.9515786155664
365.37347222399694 6911.2598970009 -316.33148778084734
-883.3243098426049 6594.843227661829 -1930.5071132900669
-2053.5348505747947 5692.4457965521915 -3373.1487098925236
-3041.2798080441653 4284.249575531962 -4516.071240801745
-3758.7937081321957 2495.378978606139 -5257.721023513513
-4142.322292058186 484.7830086408757 -5532.19922015743
-4157.787362052842 -1568.8880590773126 -5315.117238433961
-3803.814778779794 -3483.1565377946517 -4625.763765067814
-3111.8565596459475 -5087.931272548235 -3525.390881345463
-2143.3962290299805 -6240.6209857172735 -2111.771546892512
-984.4857373252701 -6838.80413779122 -510.51204314136044
261.90063248527287 -6829.329530624776 1136.1086959880804
2036.0047800225311 -6045.962450091342 2701.869600123303
3018.0325442443423 -4780.16892869099 4005.0644593213256
3731.8948724923644 -3089.6364205506306 4952.391765372752
4114.161964168546 -1124.5761577982223 5459.677329857523
4130.8677106259465 940.4076316957411 5481.846604185119
3780.527732979869 2921.8320762026083 5016.929751043282
3094.271275685838 4643.638918490003 4106.236673087669
2133.075236561283 5952.838064595821 2830.6864468053795
982.3461018217711 6733.10142506273 1303.6173074615754
-255.66879501947523 6915.099176183894 -339.2839504805263
-1470.9663974392167 6482.6600190882145 -1952.0383404993438
-2555.5621802167666 5474.208070611632 -3391.345557585626
-3413.085048382156 3979.348711894756 -4529.316839205587
-3967.340331921748 2130.9067570418615 -5264.8384430825545
-4169.0800165838145 93.12438549551283 -5532.556046928684
-4000.3786460661086 -1952.9324963717243 -5308.681766782895
-3476.226077472891 -3825.4627556332653 -4613.107814892229
-2643.1955667293296 -5358.083861289994 -3507.6389893581795
-1575.3055304091772 -6414.615702307369 -2090.50104659949
-367.44268459771786 -6901.180788097377 -487.6129118377013
873.0690562359038 -6774.545675531876 1158.6017699948761
2569.012749104394 -5830.132832071446 2721.9113511650653
3433.23040785408 -4477.099102517487 4020.8940972230016
3992.390478382447 -2726.255470279053 4962.602757339567
4196.809134589498 -733.1720755312379 5463.362384443021
4028.322881794734 1325.0568756001808 5478.678288117784
3501.9024629487158 3265.5487084181964 5007.1895831096235
2664.322642423864 4915.882207868797 4090.79010995261
1590.0060629323248 6129.418000156501 2810.9059833896067
374.4104671225635 6798.3281046224565 1281.2605247446986
-874.4531417643142 6863.17692302121 -362.23055424298394
-2045.6177515310155 6318.202353253686 -1973.5358588635575
-3035.0202470285494 5211.827777425235 -3409.483841704645
-3754.747874610623 3642.359431843052 -4542.484222936886
-4140.849676093887 1749.2514665105423 -5271.864946597498
-4159.018812036713 -299.28516808505736 -5532.817334554665
-3807.6408749766433 -2321.2290021049666 -5302.154621967699
-3117.937336618144 -4136.921452742155 -4600.372203096598
-2151.191383058483 -5585.030277722446 -3489.826525579464
-993.3026347661829 -6536.884653025411 -2069.194446413137
252.84541166190422 -6907.908140261262 -464.70536017274344
1476.5270336700182 -6665.13367437934 1181.074836644882
3079.7362514031656 -5567.427800655934 2741.9060987816774
3818.4263831833186 -4138.129863283441 4036.6543001687533
4217.832573929454 -2341.1409276744157 4972.728052420218
4242.465830828578 -336.13134671378305 5466.953094756523
3890.137380903936 1698.7449794904935 5475.415363295215
3192.1531530992647 3582.68035944749 4997.362948340573
2210.5321091083492 5148.27886713377 4075.272904859793
1032.49558646277 6256.430204625539 2791.076979741637
-237.28270007226692 6808.670262544592 1258.8816165338656
-1485.9773774079126 6755.930088279257 -385.17090281392944
-2602.6364436565495 6102.895877759446 -1994.9992971520348
-3488.039840404394 4907.592586383274 -3427.5632490279722
-4063.515590321585 3276.2281570916243 -4555.573164614197
-4277.930147594258 1353.7564785519087 -5278.800412720912
-4112.231837865941 -689.0024039695983 -5532.98307852332
-3581.143683111055 -2670.540399261146 -5295.535916702622
-2731.8551965215515 -4414.789160604829 -4587.5571496062985
-1639.8293871720334 -5766.764531045662 -3471.9537976044935
-402.0975404995445 -6606.337565873769 -2047.852114267246
871.3624372223177 -6858.908516539095 -441.7897837263758
2067.3980384859046 -6502.035345685673 1203.5275078611155
3564.063486476453 -5260.103940979222 2761.853497693121
4170.531859865289 -3766.197340609763 4052.3447960029366
4406.430175427484 -1937.6475788423104 4982.767475765672
4250.797832602623 63.07067353162105 5470.449398791719
3717.4634480319855 2058.18481978117 5472.057886063347
2853.8161222840636 3870.4202125978595 4987.450016427739
1736.5947103054366 5338.751784465873 4059.6853257686357
465.0692373957878 6332.711831557797 2771.1997782793565
-847.779678179176 6763.982641767658 1236.4809692800713
-2085.299648928105 6594.243911007558 -408.10460004713406
-3137.531594682983 5838.577670391675 -2016.4282847226023
-3910.98008941966 4564.128181585412 -3445.5834673506893
-4336.920840157974 2884.1358744986424 -4568.583438210685
-4377.507141984621 947.8754381408805 -5285.644721687453
-4029.1327238722542 -1072.607890578565 -5533.053275972491
-3322.752181686114 -2997.7853011578945 -5288.825765283009
-2321.130526499378 -4656.596332165252 -4574.662875718538
-1113.2662379196452 -5901.648343923289 -3454.021114069121
193.51664138767555 -6622.313001366577 -2026.4744187126548
1483.104717873904 -6754.5560870965055 -418.8665782170634
2640.9124316791786 -6286.627222606755 1225.9593959188094
4018.1077714128637 -4910.777514888963 2781.753203437013
4486.742877727278 -3364.5019398653108 4067.9653137736645
4556.711189608814 -1519.2756026110435 4992.72085400979
4221.795715495918 460.9450391663654 5473.851236172553
3511.755165015869 2400.208691389868 5468.605914400897
2489.6797570404487 4126.203268241033 4977.450958552941
1246.3853768723388 5485.566577164174 4044.027641853809
-107.6558137030253 6357.51322269387 2751.2747222529592
-1452.1313127911076 6664.566918899965 1214.0589698096935
-2667.578572164408 6379.444597391597 -431.0312499112133
-3645.9997689251445 5527.480627673489 -2037.8224515280133
-4300.4578860104375 4184.375747237388 -3463.5441854900223
-4572.801447675113 2469.4707188287257 -4581.514819057937
-4438.8315333052315 535.1423799584003 -5292.39775530592
-3910.4519577098354 -1446.735707804915 -5533.027925689972
-3034.611564936171 -3300.064979034648 -5282.024283583355
-1889.1326174444052 -4860.168994780552 -4561.689604098574
-575.7959465707637 -5988.425666839864 -3436.0287846445317
788.7027209945708 -6584.584438627258 -2005.0617289108732
2083.121690634664 -6595.673987069762 -395.9361394950068
3192.4461564328976 -6020.708957122569 1248.37011345212
4438.238908864991 -4522.402268173803 2801.604872374565
4764.5626009642765 -2936.480963181187 4083.5155837374477
4667.533997029303 -1089.6404380754525 5002.58801527229
4155.774514322702 854.0194217615872 5477.158548154277
3274.756228702469 2721.7959081725858 5465.059507918364
2102.7614811310054 4347.728883737864 4967.365947385276
743.9271481442852 5587.34706828908 4028.3001235005927
-681.0083766255684 6330.504946154062 2731.3021557389657
-2045.4333185762036 6511.16967858988 1191.6160053178448
-3228.1125339350765 6113.28841128549 -453.9504564964801
-4123.9597843152915 5172.21464091407 -2059.1814281223205
-4653.375110159667 3771.566901807336 -3481.4450932906407
-4769.3176364660385 2035.7988922262796 -4594.367083849942
-4461.485360966683 119.14121711462876 -5299.059396961313
-3757.2305322394177 -1808.1026779802633 -5532.907028113527
-2719.1292823880726 -3574.6887154086953 -5275.131589055293
-1439.4214630942256 -5023.647973210034 -4548.637558775808
-31.81473000740707 -6026.234062675648 -3417.9771200319465
1378.6188814572013 -6493.362809979925 -1983.6144146277213
2666.5561553350353 -6383.527775964145 -372.9988635353307
3717.558212822406 -5706.488285403712 1270.7592734607285
4821.112388314617 -4098.244511081696 2821.408161696501
5001.821176571404 -2485.7793325495472 4098.995337363895
4738.0962031591225 -652.4417516574343 5012.368789161752
4053.3705893034466 1238.8681420628882 5480.37127762445
3008.485210664315 3020.0991646776292 5461.418727856997
1696.2827185377644 4532.981123023887 4957.195157078122
233.35806285503307 5643.087815929463 4012.5030423002227
-1250.3014807873685 6251.781392106719 2711.2824236343677
-2622.8662510041213 6304.976756104536 1169.1524633616737
-3762.377844560205 5797.947266387706 -476.8618240217873
-4567.585655703893 4775.74471817984 -2080.5048456672603
-4966.943436818797 3329.1962937511935 -3499.2858816300727
-4924.966496500095 1586.8341686854494 -4607.140010646898
-4445.384670107869 -296.5251359750478 -5305.629531616818
-3570.8109075272578 -2153.536881025024 -5532.690585330878
-2378.9549255672905 -3819.1974235549815 -5268.147800725572
-975.7183585989235 -5145.505514730256 -4535.506965139962
514.2150664004498 -6014.612860242719 -3399.866431957179
1958.458226154481 -6349.295458428819 -1962.1328462269228
3228.683777962333 -6119.815291709338 -350.0551464312216
4212.026607252839 -5346.562679954425 1293.126489316592
5163.696184399494 -3641.855681981533 2841.1627294290056
5196.692818046834 -2016.2186634538295 4114.404307340306
4767.9404894999 -211.4317686483754 5022.063006778513
3915.535724698707 1612.1417666544892 5483.489369103935
2715.218427712511 3292.469431222518 5457.683637087737
1273.6420578842674 4680.246738062289 4946.9387632661455
-281.1029980731205 5652.163583300728 3996.63667104516
-1810.8708190515138 6121.860890051551 2691.215871650669
-3179.7348208814874 6047.603991377278 1146.6687318536856
-4266.065429839713 5435.990938596147 -499.7649568413417
-4973.337404036901 4341.366235467435 -2101.7923359386295
-5238.706524753691 2860.992090545526 -3517.066242424017
-5038.5935810611945 1126.40624312164 -4619.833378879056
-4390.779486187674 -708.265742155983 -5312.108045815832
-3352.82536534798 -2480.005208070021 -5532.378601079677
-2016.9579971653552 -4031.3853279234377 -5261.073039193992
-501.8750596601845 -5224.559169947759 -4522.298049937159
1057.8016793381973 -5953.508002121927 -3381.6970331653047
2523.4880970411677 -6153.461521768028 -1940.6173946637214
3764.9515231769274 -5806.652981183934 -327.10538438709244
4671.882484260798 -4943.897841144742 1315.4713747706774
5463.294936317055 -3157.04262439492 2860.868234439614
5347.7099788539235 -1531.7649506692053 4129.742227576329
4756.957521730917 229.61676096324186 5031.670500717626
3743.528513237888 1970.5960157275213 5486.51276874786
2397.470568139366 3536.479166676258 5453.854300110141
838.3868419353781 4788.130624082596 4936.5969430622545
-795.1912343746427 5614.335663174056 3980.701283724417
-2358.1130798712124 5941.682340486249 2671.102846307817
-3711.506229812414 5741.0844672027615 1124.1651990550063
-4735.115763557971 5030.3660446741005 -522.6594594515664
-5337.989481998139 3872.6775236783596 -2123.043531332612
-5466.559409581767 2370.8846097384057 -3534.785868631673
-5109.401544023211 658.4281937674413 -4632.4469693505325
-4298.25092903884 -1112.5324566842705 -5318.494827683898
-3105.181856445849 -2784.6397160913216 -5531.971080747432
-1636.2037490415212 -4209.319516533541 -5253.907426631332
-21.841758172945575 -5259.982805637329 -4509.011041266049
1594.4609687602535 -5843.273539405884 -3363.469237415248
3069.0888414424026 -5907.3637764146615 -1919.0684314784635
4271.014702087842 -5446.558817850057 -304.1499737117289
5093.442163413482 -4501.8032064897825 1337.7935439594823
5717.571314256211 -2647.835826068757 2880.5243364430803
5453.774504690204 -1036.4951388569013 4145.008833208525
4705.385896887261 666.9426900263924 5041.191105071735
3538.90310289999 2311.119734071048 5489.441424346538
2057.9732379995935 3749.943647561581 5449.930783051246
394.1834196361182 4855.568611609634 4926.1698750545365
-1304.6313254074566 5529.754996204278 3964.697155518813
-2887.5238519083177 5712.598382456074 2650.943694928344
-4213.847212477409 5387.852333101566 1101.6422535687102
-5165.751756053983 4584.371959750455 -545.5449364979203
-5658.65658657696 3373.550019590546 -2144.258064872174
-5648.7649467771635 1862.9733556095873 -3552.4444542610227
-5136.955752259543 186.86333345880502 -4644.980564243063
-4168.70549599466 -1505.8503159060076 -5324.789766930639
-2830.0474623479004 -3064.762556387312 -5531.468031371425
-1239.927292212792 -4351.357194244661 -5246.651086777228
460.36585916671595 -5251.314649776839 -4495.646168573812
2119.753483676958 -5684.669753661578 -3345.1833594743616
3590.7917087775677 -5612.917003171169 -1897.4863287902272
4742.7723326234245 -5042.43194506844 -281.18931081147747
5473.336821402116 -4023.904680298267 1360.0926114118283
5924.564402310337 -2118.4558851231523 2900.130696007301
5514.165679045432 -534.5628592640489 4160.203860604963
4613.809136679821 1096.8284225311431 5050.6246554339405
3303.4954051523127 2630.761685632177 5492.27528532637
1699.6516097262238 3930.940228057288 5445.913153664455
-55.213690022290635 4881.8374805724625 4915.657739303215
-1805.1730111110219 5398.96204934785 3948.6245627962135
-3394.7347882912704 5436.365147083976 2630.7387656312817
-4682.6594819836 4990.723344406189 1079.1002843330857
-5554.509331189011 4101.633871149257 -568.4209927816912
-5932.816650755572 2848.096228716946 -2165.435570213374
-5783.96717516546 1341.4927376986855 -3570.0416943741334
-5121.186833540019 -284.3082701080167 -4657.433947119819
-4003.366567796304 -1884.8472404493148 -5330.992754851672
-2529.829614019061 -3317.9092619608296 -5530.869461638583
-831.5061970618389 -4456.160485142141 -5239.304144938055
940.7001945091795 -5198.462293680387 -4482.203662652245
2629.3212456032484 -5478.857914349108 -3326.8397151129893
4084.3155654392335 -5272.432965755975 -1875.8714592903254
5176.400523562308 -4597.529210464447 -258.2237921833999
5808.539578907325 -3514.114808898536 1382.3681920554561
6082.704952196271 -1573.278482461459 2919.686974559138
5528.545102626967 -30.16362016532322 4175.32704736976
4483.149759068675 1515.631412153373 5059.970988900629
3039.4068854384736 2926.755942263329 5495.014302750727
1325.5993718196453 4077.825363046283 5441.801481328345
-505.9934632824004 4866.562105080729 4905.060717337478
-2292.6265586560444 5222.883447522713 3932.483783106775
-3875.549723267181 5115.128675405814 2610.4884073261856
-5114.113287396199 4552.87227310664 1056.5396806149724
-5898.265443023544 3586.073189391069 -591.2872332668794
-6158.330829926694 2300.635765575093 -2186.575681651716
-5871.201497201143 810.77675781404 -3587.5772850924304
-5062.390146105875 -751.1233229140108 -4669.806902929105
-3803.7632145958696 -2246.2828001507296 -5337.103684330468
-2207.1552289290826 -3541.8501929443646 -5530.1753818853285
-414.4318152307767 -4522.708652941321 -5231.866727984744
1415.1156839548585 -5101.704601544431 -4468.683755633745
3118.9239444882096 -5227.391707838434 -3308.4386210990315
4545.602125381494 -4888.602120860325 -1854.2241962359183
5568.383609388273 -4115.438782166721 -235.25381440837737
6096.389773251919 -2976.6006473719845 1404.619901223696
6190.827388138472 -1016.7981514552638 2939.192834390302
5496.958373769443 472.5002574056827 4190.378132347619
4314.660484886499 1919.8149448629117 5069.2299440743045
2748.9860773457335 3196.545649499941 5497.658429320785
939.0521931060971 4189.249245369374 5437.595837045479
-954.3205994537005 4809.719661570233 4894.378992152387
-2762.897818785065 5002.825378733493 3916.2750951781163
-4325.979442139988 4751.408106458722 2590.192969707104
-5504.678807812695 4077.8073727140527 1033.960832002976
-6194.263304526176 3041.8755587408377 -614.1432630869842
-6333.460323555729 1735.6597523224912 -2207.678034128337
-5909.901598904515 275.22296009290676 -3605.050923601928
-4961.222182014647 -1209.6685999369913 -4682.099218008079
-3571.716402287836 -2587.0757963192727 -5343.122449840224
-1864.8479459984796 -3734.6099550034583 -5529.385804097403
7.720434043257681 -4550.307630119738 -5224.338964350594
1879.602819639672 -4961.690503603743 -4455.086680987317
3584.4742462099953 -4932.205401822422 -3289.980395192436
4970.849405798415 -4464.472205462283 -1832.5449134435546
5915.542781468341 -3600.051061633239 -212.27977414430643
6334.614221072887 -2415.749582414222 1426.8473546620964
6248.1784702573705 -453.59114532393005 2958.6479386631236
5419.833563704779 969.2546656160869 4205.356855628325
4109.912660469171 2305.977946012079 5078.401361066362
2434.807981296246 3437.804966287354 5500.207619376351
543.359928006321 4264.167928749393 5433.296293441178
-1396.3680393827515 4711.640857749318 4883.612748205697
-3212.022578612456 4740.463819842874 3899.9987789105867
-4742.274816003517 4348.075768360564 2569.8528032465324
-5851.155124862419 3569.342103643193 1011.3641284007455
-6440.134623505959 2473.4567292172983 -636.988687551824
-6456.879898785699 1157.79386981438 -2228.7422632365947
-5899.903059507608 -260.74405581626024 -3622.462308158473
-4818.693942094147 -1656.1137278311783 -4694.310680086465
-3309.322721435556 -2904.330427392912 -5349.048947445669
-1505.9036542538565 -3894.4846230366347 -5528.500741909658
431.3215611576432 -4538.596769259285 -5216.720984029074
2330.221963036785 -4779.4346752293795 -4441.412673514543
4022.0719174894575 -4595.598836101735 -3271.465356139756
5356.543131501307 -4003.4238729331323 -1810.8339852826944
6215.061981476906 -3055.527129918126 -189.3020681192122
6521.345300048005 -1836.1333924499575 1449.0501685350837
6254.422551502159 111.72229045974187 2978.051951416431
5297.976507323981 1455.9884054424706 4220.262958551261
3870.7820006831175 2670.88356110175 5087.485081499856
2099.6515266345305 3648.45899137769 5502.661828896643
141.9578002755242 4301.852829271149 5428.9029247622675
-1828.3494996095308 4573.008164913676 4872.762171414688
-3636.1999228746545 4437.831656787834 3883.6551153723312
-5120.958025791831 3908.334330852935 2549.468259189382
-6150.696535163247 3031.564348179049 988.7499600202931
-6633.918665498251 1885.4265693684322 -659.8231121543404
-6527.688009931183 571.7603658112208 -2249.7680052280157
-5841.443628394726 -792.709255377366 -3639.81113809292
-4636.161345722268 -2086.7431804783964 -4706.441078290171
-3018.9357820234295 -3195.360816472309 -5354.88307480486
-1133.4645257103386 -4020.056621312682 -5527.520210605824
852.7200278392627 -4487.552753621517 -5209.012918571552
2763.1366648151325 -4556.310130470184 -4427.661969345519
4428.036483296643 -4220.219357188907 -3252.893823668627
5699.485828119222 -3509.1435738937816 -1789.091786669337
6464.510845331799 -2486.264984435282 -166.3210931245179
6655.135704898074 -1242.47084031552 1471.227959432531
6209.643391361241 674.5159290410043 2997.4045375713254
5132.562956591139 1928.6872632996774 4235.096183709832
3599.4317792463758 3011.4862703095187 5096.480948512229
1746.4752924693773 3826.701506512538 5505.021015501053
-261.66318832410303 4301.897520658956 5424.415806875793
-2246.551746544998 4394.851061528505 4861.827449152937
-4031.8243232554255 4097.302799095027 3867.244386794497
-5458.851615474989 3435.691202244779 2529.039689546902
-6400.835985883848 2468.8033647925854 966.118717375203
-6774.077989340873 1282.551514213443 -682.646142577457
-6545.413435893345 -17.66066678816385 -2270.7548970188363
-5735.160174592939 -1316.3036200430975 -3657.0971138163777
-4415.312763444078 -2497.9872201539006 -4718.490203144981
-2703.145436982283 -3457.7136935176795 -5360.624731170962
-750.7917758862467 -4110.207131285795 -5526.444227118241
1268.2730292927067 -4397.4906280922605 -5201.2149010850335
3174.6462100944955 -4294.037784522967 -4413.834805934779
4798.938143423965 -3809.0408397243687 -3234.26611848221
5996.8233629170545 -2985.593900615849 -1767.3186930593995
6661.864509989076 -1896.8638413746048 -143.33724600795705
6734.969760237707 -639.5891055773478 1493.3803443764639
6114.3425180339955 1230.1955428502088 3016.7053629369802
4925.1276698505235 2383.467185876449 4249.856274955956
3298.2936146340458 3324.9573097641046 5105.388806758021
1378.391697434216 3971.0103853443966 5507.285138449881
-663.9863710549935 4264.2217616947955 5419.835017267714
-2647.3663366197425 4178.538321289634 4850.808770247095
-4395.516185400037 3721.5734138244943 3850.766876566349
-5753.105131702463 2933.9303766851262 2508.567447090591
-6599.505439967103 1885.594750235893 943.4707912739118
-6859.510728438061 669.715755431927 -705.4573847008332
-6510.018386220282 -605.6704232413382 -2291.7025761961527
-5582.082341641696 -1827.2401268687445 -3674.3199368253454
-4158.1537844433715 -2886.4515265126392 -4730.457846580146
-2364.7550157399264 -3689.189041042 -5366.273817393967
-361.23738633152306 -4164.125919535334 -5525.272810027568
1674.3777701165795 -4269.061936112343 -5193.327066229868
3561.217113804022 -3994.6730651960356 -4399.931422057191
5131.626688786071 -3365.3399621030585 -3215.5825622537277
6246.0687126966895 -2436.981634826041 -1745.5150804423542
6805.520121063122 -1292.0867947769857 -120.35092366693429
6760.271201139963 -32.38437278249482 1515.5069408276172
5969.4341592205155 1774.2365413894522 3035.954094216382
4677.550535683844 2816.606278529822 4264.542977404464
2970.046019959223 3608.708187349763 5114.208502411564
998.6398815289484 4080.1605371686373 5509.454158645041
-1061.4997928341097 4189.07271777048 5415.160635041563
-3027.320552288743 3925.767403955586 4839.706324973609
-4724.150595495087 3313.640428352749 3834.2228692303706
-6001.219126698288 2407.0819590192596 2488.051885346086
-6745.053002577975 1286.6436943217282 920.8065728129549
-6889.559319001055 51.88149104084781 -728.2564446077098
-6421.898055597808 -1187.4906103971734 -2312.6106810241963
-5383.622967919262 -2321.348959884703 -3691.4793097068778
-3866.9893539008376 -3248.9452672143525 -4742.343801931974
-2006.7567657850443 -3887.858529790546 -5371.830235922428
31.784967477767704 -4181.318500408709 -5524.005979562465
2067.5024668941314 -4103.24997285155 -5185.349550217419
3919.513299041833 -3660.589678390613 -4385.9520578038555
5423.258174068862 -2892.6699267714553 -3196.8434776208333
6445.122760753371 -1867.7237578857653 -1723.6813253346693
6894.3099061895655 -676.8221367412214 -97.36252304162223
6730.9073612801285 574.2181014378015 1537.607366692063
