4071.2817765367126 3373.587440894028 4476.90174372207
2238.100514438308 3945.905323251353 5236.393225825117
206.05419988974094 4167.612201317497 5530.608190280422
-1844.3009345730093 4019.0084460316784 5333.404346355029
-3730.7818374175986 3513.2981531878786 4662.304120996524
-5285.766401741203 2695.4159015783393 3576.9377143028437
-6371.087425066316 1638.0341184757026 2173.744694560734
-6890.309371617628 435.1058155521807 577.4049193854465
-6797.297092876081 -806.4835485135857 -1070.2398167770064
-6100.3151379855235 -1976.4133100991496 -2622.7890485487296
-4861.293412292899 -2970.7300757354615 -3942.291963436752
-3190.324433483306 -3701.084437308461 -4911.504936910081
-1235.8811282505317 -4102.581204685075 -5444.309142954551
828.3756388022957 -4139.545628144341 -5493.362589690355
2819.027595080923 -3808.693256446207 -5054.306663107514
4559.196578437774 -3139.421774737769 -4166.153409048113
5894.260938095786 -2191.198891218347 -2907.819141731691
6705.594346865913 -1048.278370296217 -1391.112382918277
6921.106270900899 187.78628412059004 249.200815913568
6521.647529991734 1407.165303106746 1867.3714286517218
5542.711786264013 2501.511509668644 3319.617895129628
3737.6359413407968 3723.6661396957556 4490.374683513657
1858.0286463694642 4129.118845924647 5243.775724967643
-186.67264765621553 4167.681222353536 5531.244281327513
-2214.7872577382022 3835.9268326085166 5327.237509825712
-4046.108300536369 3163.333510098591 4649.882307379144
-5517.914864778056 2209.6641231559497 3559.364656249536
-6499.430478313679 1059.6563819196087 2152.5818353976315
-6903.44317157026 -184.50647907572883 554.5326720208532
-6694.0546437714565 -1412.275129711831 -1092.789152791514
-5889.869984498606 -2514.5569374057204 -2643.011865752159
-4562.344529834367 -3393.40932625974 -3958.3913757741807
-2829.4347421751318 -3970.742404744041 -4922.050440944244
-845.1172609038047 -4195.257595250798 -5448.363724373815
1214.2925977348484 -4047.005737834805 -5490.565981142388
3165.8072302294645 -3539.1596606200333 -5044.9073555345185
4836.025997401994 -2716.843716212817 -4150.986572176131
6076.542632154817 -1653.1242849478244 -2888.2324155753654
6777.131787572572 -442.51750634877544 -1368.8461340515291
6875.54304271151 807.4088946454535 272.1681335651038
6363.03212568186 1985.593472094858 1888.999068124293
5285.137880578822 2987.3493559152002 3337.9841457447633
3374.077199520294 4041.130393400423 4503.770081106738
1463.2385141998047 4276.014277949247 5251.067671778387
-577.6153344237989 4130.955528922696 5531.784855881604
-2567.145525760686 3618.8432527516193 5320.978679701746
-4328.573571401174 2785.1808725415135 4637.380197100053
-5705.388859590418 1704.0429492411524 3541.730133178221
-6575.255309918429 471.4933318314096 2131.3818042968232
-6860.881470927531 -802.9505372259607 531.6508486886638
-6536.888204762305 -2006.048727360408 -1115.3196179368003
-5632.063734942553 -3030.9006846690518 -2663.189042009066
-4226.80568636856 -3786.4438152562666 -3974.422432486202
-2445.9774035294695 -4205.5447963229735 -4932.510948371381
-447.8132943917644 -4250.964666507027 -5452.324220525991
1590.140991148954 -3918.667671020753 -5487.674558556126
3486.804271407239 -3238.1798561744695 -5035.420929795411
5073.649690562503 -2269.9655505888395 -4135.748053841588
6209.679069366354 -1100.054844253644 -2868.5958138725387
6793.951212129251 167.60056250466067 -1346.556247215527
6774.550974930642 1420.3639237814593 295.1307512713285
6153.202153982167 2546.921717265869 1910.5940873477664
4985.114318769491 3447.1743391893433 3356.2927542592993
2983.7632171578994 4323.442202213992 4517.087705182415
1057.1767094811837 4385.437481516155 5258.268940336101
-963.3445881765327 4057.767395410206 5532.229904607763
-2898.268491606665 3369.5468690031475 5314.627964063964
-4575.668520715761 2381.9273162722793 4624.7980060524105
-5846.500321768694 1182.6630685747566 3524.034449611332
-6597.844912288406 -121.68598279701769 2110.144967351834
-6762.942028185799 -1415.2227005871373 508.7598445244618
-6327.122066196633 -2583.0106708275607 -1137.830823144709
-5329.109542508037 -3521.2868076093387 -2683.3202288891616
-3857.582249555565 -4146.681158622393 -3990.384856739941
-2043.291845009226 -4403.624691281308 -4942.886278553853
-47.445993195240625 -4269.286845131223 -5456.190563019107
1952.6156433274496 -3755.604127334503 -5484.688371862211
3779.1788110278985 -2908.2195016268515 -5025.847549706874
5269.945356715451 -1802.426810688595 -4120.438117191394
6292.454130684571 -536.4805878008679 -2848.9096757186026
6755.850741162239 777.1342896192507 -1324.2431073240202
6618.960365724984 2021.6973750090297 318.0882725014458
5893.946314963929 3086.6237765564615 1932.156113407771
4645.229268960946 3877.290110131515 3374.5434045103734
2570.0652828970565 4568.36683195818 4530.327325764796
643.3774115528583 4456.559431044146 5265.379406285419
-1340.4773662230893 3948.767167392902 5532.579419820651
-3205.2248474220846 3090.1096120395064 5308.185472579937
-4785.174035030063 1956.8822569337258 4612.135951512231
-5939.939510235249 649.7773256630418 3506.2779111274085
-6566.915292960835 -715.063172493632 2088.8716912917384
-6610.391833473753 -2016.3671697711884 485.8600548223802
-6066.506050355775 -3138.5080953330043 -1160.3223796796888
-4983.584582240387 -3981.778803508557 -2703.4050787563137
-3457.8497538922124 -4471.25099124391 -4006.2783728876716
-1624.8698003870227 -4563.432906645453 -4953.176252324889
352.4869655062326 -4250.13378199609 -5459.962685087086
2298.523717650707 -3559.19161941147 -5481.607472627705
4040.326550576695 -2551.999662186994 -5016.187380587178
5423.12863880292 -1318.0513357111522 -4105.057026605745
6324.061948463479 33.01163611565448 -2829.1743410643385
6663.074601314305 1381.1413792044086 -1301.9070996922626
6410.043835417082 2606.550649711727 341.0403008126605
5587.452544729005 3600.3564563330447 1953.6847739596788
4268.391575310132 4274.254791905099 3392.7357813359617
2136.539381878741 4773.9906285675315 4543.488714225023
225.4318844805381 4488.882551269319 5272.398946838996
-1705.7062251453067 3804.917560154213 5532.833395484651
-3485.284851298518 2782.8689462137136 5301.651316502058
-4955.180623493197 1513.5502139829111 4599.394252134667
-5984.786851838514 109.74590313400626 3488.4608243558796
-6482.618504593464 -1303.8098128203178 2067.5623434748945
-6404.441054712552 -2601.5163052304197 462.95187502828475
-5757.200911693768 -3668.066657354561 -1182.793899145468
-4598.408202610961 -4408.693189927327 -2723.4432447745617
-3031.0267449441294 -4757.587985343669 -4022.1027064716423
-1194.3252595472286 -4683.750209931236 -4963.380691991711
748.4972663705065 -4193.740674067164 -5463.640521590904
2624.8125254450806 -3331.098875384404 -5478.431914055238
4267.901672833803 -2172.47432333711 -5006.440589253301
5531.769027213245 -820.8158939147795 -4089.6050476935625
6304.114427756271 603.775629773114 -2809.390150710091
6516.311596242651 1974.719039129959 -1279.5486100304138
6149.50588304044 3170.1999959483273 363.9864398570397
5236.289585468006 4083.9947709331595 1975.179697235027
3857.805979148393 4634.908688204719 3410.8695705803348
1686.895800309317 4938.736090010059 4556.571643285168
-193.0424507330316 4482.244207258853 5279.32744077965
-2055.828032874886 3627.485256687983 5532.991827213976
-3735.944272443094 2450.4083221035335 5295.025608665642
-5084.105468483335 1055.6018546603766 4586.57312795021
-5980.521582419463 -432.9994700017843 3470.583496971759
-6345.542108670941 -1883.12689156742 2046.2172918825413
-6146.7333716141275 -3165.93022485103 440.0357007328916
-5401.760399994291 -4167.426764200681 -1205.2449934917522
-4176.817311599896 -4798.62914709997 -2743.4343809141114
-2580.7456754089812 -5003.4522718422695 -4037.8575842287746
-755.3634605421162 -4763.696704942743 -4973.499421338566
1137.1361126518389 -4100.665780670399 -5467.224009019701
2928.5961519970774 -3073.2727063100974 -5475.161750982055
4459.837571304828 -1772.8058651590186 -4996.607344018058
5594.802850727323 -314.8174430581681 -4074.082447287892
6232.645344474783 1171.143890411983 -2789.55744629987
6316.689947852077 2553.0439497387392 -1257.1680244368652
5839.468929025459 3708.0948502823617 386.9262933883469
4843.3854697676115 4533.66525067218 1996.6405120479474
3416.9459566738824 4956.399597877516 3428.9444590995013
1224.967519326398 5061.374076039032 4569.575887022222
-608.4331039111156 4436.817321796255 5286.1647684624195
-2387.7717758014282 3418.0298778597685 5533.054712272741
-3954.946446847948 2095.5354794983773 5288.308463486964
-5170.706770095418 586.8435576775663 4573.6728003609205
-5927.027105546988 -973.9919895634217 3452.6462376903223
-6156.705072340671 -2448.2840742382646 2024.8369051124782
-5839.332775201694 -3705.0353747993317 417.1119276650047
-5003.110135496235 -4632.5780230295495 -1227.6752750210605
-3722.3392044647453 -5148.495784179783 -2763.3781419572883
-2110.822099900009 -5206.947101104039 -4053.5427340953884
-311.7491885689443 -4802.738317784209 -4983.532265629818
1515.0240062552498 -3971.7851584592922 -5470.713085491903
3207.1806695503155 -2787.921457913189 -5471.797039879088
4614.365255875281 -1356.3387012397059 -4986.68781468722
5611.543239407348 195.76070123329396 -4058.489493441357
6110.110980266174 1730.465906320023 -2769.6765703154433
6065.76854674796 3111.4116216056645 -1234.7657293915736
5482.455958664363 4215.894760106647 409.85946526889956
4412.003099291749 4945.77714802272 2018.066847801579
2949.524402790362 5236.2055321514545 3446.960134766606
754.6776664037378 5141.033060465427 4582.5012208719
-1017.1634977530399 4353.108120096785 5292.910811816669
-2698.6252213859725 3178.390419957212 5533.022049575014
-4140.302251377048 1721.2587828678152 5281.49999696129
-5214.095256916112 111.1857493008541 4560.69349213657
-5824.593017198021 -1508.7666260221024 3434.6493562617848
-5917.5501270964405 -2994.6584655097217 2003.4215523726925
-5484.706939461339 -4214.461758494576 394.1809516846228
-4564.523471015135 -5059.79162937639 -1250.0843563952412
-3238.7620610879094 -5455.536809458277 -2783.274183504556
-1625.222428959833 -5366.5336027908415 -4069.1578852119032
132.72534815249477 -4800.690334870622 -4993.479051612928
1878.8798956258659 -3808.284663214619 -5474.107690756258
3458.087719044275 -2477.4961868500127 -5468.3378388499705
4730.029273057597 -926.5713019708461 -4976.682172556515
5581.686968768174 706.6835092796043 -4042.8264554214265
5937.387282473895 2277.1463895010716 -2749.747866070461
5765.524680336883 3645.274819923029 -1212.3421117493851
5081.369908763618 4689.504585569771 432.78555947636045
3945.71312157215 5317.051289236725 2039.4583344944813
2459.462408052163 5472.154652359736 3464.9162864772816
280.0062998384209 5177.205355672578 4595.347421632616
-1415.7235798123436 4231.951026288355 5299.565454348103
-2985.6602065961883 2910.6692766072247 5532.893839684831
-4290.307821669957 1330.761788437805 5274.60032666087
-5213.742759082584 -367.3897245862329 4547.635427410814
-5673.913772217479 -2032.8970483175242 3416.5931634659505
-5629.932647130383 -3517.7725480840645 1981.9716034749804
-5085.70729979327 -4690.078519462765 371.2431687761485
-4089.5945406106425 -5445.650432316625 -1272.4718506422578
-2730.103359604713 -5717.352406415852 -2803.122161980367
-1128.030514236662 -5481.0425290172525 -4084.7027679275134
574.2727926017086 -4757.717969756506 -5003.339607521462
2225.549441662778 -3611.649289981474 -5477.407766192908
3679.0762561692413 -2144.6697213297384 -5464.784207630041
4805.7009999548445 -487.12683620980846 -4966.590590408756
5505.318120422985 1213.6994060282693 -4027.093603705844
5715.763566200909 2806.683129808634 -2729.771677704463
5418.338335906611 4150.2807405794565 -1189.8975587333423
4639.469966480876 5125.107694342742 455.70418011065067
3448.36433055471 5644.5463382990165 2060.8146027269663
1950.8563909611453 5662.442269413811 3482.812604155065
-195.0431931585872 5169.75026466541 4608.114267469285
-1800.6998036197526 4074.500760326861 5306.128581140791
-3246.3563342883513 2617.2139827812116 5532.670084816188
-4403.559858255316 927.3762574110626 5267.609571732916
-5169.48776411216 -844.8629181537422 4534.498831677318
-5476.083996204244 -2542.032315820742 3398.4779711068236
-5296.106133834782 -4013.3309867019807 1960.4874288285698
-4645.545999895143 -5128.027587201812 348.2989750415149
-3582.2087172219717 -5787.076432600359 -1294.8373711628706
-2200.576469759623 -5931.91814079573 -2822.921734639196
-623.4133458883349 -5549.682890387407 -4100.17711380486
1009.1427895695192 -4674.333960785945 -5013.113763078052
2552.032159623946 -3383.649945791926 -5480.613254814373
3868.162272887112 -1792.313784211086 -5461.136207585314
4840.589193053724 -41.72267746359596 -4956.413242510791
5382.90852084172 1712.5756722734834 -4011.2912099779282
5446.932804047971 3314.7041580145174 -2709.7483501769916
5026.97320414366 4622.306632976359 -1167.4324579280537
4160.3449745426415 5519.196878939691 478.61493140073617
2924.0518365802945 5925.682261612668 2082.1352837075533
1427.9438609476663 5805.644770913072 3500.6487787567526
-666.4778016363365 5118.8941418403965 4620.801537917164
-2168.8042239555425 3882.2217078005933 5312.600078859127
-3478.4228733357063 2300.596838173376 5532.350788833008
-4478.968385612645 514.5538434715179 5260.5278528975305
-5081.537901198893 -1317.2095183051447 4521.283931785863
-5232.59047430184 -3031.9330339016374 3380.304092007288
-4918.704420917989 -4477.255994016998 1938.969399433693
-4167.769894356757 -5524.755110949637 325.34876669336103
-3046.510722724987 -6081.355491285939 -1317.1805317372375
-1654.555703987021 -6097.600748632478 -2842.672559571403
-115.58615005167627 -5572.047420582876 -4115.5806556246125
1433.6537405572074 -4551.393226687146 -5022.801349497336
2855.507204831786 -3126.327771140055 -5483.724101266563
4023.6363227700804 -1423.4743734637373 -5457.393901711407
4834.247695993091 405.86096910924084 -4946.150304610522
5215.314946680525 2199.133783485325 -3995.4195471219014
5132.978577322725 3797.0039104591 -2689.6782292616035
4594.55453566433 5057.493577111372 -1144.9471972729173
3647.884160641686 5868.602744992293 501.5174177114754
2377.0832694700634 6158.260805041698 2103.420009259268
895.0680981479162 5900.7303674807345 3518.424502277705
-1130.3484159792704 5025.227369661575 4633.4090138856645
-2516.9024592261594 3656.8746582139865 5318.979835749823
-3679.818673726276 1963.5925854539853 5531.935957249061
-4515.766850447555 95.83669439225254 5253.355292445629
-4950.469325390149 -1780.4347075386388 4507.990955938417
-4945.300875995021 -3498.5066723956793 3362.071840003625
-4500.720741672294 -4905.720966466724 1917.417886875246
-3656.231818364331 -5877.040424265332 302.3929400482041
-2486.870652885621 -6326.159049400866 -1339.5009465317062
-1096.540116445951 -6213.1706811054055 -2862.3742957091495
391.2228214270076 -5548.11483174329 -4130.913127390162
1844.2238947630958 -4390.084632079872 -5032.402199488881
3133.3575818062222 -2841.9761472870737 -5486.740251829709
4144.0786971926 -1041.345610000925 -5453.557354632465
4786.580234343601 851.8130546037615 -4935.801953933863
5003.7731121117895 2669.284391186867 -3979.478889218137
4776.358790172226 4249.578095651418 -2669.561661539911
4124.54402902055 5452.278137351035 -1122.4421650554696
3106.2454306270592 6170.519339618501 524.4112435504505
1811.943294188798 6340.482819682758 2124.668411826088
356.6420444796933 5947.066576467647 3536.139467757216
-1582.782891670484 4889.698284313993 4645.936477662128
-2842.04028394031 3400.5010296319288 5325.267741643817
-3848.769924893671 1609.1543356141062 5531.425597227884
-4513.519467971617 -325.172782780541 5246.092014236839
-4777.222999066338 -2230.6068724278725 4494.62013368524
-4616.449302196191 -3937.8417526029457 3343.78152994014
-4045.4838258718282 -5295.1821121253715 1895.8332633162895
-3115.0593583054088 -6182.0223034614855 279.43189151956625
-1907.8481965406963 -6519.562683777023 -1361.7982301053628
-531.1163500594566 -6277.811309009374 -2882.026602832301
892.8075148902793 -5478.248849715084 -4146.174264332163
2237.4015141207738 -4191.919939224506 -5041.916147260051
3383.192570146814 -2533.1205461961786 -5489.6616544193075
4228.372119419262 -649.2422762218898 -5449.626632600039
4697.84224997589 1292.3240191474981 -4925.368369181688
4749.888480481017 3119.0616541450836 -3963.4695115384734
4379.886274953138 4668.65697339527 -2649.3989943955953
3620.7119530813384 5803.421632495618 -1099.9177499046802
2539.8214849455694 6422.526811652371 547.2960135748001
1233.2567320493768 6470.962298799128 2145.8801244791703
-182.88829354743237 5944.424388347263 3553.7933692837482
-2020.01837503559 4713.6041089617265 4658.383712915592
-3141.468626324723 3115.4047188223267 5331.463687958176
-3983.785604056907 1240.3879476871398 5530.819717582646
-4472.125748313465 -744.842735952901 5238.738143697343
-4563.097894231776 -2663.890873815018 4481.17169592085
-4248.6187674223165 -4346.240617246107 3325.433477663719
-3556.631218371012 -5642.407808672105 1874.2159014916974
-2548.6213775484293 -6437.222304998747 256.46601761114397
-1314.1553428899535 -6660.061350241461 -1384.071997416765
37.07916106000923 -6291.124717317382 -2901.629141574252
1385.0190188305735 -5363.194045113569 -4161.363802913117
2609.8938587221974 -3958.7200460119975 -5051.343028518899
3602.868175935794 -2202.496398265494 -5492.48825858701
4275.711844790933 -250.5712800368405 -5445.60180349195
4568.6397525840175 1723.6181960370252 -4914.849730526731
4455.623969214688 3544.6566314191236 -3947.3916905414308
3946.7064429969028 5050.736769630238 -2629.1905760084023
3087.1067294828927 6108.036781066461 -1077.3743407842314
1953.2040355095883 6622.610919827014 570.1713325980361
645.750591486522 6548.737015511607 2167.054780923295
-719.0806264199196 5892.979088708948 3571.3859020002515
-2438.4326210811028 4498.578978249343 4670.750504700524
-3412.6667600625083 2804.1317360785165 5337.567567697977
-4083.6704811709587 860.5250834276779 5530.118328776004
-4391.822159134637 -1159.5429992378442 5231.293807817721
-4309.741165065105 -3076.580597850445 4467.645874880084
-3844.720755491952 -4720.25050899245 3307.0280000183634
-3038.080034514202 -5944.505447932317 1852.5661747016604
-1961.4925700752274 -6640.564990790914 233.4957149099612
-710.6178829167063 -6746.58119257826 -1406.321863830552
603.3983216341701 -6253.13404852112 -2921.1815734278625
1863.7999373379366 -5204.068502826093 -4176.481480831927
2958.5947494579186 -3692.5986329765046 -5060.682680476977
3790.505434509366 -1853.0251698847426 -5495.220015521502
4285.6130773455325 151.1977114182792 -5441.482936811104
4399.9251911563315 2141.9860125415576 -4904.2462196104925
4123.2846429792235 3942.4494564997362 -3931.2457038674393
3480.272159536794 5392.60896509344 -2608.9367553481493
2528.022221796706 6363.611502063933 -1054.8123269858029
1351.1464156071838 6769.179230826944 593.0368055968946
54.21532098259336 6573.275678877209 2188.192015503136
-1247.5330428313216 5793.307736514048 3588.9167621094352
-2834.5740426159073 4246.579161944111 4683.036639460525
-3653.3634948578724 2469.4478025650974 5343.57927545815
-4147.535568060093 472.89516893498563 5529.321442919913
-4273.180904880125 -1565.6762757212728 5223.759135150759
-4019.135365756025 -3465.13051242254 4454.042904134068
-3407.972011699468 -5056.692696620247 3288.565414839745
-2493.995388764564 -6198.945543792873 1830.8844568052716
-1358.4163308194327 -6790.394875775048 210.52138007954977
-102.1360205691173 -6778.4878238875135 -1428.5474451240968
1163.2195233252996 -6164.282381943722 -2940.6835607512517
2325.2179078674703 -5002.35339885656 -4191.527037028416
3280.6104772448994 -3395.943363814677 -5069.934941852174
3944.5064089971634 -1487.7888580458814 -5497.856878049335
4257.915636128774 552.5622168141714 -5437.270103684299
4192.990373435338 2543.8157138309257 -4893.558019540076
3755.499515426997 4309.040021322414 -3915.0318303340628
2984.316044734789 5691.387213008744 -2588.637882168654
1947.9629970126518 6568.029674577833 -1032.2320981223388
738.5248885111289 6861.073876237205 615.8920377180995
-536.5343972977104 6544.48155466612 2209.291463209608
-1763.9202473642088 5646.383326978703 3606.385646879027
-3205.190241092175 3959.8656189191875 4695.2419050320295
-3861.556187894115 2114.3141051535567 5349.4987074253
-4174.805921241455 80.89650463039058 5528.429073775428
-4117.105827652465 -1959.709105337643 5216.13425580922
-3693.5828136552223 -3826.185961254658 4440.363018586216
-2941.8687576435086 -5352.689403573684 3270.0460409496677
-1928.756752336767 -6403.582902494636 1809.1711222140525
-744.2662453753187 -6885.489958868227 187.54340985303145
506.35558364635574 -6755.591015921388 -1450.7483574941402
1711.9854969561677 -6025.428164787066 -2960.134766773647
2765.497985936815 -4759.879579055443 -4206.500211687853
3573.283842678964 -3071.3948043372584 -5079.099652871472
4063.567748901226 -1110.0031226596066 -5500.3988006357595
4192.785827960267 950.0172076348078 -5432.963376860999
3949.4564864674917 2925.624339949036 -4882.785314885059
3355.2006042477665 4641.27691076783 -3898.7503499311697
2462.820424285284 5944.531660156674 -2568.2943070017777
1351.6078417156484 6719.588684393076 -1009.6340441213662
120.29897097625906 6897.580765591915 638.7366342852557
-1121.6989912577203 6462.692526233287 2230.3527596860954
-2264.0290756234904 5453.5656948598225 3623.792254646933
-3547.254782924333 3640.9840348314724 4707.366090647967
-4035.5274171073534 1741.8614191546587 5355.3257613795
-4165.225730660012 -312.03322764699715 5527.4412367524565
-3924.825459251475 -2338.202352836952 5208.419301463617
-3335.6872219756156 -4156.611937945306 4426.60645446811
-2450.1585366049494 -5605.688311376195 3251.4701981506387
-1346.9225129132953 -6556.674678183339 1787.4265458855375
-124.00651307721452 -6925.071726340989 164.5622010263206
1109.9280096394075 -6678.145761436526 -1472.9242175634247
2245.240557860714 -5837.837239068465 -2979.534855601181
3181.0536294402004 -4478.811259082417 -4221.400746245428
3834.216126220007 -2721.823243787418 -5088.176655273728
4146.6916940048395 -722.9892887573299 -5502.845739385487
4090.715507320571 1340.085437365067 -5428.5628307120705
3671.2612960015463 3284.0876915095123 -4871.928291674287
2925.5994074679593 4936.284342281864 -3882.401543816094
1919.9851727992957 6149.870466715462 -2547.9063811512724
743.7718298112759 6817.013611919353 -987.0185552181898
-498.52890424439113 6878.4351817327215 661.5702008056169
-1696.5331573998994 6328.6776001335165 2251.3755412348605
-2743.7929944072653 5216.589240818266 3641.13628482652
-3857.992000326193 3292.742517667519 4719.4089869413965
-4173.859177384884 1355.3628229827752 5361.060336696064
-4118.860649853617 -702.4468064357577 5526.357948909499
-3697.883278260611 -2697.840954465449 5200.614405339918
-2948.332749500679 -4453.52009441084 4412.773449335486
-1936.8099174024405 -5813.48443001682 3232.8382072202626
-753.1930245926677 -6656.895161959586 1765.65110331672
497.3483737852997 -6908.811545458992 141.5781504512575
1703.6981865750658 -6546.849704324279 -1495.0746423872947
2758.6669389312806 -5603.171536583648 -2998.883492222719
3568.516027552993 -4161.626988704277 -4236.228383390717
4061.286806951977 -2350.303619879298 -5097.165792312395
4193.194430889681 -330.14546029048176 -5505.197652043469
3952.518328112163 1719.3475722646328 -5424.068541228503
3360.6436265408943 3616.0690277914755 -4860.987137392655
2470.1609908098185 5191.486881341506 -3865.9856943087702
1360.1937109223397 6305.6183430194 -2527.474456686783
129.36725070761983 6859.46794316971 -964.3860219492029
-1112.9540574512976 6803.823714290136 684.3923429769096
-2256.3845134872417 6143.6298903072975 2272.3594448232093
-3199.325303519488 4937.547589694965 3658.4174379117726
-4134.899612814587 2918.187144644585 4731.37038594913
-4275.444482140807 958.2052404902441 5366.702334347259
-4036.09734674974 -1086.9174042960803 5525.17922895335
-3438.1252499784855 -3035.4626678522445 5192.719702217257
-2534.660636782505 -4714.293752461206 4398.864242064092
-1405.9803028333927 -5974.239148826634 3214.1503899057525
-152.3724489346 -6703.347179302132 1743.8451705376224
1114.7743657274996 -6836.833395742063 118.59165502875524
2282.868585887996 -6362.836962021131 -1517.1992494603385
3248.1199139885584 -5323.474541374527 -3018.180342515634
3924.7615335917767 -3811.098046043549 -4250.982867072146
4252.670867403054 -1960.08876459334 -5106.066908758234
4202.711732106866 65.08300529888862 -5507.454497995615
3779.3232161163264 2084.4718645582316 -5419.480586020107
3020.1252470870877 3918.6462510974798 -4849.962040977886
1992.5758962528114 5404.631721530887 -3849.5030848869224
787.977432761179 6410.391945670617 -2506.998886437715
-486.6362836132884 6846.560713895808 -941.7368351451166
-1718.0102306205506 6674.382517054545 707.2026666941439
-2796.7314292734754 5909.156143527742 2293.3041080898656
-3626.9507671817228 4618.87531474388 3675.635415482484
-4375.768984316099 2520.57557160193 4743.250081115313
-4339.496275040215 553.8600563891146 5372.25165690405
-3917.640278161268 -1462.0683554087034 5523.905097238779
-3147.6847502865066 -3348.085577647149 5184.735328425598
-2098.0436189617767 -4936.6107034801025 4384.879072845571
-861.9821049795346 -6086.496304349587 3195.4070689183604
450.6703017763163 -6695.569998428534 1722.0091241047876
1723.2786744852856 -6709.712915122129 95.60311170194586
2842.766174482347 -6127.668394216982 -1539.2976567229746
3709.6614246027693 -5001.153645655824 -3037.4250732515484
4246.936977566211 -3430.2644484768725 -4265.663942501331
4406.8535426969465 -1554.5812015831582 -5114.8798509019925
4175.201831400819 459.23340723846496 -5509.6162382695
3572.5651148132815 2432.2431125143294 -5414.799044314141
2652.4903098308127 4189.137343520196 -4838.853192817258
1496.730100557868 5573.80833782787 -3832.9540001810765
207.9788535584982 6463.222001064525 -2486.4800239872293
-1099.2522272797066 6778.350026124014 -919.0713859242612
-2308.8099237351576 6491.191905063249 730.0007780564106
-3313.2197264212855 5627.26289711113 2314.209169351138
-4023.2354165895986 4263.326885914199 3692.7899202093563
-4578.702851120659 2103.3489318542524 4755.047867294996
-4365.553579745511 145.85305775453833 5377.708208537757
-3764.505714893631 -1824.6025005922907 5522.535575768174
-2828.9649970122423 -3632.9341196252676 5176.661421843394
-1642.0583244378981 -5118.463599260772 4370.8181831833535
-309.2475636829842 -6149.195126094419 3176.6085679278076
1051.0412002157511 -6633.543680676241 1700.1433410947773
2317.9403410569803 -6528.472768403015 72.612917449311
3378.880310481644 -5843.318400926327 -1561.3694825680532
4139.591936348008 -4638.9595505468915 -3056.617352102138
4532.482652369852 -3022.408786362701 -4280.271356157627
4522.642394256133 -1137.303737887682 -5123.604466557057
4110.94551212351 848.8557386739141 -5511.682835535033
3333.9730806514785 2759.5906577122723 -5410.023996953987
2260.762510063677 4425.123836548771 -4827.660784744309
986.6732692638676 5697.465343171791 -3816.3387259697056
-375.086221454372 6463.562051139169 -2465.918223666036
-1703.5176553576148 6655.3429059879645 -896.3900656857586
-2880.5840698182365 6255.767337148446 752.7862833737092
-3801.6979484405333 5300.339387420499 2335.0742676072373
-4385.01428086723 3873.953022963963 3709.8806558592128
-4742.13037757838 1670.1022653751509 4766.763540757678
-4353.484839247437 -262.2660399852655 5383.071895021719
-3578.0130679958093 -2171.330856757459 5521.070688191169
-2484.619133801047 -3887.4633981781985 5168.498121895191
-1170.4558859965691 -5258.177756818698 4356.681815888399
247.70750373976225 -6161.6799466328375 3157.755211556674
1643.8609947223194 -6517.689833101569 1678.24819909766
2893.95022235866 -6294.574375488506 49.62146927788554
3886.899272847056 -5512.158361328626 -1583.4143458474523
4534.480265566483 -4239.9628870561555 -3075.7568476448373
4779.152787451443 -2591.0281034980735 -4294.804855792384
4599.176611204779 -711.8691024046637 -5132.2406050620875
4010.5434098984465 1230.5425924235199 -5513.654254105105
3065.55582664277 3063.615177767648 -5405.155526397722
1848.1801552197178 4624.472110113359 -4816.385010035563
466.5855664003843 5774.424401313896 -3799.6575491742733
-956.4671975706724 6411.293743813602 -2445.3138405463264
-2294.533653650401 6478.49150167629 -873.6932661028119
-3428.720725208209 5970.046859223359 775.5587891736882
-4258.2509136382005 4931.137354209311 2355.899042548425
-4709.416821365093 3454.0746553339213 3726.9073273000654
-4864.819419249557 1224.5537310201921 4778.396899190825
-4303.488420416551 -666.9542209651248 5388.342623732925
-3359.7735898816677 -2499.2003635372953 5519.510459804227
-2117.5281317622407 -4109.381586249036 5160.245569549227
-687.1310065166025 -5354.426221298481 4342.470215075092
804.3207240828037 -6123.706589073117 3138.847325374868
2224.30502864408 -6348.868752964867 1656.3240762104917
3446.6500702084995 -6009.906066604073 26.629164216313498
4362.745127660183 -5136.936852187139 -1605.4318658786385
4891.191134927613 -3807.5282553773104 -3094.8432293685723
4985.033345217972 -2139.8040640146583 -4309.264190433307
4635.9334663272075 -281.9488911888623 -5140.788117283608
3874.9105544943345 1600.9586779314247 -5515.530459936201
2769.5848351297695 3341.6140428260383 -5400.193716716705
1418.1693490410546 4785.352335583883 -4805.026063407138
-59.2567072436256 5803.891073152258 -3782.91075785429
-1531.4175450459495 6306.728618914603 -2424.667230435649
-2867.505213455731 6249.185650263697 -850.9813791159229
-3948.802459810607 5636.375112487336 798.3179022085227
-4679.231278577142 4522.747911141699 2376.683134561333
-4993.889863773853 3007.2547101388345 3743.8696405062137
-4945.885896998372 770.512864190467 4789.947741703366
-4216.090283663356 -1064.705688129538 5393.520303653599
-3111.6765466173892 -2805.320467675275 5517.854917550208
-1730.7766930368518 -4296.670212721973 5151.903907315013
-196.0897348915836 -5406.241953741656 4328.183626156971
1356.0206567244336 -6035.445372269354 3119.8852358938843
2787.6426621918527 -6128.372983355152 1634.3713510307725
3971.5703837551855 -5676.767760947977 3.6363993080509025
4802.606647772319 -4720.756810895582 -1627.4216624512724
5206.910235242748 -3345.2859014950714 -3113.8761676794697
5148.556998162653 -1672.5716592013387 -4323.649110388863
4632.731877725561 148.7579149722629 -5149.246855618601
3705.268199543574 1956.8696955872097 -5517.311420628992
2448.57518153046 3591.10501616803 -5395.1386535941265
974.3155132431833 4906.254896757514 -4793.584141011416
-586.5163641089549 5785.462499025115 -3766.098641202331
-2095.2336886253615 6150.606369170348 -2403.978749870737
-3417.780305125804 5969.241871923313 -828.2547969261475
-4436.6421428339845 5257.484038769408 821.0632294616271
-5061.288856268013 4078.5756766821455 2397.4261847351127
-5236.217843722317 2537.267967187128 3760.767302563355
-4984.800210066671 311.84814980114913 4801.415868829155
-4092.1388418202037 -1452.0820125059781 5398.604845372789
-2835.872979422493 -3086.9883156449914 5516.104090017905
-1327.6273577794962 -4447.602159913864 5143.47327924084
298.58378079889707 -5413.027034293783 4313.822295842523
1898.2644401399764 -5897.480701998822 3100.8692705612543
3329.2759735783284 -5857.917328663483 1612.3904026499622
4464.466726477275 -5297.852293629618 -19.35642839550673
5202.970018739193 -4267.049833064902 -1649.383355833761
5479.166591978281 -2857.101269192615 -3132.855333906535
5268.515168593551 -1193.2867193701472 -4337.95936725254
4589.73305198128 576.556592120874 -5157.616673997024
3503.133011988732 2295.170320225014 -5518.997105428895
2105.2642306349853 3809.848093188102 -5389.990424323538
520.333483589393 4986.0041438284725 -4782.059440433649
-1110.831176918981 5719.131845570883 -3749.2214895390393
-2643.293612555791 5944.0895848376085 -2383.2487561113685
-3940.887810814058 5640.888879284013 -805.5139119882991
-4888.316832780184 4836.47044217292 843.7943781544978
-5401.39745212871 3602.3103817738115 2418.1278348676396
-5434.540204213301 2048.06923547538 3777.600021673564
-4981.390641267301 -147.54581440377405 4812.8010825304245
-3932.7970563497297 -1825.7416546988625 5403.596161087903
-2534.757194179868 -3341.7123368386715 5514.258007441544
-911.4930317084073 -4560.757212987307 5134.953830911319
792.7612866516401 -5374.5587962086565 4299.386472130896
2426.575285717084 -5710.80724452407 3081.799757754876
3844.777421796316 -5539.6254076987125 1590.381610646859
4921.354211421139 -4876.223543153637 -42.34892184187541
5560.647082353962 -3779.5478178447966 -1671.3165667797846
5705.852057521844 -2347.0426826480493 -3151.780400307349
5344.067037659582 -705.9925052708453 -4352.194713907145
4507.438209449345 997.7882043967535 -5165.89742788437
3270.3037157627614 2612.9110533822764 -5520.587485226601
1742.5883854391734 3995.8652887035 -5384.749117807305
60.036429846144514 5023.769357557421 -4770.452160688542
-1627.850026004236 5605.289472543662 -3732.2795943081173
-3171.0948633419653 5688.755019486711 -2362.4776071341953
-4432.574005951177 5266.749718258153 -782.7591170041715
-5300.199496100993 4376.770591811904 866.5109557534821
-5696.879001479846 3097.8961911417978 2438.787727471721
-5587.365807235501 1543.7601189952213 3794.367507160448
-4935.843732884816 -603.7812862987656 4824.103186201209
-3739.531842538576 -2182.4686064912953 5408.4941646062225
-2210.946137317568 -3567.234013391372 5512.316701700273
-485.90816521860495 -4635.035023652985 5126.3457094448495
1282.3048797329175 -5290.99283154687 4284.876404307637
2936.579508817872 -5476.822707218209 3062.6770267773195
4329.926161577451 -5176.012850712635 1568.3453550810777
5338.539873312893 -4415.291537862972 -65.3406839843572
5872.800889508122 -3262.252195686421 -1693.2209165349025
5885.237774308349 -1819.347429765177 -3170.651040073714
5374.745455920697 -214.7856606345922 -4366.354904529078
4386.6834170925495 1408.8607570147228 -5174.088974284139
3008.8453060126285 2907.3237137196784 -5522.082532558577
1363.6580853933485 4147.458199880663 -5379.414824555135
-402.6961404280604 5019.072824161723 -4758.7625022168495
-2133.26904696955 5444.720802177719 -3715.2732480713194
-3674.2916369907753 5386.581443156533 -2341.6656616265473
-4888.837290702096 4849.820684287578 -759.990804915769
-5668.988296825465 3882.1320745321436 889.212569976504
-5945.42481483051 2569.4989934985306 2459.405505781265
-5693.5842469708095 1028.5546508319746 3811.0694694740628
-4848.7016374500145 -1053.0102011895995 4835.321984670695
-3514.1008782517206 -2519.1999082783527 5413.2987713463945
-1867.2568346430367 -3761.5476481898927 5510.280206317599
-54.49882695468787 -4669.665372279784 5117.649063491091
1763.101640672764 -5162.862835553667 4270.29234294039
3424.0427902823144 -5197.31727903823 3043.501407850161
4780.742711811008 -4769.967274229034 1546.2820164864895
5712.652663451449 -3918.784744447991 -88.33131778885185
6136.9683563809385 -2719.4009928191485 -1715.0960268430538
6015.987479203938 -1278.3865290836227 -3189.466927337315
5360.4597137734545 276.2181878678657 -4380.439694592584
4228.631578784218 1806.2797066637252 -5182.191171740315
2721.070970975971 3175.8453467945865 -5523.482221607545
971.731266173225 4263.223190895007 -5373.987636682461
-863.9510260014328 4971.794945637581 -4746.990666881834
-2622.8674781292216 5238.600901097504 -3698.2027445033405
-4148.730644560897 5039.934177273514 -2320.813278980285
-5305.960886818782 4393.447184411926 -737.2093688985046
-5991.73321945698 3356.583128889939 911.8988287999275
-6145.113761258286 2021.4719322436322 2479.9808137573964
-5752.47397798423 506.74408333402647 3827.705620195969
-4720.856473047897 -1491.4565704375975 4846.457284206666
-3258.536932907565 -2833.051807967485 5418.009898339896
-1506.6820864245715 -3922.917959716401 5508.1485564608165
379.0480754026671 -4664.215635302596 5108.864043228387
2231.0981523052874 -4991.077283118973 4255.634539874544
3884.9053673626154 -4874.459811348339 3024.2732321082726
5193.521691903387 -4324.725194124851 1524.1919758646877
6040.6708227239815 -3390.7197646594605 -111.32042624077334
6351.079841898278 -2155.434004175475 -1736.9415199531013
6097.16754586509 -728.6284734541614 -3208.2277371752925
5301.49515640272 762.9188946669473 -4394.44884087393
4034.7616570656846 2186.677570982458 -5190.203880339807
2409.5218782384577 3416.140349039725 -5524.786528202925
570.1855065171586 4342.064065599806 -5368.467647908872
-1319.814349676082 4882.176335097049 -4735.136857965884
-3092.5429089907157 4988.485812142962 -3681.0683783867944
-4590.485459440515 4651.546433170562 -2299.920819285525
-5680.543231805391 3901.296740635652 -714.4152023544593
-6265.859809370978 2804.399712136517 934.5693404652648
-6294.4272456010885 1458.3194623086206 2500.5132960946544
-5763.707198420549 -17.338871474946448 3844.2756720441757
-4553.541738012684 -1915.4481845084656 4857.508892518799
-2975.129854399266 -3121.3443388824603 5422.627464232461
-1132.3646270801776 -4049.8953509527246 5505.921788940399
811.0161666553291 -4618.595388417836 5099.990800361188
2682.3346148976675 -4776.912957249997 4240.9032482289
4315.315861374787 -4510.780846693265 3004.9928315940983
5564.862356117013 -3843.846062672136 1502.075614678328
6319.946409522026 -2835.368687541983 -134.30761235187137
6513.475489813006 -1574.9563617131892 -1758.7570186253524
6128.253688917715 -174.60225156401347 -3226.9331456159334
5198.509654363727 1241.266034865986 -4408.382101455676
3806.855223735669 2546.842386891856 -5198.126961714863
2076.9450003697057 3626.120616208668 -5525.995429821247
162.48909919788835 4383.202115807114 -5362.854953556497
-1766.404671509331 4750.816872050438 -4723.2012801669225
-3538.3456354137174 4696.300700595635 -3663.8704456071036
-4995.88906183754 4224.49760251674 -2278.9886433244665
-6009.5258210190605 3377.3293535518533 -691.6086989055143
-6489.189838633341 2230.070570358141 957.2237134859658
-6392.260861744496 884.6602304846025 2521.0025982271436
-5727.3514553149025 -539.3560531349701 3860.77933887816
-4348.32086454543 -2321.4473545153382 4868.476618761992
-2666.4063715561656 -3381.6241079932224 5427.151389285476
-747.5699711225197 -4141.328719462939 5503.599942209362
1237.691301902173 -4533.058100286637 5091.029488117406
3112.978271234014 -4522.005375902048 4226.098722391304
4711.663460086601 -4109.1526293748275 2985.6605392519523
5891.696673715959 -3331.1836390083536 1479.9333148445974
6548.226782600661 -2257.2243636573694 -157.29247916708178
6622.9182054313715 -982.7007979294526 -1780.5421461381027
6109.134281511681 379.14004620588634 -3245.5828296442105
5052.526967185449 1707.2926334071703 -4422.2392357308045
3546.980459175413 2883.7447777998977 -5205.960279045466
1726.2691717002624 3803.9635435795976 -5527.108905586554
-247.82870728794015 4386.1834550931935 -5357.149650548348
-2199.905918055218 4578.671718172703 -4711.1841395949095
-3956.5118338751918 4364.324905922689 -3646.6092431473976
-5361.564310389165 3762.1886732570524 -2258.0171125651495
-6290.218269087622 2825.76546687947 -668.7902523866039
-6659.958730409433 1638.2605981021509 979.861556654164
-6437.932631786871 305.18908579523674 2541.4483663345964
-5643.867966428038 -1054.9998160848277 3877.216335703745
-4107.0730147538725 -2706.080435009841 4879.3602735396635
-2335.107888240974 -3611.685101347014 5431.581595377385
-355.6581784057068 -4196.375696810492 5501.1830563626
1655.3933213611501 -4408.199896120939 5081.980261245787
3519.355859951126 -4228.3361895944245 4211.22121801424
5070.608185945617 -3672.766256874713 2966.276688922219
6171.314722621343 -2790.854924562434 1457.7654587286058
6723.672863823573 -1660.9638847376755 -180.27462977138637
6678.603164722707 -383.4889147340052 -1802.2965262940306
6040.110265868991 928.0607282571311 -3264.1764672073778
4864.9270633054875 2157.148102815221 -4436.02000440689
3257.473741786532 3194.56340194964 -5213.703697061691
1360.5795831217683 3948.12772371026 -5528.126936270747
-657.2080423085218 4350.8835711460815 -5351.351837406664
-2616.5998490697007 4367.044319747507 -4699.085643768264
-4343.495276481715 3995.1740160810327 -3629.2850690833775
-5684.452087463287 3268.31496855336 -2237.006589155221
-6520.320384666637 2251.051793305719 -645.9602568388992
-6776.829601737643 1033.7727876447887 1002.4824790474411
-6431.187769067391 -275.36146683554796 2561.8502473485314
-5514.1066803128415 -1560.0286465836377 3893.586378678053
-3831.976245659154 -3066.165881611536 4890.1596689070275
-1984.1664621599755 -3809.5873307603338 5435.9180060050085
39.94521887320557 -4214.510227472437 5498.671173136193
2060.5075919128085 -4244.955395400114 5072.843276013236
3897.9848230223324 -3898.2176477665676 4196.270992010455
5389.10899658166 -3205.1061550825902 2946.8416153356225
6401.387186079428 -2227.2069151428213 1435.5724291367733
6844.874032069063 -1051.4105668560665 -203.25366729669653
6680.1637820744345 217.80822433513805 -1824.019783426845
5921.891664626582 1467.6737989585167 -3282.7137372205407
4637.4334849831375 2587.130115764041 -4449.724169510225
2940.918989157298 3476.7085683504192 -5221.357082046042
983.0909351344071 4057.3662073546184 -5529.049504293926
-1062.089062698686 4277.50905337703 -5345.46161425119
-3012.897786409909 4117.576448467593 -4686.9060016103185
-4695.997319914449 3591.779106425194 -3611.8982225781638
-5961.836883499791 2746.8364285139264 -2215.9574359156604
-6697.941076895945 1657.825279636074 -623.1191065030131
-6838.903812179616 421.5090794161536 1025.0860900355763
-6372.199931716072 -852.2600522720305 2582.207888958307
-5339.298123380741 -2050.302138234209 3909.8891851144176
-3525.488191647422 -3398.7406099595764 4900.874618374332
-1616.6791767778107 -3973.6731645013183 5440.160546284885
435.77887762821473 -4195.527420199659 5496.064335906691
2449.5160663728675 -4044.5906528444357 5063.618690202114
4245.603003096099 -3534.2742565902513 4181.248302548459
5664.449481472324 -2709.922082730919 2927.355654107438
6579.984765392636 -1644.7814395237488 1413.354609310257
6910.859527120273 -433.4947474104338 -226.2291949286818
6627.674092055766 816.3098553706484 -1845.7115424077176
5755.590728843407 1993.581745185266 -3301.194319572153
4372.097871379427 2993.7151482507766 -4463.351494389937
2600.1249314078873 3727.8438226916714 -5228.920301835765
597.1194808204507 4130.737214113247 -5529.876593724693
-1458.9426560535803 4166.596476619174 -5339.4790827974575
-3385.3713354728493 3832.2353573700157 -4674.645423445659
-5010.994915277946 3157.363309130669 -3594.449003877167
-6191.36960647162 2201.945675014398 -2194.870016334545
-6821.613937752293 1050.8755045936607 -600.2671958121784
-6845.727934503986 -193.56956610141998 1047.6719992873059
-6261.568962292778 -1420.8151313823314 2602.52093961726
-5121.042109339056 -2521.8150370954254 3926.1244734872007
-3190.3244334832993 -3701.0844373084624 4911.504936910084
-1235.88112825053 -4102.581204685075 5444.309142954551
828.375638802299 -4139.545628144341 5493.362589690355
2819.027595080912 -3808.6932564462104 5054.306663107518
4559.196578437776 -3139.421774737768 4166.153409048111
5894.260938095789 -2191.198891218345 2907.8191417316875
6705.594346865913 -1048.278370296218 1391.1123829182777
6921.106270900899 187.78628412058976 -249.20081591356873
6521.647529991735 1407.1653031067442 -1867.3714286517202
5542.71178626402 2501.5115096686372 -3319.6178951296197
4071.281776536711 3373.5874408940285 -4476.901743722072
2238.100514438306 3945.905323251353 -5236.393225825118
206.05419988972062 4167.612201317498 -5530.608190280423
-1844.3009345730127 4019.008446031678 -5333.404346355029
-3730.781837417599 3513.298153187879 -4662.304120996524
-5285.766401741201 2695.4159015783407 -3576.937714302844
-6371.087425066312 1638.0341184757096 -2173.7446945607426
-6890.309371617629 435.105815552181 -577.4049193854459
-6797.2970928760815 -806.4835485135807 1070.239816777001
-6100.315137985522 -1976.4133100991503 2622.7890485487314
-4861.293412292915 -2970.730075735452 3942.29196343674
-2829.4347421751413 -3970.7424047440386 4922.05044094424
-845.1172609038033 -4195.257595250797 5448.363724373815
1214.2925977348511 -4047.005737834804 5490.5659811423875
3165.807230229459 -3539.159660620036 5044.907355534521
4836.025997401994 -2716.8437162128175 4150.98657217613
6076.542632154819 -1653.1242849478228 2888.2324155753618
6777.131787572572 -442.51750634877743 1368.8461340515298
6875.54304271151 807.4088946454524 -272.1681335651045
6363.032125681861 1985.5934720948555 -1888.9990681242916
5285.13788057883 2987.3493559151943 -3337.984145744756
3737.6359413408004 3723.666139695754 -4490.374683513655
1858.0286463694626 4129.118845924647 -5243.775724967643
-186.67264765621707 4167.681222353536 -5531.244281327514
-2214.787257738205 3835.926832608516 -5327.237509825711
-4046.108300536368 3163.333510098592 -4649.882307379144
-5517.914864778053 2209.664123155952 -3559.3646562495373
-6499.4304783136795 1059.6563819196078 -2152.5818353976288
-6903.443171570259 -184.50647907572576 -554.532672020855
-6694.0546437714565 -1412.275129711829 1092.7891527915133
-5889.869984498607 -2514.5569374057186 2643.0118657521584
-4562.344529834369 -3393.4093262597385 3958.3913757741802
-2445.97740352947 -4205.5447963229735 4932.510948371381
-447.81329439176125 -4250.964666507028 5452.324220525991
1590.1409911489347 -3918.667671020758 5487.674558556128
3486.8042714072567 -3238.1798561744613 5035.420929795405
5073.6496905625045 -2269.9655505888372 4135.748053841587
6209.679069366356 -1100.0548442536422 2868.5958138725377
6793.951212129248 167.60056250464962 1346.5562472155418
6774.550974930642 1420.363923781461 -295.1307512713292
6153.202153982167 2546.921717265871 -1910.594087347767
4985.114318769489 3447.174339189344 -3356.2927542592997
3374.077199520282 4041.1303934004263 -4503.770081106743
1463.2385141998018 4276.014277949247 -5251.067671778387
-577.6153344238019 4130.9555289226955 -5531.784855881604
-2567.14552576069 3618.8432527516175 -5320.978679701744
-4328.5735714011735 2785.1808725415144 -4637.380197100055
-5705.388859590407 1704.0429492411636 -3541.730133178234
-6575.255309918426 471.49333183141397 -2131.381804296829
-6860.881470927531 -802.9505372259642 -531.6508486886606
-6536.888204762305 -2006.0487273604087 1115.3196179368
-5632.063734942554 -3030.9006846690527 2663.1890420090654
-4226.805686368544 -3786.4438152562725 3974.4224324862125
-2043.2918450092266 -4403.624691281308 4942.886278553852
-47.44599319523242 -4269.286845131222 5456.190563019109
1952.615643327453 -3755.6041273345013 5484.68837186221
3779.1788110279026 -2908.219501626849 5025.847549706871
5269.94535671546 -1802.4268106885859 4120.4381171913865
6292.454130684571 -536.4805878008659 2848.9096757186007
6755.850741162239 777.1342896192506 1324.243107324021
6618.9603657249845 2021.697375009029 -318.088272501444
5893.946314963928 3086.6237765564624 -1932.1561134077717
4645.229268960949 3877.2901101315138 -3374.54340451037
2983.763217157904 4323.442202213991 -4517.087705182413
1057.176709481181 4385.437481516155 -5258.268940336102
-963.3445881765352 4057.7673954102056 -5532.229904607763
-2898.268491606658 3369.5468690031503 -5314.627964063966
-4575.668520715759 2381.92731627228 -4624.7980060524105
-5846.500321768685 1182.6630685747693 -3524.0344496113453
-6597.844912288405 -121.68598279701274 -2110.1449673518405
-6762.942028185798 -1415.222700587144 -508.7598445244538
-6327.122066196633 -2583.0106708275625 1137.8308231447108
-5329.109542508037 -3521.286807609339 2683.3202288891616
-3857.58224955558 -4146.6811586223885 3990.38485673993
-1624.8698003870184 -4563.432906645452 4953.176252324892
352.4869655062401 -4250.133781996088 5459.962685087087
2298.523717650705 -3559.191619411471 5481.607472627705
4040.3265505766985 -2551.999662186991 5016.187380587176
5423.1286388029275 -1318.0513357111433 4105.057026605737
6324.06194846348 33.011636115655996 2829.1743410643367
6663.074601314304 1381.1413792044073 1301.9070996922633
6410.043835417083 2606.550649711726 -341.04030081265876
5587.452544729008 3600.3564563330424 -1953.6847739596747
4268.391575310141 4274.254791905097 -3392.7357813359545
2570.065282897062 4568.36683195818 -4530.327325764794
643.3774115528619 4456.559431044147 -5265.379406285418
-1340.4773662230912 3948.7671673929012 -5532.579419820651
-3205.2248474220914 3090.1096120395027 -5308.185472579935
-4785.174035030062 1956.882256933726 -4612.135951512231
-5939.939510235248 649.7773256630428 -3506.2779111274094
-6566.915292960834 -715.0631724936283 -2088.871691291742
-6610.391833473753 -2016.36716977119 -485.86005482237704
-6066.506050355782 -3138.5080953329957 1160.322379679676
-4983.584582240392 -3981.778803508554 2703.405078756309
-3457.8497538922284 -4471.250991243906 4006.2783728876598
-1194.3252595472418 -4683.750209931238 4963.380691991706
748.4972663705063 -4193.740674067165 5463.640521590904
2624.812525445078 -3331.098875384406 5478.431914055238
4267.901672833803 -2172.4743233371123 5006.440589253302
5531.769027213253 -820.815893914771 4089.6050476935548
6304.114427756272 603.7756297731141 2809.3901507100895
6516.311596242652 1974.7190391299569 1279.5486100304145
6149.505883040436 3170.1999959483346 -363.98643985705263
5236.289585468014 4083.994770933155 -1975.1796972350187
3857.8059791483984 4634.908688204717 -3410.869570580331
2136.5393818787516 4773.9906285675315 -4543.488714225018
225.43188448053542 4488.882551269319 -5272.398946838998
-1705.706225145308 3804.917560154213 -5532.833395484651
-3485.2848512985192 2782.868946213714 -5301.651316502058
-4955.180623493209 1513.5502139828993 -4599.394252134658
-5984.786851838515 109.7459031340067 -3488.460824355879
-6482.618504593465 -1303.809812820313 -2067.5623434748986
-6404.44105471255 -2601.516305230424 -462.9518750282767
-5757.200911693786 -3668.066657354543 1182.7938991454382
-4598.408202610963 -4408.693189927327 2723.443244774561
-3031.026744944132 -4757.587985343669 4022.1027064716413
-755.3634605421222 -4763.696704942745 4973.499421338564
1137.1361126518473 -4100.665780670395 5467.224009019703
2928.596151997074 -3073.2727063100997 5475.161750982056
4459.837571304828 -1772.8058651590184 4996.607344018059
5594.802850727317 -314.8174430581764 4074.0824472878994
6232.645344474783 1171.1438904119855 2789.557446299869
6316.689947852076 2553.04394973874 1257.168024436866
5839.468929025453 3708.094850282371 -386.9262933883598
4843.385469767614 4533.665250672179 -1996.6405120479435
3416.945956673873 4956.399597877517 -3428.9444590995076
1686.8958003092926 4938.736090010057 -4556.5716432851805
-193.04245073302744 4482.244207258855 -5279.327440779648
-2055.828032874897 3627.485256687977 -5532.991827213976
-3735.9442724430965 2450.4083221035307 -5295.025608665642
-5084.10546848334 1055.6018546603698 -4586.573127950206
-5980.521582419465 -432.9994700017866 -3470.5834969717584
-6345.54210867094 -1883.1268915674177 -2046.2172918825452
-6146.733371614127 -3165.9302248510294 -440.0357007328934
-5401.760399994296 -4167.426764200676 1205.2449934917422
-4176.817311599887 -4798.629147099973 2743.434380914119
-2580.7456754089817 -5003.4522718422695 4037.857584228774
-311.7491885689496 -4802.738317784212 4983.532265629815
1515.0240062552368 -3971.7851584593004 5470.713085491901
3207.1806695503124 -2787.9214579131926 5471.7970398790885
4614.365255875296 -1356.338701239688 4986.687814687212
5611.543239407347 195.76070123328947 4058.4894934413614
6110.110980266172 1730.4659063200136 2769.6765703154524
6065.7685467479605 3111.4116216056645 1234.7657293915743
5482.455958664363 4215.8947601066475 -409.8594652689002
4412.003099291745 4945.777148022723 -2018.066847801584
2949.524402790365 5236.205532151455 -3446.960134766603
1224.9675193264166 5061.3740760390365 -4569.575887022212
-608.433103911112 4436.817321796258 -5286.164768462419
-2387.7717758014437 3418.0298778597585 -5533.054712272741
-3954.9464468479505 2095.5354794983755 -5288.308463486963
-5170.7067700954185 586.843557677565 -4573.6728003609205
-5927.027105546988 -973.9919895634235 -3452.646237690322
-6156.705072340673 -2448.2840742382623 -2024.8369051124823
-5839.33277520169 -3705.0353747993395 -417.1119276649942
-5003.110135496233 -4632.57802302955 1227.6752750210624
-3722.3392044647335 -5148.495784179787 2763.3781419573006
-2110.8220999000096 -5206.94710110404 4053.542734095388
132.72534815249432 -4800.690334870623 4993.479051612928
1878.8798956258613 -3808.284663214622 5474.107690756257
3458.087719044271 -2477.4961868500163 5468.3378388499705
4730.029273057599 -926.5713019708421 4976.682172556513
5581.686968768174 706.6835092796034 4042.8264554214275
5937.387282473894 2277.1463895010756 2749.7478660704573
5765.524680336883 3645.2748199230286 1212.342111749386
5081.369908763617 4689.504585569772 -432.7855594763612
3945.713121572153 5317.051289236723 -2039.4583344944772
2459.462408052175 5472.154652359736 -3464.916286477272
754.6776664037344 5141.0330604654255 -4582.501220871902
-1017.1634977530357 4353.108120096788 -5292.910811816668
-2698.625221385991 3178.3904199571966 -5533.022049575014
-4140.302251377049 1721.2587828678134 -5281.499996961289
-5214.095256916115 111.1857493008479 -4560.693492136566
-5824.593017198021 -1508.7666260221033 -3434.649356261784
-5917.55012709644 -2994.6584655097245 -2003.4215523726896
-5484.706939461336 -4214.46175849458 -394.18095168461724
-4564.5234710151335 -5059.791629376391 1250.084356395243
-3238.7620610879244 -5455.536809458276 2783.274183504542
-1625.2224289598284 -5366.533602790841 4069.157885211906
574.2727926017077 -4757.717969756507 5003.339607521462
2225.5494416627744 -3611.6492899814766 5477.407766192907
3679.0762561692322 -2144.66972132975 5464.784207630043
4805.700999954847 -487.12683620980437 4966.590590408755
5505.318120422986 1213.6994060282732 4027.093603705841
5715.76356620091 2806.6831298086336 2729.7716777044634
5418.338335906612 4150.2807405794565 1189.897558733343
4639.469966480875 5125.107694342743 -455.70418011065124
3448.3643305547125 5644.546338299015 -2060.8146027269627
1950.8563909611566 5662.442269413813 -3482.8126041550563
280.0062998384183 5177.205355672577 -4595.347421632617
-1415.7235798123395 4231.951026288359 -5299.565454348102
-2985.6602065961974 2910.6692766072156 -5532.893839684831
-4290.307821669955 1330.761788437808 -5274.600326660871
-5213.742759082586 -367.38972458623823 -4547.635427410812
-5673.91377221748 -2032.8970483175287 -3416.5931634659464
-5629.932647130383 -3517.7725480840677 -1981.9716034749777
-5085.707299793267 -4690.07851946277 -371.2431687761429
-4089.5945406106425 -5445.650432316626 1272.4718506422594
-2730.1033596047155 -5717.352406415851 2803.122161980366
-1128.0305142366574 -5481.042529017252 4084.702767927517
1009.142789569518 -4674.333960785946 5013.113763078052
2552.0321596239473 -3383.6499457919244 5480.613254814373
3868.162272887112 -1792.3137842110862 5461.136207585314
4840.589193053727 -41.72267746358692 4956.413242510786
5382.908520841719 1712.5756722734766 4011.291209977933
5446.932804047972 3314.704158014516 2709.7483501769925
5026.973204143661 4622.306632976358 1167.4324579280542
4160.3449745426415 5519.196878939691 -478.61493140073685
2924.0518365802955 5925.682261612669 -2082.1352837075538
1427.9438609476617 5805.644770913071 -3500.6487787567567
-195.04319315859573 5169.750264665405 -4608.114267469289
-1800.6998036197504 4074.500760326862 -5306.128581140791
-3246.3563342883513 2617.213982781211 -5532.670084816188
-4403.55985825532 927.3762574110549 -5267.6095717329135
-5169.487764112162 -844.8629181537469 -4534.498831677315
-5476.083996204244 -2542.032315820733 -3398.477971106831
-5296.106133834781 -4013.330986701987 -1960.4874288285625
-4645.54599989514 -5128.027587201814 -348.2989750415094
-3582.208717221984 -5787.076432600355 1294.8373711628556
-2200.576469759615 -5931.918140795729 2822.9217346392034
-623.4133458883391 -5549.6828903874075 4100.177113804857
1433.6537405572055 -4551.393226687146 5022.801349497336
2855.507204831783 -3126.327771140059 5483.724101266563
4023.6363227700804 -1423.474373463738 5457.393901711407
4834.247695993091 405.86096910923845 4946.150304610523
5215.314946680526 2199.133783485322 3995.4195471219023
5132.978577322725 3797.0039104591024 2689.6782292616
4594.554535664331 5057.493577111371 1144.9471972729154
3647.884160641687 5868.602744992292 -501.5174177114759
2377.083269470056 6158.260805041697 -2103.4200092592782
895.0680981479042 5900.730367480729 -3518.424502277717
-666.4778016363449 5118.89414184039 -4620.801537917169
-2168.804223955536 3882.2217078005997 -5312.6000788591255
-3478.4228733357063 2300.596838173376 -5532.350788833008
-4478.9683856126485 514.55384347151 -5260.527852897528
-5081.537901198894 -1317.2095183051492 -4521.28393178586
-5232.59047430184 -3031.9330339016406 -3380.3040920072835
-4918.704420917989 -4477.255994016999 -1938.9693994336901
-4167.769894356754 -5524.75511094964 -325.348766693353
-3046.5107227250005 -6081.3554912859345 1317.1805317372225
-1654.5557039870234 -6097.600748632477 2842.6725595714024
-115.5861500516895 -5572.0474205828805 4115.580655624603
1844.2238947631008 -4390.084632079866 5032.402199488884
3133.357581806219 -2841.976147287078 5486.7402518297085
4144.078697192605 -1041.3456100009148 5453.557354632462
4786.580234343599 851.813054603753 4935.801953933866
5003.77311211179 2669.2843911868695 3979.478889218133
4776.358790172227 4249.578095651421 2669.561661539907
4124.544029020551 5452.278137351034 1122.4421650554677
3106.245430627061 6170.5193396184995 -524.4112435504511
1811.9432941887992 6340.482819682757 -2124.6684118260882
356.6420444796905 5947.066576467643 -3536.1394677572207
-1130.3484159792781 5025.227369661568 -4633.40901388567
-2516.9024592261567 3656.8746582139893 -5318.979835749822
-3679.818673726276 1963.592585453986 -5531.935957249061
-4515.766850447552 95.8366943922621 -5253.355292445631
-4950.469325390148 -1780.4347075386206 -4507.990955938426
-4945.30087599502 -3498.5066723956825 -3362.07184000362
-4500.720741672296 -4905.720966466722 -1917.4178868752479
-3656.2318183643297 -5877.040424265332 -302.39294004819845
-2486.8706528856314 -6326.159049400863 1339.500946531696
-1096.5401164459547 -6213.1706811054055 2862.3742957091486
391.2228214269936 -5548.114831743297 4130.913127390154
2237.4015141207815 -4191.919939224498 5041.9161472600545
3383.192570146813 -2533.120546196181 5489.661654419307
4228.372119419261 -649.2422762218937 5449.62663260004
4697.842249975891 1292.324019147504 4925.368369181686
4749.888480481016 3119.0616541450945 3963.4695115384675
4379.886274953135 4668.656973395276 2649.398994395591
3620.7119530813357 5803.421632495619 1099.9177499046787
2539.8214849455685 6422.526811652371 -547.2960135747984
1233.256732049374 6470.962298799129 -2145.880124479171
-182.8882935474371 5944.424388347261 -3553.7933692837505
-1582.7828916704937 4889.698284313984 -4645.936477662132
-2842.04028394031 3400.501029631929 -5325.267741643816
-3848.7699248936733 1609.1543356140999 -5531.425597227883
-4513.519467971615 -325.17278278053436 -5246.09201423684
-4777.222999066337 -2230.606872427858 -4494.620133685249
-4616.449302196189 -3937.841752602952 -3343.7815299401354
-4045.4838258718264 -5295.1821121253715 -1895.8332633162888
-3115.059358305404 -6182.022303461487 -279.4318915195631
-1907.8481965407027 -6519.562683777024 1361.7982301053528
-531.1163500594595 -6277.811309009376 2882.026602832296
892.8075148902803 -5478.248849715085 4146.174264332163
2609.893858722201 -3958.720046011994 5051.3430285189
3602.8681759357933 -2202.4963982654963 5492.48825858701
4275.711844790932 -250.57128003684434 5445.601803491951
4568.6397525840175 1723.618196037038 4914.8497305267265
4455.6239692146855 3544.656631419134 3947.3916905414244
3946.7064429969014 5050.736769630239 2629.190576008403
3087.10672948289 6108.036781066463 1077.3743407842296
1953.204035509576 6622.610919827015 -570.171332598049
645.7505914865071 6548.737015511602 -2167.054780923309
-719.0806264199239 5892.979088708946 -3571.3859020002537
-2020.0183750355955 4713.604108961721 -4658.3837129155945
-3141.4686263247263 3115.404718822322 -5331.463687958177
-3983.785604056906 1240.3879476871452 -5530.819717582647
-4472.125748313464 -744.8427359528943 -5238.738143697346
-4563.097894231776 -2663.8908738150167 -4481.171695920852
-4248.618767422313 -4346.240617246113 -3325.4334776637133
-3556.6312183710106 -5642.407808672107 -1874.215901491697
-2548.621377548417 -6437.2223049987515 -256.46601761112856
-1314.1553428899595 -6660.061350241463 1384.071997416755
37.079161060014705 -6291.124717317381 2901.6291415742558
1385.019018830577 -5363.194045113566 4161.363802913118
2958.594749457929 -3692.5986329764864 5060.682680476984
3790.5054345093613 -1853.025169884756 5495.220015521501
4285.613077345532 151.19771141827422 5441.482936811104
4399.92519115633 2141.9860125415744 4904.246219610485
4123.284642979221 3942.449456499743 3931.2457038674343
3480.272159536788 5392.608965093446 2608.936755348141
2528.022221796695 6363.611502063941 1054.812326985787
1351.1464156071827 6769.179230826944 -593.0368055968953
54.215320982580096 6573.275678877205 -2188.1920155031503
-1247.533042831332 5793.307736514039 -3588.916762109445
-2438.4326210810996 4498.578978249347 -4670.750504700522
-3412.666760062506 2804.1317360785233 -5337.567567697976
-4083.6704811709596 860.5250834276737 -5530.118328776004
-4391.822159134636 -1159.5429992378363 -5231.293807817724
-4309.741165065105 -3076.5805978504436 -4467.645874880085
-3844.720755491952 -4720.250508992451 -3307.0280000183634
-3038.080034514202 -5944.505447932316 -1852.5661747016618
-1961.4925700752262 -6640.564990790914 -233.49571490996053
-710.61788291671 -6746.581192578261 1406.3218638305466
603.3983216341747 -6253.1340485211185 2921.1815734278666
1863.7999373379353 -5204.068502826096 4176.481480831925
3280.6104772449057 -3395.943363814663 5069.93494185218
3944.506408997169 -1487.788858045861 5497.856878049338
4257.915636128773 552.5622168141666 5437.2701036843
4192.9903734353375 2543.815713830936 4893.558019540073
3755.4995154269955 4309.040021322416 3915.0318303340614
2984.3160447347927 5691.387213008739 2588.6378821686612
1947.9629970126584 6568.029674577829 1032.2320981223493
738.524888511128 6861.073876237205 -615.8920377181
-536.5343972977076 6544.481554666122 -2209.2914632096044
-1763.9202473642113 5646.3833269787 -3606.385646879029
-2834.5740426159023 4246.579161944119 -4683.03663946052
-3653.363494857872 2469.447802565099 -5343.57927545815
-4147.535568060093 472.89516893498137 -5529.321442919913
-4273.180904880125 -1565.6762757212725 -5223.759135150759
-4019.135365756028 -3465.130512422528 -4454.042904134075
-3407.972011699467 -5056.692696620247 -3288.5654148397443
-2493.995388764563 -6198.945543792873 -1830.8844568052712
-1358.4163308194318 -6790.394875775048 -210.5213800795491
-102.13602056911739 -6778.487823887513 1428.547445124096
1163.2195233253071 -6164.282381943716 2940.68356075126
2325.2179078674662 -5002.353398856565 4191.5270370284115
3573.2838426789644 -3071.394804337255 5079.099652871473
4063.567748901227 -1110.0031226596034 5500.39880063576
4192.785827960267 950.0172076348022 5432.963376860999
3949.4564864674917 2925.6243399490377 4882.785314885058
3355.200604247759 4641.276910767845 3898.750349931158
2462.820424285284 5944.531660156675 2568.2943070017764
1351.6078417156461 6719.588684393076 1009.634044121362
120.29897097625559 6897.580765591914 -638.7366342852613
-1121.6989912577128 6462.692526233292 -2230.3527596860868
-2264.0290756234904 5453.5656948598225 -3623.792254646934
-3205.190241092174 3959.86561891919 -4695.241905032029
-3861.556187894114 2114.314105153559 -5349.4987074252995
-4174.805921241454 80.89650463039477 -5528.429073775428
-4117.105827652467 -1959.70910533763 -5216.134255809224
-3693.582813655224 -3826.185961254655 -4440.3630185862185
-2941.8687576435173 -5352.689403573672 -3270.046040949679
-1928.756752336777 -6403.58290249463 -1809.1711222140655
-744.2662453753189 -6885.489958868227 -187.5434098530308
506.3555836463506 -6755.591015921389 1450.7483574941348
1711.98549695617 -6025.428164787064 2960.1347667736504
2765.4979859368104 -4759.87957905545 4206.500211687849
3834.216126220008 -2721.823243787415 5088.17665527373
4146.6916940048395 -722.9892887573267 5502.845739385487
4090.715507320571 1340.0854373650611 5428.5628307120705
3671.2612960015463 3284.087691509514 4871.928291674286
2925.5994074679484 4936.284342281881 3882.401543816079
1919.985172799295 6149.870466715462 2547.9063811512706
743.7718298112737 6817.013611919354 987.0185552181858
-498.5289042443944 6878.435181732721 -661.5702008056224
-1696.5331573998858 6328.677600133526 -2251.3755412348437
-2743.7929944072653 5216.589240818266 -3641.1362848265208
-3547.254782924332 3640.9840348314747 -4707.366090647967
-4035.5274171073534 1741.8614191546553 -5355.325761379501
-4165.225730660011 -312.0332276470113 -5527.441236752456
-3924.825459251476 -2338.202352836949 -5208.419301463618
-3335.687221975611 -4156.611937945315 -4426.606454468104
-2450.1585366049585 -5605.688311376185 -3251.4701981506505
-1346.9225129133063 -6556.6746781833335 -1787.426545885551
-124.00651307721488 -6925.071726340989 -164.56220102631994
1109.9280096394027 -6678.145761436527 1472.9242175634195
2245.240557860716 -5837.837239068462 2979.5348556011845
3181.053629440198 -4478.811259082421 4221.4007462454265
4061.2868069519786 -2350.303619879284 5097.1657923124
4193.19443088968 -330.14546029047943 5505.197652043469
3952.5183281121663 1719.3475722646172 5424.068541228506
3360.6436265408947 3616.0690277914764 4860.987137392654
2470.160990809819 5191.486881341506 3865.985694308769
1360.1937109223354 6305.618343019404 2527.4744566867753
129.3672507076153 6859.467943169713 964.3860219491941
-1112.9540574512991 6803.823714290135 -684.3923429769151
-2256.3845134872367 6143.6298903073 -2272.359444823205
-3199.325303519493 4937.547589694955 -3658.417437911783
-3857.992000326193 3292.7425176675165 -4719.408986941398
-4173.859177384882 1355.3628229827846 -5361.060336696061
-4118.8606498536155 -702.4468064357709 -5526.357948909498
-3697.883278260612 -2697.8409544654455 -5200.614405339918
-2948.3327495006747 -4453.520094410848 -4412.773449335478
-1936.809917402444 -5813.484430016817 -3232.8382072202644
-753.1930245926806 -6656.895161959582 -1765.6511033167335
497.34837378529784 -6908.811545458992 -141.57815045125682
1703.6981865750595 -6546.8497043242805 1495.0746423872893
2758.666938931281 -5603.171536583644 2998.8834922227225
3568.5160275529943 -4161.626988704272 4236.22838339072
4252.670867403055 -1960.0887645933262 5106.066908758238
4202.711732106866 65.08300529889092 5507.454497995615
3779.3232161163232 2084.471864558243 5419.480586020104
3020.1252470870886 3918.6462510974807 4849.962040977885
1992.5758962528123 5404.631721530889 3849.5030848869205
787.9774327611784 6410.391945670618 2506.9988864377115
-486.6362836132837 6846.560713895808 941.7368351451197
-1718.010230620561 6674.3825170545415 -707.2026666941616
-2796.731429273474 5909.156143527741 -2293.304108089866
-3626.95076718172 4618.875314743885 -3675.6354154824808
-4134.899612814588 2918.187144644577 -4731.370385949134
-4275.444482140807 958.2052404902433 -5366.70233434726
-4036.0973467497433 -1086.9174042960694 -5525.1792289533505
-3438.1252499784905 -3035.462667852235 -5192.719702217259
-2534.6606367825007 -4714.293752461215 -4398.8642420640845
-1405.9803028333963 -5974.239148826632 -3214.150389905754
-152.37244893461315 -6703.347179302128 -1743.8451705376358
1114.7743657274978 -6836.833395742064 -118.59165502875456
2282.8685858879903 -6362.836962021134 1517.1992494603332
3248.1199139885543 -5323.474541374532 3018.1803425156295
3924.7615335917694 -3811.0980460435717 4250.982867072133
4406.853542696946 -1554.5812015831525 5114.879850901995
4175.201831400822 459.23340723845286 5509.616238269499
3572.5651148132843 2432.2431125143253 5414.799044314142
2652.4903098308073 4189.137343520205 4838.8531928172515
1496.7301005578702 5573.808337827871 3832.9540001810756
207.97885355849886 6463.222001064525 2486.4800239872256
-1099.2522272796962 6778.350026124013 919.0713859242692
-2308.8099237351757 6491.191905063239 -730.0007780564429
-3313.219726421283 5627.262897111131 -2314.209169351139
-4023.235416589595 4263.3268859142045 -3692.7899202093536
-4375.768984316097 2520.5755716019285 -4743.250081115315
-4339.496275040216 553.8600563891249 -5372.251656904049
-3917.6402781612683 -1462.0683554087034 -5523.905097238779
-3147.6847502865135 -3348.085577647139 -5184.7353284256005
-2098.043618961786 -4936.6107034800925 -4384.879072845575
-861.9821049795394 -6086.496304349586 -3195.4070689183623
450.67030177631455 -6695.569998428534 -1722.0091241047846
1723.2786744852822 -6709.71291512213 -95.60311170194518
2842.7661744823417 -6127.668394216985 1539.2976567229716
3709.6614246027643 -5001.153645655831 3037.425073251544
4246.936977566208 -3430.2644484768807 4265.663942501327
4522.642394256131 -1137.3037378876666 5123.604466557061
4110.9455121235105 848.8557386739116 5511.682835535033
3333.973080651476 2759.590657712277 5410.023996953986
2260.762510063686 4425.123836548757 4827.6607847443165
986.673269263864 5697.465343171792 3816.3387259697042
-375.08622145437744 6463.56205113917 2465.9182236660317
-1703.5176553576111 6655.342905987965 896.3900656857664
-2880.5840698182387 6255.767337148444 -752.7862833737098
-3801.6979484405288 5300.339387420509 -2335.0742676072246
-4385.01428086723 3873.953022963965 -3709.88065585921
-4578.702851120659 2103.348931854253 -4755.047867294996
-4365.55357974551 145.85305775453475 -5377.708208537758
-3764.505714893634 -1824.6025005922822 -5522.535575768174
-2828.9649970122423 -3632.934119625266 -5176.661421843394
-1642.0583244378884 -5118.46359926078 -4370.818183183347
-309.24756368298364 -6149.195126094417 -3176.6085679278085
1051.0412002157536 -6633.54368067624 -1700.1433410947764
2317.9403410569844 -6528.472768403013 -72.61291744930786
3378.8803104816457 -5843.318400926325 1561.3694825680525
4139.591936348009 -4638.959550546892 3056.617352102137
4532.482652369854 -3022.408786362689 4280.271356157634
4599.176611204778 -711.8691024046572 5132.240605062089
4010.5434098984497 1230.5425924235117 5513.654254105104
3065.5558266427706 3063.6151777676473 5405.1555263977225
1848.1801552197164 4624.472110113359 4816.385010035563
466.58556640038057 5774.424401313897 3799.657549174272
-956.4671975706736 6411.293743813602 2445.313840546327
-2294.533653650404 6478.491501676288 873.6932661028101
-3428.720725208211 5970.046859223358 -775.558789173689
-4258.250913638199 4931.137354209317 -2355.8990425484167
-4709.416821365094 3454.0746553339254 -3726.9073273000627
-4742.130377578382 1670.1022653751572 -4766.763540757675
-4353.484839247437 -262.2660399852691 -5383.07189502172
-3578.013067995813 -2171.330856757452 -5521.070688191169
-2484.619133801033 -3887.4633981782144 -5168.498121895184
-1170.455885996563 -5258.177756818702 -4356.681815888395
247.70750373974943 -6161.67994663283 -3157.7552115566878
1643.8609947223224 -6517.68983310157 -1678.2481990976594
2893.9502223586646 -6294.574375488505 -49.6214692778824
3886.899272847055 -5512.158361328628 1583.4143458474466
4534.480265566485 -4239.962887056151 3075.756847644841
4779.152787451444 -2591.028103498067 4294.804855792387
4635.933466327206 -281.94889118885567 5140.78811728361
3874.9105544943363 1600.9586779314209 5515.5304599362
2769.5848351297586 3341.6140428260514 5400.1937167167025
1418.1693490410532 4785.352335583884 4805.026063407138
-59.256707243628874 5803.891073152259 3782.910757854289
-1531.4175450459516 6306.728618914604 2424.66723043565
-2867.5052134557295 6249.185650263699 850.9813791159283
-3948.8024598106163 5636.375112487329 -798.3179022085357
-4679.231278577144 4522.747911141699 -2376.6831345613314
-4993.889863773853 3007.254710138827 -3743.8696405062174
-4864.819419249558 1224.5537310201985 -4778.396899190822
-4303.488420416555 -666.954220965117 -5388.342623732923
-3359.7735898816654 -2499.2003635372985 -5519.510459804227
-2117.5281317622375 -4109.381586249039 -5160.245569549226
-687.1310065165958 -5354.426221298484 -4342.470215075088
804.3207240827956 -6123.706589073114 -3138.8473253748775
2224.305028644085 -6348.868752964867 -1656.3240762104892
3446.650070208504 -6009.906066604071 -26.62916421631036
4362.745127660183 -5136.936852187142 1605.4318658786335
4891.191134927616 -3807.528255377303 3094.843229368578
4985.033345217974 -2139.8040640146673 4309.2641904333
4632.731877725569 148.75791497224452 5149.246855618597
3705.268199543577 1956.8696955872042 5517.311420628991
2448.575181530456 3591.1050161680346 5395.138653594125
974.315513243189 4906.254896757509 4793.584141011418
-586.5163641089696 5785.462499025121 3766.0986412023185
-2095.2336886253597 6150.606369170348 2403.9787498707374
-3417.780305125803 5969.241871923314 828.2547969261481
-4436.642142833983 5257.484038769409 -821.0632294616255
-5061.288856268011 4078.5756766821523 -2397.4261847351067
-5236.217843722318 2537.2679671871397 -3760.7673025633476
-4945.885896998371 770.5128641904669 -4789.947741703366
-4216.09028366336 -1064.7056881295284 -5393.520303653597
-3111.6765466173883 -2805.320467675276 -5517.854917550208
-1730.7766930368507 -4296.670212721974 -5151.9039073150125
-196.08973489158387 -5406.241953741656 -4328.183626156971
1356.0206567244225 -6035.4453722693515 -3119.8852358938934
2787.6426621918527 -6128.372983355152 -1634.3713510307716
3971.5703837551864 -5676.767760947976 -3.6363993080477672
4802.606647772315 -4720.756810895587 1627.421662451267
5206.910235242747 -3345.2859014950773 3113.8761676794657
5148.556998162652 -1672.5716592013357 4323.649110388866
4589.733051981283 576.5565921208671 5157.616673997022
3503.1330119887316 2295.1703202250137 5518.997105428895
2105.2642306349603 3809.848093188124 5389.990424323531
520.3334835893995 4986.004143828469 4782.059440433652
-1110.8311769189895 5719.131845570885 3749.221489539032
-2643.293612555789 5944.0895848376085 2383.2487561113694
-3940.8878108140575 5640.888879284014 805.5139119882998
-4888.3168327801895 4836.470442172914 -843.7943781545108
-5401.397452128708 3602.3103817738165 -2418.127834867636
-5434.540204213301 2048.0692354753796 -3777.6000216735647
-4984.80021006667 311.8481498011498 -4801.415868829155
-4092.138841820202 -1452.0820125059806 -5398.60484537279
-2835.8729794224764 -3086.9883156450096 -5516.104090017903
-1327.627357779495 -4447.602159913865 -5143.47327924084
298.5837807988972 -5413.027034293783 -4313.822295842522
1898.2644401399612 -5897.480701998821 -3100.8692705612675
3329.275973578326 -5857.917328663484 -1612.390402649964
4464.466726477273 -5297.8522936296185 19.356428395506047
5202.970018739192 -4267.0498330649025 1649.3833558337603
5479.16659197828 -2857.101269192615 3132.8553339065365
5268.51516859355 -1193.2867193701443 4337.9593672525425
4507.4382094493485 997.7882043967472 5165.897427884368
3270.3037157627614 2612.9110533822764 5520.587485226601
1742.5883854391686 3995.865288703504 5384.749117807303
60.036429846146596 5023.769357557421 4770.452160688543
-1627.8500260042345 5605.289472543662 3732.2795943081182
-3171.0948633419766 5688.75501948671 2362.4776071341826
-4432.574005951176 5266.749718258154 782.759117004172
-5300.199496100992 4376.770591811906 -866.5109557534803
-5696.879001479846 3097.8961911418005 -2438.78772747172
-5587.365807235499 1543.7601189952147 -3794.367507160453
-4981.390641267301 -147.54581440377407 -4812.801082530425
-3932.7970563497274 -1825.7416546988652 -5403.596161087903
-2534.7571941798633 -3341.712336838676 -5514.258007441544
-911.4930317084059 -4560.757212987308 -5134.953830911318
792.7612866516347 -5374.558796208656 -4299.386472130899
2426.5752857170837 -5710.80724452407 -3081.7997577548754
3844.7774217963206 -5539.6254076987125 -1590.3816106468535
4921.354211421138 -4876.223543153638 42.348921841874734
5560.647082353961 -3779.547817844798 1671.3165667797844
5705.852057521843 -2347.042682648037 3151.7804003073607
5344.06703765958 -705.9925052708417 4352.194713907148
4386.683417092554 1408.8607570147167 5174.088974284137
3008.8453060126362 2907.323713719671 5522.0825325585765
1363.6580853933433 4147.458199880666 5379.414824555134
-402.6961404280745 5019.072824161728 4758.762502216842
-2133.269046969548 5444.720802177719 3715.27324807132
-3674.291636990775 5386.581443156533 2341.6656616265454
-4888.837290702095 4849.820684287579 759.9908049157696
-5668.988296825464 3882.132074532146 -889.212569976502
-5945.42481483051 2569.498993498527 -2459.40550578127
-5693.584246970808 1028.5546508319726 -3811.069469474065
-4935.84373288483 -603.7812862987413 -4824.103186201197
-3739.5318425385726 -2182.468606491297 -5408.4941646062225
-2210.946137317569 -3567.2340133913713 -5512.316701700273
-485.90816521860097 -4635.035023652988 -5126.345709444849
1282.3048797329168 -5290.99283154687 -4284.876404307637
2936.5795088178716 -5476.822707218208 -3062.6770267773186
4329.926161577452 -5176.012850712634 -1568.3453550810746
5338.5398733128895 -4415.291537862977 65.3406839843516
5872.800889508122 -3262.2521956864225 1693.2209165349016
5885.237774308345 -1819.347429765164 3170.651040073726
5374.745455920697 -214.7856606345934 4366.354904529078
4228.631578784228 1806.2797066637131 5182.191171740312
2721.0709709759726 3175.845346794585 5523.482221607545
971.7312661732216 4263.22319089501 5373.987636682459
-863.9510260014287 4971.794945637582 4746.990666881835
-2622.867478129218 5238.600901097506 3698.202744503341
-4148.730644560896 5039.934177273516 2320.8132789802835
-5305.960886818771 4393.447184411936 737.2093688985176
-5991.733219456978 3356.583128889944 -911.8988287999257
-6145.113761258284 2021.4719322436363 -2479.980813757397
-5752.473977984232 506.74408333403613 -3827.705620195965
-4848.701637450012 -1053.0102011896015 -4835.321984670698
-3514.100878251719 -2519.1999082783527 -5413.298771346395
-1867.2568346430396 -3761.5476481898913 -5510.280206317599
-54.49882695469137 -4669.665372279784 -5117.649063491091
1763.1016406727613 -5162.8628355536675 -4270.292342940389
3424.0427902823117 -5197.317279038232 -3043.5014078501604
4780.742711810999 -4769.96727422904 -1546.2820164864984
5712.652663451445 -3918.784744447999 88.33131778884626
6136.968356380937 -2719.400992819154 1715.096026843053
6015.987479203938 -1278.3865290836275 3189.4669273373142
5360.4597137734645 276.2181878678455 4380.439694592573
4034.761657065689 2186.677570982453 5190.203880339806
2409.5218782384686 3416.140349039718 5524.786528202924
570.1855065171553 4342.064065599808 5368.46764790887
-1319.8143496760722 4882.176335097048 4735.1368579658865
-3092.542908990711 4988.485812142963 3681.068378386795
-4590.485459440513 4651.546433170563 2299.920819285523
-5680.543231805389 3901.2967406356543 714.4152023544575
-6265.859809370976 2804.3997121365205 -934.5693404652656
-6294.427245601086 1458.3194623086156 -2500.513296094664
-5763.707198420543 -17.33887147494961 -3844.275672044181
-4720.856473047917 -1491.4565704375732 -4846.457284206654
-3258.536932907564 -2833.051807967485 -5418.009898339897
-1506.6820864245828 -3922.917959716395 -5508.1485564608165
379.048075402652 -4664.215635302592 -5108.864043228392
2231.09815230529 -4991.077283118974 -4255.634539874541
3884.9053673626263 -4874.459811348339 -3024.27323210826
5193.521691903382 -4324.725194124857 -1524.1919758646918
6040.670822723981 -3390.719764659463 111.32042624077512
6351.079841898276 -2155.434004175479 1736.9415199531006
6097.167545865089 -728.6284734541657 3208.227737175292
5301.4951564027315 762.9188946669279 4394.448840873919
3806.8552237356666 2546.842386891859 5198.126961714864
2076.945000369708 3626.120616208667 5525.995429821247
162.48909919788065 4383.202115807117 5362.854953556495
-1766.4046715093345 4750.816872050439 4723.2012801669225
-3538.345635413718 4696.300700595634 3663.870445607104
-4995.8890618375435 4224.497602516738 2278.9886433244646
-6009.525821019061 3377.32935355185 691.6086989055125
-6489.189838633343 2230.070570358131 -957.2237134859763
-6392.260861744494 884.6602304845916 -2521.002598227153
-5727.351455314894 -539.3560531349849 -3860.779338878171
-4553.541738012688 -1915.4481845084617 -4857.508892518796
-2975.129854399274 -3121.344338882457 -5422.627464232461
-1132.3646270801712 -4049.895350952727 -5505.921788940399
811.0161666553282 -4618.595388417835 -5099.990800361189
2682.334614897674 -4776.912957249996 -4240.903248228897
4315.315861374795 -4510.780846693262 -3004.992831594094
5564.862356117015 -3843.8460626721344 -1502.0756146783274
6319.946409522029 -2835.368687541976 134.30761235187805
6513.475489813006 -1574.9563617131678 1758.7570186253745
6128.253688917707 -174.6022515639917 3226.933145615953
5198.509654363728 1241.2660348659856 4408.382101455674
3546.98045917541 2883.7447777999005 5205.960279045467
1726.2691717002592 3803.9635435795994 5527.108905586554
-247.82870728793185 4386.183455093192 5357.14965054835
-2199.9059180552326 4578.671718172702 4711.184139594902
-3956.511833875192 4364.324905922689 3646.6092431473985
-5361.564310389165 3762.188673257051 2258.0171125651505
-6290.2182690876225 2825.765466879466 668.7902523866022
-6659.958730409435 1638.2605981021375 -979.861556654179
-6437.932631786868 305.1890857952256 -2541.448366334606
-5643.867966428028 -1054.9998160848427 -3877.216335703756
-4348.32086454544 -2321.4473545153314 -4868.476618761985
-2666.4063715561683 -3381.624107993222 -5427.1513892854755
-747.569971122513 -4141.328719462941 -5503.599942209361
1237.6913019021636 -4533.0581002866365 -5091.0294881174095
3112.978271234021 -4522.0053759020475 -4226.098722391302
4711.663460086606 -4109.152629374824 -2985.6605392519473
5891.696673715961 -3331.1836390083517 -1479.9333148445967
6548.22678260066 -2257.224363657374 157.29247916707374
6622.918205431372 -982.7007979294551 1780.5421461380977
6109.1342815116805 379.1400462058881 3245.58282964421
5052.526967185451 1707.2926334071701 4422.239235730804
3257.4737417865344 3194.56340194964 5213.703697061691
1360.579583121765 3948.1277237102613 5528.126936270747
-657.2080423085133 4350.88357114608 5351.351837406666
-2616.599849069701 4367.044319747507 4699.085643768265
-4343.49527648173 3995.1740160810273 3629.2850690833675
-5684.452087463288 3268.314968553359 2237.0065891552217
-6520.320384666638 2251.051793305717 645.9602568388998
-6776.829601737643 1033.7727876447743 -1002.4824790474561
-6431.18776906739 -275.36146683555086 -2561.850247348532
-5514.106680312824 -1560.0286465836568 -3893.586378678069
-4107.0730147538825 -2706.080435009835 -4879.360273539657
-2335.1078882409815 -3611.685101347012 -5431.581595377384
-355.65817840569997 -4196.375696810493 -5501.1830563626
1655.39332136115 -4408.199896120939 -5081.980261245788
3519.355859951125 -4228.336189594424 -4211.221218014241
5070.6081859456235 -3672.7662568747087 -2966.2766889222135
6171.314722621344 -2790.8549245624313 -1457.7654587286054
6723.6728638235745 -1660.9638847376684 180.27462977139305
6678.603164722708 -383.4889147340032 1802.2965262940302
6040.110265868991 928.060728257133 3264.1764672073773
4864.927063305489 2157.148102815221 4436.020004406887
2940.9189891572905 3476.708568350422 5221.3570820460445
983.0909351344114 4057.366207354618 5529.049504293926
-1062.0890626986752 4277.50905337703 5345.461614251192
-3012.897786409897 4117.5764484675965 4686.906001610325
-4695.997319914455 3591.779106425192 3611.8982225781588
-5961.836883499787 2746.8364285139305 2215.9574359156654
-6697.941076895945 1657.825279636075 623.1191065030138
-6838.903812179614 421.50907941614616 -1025.0860900355865
-6372.199931716071 -852.2600522720304 -2582.2078889583076
-5339.29812338074 -2050.302138234209 -3909.889185114418
-3831.9762456591616 -3066.165881611532 -4890.159668907024
-1984.1664621599855 -3809.5873307603315 -5435.9180060050085
39.94521887320431 -4214.510227472437 -5498.671173136194
2060.507591912806 -4244.955395400114 -5072.843276013237
3897.98482302233 -3898.217647766568 -4196.270992010456
5389.1089965816645 -3205.1061550825875 -2946.8416153356175
6401.387186079428 -2227.206915142822 -1435.5724291367728
6844.874032069064 -1051.4105668560621 203.25366729670318
6680.16378207443 217.80822433514825 1824.0197834268583
5921.891664626579 1467.673798958519 3282.7137372205434
4637.43348498314 2587.1301157640387 4449.724169510223
2600.1249314078846 3727.8438226916724 5228.920301835767
597.1194808204551 4130.737214113246 5529.876593724693
-1458.9426560535758 4166.596476619174 5339.4790827974575
-3385.3713354728484 3832.235357370017 4674.64542344566
-5010.994915277952 3157.363309130667 3594.4490038771623
-6191.369606471624 2201.9456750143927 2194.8700163345366
-6821.613937752293 1050.875504593662 600.267195812179
-6845.727934503986 -193.5695661014196 -1047.6719992873063
-6261.568962292779 -1420.8151313823294 -2602.520939617258
-5121.042109339055 -2521.8150370954254 -3926.1244734872016
-3525.4881916474296 -3398.7406099595732 -4900.87461837433
-1616.6791767778209 -3973.673164501317 -5440.160546284884
435.7788776282014 -4195.527420199659 -5496.064335906692
2449.516066372865 -4044.590652844436 -5063.6186902021145
4245.603003096097 -3534.2742565902527 -4181.24830254846
5664.4494814723275 -2709.922082730917 -2927.3556541074336
6579.984765392636 -1644.781439523749 -1413.3546093102564
6910.859527120273 -433.49474741043514 226.22919492868118
6627.67409205576 816.3098553706616 1845.7115424077354
5755.590728843401 1993.581745185272 3301.1943195721606
4372.09787137942 2993.7151482507793 4463.351494389941
