-199.1539781339761 4167.73369219618 5530.769414121852
-2231.566353616308 3947.2454338035764 5238.171612593844
-4065.694265512172 3376.027096416255 4480.139275949379
-5538.567399911884 2504.8339360614555 3324.0269038694228
-6519.314515226722 1411.0752882049217 1872.5601541288686
-6920.791926323139 191.93640858947649 254.70821709908392
-6707.3266033706195 -1044.2568632282075 -1385.7756627885653
-5897.885877090643 -2187.66333010229 -2903.1272936611053
-4564.392108185289 -3136.6863096943985 -4162.523324327584
-2825.3320699628393 -3807.000945549005 -5052.06089069481
-835.2288785586069 -4139.046840643113 -5492.7006763197605
1229.0880640471037 -4103.3202600381965 -5445.289902533802
3184.1951383981177 -3702.995667204516 -4914.041224646568
4856.372501092243 -2973.6436590108883 -3946.158419034767
6097.039855224626 -1980.0703620938857 -2627.642120460741
6795.958461801601 -810.5591241091779 -1075.6482882662597
6891.026335475017 430.9738491327508 571.9216147454327
6373.796278470494 1634.2129045816616 2168.6737724503428
5290.226451179605 2692.24497183328 3572.7297484049404
3736.5967879250093 3511.059258615049 4659.333007547496
1850.9541022783678 4017.900522239097 5331.934081823333
-590.2585040859192 4131.476748123727 5530.060716332761
-2593.7431310347047 3729.7637792782625 5230.720358540856
-4366.762298336814 2996.6449308451665 4466.60754225438
-5751.775472210966 1997.2610297468127 3305.61704445427
-6625.7181541282725 820.4117213197827 1850.9079657929244
-6910.936701566079 -429.334768864045 231.73759179506038
-6582.088194923556 -1640.93298072971 -1408.0236841974768
-5668.3922671437895 -2706.727096141761 -2922.675876838902
-4251.034811098561 -3532.0166307853947 -4177.63549187135
-2455.9542567282165 -4043.4709877840655 -5061.393860199645
-442.65138886984937 -4195.645203037959 -5495.425172488088
1609.9829974332465 -3975.017929716222 -5441.163841924812
3519.563329120368 -3401.192869260338 -4903.431225852295
5116.415013665884 -2525.1568964816083 -3930.0072270092933
6258.650771229719 -1424.74965198197 -2607.384839493867
6844.77794213327 -197.74714849286673 -1053.084866669506
6822.716555065033 1046.8260569388879 594.7863179452498
6194.426861080818 2198.3841732911496 2189.8081280338224
5015.735156695034 3154.606208396446 3590.2558761318965
3391.3733724456993 3830.527638124392 4671.693634057248
1465.673181257663 4166.089877211318 5338.030911206771
-976.3245192410312 4058.7177149809277 5529.256522489106
-2934.7409196269114 3479.1918515832017 5223.178777603157
-4632.39271040555 2590.5245239903415 4452.998676784633
-5918.436079944061 1471.677724111328 3287.150101870986
-6678.600431150615 222.06590009368836 1829.2238149854604
-6845.341825494174 -1047.2774536674233 208.7629647219868
-6403.844558354765 -2223.5656097687743 -1430.2473910982133
-5393.337599396575 -3202.2802034852075 -2942.1739896820313
-3903.608926459785 -3896.4581481467762 -4192.6755177647165
-2067.0274697014183 -4244.418687020566 -5070.639426840557
-46.78155125945085 -4215.243999227962 -5498.054770706997
1977.6211133093893 -3811.526383810347 -5436.94382038017
3826.3034633133684 -3069.1379225831524 -4892.7365519776
5335.0019591457985 -2054.043088244499 -3913.7881695111023
6369.662118637617 -856.4375114957237 -2587.082532807082
6838.349846086702 417.2662965635759 -1030.5032598384398
6699.420180106967 1653.8941630302236 617.6407500559225
5965.217631203506 2743.566275116646 2210.904668836028
4700.979317841225 3589.4604837166576 3607.7200053947076
3019.0383621807996 4116.4153762505675 4683.973587255604
1068.842599208985 4277.608698013276 5344.035560609314
-1353.9622698631902 3950.0801888119677 5528.3568464781365
-3251.5490384205314 3197.5889494529247 5215.54700001281
-4860.2214057263045 2160.9778995469983 4439.312914545316
-6037.041772402947 932.3544799710162 3268.6263950166312
-6677.444484480139 -379.1127267206375 1807.5080761600425
-6724.526950628803 -1656.8941039343676 185.78473261808549
-6174.1056871136325 -2787.4531688535135 -1452.4463997198554
-5075.088038681887 -3670.3347871832693 -2961.6212954866373
-3525.126546356235 -4227.091052672878 -4207.64314228845
-1661.9420906237738 -4408.25172784896 -5079.797430960146
348.91321317334945 -4197.719891711587 -5500.58942556718
2328.7660467995875 -3614.202221805315 -5432.629910773465
4101.697797546223 -2709.5468238264284 -4881.957387703844
5510.175698976564 -1564.136299900182 -3897.5015266196197
6429.050308545075 -279.7454016286991 -2566.7355509914987
6776.675584776772 1029.502103219955 -1007.9038577243595
6522.163496350078 2247.2738283019594 640.484516414827
5688.128559229603 3265.365411740577 2231.9630305505557
4348.678437680547 3993.3149485259537 3625.121834613426
2622.8291530825804 4366.440927760791 4696.172655085752
663.9299881370658 4351.589468753685 5349.947926339461
-1719.8542869182943 3806.501093523575 5527.361703835941
-3541.356621225394 2887.2871623469637 5207.825157559444
-5048.1938787490735 1711.5250961448007 4425.550491869511
-6106.476956511945 383.6865142460065 3250.0462437685283
-6622.172758855994 -978.2442982240838 1785.7611243156862
-6549.459450649193 -2253.2538118425737 162.80329228377343
-5894.797928422812 -3328.0518360373653 -1474.6203267180344
-4716.357741361449 -4107.137849685302 -2981.0174584262145
-3118.848471585071 -4521.286641511121 -4222.5381069735895
-1244.2158282672879 -4533.6992738990575 -5088.867714413087
740.9708515432885 -4143.272829989499 -5503.029093298852
2660.3190194972035 -3384.698412682046 -5428.222187599604
4343.286167951077 -2325.3786879034583 -4871.093919171422
5640.333280185096 -1059.4388619483461 -3881.1475795812753
6436.212028279746 300.6367561617256 -2546.34424540973
6660.205092810479 1633.9994791641557 -985.2870505858627
6292.4097070163625 2822.1741777542543 663.3172225435728
5365.50610496866 3759.5863157434997 2252.982849530331
3961.8537393587853 4362.942710906131 3642.461063283921
2206.1732826981124 4578.632499746027 4708.290626887645
254.46464823771856 4387.490697985711 5355.767906299308
-2070.7842219819063 3629.222651439146 5526.271111747175
-3801.577231363956 2550.8720298636367 5200.013383587978
-5194.583420792442 1245.8652341172083 4411.7116464141145
-6126.028077229644 -169.84215507006232 3231.409968978678
-6513.1482553735705 -1570.4583234393247 1763.9833349904209
-6321.546628547217 -2831.532377928177 139.81904057488873
-5568.247842123988 -3841.012354662936 -1496.7687891814767
-4320.185799074885 -4509.2015276808 -3000.3621435574064
-2688.2562889548303 -4776.72835665926 -4237.3601546058935
-817.4634103427819 -4619.821908821419 -5097.850120568859
1125.9646796573484 -4052.424010630273 -5505.373731772525
2969.3458666553124 -3124.9504553247693 -5423.720726973513
4548.887642641233 -1919.811338444469 -4860.14633397653
5724.240789113867 -544.0885591900794 -3864.72661080484
6390.970021056783 879.9788762416508 -2525.9089681897685
6489.833520318823 2225.8563267956215 -962.6532289821059
6012.046831135223 3373.9566747042086 686.1384741547415
5000.063397572295 4222.266165700335 2273.9637627938455
3543.802388718268 4695.408778764103 3659.7373919830975
1772.6589859059811 4751.343716372648 4720.327293401644
-155.99294698986526 4385.100913853019 5361.495399986313
-2403.6648177339634 3419.78171102523 5525.085089044771
-4029.871609408808 2191.1609893580635 5192.111812996309
-5298.00662378739 767.8459980348264 4397.796617155733
-6095.39049972335 -723.6954798504787 3212.717892468286
-6351.172180578263 -2150.9334384657654 1742.1750842547788
-6042.624341528755 -3387.051521857435 116.83237439581771
-5197.162812114259 -4322.215213701299 -1518.8914046386571
-3889.9105594700795 -4873.331116078747 -3019.655016825831
-2237.022683025654 -4991.43016253125 -4252.109029230262
-385.36552418205184 -4666.018734512371 -5106.744494314458
1500.5330526338746 -3926.0110654461187 -5507.623300499724
3253.1026827424466 -2837.1600841991904 -5419.1256066288315
4716.619863483349 -1496.2149787992244 -4849.114821167953
5761.044670808433 -22.324606501636367 -3848.2389038563947
6293.575377204053 1453.5494050535312 -2505.4300722189296
6266.894292434458 2800.269173173191 -940.0027837660384
5683.372147969449 3898.172736477546 708.9478771587222
4594.8574470894755 4649.706545296597 2294.9054080314368
3098.069497835827 4988.0935226649535 3676.9505223740443
1326.004478045396 4883.266500656653 4732.282446772134
-563.8818586941526 4344.539820202945 5367.130308495049
-2715.56477178455 3179.996522977303 5523.8036562096
-4224.168356027118 1811.1797914803592 5184.120582233006
-5357.436044379178 281.4317872787878 4383.8056443865535
-6014.6720294673205 -1273.3226662655736 3193.970337022146
-6137.478009783833 -2714.936813027755 1720.336748705359
-5714.942135052436 -3915.316909648445 93.84369069264113
-4784.608572011147 -4767.803916761626 -1540.9877910643866
-3429.1415404378004 -5196.650622707667 -3038.8957450717926
-1768.9802344567593 -5163.752115700498 -4266.784476155258
48.36272839764898 -4672.031572460427 -5115.550682057059
1861.4084505976032 -3765.1805211343867 -5509.777760633689
3509.059863305519 -2523.7766572829896 -5414.436905916562
4844.915907903165 -1058.1241620205597 -4837.9995712437485
5750.2799125203455 501.54730853879124 -3831.6847434545098
6144.706312222337 2016.6540997303518 -2484.907911137812
5993.148590483874 3352.572324220139 -917.3361060777455
5309.073315981523 4390.599785181643 731.7450376705146
4153.263578869716 5038.50318739996 2315.8074236115413
2628.418146478315 5238.713470310743 3694.100157211202
870.0262271492799 4973.441071669015 4744.155880551112
-965.671340509195 4266.256608222837 5372.672534518897
-3003.7342620134496 2911.95107779129 5522.426835370136
-4382.682369281542 1414.1370809793762 5176.039829294922
-5372.209914954182 -209.32920131591789 4369.7389697102
-5884.39303412825 -1814.1956654482372 3175.1676263831014
-5873.722008986521 -3257.8628832389345 1698.4687054582391
-5341.145006941868 -4412.05468695806 70.85338644627952
-4333.983831801625 -5174.21606975789 -1563.0575668864121
-2941.729173831031 -5476.625648086503 -3058.0839960360877
-1288.0889691997122 -5292.413003806834 -4281.386241957376
480.0035930303516 -4637.946238767 -5124.268531726703
2205.4457295585826 -3571.377597120895 -5511.837074970046
3734.9243345763743 -2187.4763832381473 -5409.654705803701
4932.53852202157 -609.2082931227062 -4826.800776148041
5691.875015696382 1023.190627303257 -3815.0644154653046
5945.463435844478 2564.6745702952117 -2464.3428393340478
5670.771338481251 3878.275922827458 -894.6535873375436
4892.206321923839 4847.275440082929 754.5295620165065
3678.947304569668 5385.573262569131 2336.6694485869434
2138.797674410147 5445.339266477081 3711.1860003454617
408.60648492028986 5021.262980080767 4755.947389701768
-1357.8911838947597 4151.025442454632 5378.121982351718
-3265.628913034614 2617.9771389223397 5520.954650302058
-4503.930874549276 1003.3973560966391 5167.869693724835
-5342.0388126851485 -700.3386851550223 4355.596836037553
-5705.483159162749 -2341.846560844966 3156.310085246445
-5561.9702888482925 -3775.271092579479 1676.5713321425192
-4924.251950065089 -4873.246220233984 47.861858665642565
-3848.9922157948363 -5538.212035331921 -1585.1003509920083
-2431.73263212709 -5711.083407047401 -3077.2194383656906
-798.4029326119743 -5376.499955369997 -4295.914074485496
905.8683711992893 -4564.190888276532 -5132.897892778873
2529.649294891613 -3346.333431137898 -5513.801207947453
3928.6597775497457 -1831.1395635002666 -5404.779088871848
4978.591598333118 -153.2409098220138 -4815.518629267607
5586.153707415216 1538.27387118057 -3798.3782068975106
5697.361545161702 3093.106268125061 -2443.735211936367
5302.333807161249 4373.1025992733585 -871.9556192393374
4436.17044148586 5264.529573431563 777.3010567413277
3175.833864271121 5688.179991982865 2357.491122701022
1633.3105112985477 5606.4106560797445 3728.2077567293277
-54.3396482680325 5026.4871300560135 4767.656770601982
-1737.1614916203796 3999.9381641513573 5383.478557889526
-3498.931996713091 2300.6341254661597 5519.387126427848
-4586.746905439917 582.4525340649423 5159.610316609021
-5267.009223011135 -1187.482521038766 4341.37948758256
-5479.274657228553 -2851.9045429669754 3137.3980392543112
-5204.682492750433 -4262.922330875635 1654.645006893786
-4467.631448418515 -5295.160762159474 24.869504380734323
-3333.611744016938 -5856.900922295174 -1607.1157627345506
-1903.3860068452639 -5898.2297328986 -3096.301741619528
-304.03607009346763 -5415.474947779127 -4310.367722865224
1322.328805726423 -4451.5314481291225 -5141.438616197137
2831.19896421316 -3092.0498440888337 -5515.670125648207
4088.504670217531 -1457.826042164025 -5399.810139315768
4982.528794165863 305.93200117128345 -4804.1533254286305
5433.833369285085 2042.5066436420414 -3781.6264058975453
5402.318003558353 3597.595607432438 -2423.0853848083193
4890.7829755333905 4833.022413714175 -849.2425937438117
3944.680417284709 5639.013969167888 800.059128614579
2648.0756930153952 5943.954387055823 2378.272086393907
1116.177822532902 5720.74837303966 3745.165132421981
-514.8973457473477 4989.228760988189 4779.283821047894
-2100.221625268153 3814.3942786531325 5388.742168632102
-3701.5746747577846 1962.6870168181642 5517.724290816348
-4630.290115547266 154.89236250479263 5151.2618405748435
-5147.583959876871 -1666.665157951031 4327.08716985803
-5207.492379571291 -3340.13216508334 3118.431814990054
-4804.692248636899 -4716.813771419432 1632.6901083475852
-3974.9741263664723 -5674.385774768606 1.8767206359050275
-2792.0621090817513 -6127.763700397765 -1629.1034219401201
-1361.0631206423677 -6036.662929998509 -3115.3305762741516
190.87229899323205 -5409.178166809948 -4324.746937503184
1725.847877233968 -4301.0641857129385 -5149.890554495704
3107.4742978238255 -2810.7817768060245 -5517.443795798835
4212.98799012568 -1070.7490721172528 -5394.74794294195
4944.159211111603 764.4243865340655 -4792.705060893259
5236.020189104929 2531.675383820646 -3764.8093017444758
5062.637795400151 4073.9759131803426 -2402.393714542196
4439.417816554043 5254.285804305139 -826.5149030716829
3421.736082642902 5967.7293436639675 822.8033846376734
2100.018081747468 6150.913941889379 2399.0119808087893
591.7042585112182 5787.562843536683 3762.0578345943645
-969.1850847451207 4909.961388234551 4790.828340257351
-2443.958080023171 3596.0883165771224 5393.912723684592
-3871.754108156367 1607.0824688156006 5515.966172182297
-4634.054823381137 -275.6260732288245 5142.824409788268
-4984.5994313338515 -2133.8440291017514 4312.720129671366
-4892.240505258245 -3802.4605787687196 3099.4117399725947
-4365.184541046603 -5133.211819188683 1610.7070156328662
-3450.262774066138 -6007.854662744689 -21.116095517144167
-2228.770018381102 -6348.673254479905 -1651.062948914001
-809.2412657667794 -6125.384366860896 -3134.3056137294393
682.1921246077447 -5357.828197439742 -4339.0514700914
2113.009750960004 -4114.205480234321 -5158.25356172197
3356.0771881489327 -2505.017551216687 -5519.1221877706475
4300.942439268665 -673.2478196849995 -5389.592587167111
4863.650080284358 1218.3429351250913 -4781.174033356274
4994.201067889961 3001.6785735394024 -3747.9271848450835
4680.995373923142 4518.3018980453 -2381.6605584528497
3951.862698773409 5633.454270668568 -803.7729396968867
2871.5896803738474 6248.0495093360705 845.5334320506037
1536.1633171093144 6307.478129985408 2419.7104477980524
64.24210177794801 5806.459638873684 3778.885571534233
-1413.3873062182179 4789.511727619602 4802.290128873417
-2765.431049508857 3346.9946809405014 5398.990133759081
-4007.9492764684314 1236.9233463003225 5514.112800885828
-4597.875216201925 -705.4094885452998 5134.298169951363
-4779.259765532829 -2585.063594695104 4298.278615120322
-4535.986111260112 -4235.023456091534 3080.3381426508113
-3889.67018515475 -5508.6828983198975 1588.6961083654933
-2897.7399935619383 -6292.87169057581 -44.10854702612873
-1648.3328870186306 -6517.91121731151 -1672.9939644473216
-252.464169874003 -6163.805729006833 -3153.226526314266
1165.83709668472 -5262.01905226397 -4353.2810736115225
2480.548621011152 -3892.678890737204 -5166.527493459046
3574.852514652418 -2177.4571270284973 -5520.705272580275
4351.515074384958 -268.7587419700874 -5384.344161016706
4741.526423449024 1663.8200367406755 -4769.5604419416395
4710.232341943658 3448.561103633067 -3730.9803467288057
4260.41344634243 4926.882382706514 -2360.886274571554
3432.038119517222 5967.428540809273 -781.0170963398596
2298.711144521689 6477.74248543232 868.2488783387172
961.1335966076962 6412.480583120027 2440.3671299294588
-461.84488923019967 5777.441640289984 3795.6480526512028
-1843.7864298870836 4629.0516538351385 4813.668988967768
-3061.899454925026 3069.3501136784466 5403.974311176127
-4108.934369593316 855.4418907231117 5512.164208931951
-4521.927662527317 -1130.7599197889435 5125.683268299817
-4533.127838493069 -3016.4887491695754 4283.762875588713
-4141.5397127048545 -4634.189315543651 3061.211352397807
-3381.9576085951394 -5840.1218244268275 1566.6577666416044
-2321.873729485239 -6527.133880257184 -67.1002368450651
-1055.4811801355327 -6634.181446971448 -1694.8960898235237
304.6955039720714 -6151.752878496552 -3172.092987292169
1637.7986554175804 -5122.714070244372 -4367.435502339131
2825.3762089682036 -3638.499636190574 -5174.712206828228
3761.9066873927327 -1830.9885421685915 -5522.193022890157
4364.175247786842 139.21391898595772 -5379.002755123369
4578.667685547462 2097.04661250837 -4757.864487199082
4386.325406295004 3868.5475117719443 -3713.9690800427543
3804.2388656212415 5296.310987773441 -2340.0712216397774
2884.129007109753 6253.473990033322 -758.2477659607047
1707.7516295248738 6654.988385360155 890.9493312395086
379.63302531212463 6465.1778577122395 2460.9816704923455
-982.2176391916938 5700.907905440877 3812.344988481756
-2256.793956062221 4430.087267748818 4824.964724044146
-3330.84422615947 2765.6339351995084 5408.865169866279
-4173.789635413053 465.9717532269297 5510.120429969998
-4406.730107592989 -1548.0063581720133 5116.979853600369
-4248.113271096739 -3424.437311333363 4269.173161742125
-3712.0329279255125 -4996.591981487132 3042.0316995052517
-2846.1221691199103 -6124.777526903017 1544.592371031105
-1727.3209655865928 -6708.7497109101 -90.0907679411216
-455.0397140376925 -6696.620042239633 -1716.7689468249694
857.6738130123508 -6089.466295183156 -3190.904670866985
2094.179257936709 -4941.236744616975 -4381.514511847959
3144.607685639082 -3353.95662503129 -5182.807560491505
3915.6239205888946 -1468.6627407153514 -5523.585413009026
4338.719786761835 547.1282732334233 -5373.568461725365
4376.301359722814 2514.3045390725474 -4746.086371100614
4025.0293517902282 4258.073812771322 -3696.893678546597
3316.1158224007077 5623.494541956222 -2319.215759103024
2312.5508496562907 6489.243102788993 -735.4653417524221
1103.5055854576647 6778.39393636466 913.634398749372
-203.59099266337677 6465.254722202487 2481.553713503769
-1492.5976176419256 5577.64925366959 3828.976090694258
-2648.9803941362206 4194.44517183757 4836.177139041742
-3569.9896377525297 2438.546229468325 5413.662625371564
-4201.9095885017 71.91913349460089 5507.981499293041
-4253.138550820693 -1953.5362280948816 5108.188076148257
-3926.4574883081627 -3805.4113228656083 4254.509725523557
-3250.8934469845744 -5319.158921827201 3022.7995151776786
-2286.473256585486 -6360.275907839998 1522.5003025710728
-1118.8898833161793 -6836.25446783011 -113.07974330147604
148.1117662531644 -6704.801817944924 -1738.612157739431
1401.9530354131339 -5977.598102997184 -3209.6612521884517
2531.2246250070807 -4719.258564340937 -4395.517859014116
3435.58579857284 -3041.5921921179106 -5190.813414653964
4034.6800971154566 -1093.667005817722 -5524.88241889234
4275.275363127392 951.4352934279777 -5368.041374664983
4135.993651388552 2911.9983915475805 -4734.226297037083
3629.2107532146547 4613.817653483737 -3679.7544371075246
2799.956553088571 5905.678969502574 -2298.320247104599
1721.9139258136192 6672.794792435824 -712.6702171341495
490.87168973531544 6847.003514983523 936.303689130418
-783.7866501308846 6412.825927644923 2502.0829037146646
-1988.8021065418986 5408.840614412017 3845.5410720939003
-3017.103768072383 3924.256076282513 4847.306040338568
-3777.322519467818 2090.9841644611924 5418.366594846955
-4193.008507703907 -323.2667275586835 5505.747453837283
-4062.340629168052 -2343.8264412981875 5099.308087764608
-3570.7159584423953 -4156.126890015442 4239.772820149085
-2761.817504980245 -5599.137225692373 3003.515131526754
-1707.5194461641138 -6544.63964745753 1500.381942759223
-501.50079123062267 -6908.622115868055 -136.06676594018617
749.0784098036817 -6658.743191294908 -1760.4253453666408
1933.0987068504614 -5817.205712762023 -3228.3624073578744
2945.354700529637 -4458.783978263432 -4409.4453020202955
3695.903003590544 -2704.179720244938 -5198.729631066225
4118.054105579245 -709.2972269854474 -5526.084018142707
4174.298028504449 1348.6094375913196 -5362.4215893869305
3859.637252991857 3286.6862353630668 -4722.284469814582
3202.030769811837 4932.726537737816 -3662.55165169515
2259.9098008534443 6140.472440320705 -2277.3850464794073
1116.9859286384224 6802.610419561626 -689.8627857443208
-125.18704514815157 6860.306610260379 958.9568109171431
-1356.236600598997 6308.434452677812 2522.568886615948
-2466.7785823403347 5196.030209866211 3862.0396466277075
-3358.136461761235 3621.9358805049837 4858.351235754768
-3951.1091796155097 1726.016653557095 5422.976997061779
-4147.123173625271 -716.1234474930553 5503.418332181416
-3835.846354894163 -2715.4737613932457 5090.340041793824
-3183.7377541962364 -4473.54231493334 4224.962700103509
-2248.7400824349593 -5834.1170019745105 2984.178881565566
-1113.9319859160462 -6676.304790789466 1478.2376735472278
119.8538559615291 -6925.273600461787 -159.05143890498624
1342.9901567669378 -6558.901459670447 -1782.2081330247477
2446.7958885283642 -5609.742140922424 -3247.007813433676
3333.193068007157 -4162.132615005528 -4423.296600359944
3923.421415916655 -2344.6993410272707 -5206.5560730268135
4165.036553370669 -318.92924105516073 -5527.190190010267
4036.569915095841 1735.1791215826304 -5356.709202936673
3549.436325669442 3635.109204559658 -4710.261095651007
2746.9197422625607 5212.043882297553 -3645.2856193764014
1700.3272850969067 6325.865588415478 -2256.41051874774
502.65328688701914 6877.606376398788 -667.0434414338964
-739.6836617204216 6818.241655960609 981.5933729233088
-1916.296470935699 6153.0462430296575 2543.011308444686
-2922.6379291797944 4941.125669206836 3878.4715293894446
-3669.290181630975 3290.1643959021144 4869.312534555998
-4089.909899029489 1346.8575773728974 5427.493752401137
-4064.6128207467586 -1103.2055371924125 5500.994174545965
-3575.4760805643955 -3065.2242186781245 5081.284093100927
-2768.6425999055496 -4754.88427681935 4210.079621135915
-1715.8030742571586 -6022.052000499227 2964.7910992028596
-510.5069157832683 -6754.133976594812 1456.0678773342152
740.1500224806832 -6886.0815088412 -182.03336528423011
1925.0413831523501 -6406.1704799560775 -1803.9601445569044
2938.8843690259564 -5357.043090910761 -3265.5971484369834
3691.594581629988 -3831.91891424162 -4437.071514841405
4116.290415360202 -1966.3119259429493 -5214.292605384533
4175.235781642709 74.01050599351073 -5528.2009153930485
3863.1931260058277 2107.7567796827007 -5350.904313958763
3207.888807779528 3954.2196137588126 -4698.156382172428
2267.5494913938537 5449.332682345493 -3627.9566383103747
1125.728451720801 6460.248628103177 -2235.3970261089808
-116.11850106559406 6897.14313291975 -644.2125782595215
-1347.647815454648 6721.1962027623 1004.2129842486121
-2459.4327073855397 5948.041494505705 2563.4098161901757
-3352.686210222558 4646.3771969121135 3894.836436624547
-3948.0388302602114 2931.8618950823843 4880.189747456658
-4192.590874546202 956.8377976105987 5431.916782867275
-3946.1563027729558 -1481.1143122902265 5498.4750227925815
-3283.345787830266 -3390.0013227245504 5072.1403980689065
-2328.7955909131965 -4997.671838859016 4195.123840255297
-1167.3216859923566 -6161.277280189244 2945.35211923725
97.87387343572563 -6777.426196854645 1433.8729369601172
1354.3729096966438 -6791.3710536845365 -205.01214821368652
2490.529969363395 -6201.872788953574 -1825.6810043377088
3405.3925117414483 -5061.31091045364 -3284.130091357188
4017.670985132391 -3471.0293463627954 -4450.76980759207
4272.961760235601 -1572.331592486227 -5221.939094540798
4148.581131358047 466.074723446299 -5529.116176837308
3655.5808632109115 2463.0682548653413 -5345.007022695137
2837.76619311509 4241.207362842636 -4685.970538409527
1767.8035434291787 5642.496584399398 -3610.565007743237
540.763791031506 6542.42522274387 -2214.3449314353925
-734.3251973021264 6861.03066908735 -621.370590476836
-1944.1661693224107 6570.003431345251 1026.8152542855055
-2981.2594453656916 5695.2025567429555 2583.7640576000563
-3753.4547366466386 4314.357941989299 3911.1340857350224
-4192.139102811733 2550.1636908418973 4890.982686623213
-4258.333512792564 559.3762045541628 5436.246012080936
-3792.7464937455243 -1846.5274235180518 5495.860920423332
-2961.849819453753 -3686.9328299553003 5062.909114595988
-1867.779790839662 -5199.7380746128 4180.09561572609
-607.7493311928712 -6250.5237726662435 2925.8622773514703
706.2823235944218 -6745.923003546515 1411.6532356990494
1957.5576944614143 -6641.917371566185 -227.98739088340676
3034.8954735750763 -5947.748233547899 -1847.370337279704
3842.569471442166 -4725.09556371568 -3302.606322157493
4308.814308933246 -3082.597417306964 -4464.391242062473
4392.2020861554565 -1166.1969626145801 -5229.495408451923
4085.3234331613776 853.8252099771744 -5529.935958537814
3415.445864984316 2797.981265712248 -5339.017430983382
2442.090943266088 4493.524407250254 -4673.703774793988
1251.745524299086 5789.798185697003 -3593.1110280029575
-49.82297769664162 6571.622987233729 -2193.2545982658376
-1346.9644894794951 6769.53024726227 -598.5178725335145
-2524.4222953157896 6365.935037227375 1049.3997927258285
-3477.5741019685024 5396.698562689057 2604.0736811863435
-4121.728188578727 3947.9417378342678 3927.3641952843177
-4399.648637727506 2148.3929643159395 4901.691165677397
-4286.64099787416 157.95004785089225 5440.4813652826615
-3605.6819711944327 -2196.2277514370867 5493.151912579934
-2613.6411960048636 -3953.3758352425943 5053.5904020929265
-1389.3669307747725 -5359.249126982721 4164.995207063749
-41.64131660902664 -6288.929615112982 2906.3219101065715
1309.7843112773628 -6659.811108427428 1389.4091572527743
2544.829855212972 -6438.93915865843 -250.95869654457744
3553.756098711041 -5645.939207823543 -1869.027768839856
4246.915517436864 -4351.272781577416 -3321.0255217804447
4562.717855156642 -2669.976673442058 -4477.9355830303775
4473.102688288248 -751.4414208717274 -5236.961416631432
3986.0327176776195 1233.8626995894067 -5530.660246338141
3144.78624768487 3109.532704474759 -5332.935642254984
2024.1117189181746 4708.907082608025 -4661.356303154872
723.585981257632 5889.8744017531935 -3575.595000494246
-641.2335462424354 6547.50053301451 -2172.1263907994876
-1949.0766591517813 6623.352508684659 -575.6548190625479
-3083.7357575134643 6110.690547854436 1071.966209567675
-3944.3914010685967 5055.066915523567 2624.3383362315776
-4454.570558962227 3550.2784039526614 3943.5264850022054
-4568.94157413115 1730.032076050396 4912.314999699458
-4277.342079968672 -243.9351939296532 5444.622769334102
-3386.5560509577413 -2527.131416308412 5490.348046042992
-2241.6096794584532 -4186.939970349912 5044.184421480246
-897.486450797208 -5474.720533942423 4149.822875030233
526.3823875717522 -6276.04815267878 2886.7313549360797
1903.4798408139263 -6519.721351065967 1367.1410857439405
3111.4447569160907 -6184.088696085041 -273.92566851639106
4042.9441520158284 -5298.97262203072 -1890.6529250260203
4615.210217040789 -3943.0195763506263 -3339.387372153403
4777.3946007652285 -2236.7119376553796 -4491.402596604843
4515.0865089607905 -331.6626276507924 -5244.336990152291
3851.5931667043933 1602.8563622980546 -5531.289027730899
2845.8688691481098 3394.9545304374033 -5326.761761533527
1587.2766336781772 4885.396090034844 -4648.928336714935
187.6479036571661 5941.748767825065 -3558.017227693249
-1228.6541660830496 6470.150992659042 -2150.960673889588
-2535.7849213067775 6423.651908005302 -552.781824875406
-3617.600058163574 5806.383161593201 1094.514115122055
-4377.975554276159 4673.191790380739 2644.557672794826
-4749.348709962036 3124.7668206285634 3959.620675789586
-4698.721390594262 1298.6926060501985 4922.854005231317
-4230.592055672997 -642.7761457943456 5448.670152719273
-3137.243266076137 -2836.3146612891605 5487.449369231177
-1848.8577653737775 -4385.508507697262 5034.691335185463
-396.1931386392928 -5545.030677709365 4134.57888162951
1091.6749871282493 -6211.852538040665 2867.090950140201
2482.5429995526574 -6326.724040101189 1344.8494057095552
3652.826172006316 -5879.4383468275755 -296.88791019281285
4498.53970891358 -4909.738754948129 -1912.2454324033997
4944.538251167527 -3503.787328657889 -3357.6915561940973
4951.192871056521 -1786.5090220989682 -4504.792050230249
4517.912276400108 89.50845103915447 -5251.622001649141
3683.195349454075 1957.5727055010973 -5531.82229185795
2521.2103522724983 3651.6980344129206 -5320.495895432902
1135.2047511420933 5021.353967754308 -4636.420090086968
-351.6687738912595 5944.840565211768 -3540.3780131423823
-1807.294985091393 6340.101989947052 -2129.7578130370784
-3102.3351056827387 6172.017529796231 -529.8992849552211
-4121.719137760812 5455.522226670204 1117.0431200196317
-4774.870336582322 4254.2798325395715 2664.7313417177447
-5003.753351825154 2675.0260056882576 3975.6464897233523
-4788.030923148414 858.0843790732707 4933.308000279785
-4146.870935022324 -1035.1018102636342 5452.623445545784
-2859.88340416638 -3121.0393766476545 5484.455932200394
-1438.6748032907924 -4547.257185324641 5025.11130714029
110.36636737756618 -5569.431237776054 4119.263490103021
1649.6010019696075 -6096.736883704648 2847.4010348800125
3042.2613483818745 -6082.320702426947 1322.534502094301
4164.6034232463935 -5527.463634913849 -319.84502504956686
4916.902207894371 -4481.467166564022 -1933.8049181010106
5232.31265390099 -3037.272673870259 -3375.937757816062
5082.809158982628 -1323.2031752515277 -4518.10371269033
4481.675764748057 508.43873226979406 -5258.816325320496
3482.3258113054653 2294.9036271823256 -5532.260029510607
2173.5559275932656 3877.456263801017 -5314.138152155437
671.6560612213323 5115.479895444432 -4623.831779270091
-889.9233937042023 5898.97068946385 -3522.6776614450464
-2372.429249734613 6158.312050517916 -2108.5181743843314
-3644.1343556918305 5870.46036057617 -507.0075944499656
-4592.042132125622 5060.99250550626 1139.552835217475
-5131.926813275071 3801.833256522321 2684.8589946305933
-5215.8172759751515 2204.8644386259384 3991.6036500611413
-4836.259484467729 411.9837394694112 4943.676804319664
-4026.9788141901727 -1417.503522899829 5456.482579546062
-2556.863238710146 -3378.777044190031 5481.36778664292
-1014.5094612663562 -4670.670587915262 5015.444502777785
617.9879339123905 -5547.554553003951 4103.876964925166
2195.5743891676466 -5931.513951016065 2827.661949171516
3578.074424825837 -5788.432304460168 1300.1967602439122
4642.646845717279 -5131.023045536208 -342.79661665088054
5294.699720446631 -4017.6998718926006 -1955.3310098180616
5476.295289607282 -2547.38643324586 -3394.125661934098
5171.297989960284 -850.7265309839796 -4531.337354112166
4406.808170037879 921.5241569077039 -5265.919836930914
3250.7541052484776 2611.8933794159975 -5532.602233129778
1805.856272508325 4070.1844130578743 -5307.688641490062
200.5001850860953 5166.821699889453 -4611.163621646002
-1422.6712236615929 5804.364204462288 -3504.916478260452
-2919.4320508971396 5926.163477435894 -2087.24212470882
-4156.788528693928 5521.397118899252 -484.10714866562694
-5024.796103950269 4626.030396096246 1162.0428720057464
-5446.328494416124 3319.620571600068 2704.9402839582613
-5383.9306973341745 1718.2478914023004 4007.4918812461565
-4843.147030803377 -35.798654353241496 4953.9602382968815
-3872.0284967850303 -1786.6643325696796 5460.247488078499
-2230.796109581136 -3607.2308944874712 5478.184985886507
-579.9407649610649 -4754.555939160511 5005.691089029509
1122.4448616539257 -5479.417823614064 4088.419571798712
2725.0963365428124 -5717.409388410446 2807.8740338798307
4085.6110430415715 -5447.384038608723 1277.836565898486
5083.101278957343 -4693.334711525505 -365.7422886563498
5628.935659415204 -3522.261998963104 -1976.8233358304701
5674.614404356752 -2038.2208506006525 -3412.254954469724
5216.078756836056 -373.07483507744246 -4544.492745970128
4294.071621385884 1325.220516754332 -5272.932413813148
2990.5173781526387 2905.764210038049 -5532.84889680611
1421.2425422011738 4228.11800152368 -5301.147474810384
-274.31593064502164 5174.784953783689 -4598.415835975239
-1945.5002292377833 5661.649553730293 -3487.0947702981725
-3443.818294775633 5645.451745088122 -2065.930031416766
-4636.137991874994 5127.630774237956 -461.1983430593788
-5416.516483039798 4154.197306859729 1184.5128420144283
-5715.61371469545 2811.645178372398 2724.974862926278
-5506.853585242751 1219.266037085036 4023.310908911909
-4808.785348312325 -481.45024225818173 4964.158124631589
-3683.435430177433 -2139.387554767181 5463.918106128646
-1884.4995267037125 -3804.356084673078 5474.9075848934635
-138.64795424733333 -4798.054182432652 4995.851234322648
1619.5230973904772 -5365.4241101691305 4072.891577650221
3233.7924146650726 -5456.05255994119 2788.03763071329
4560.725084632421 -5061.886796270188 1255.4543051858523
5482.417316417792 -4217.950177026258 -388.68164482780827
5916.972710447331 -2999.23017438407 -1998.281524997222
5825.779112946571 -1514.0154088430227 -3430.3253223566007
5216.939475249969 105.72626992090558 -4557.569661089861
4144.551871015613 1716.0737056302655 -5279.853934870259
2703.9026449751977 3173.9404617289724 -5533.000016280081
1022.999803047419 4349.788679194758 -5294.514765072775
-748.801060741814 5139.139083780877 -4585.5886423934
-2454.067664224797 5471.854428032657 -3469.212845313071
-3941.27958624284 5318.371493516095 -2044.582262536874
-5078.2915210026395 4692.327912511748 -438.2815732327855
-5764.074968406078 3649.350404538851 1206.962357220041
-5937.69505964027 2282.112098212219 2744.962385566789
-5583.724887679838 712.0981170754247 4039.060459886925
-4733.616255675985 -921.1889067546225 4974.270287221218
-3462.9050462225377 -2472.624253648589 5467.494370310298
-1520.970987831209 -3968.3777214124966 5471.535640259714
305.6205891675379 -4800.648249496834 4985.925108577087
2105.056435624916 -5206.360113315544 4057.293250625426
3717.4487798889886 -5149.464033331133 2768.153082217545
4999.529486304671 -4635.015475934548 1233.0503646149077
5837.380057788396 -3708.7254530707933 -411.6142890361497
6156.5537942171795 -2452.8988982281085 -2019.7052067668074
5928.690708438442 -979.121511908353 -3448.336453545906
5174.037435584312 581.6551175484415 -4570.567873652176
3959.6482306892112 2090.7491372596282 -5286.684280577712
2393.4269038673146 3414.070921023832 -5533.055588942078
614.5390932558628 4434.0375210515895 -5287.790626814426
-1218.9532126517709 5060.020428880758 -4572.682262407358
-2944.13617632724 5236.398316069967 -3451.2710120998017
-4407.719720607226 4947.499233320842 -2023.1991867138042
-5479.658024751855 4218.993131948393 -415.3572349249079
-6064.704666314125 3115.6109760559157 1229.3910299522856
-6110.8756837563205 1735.393112307301 2764.902506724545
-5614.0685795605295 200.97795488295375 4054.7402621995207
-4618.426845136618 -1351.2949758099755 4984.296551443514
-3212.417617889938 -2783.4994178418574 5470.976218866606
-1143.3622169041296 -4097.806572000126 5468.069210213805
749.0790812153573 -4762.1684406501845 4975.912883202489
2574.9614156894895 -5003.390744916499 4041.6248600846
4172.047128347547 -4800.039824478347 2748.2207317696348
5398.42814492466 -4170.18430100748 1210.6251310689058
6145.135130213511 -3169.789601839724 -434.53982526817373
6345.819891701555 -1887.7451861559452 -2041.0940111835791
5982.650707640006 -437.96632644892304 -3466.2880370117737
5087.89675377445 1050.7277633466517 -4583.487159196971
3741.0608454688822 2446.0600803260463 -5293.423332985428
2061.8152636682867 3624.049224810614 -5533.015613832445
199.36834756353 4480.025691792676 -5280.975176151362
-1680.7933211358475 4937.93221579004 -4559.696918891382
-3411.609127212287 4957.081792655848 -3433.2695804875652
-4839.28849073587 4535.772898449042 -2001.7811732020268
-5836.97583498981 3711.4406773035325 -392.4257240055158
-6316.022261158368 2557.3306645904518 1251.7984729008265
-6233.86239201584 1175.9905996677337 2784.794882062813
-5597.796492488193 -309.84139078519496 4070.350045082456
-4464.3418090776795 -1768.1426139503149 4994.236744159565
-2934.2107644892717 -3069.336606499897 5474.36359167114
-754.9520431663656 -4191.452326236272 5464.508354615907
1187.936473960073 -4682.794864024217 4965.814731095319
3025.271622201776 -4758.050528036828 4025.8866765979196
4593.798110625041 -4410.532522272546 2728.2409235720957
5754.145477368302 -3671.119346601177 1188.178991798807
6403.211766795883 -2605.511106542387 -457.457857633439
6483.324590711641 -1308.3917705701522 -2062.4475688942007
5987.365573141329 104.98391599995463 -3484.1797627566357
4959.4028492763755 1509.0313209191306 -4596.327294627091
3490.7754182722733 2778.9946706997794 -5300.070975719837
1711.9772723390686 3802.0321485715094 -5532.880091641491
-218.93756712995784 4487.242385099384 -5274.068530776442
-2130.398842967809 4773.74144377232 -4546.632836083375
-3852.5648325066354 4636.072625946813 -3415.208861334736
-5232.41352997495 4086.4684102363126 -1980.328591859273
-6147.339323236417 3173.7635431050808 -369.4874364682392
-6516.047040474053 1979.0558573370488 1274.1842991219198
-6305.775382964117 608.5003737010371 2804.6391680693987
-5535.207910238346 -816.1230384982057 4085.889538977634
-4272.812923828078 -2168.2303372299234 5004.090693716805
-2630.75975820501 -3327.6808553766546 5477.656430228933
-359.11815306044394 -4248.434292634717 5460.853134956786
1618.4287211006656 -4563.0569066221215 4955.630826635916
3452.171101034511 -4472.231889810744 4010.078971940771
4979.172929038117 -3984.029443523288 2708.2140026469588
6063.753391556172 -3141.828497553554 1165.7123344165834
6609.542754891007 -2020.462301888912 -480.3679903710409
6568.045238953141 -719.5691640486777 -2083.7655111539834
5942.948080142503 645.2608517945525 -3502.0113218165725
4789.793904213109 1952.756609275236 -4609.088058212209
3211.045520230076 3086.7413724905578 -5306.6270939858805
1346.9816503334034 3946.4556188187157 -5532.649024709488
-636.7674503269824 4455.509964679595 -5267.07080995732
-2563.9369686179043 4568.672697495267 -4533.490239580902
-4263.28943559506 4275.888811848578 -3397.08916652349
-5583.82992708205 3603.173440840167 -1958.8418131402202
-6408.22262531378 2610.300297346906 -346.54276842373065
-6663.21662126459 1385.4905173201846 1296.5481220451118
-6326.154579371521 37.57382470457412 2824.435022062528
-5426.985941229193 -1313.6814671260402 4101.358475540736
-4045.605786273116 -2548.210395606347 5013.858229951939
-2304.7558033580985 -3556.3196477999004 5480.854677677481
40.69204320917749 -4268.189434415213 5457.103614356736
2036.8508968415526 -4403.829734775885 4945.361345685377
3852.026609716591 -4148.170437313247 3994.2020190890803
5324.932853977997 -3523.927992549194 2688.140314829845
6324.6954460805155 -2586.5690811438626 1143.2255468885107
6762.481092329967 -1419.3821559074556 -503.2698278565339
6599.390616866433 -126.07689726267371 -2105.0474698332664
5849.915324145611 1178.4308469832497 -3519.7824062666514
4580.649382943872 2378.2298390161304 -4621.769229592579
2904.3726422188874 3366.7126731626563 -5313.091574568991
970.029646603313 4056.048311723483 -5532.322417026622
-1050.5047400179335 4384.986258112834 -5259.982134534396
-2977.6971704244866 4324.298932273619 -4520.269356337385
-4640.308139830018 3879.3786694285945 -3378.910808954457
-5890.607367354782 3089.758587431957 -1937.3212080900796
-6617.50027978542 2025.5998957597737 -323.59211609282454
-6756.399251935481 781.4577641505878 1318.8895554799153
-6294.962500581313 -532.120319174288 2844.1821021967767
-5274.190706062579 -1798.4171769689608 4116.756587645871
-3784.783921905486 -2904.9167763661626 5023.539184193919
-1959.0824770364347 -3753.301772165921 5483.958278787732
440.9911807493762 -4250.477673466423 5453.259857564491
2439.588895166675 -4206.327846886966 4935.00646558262
4221.418430288864 -3788.4273319458894 3978.256092214579
5628.156412490253 -3033.9084233219046 2668.0202067639584
6534.807998684279 -2009.813437197944 1120.719017528526
6860.8132166626465 -807.1377072579623 -526.1629746086996
6577.205072157645 467.2557500373938 -2126.2930774237825
5709.183393402395 1700.131483423826 -3537.4927092262637
4333.875715804679 2781.943073603936 -4634.370589782945
2573.484161957396 3616.5668133382387 -5319.464305837055
584.4272467709804 4129.842720665385 -5531.900274232932
-1456.5585940077624 4276.163978745146 -5252.802626918717
-3368.122811706826 4042.529301676867 -4506.9704146581225
-4980.414536822229 3449.6981558069547 -3360.6741025412553
-6150.174574151764 2550.3461900425914 -1915.7671483382212
-6773.464610971341 1424.3847732830338 -300.6358757996829
-6794.902592246269 171.8605186076531 1341.208213622475
-6212.583659261236 -1095.934297343479 2863.8800674689724
-5078.249404676514 -2266.3505415471905 4132.083609390176
-3492.6904049558234 -3235.3915944189075 5033.133389266826
-1596.7905353354142 -3916.9539058443497 5486.96717996504
838.2820893161144 -4195.3844138281565 5449.321930956103
2823.1504395476522 -3972.0957263465853 4924.566365141264
4557.169484033727 -3395.868902324136 3962.2414666800905
5886.264021054523 -2517.9042238049715 2647.854025894116
6692.338168360445 -1416.2127053600384 1098.1931349914353
6903.768700565219 -188.68447309678766 -549.0470352964109
6501.769087034843 1055.6092026293015 -2147.501967044964
5522.058757577735 2206.1073682370893 -3555.1419248644106
4051.6892743541466 3160.5832128342745 -4646.891921176273
2221.309418558658 3834.227368980166 -5325.745177742322
193.55647286842108 4167.183597162501 -5531.382603618204
-1851.394814844779 4129.8672753529445 -5245.532411089868
-3731.841548546684 3725.594122504254 -4493.59364419637
-5280.697783743336 2990.285582370541 -3342.379362205113
-6360.340846893855 1989.277045591074 -1894.1800060917003
-6874.839713901787 811.5125135123166 -277.67444396500053
-6778.4789025923865 -438.3584666560219 1363.5037110622209
-6079.820493922946 -1649.279373357529 2883.5285777240865
-4840.943353515668 -2713.6545699929047 4147.339276098432
-3171.927152018533 -3536.9096494074706 5042.640679492787
-1221.0713032915057 -4045.8947849998435 5489.881329250079
1229.08806404711 -4103.320260038196 5445.2899025338
3184.195138398122 -3702.9956672045146 4914.041224646565
4856.372501092244 -2973.6436590108883 3946.158419034766
6097.03985522462 -1980.0703620938934 2627.64212046075
6795.958461801601 -810.5591241091794 1075.6482882662606
6891.026335475015 430.97384913275783 -571.9216147454431
6373.796278470495 1634.2129045816594 -2168.673772450341
5290.226451179604 2692.24497183328 -3572.729748404941
3736.5967879250147 3511.0592586150474 -4659.333007547494
1850.9541022783776 4017.9005222390947 -5331.934081823331
-199.15397813398104 4167.73369219618 -5530.769414121852
-2231.566353616311 3947.245433803576 -5238.171612593844
-4065.6942655121893 3376.0270964162482 -4480.139275949369
-5538.567399911888 2504.8339360614527 -3324.0269038694187
-6519.314515226722 1411.075288204922 -1872.560154128868
-6920.791926323139 191.93640858947867 -254.70821709908572
-6707.326603370623 -1044.256863228199 1385.775662788555
-5897.885877090644 -2187.663330102289 2903.127293661105
-4564.392108185295 -3136.6863096943935 4162.523324327579
-2825.3320699628375 -3807.000945549005 5052.060890694811
-835.2288785586295 -4139.046840643111 5492.700676319759
1609.982997433234 -3975.0179297162244 5441.163841924814
3519.563329120372 -3401.1928692603365 4903.431225852292
5116.415013665884 -2525.1568964816083 3930.007227009292
6258.650771229715 -1424.749651981975 2607.384839493872
6844.77794213327 -197.7471484928689 1053.0848666695067
6822.716555065031 1046.8260569388942 -594.7863179452604
6194.426861080819 2198.3841732911474 -2189.8081280338206
5015.735156695031 3154.6062083964466 -3590.2558761318983
3391.3733724457043 3830.5276381243903 -4671.693634057246
1465.6731812576734 4166.089877211317 -5338.030911206769
-590.2585040859176 4131.476748123727 -5530.060716332761
-2593.7431310347074 3729.7637792782616 -5230.720358540855
-4366.762298336813 2996.644930845168 -4466.607542254381
-5751.7754722109685 1997.2610297468104 -3305.617044454266
-6625.7181541282725 820.4117213197836 -1850.9079657929237
-6910.936701566079 -429.334768864042 -231.73759179506217
-6582.0881949235545 -1640.9329807297113 1408.0236841974809
-5668.39226714379 -2706.72709614176 2922.6758768389013
-4251.034811098563 -3532.0166307853924 4177.635491871348
-2455.9542567282197 -4043.4709877840646 5061.393860199644
-442.6513888698543 -4195.645203037958 5495.425172488087
1977.6211133093877 -3811.5263838103474 5436.94382038017
3826.3034633133734 -3069.1379225831497 4892.736551977598
5335.001959145784 -2054.0430882445103 3913.7881695111146
6369.662118637626 -856.4375114957086 2587.082532807065
6838.349846086702 417.2662965635764 1030.5032598384403
6699.420180106967 1653.894163030225 -617.6407500559231
5965.217631203515 2743.566275116639 -2210.9046688360154
4700.979317841221 3589.46048371666 -3607.720005394711
3019.0383621807987 4116.4153762505675 -4683.973587255604
1068.8425992089806 4277.608698013276 -5344.035560609314
-976.3245192410462 4058.7177149809254 -5529.256522489106
-2934.7409196269155 3479.1918515831994 -5223.178777603155
-4632.392710405547 2590.524523990342 -4452.998676784634
-5918.436079944065 1471.6777241113232 -3287.1501018709814
-6678.600431150614 222.06590009368878 -1829.2238149854622
-6845.341825494176 -1047.2774536674135 -208.76296472200085
-6403.84455835477 -2223.5656097687684 1430.247391098203
-5393.337599396571 -3202.2802034852107 2942.173989682035
-3903.6089264597877 -3896.458148146776 4192.675517764715
-2067.0274697014197 -4244.418687020566 5070.639426840556
-46.78155125943579 -4215.2439992279615 5498.054770706999
2328.766046799585 -3614.2022218053157 5432.629910773466
4101.697797546232 -2709.5468238264225 4881.957387703839
5510.175698976565 -1564.13629990018 3897.501526619618
6429.050308545078 -279.74540162869187 2566.7355509914905
6776.675584776773 1029.5021032199663 1007.9038577243457
6522.163496350077 2247.273828301962 -640.4845164148302
5688.128559229603 3265.3654117405777 -2231.9630305505557
4348.67843768055 3993.314948525952 -3625.1218346134224
2622.8291530825795 4366.440927760791 -4696.172655085753
663.9299881370679 4351.589468753685 -5349.9479263394605
-1353.962269863187 3950.0801888119686 -5528.3568464781365
-3251.5490384205345 3197.588949452923 -5215.547000012809
-4860.221405726304 2160.977899546999 -4439.312914545317
-6037.041772402944 932.3544799710195 -3268.626395016635
-6677.444484480139 -379.11272672063825 -1807.5080761600418
-6724.526950628806 -1656.8941039343579 -185.78473261809955
-6174.105687113638 -2787.4531688535076 1452.4463997198452
-5075.08803868188 -3670.334787183273 2961.6212954866446
-3525.1265463562327 -4227.0910526728785 4207.643142288452
-1661.942090623776 -4408.25172784896 5079.797430960146
348.91321317332927 -4197.719891711591 5500.589425567178
2660.319019497206 -3384.698412682045 5428.222187599604
4343.286167951085 -2325.378687903452 4871.093919171419
5640.333280185097 -1059.4388619483454 3881.1475795812744
6436.212028279748 300.6367561617322 2546.3442454097217
6660.205092810479 1633.9994791641664 985.287050585849
6292.409707016361 2822.1741777542557 -663.317222543576
5365.50610496866 3759.5863157435 -2252.9828495303314
3961.85373935879 4362.942710906129 -3642.461063283918
2206.1732826981174 4578.632499746026 -4708.290626887642
254.46464823773306 4387.490697985713 -5355.767906299305
-1719.8542869182907 3806.501093523577 -5527.361703835942
-3541.3566212253922 2887.287162346965 -5207.825157559445
-5048.193878749073 1711.5250961448023 -4425.5504918695115
-6106.476956511949 383.6865142459998 -3250.0462437685214
-6622.172758855995 -978.244298224084 -1785.7611243156857
-6549.459450649193 -2253.2538118425737 -162.80329228377275
-5894.797928422816 -3328.0518360373617 1474.620326718029
-4716.357741361446 -4107.137849685304 2981.017458426218
-3118.8484715850836 -4521.28664151112 4222.538106973583
-1244.2158282672963 -4533.6992738990575 5088.867714413083
740.9708515432683 -4143.272829989505 5503.02909329885
2969.3458666552992 -3124.950455324778 5423.720726973515
4548.887642641232 -1919.811338444471 4860.14633397653
5724.240789113868 -544.0885591900794 3864.726610804839
6390.9700210567835 879.9788762416491 2525.908968189769
6489.833520318821 2225.8563267956306 962.6532289820922
6012.046831135222 3373.956674704209 -686.1384741547447
5000.063397572296 4222.266165700335 -2273.9637627938464
3543.802388718259 4695.408778764105 -3659.7373919831057
1772.6589859059925 4751.3437163726485 -4720.3272934016395
-155.99294698986247 4385.100913853021 -5361.495399986313
-2070.7842219818967 3629.222651439152 -5526.271111747176
-3801.5772313639595 2550.8720298636345 -5200.013383587976
-5194.58342079244 1245.8652341172105 -4411.711646414115
-6126.028077229644 -169.84215507005976 -3231.4099689786794
-6513.148255373571 -1570.4583234393374 -1763.9833349904038
-6321.546628547216 -2831.5323779281775 -139.81904057488558
-5568.247842123993 -3841.0123546629325 1496.7687891814714
-4320.185799074877 -4509.201527680802 3000.3621435574146
-2688.256288954865 -4776.72835665926 4237.360154605874
-817.4634103427851 -4619.82190882142 5097.850120568858
1125.9646796573454 -4052.424010630275 5505.373731772525
3253.1026827424403 -2837.1600841991944 5419.125606628833
4716.619863483357 -1496.2149787992155 4849.114821167949
5761.044670808432 -22.324606501635852 3848.2389038563956
6293.575377204053 1453.5494050535362 2505.430072218926
6266.894292434459 2800.2691731731866 940.0027837660464
5683.372147969448 3898.172736477548 -708.9478771587228
4594.857447089475 4649.706545296597 -2294.905408031437
3098.0694978358156 4988.093522664954 -3676.9505223740525
1326.0044780453995 4883.266500656653 -4732.282446772131
-563.8818586941627 4344.539820202941 -5367.1303084950505
-2403.664817733987 3419.781711025215 -5525.085089044769
-4029.871609408806 2191.160989358065 -5192.11181299631
-5298.006623787396 767.8459980348156 -4397.7966171557255
-6095.39049972335 -723.6954798504793 -3212.717892468287
-6351.172180578263 -2150.93343846577 -1742.1750842547758
-6042.624341528754 -3387.0515218574387 -116.83237439581455
-5197.162812114263 -4322.215213701298 1518.891404638652
-3889.9105594700786 -4873.331116078747 3019.6550168258304
-2237.022683025664 -4991.430162531251 4252.109029230256
-385.36552418203723 -4666.018734512367 5106.744494314462
1500.5330526338735 -3926.011065446119 5507.623300499724
3509.0598633055133 -2523.7766572829946 5414.436905916563
4844.91590790316 -1058.124162020569 4837.999571243753
5750.279912520346 501.54730853879124 3831.68474345451
6144.706312222339 2016.6540997303694 2484.9079111377946
5993.148590483875 3352.572324220137 917.3361060777487
5309.073315981528 4390.599785181639 -731.7450376705057
4153.263578869715 5038.503187399961 -2315.807423611542
2628.4181464783137 5238.713470310743 -3694.100157211202
870.0262271492705 4973.441071669014 -4744.155880551117
-965.6713405091886 4266.256608222841 -5372.672534518895
-2715.564771784533 3179.996522977316 -5523.803656209602
-4224.168356027116 1811.179791480362 -5184.120582233007
-5357.4360443791875 281.4317872787724 -4383.805644386544
-6014.67202946732 -1273.3226662655725 -3193.9703370221478
-6137.478009783834 -2714.936813027752 -1720.3367487053629
-5714.942135052435 -3915.3169096484476 -93.843690692638
-4784.608572011151 -4767.803916761625 1540.9877910643813
-3429.1415404377913 -5196.650622707669 3038.8957450718003
-1768.9802344567552 -5163.752115700498 4266.78447615526
48.36272839766934 -4672.03157246042 5115.550682057066
1861.408450597602 -3765.180521134388 5509.777760633689
3734.924334576373 -2187.476383238149 5409.654705803702
4932.538522021569 -609.2082931227076 4826.800776148042
5691.875015696382 1023.1906273032565 3815.0644154653055
5945.463435844478 2564.6745702952157 2464.3428393340437
5670.771338481253 3878.2759228274554 894.6535873375468
4892.206321923835 4847.275440082932 -754.529562016512
3678.9473045696677 5385.573262569132 -2336.6694485869443
2138.797674410146 5445.339266477081 -3711.186000345462
408.6064849202919 5021.262980080767 -4755.947389701766
-1357.8911838947477 4151.025442454639 -5378.121982351716
-3003.734262013453 2911.951077791286 -5522.426835370135
-4382.682369281541 1414.137080979379 -5176.039829294924
-5372.209914954192 -209.32920131593733 -4369.738969710189
-5884.39303412825 -1814.1956654482356 -3175.167626383103
-5873.722008986521 -3257.8628832389372 -1698.468705458236
-5341.145006941866 -4412.054686958062 -70.85338644627637
-4333.983831801622 -5174.216069757891 1563.0575668864162
-2941.729173831032 -5476.625648086503 3058.0839960360872
-1288.0889691997072 -5292.413003806832 4281.386241957379
480.00359303033497 -4637.946238767008 5124.268531726698
2205.4457295585853 -3571.3775971208925 5511.837074970046
3928.6597775497444 -1831.1395635002687 5404.779088871848
4978.591598333114 -153.24090982202023 4815.51862926761
5586.153707415214 1538.2738711805614 3798.3782068975174
5697.361545161702 3093.1062681250637 2443.735211936363
5302.333807161249 4373.102599273359 871.9556192393358
4436.170441485862 5264.529573431563 -777.301056741326
3175.833864271123 5688.179991982865 -2357.4911227010207
1633.3105112985475 5606.4106560797445 -3728.2077567293286
-54.33964826802983 5026.487130056015 -4767.656770601981
-1737.1614916203678 3999.938164151366 -5383.4785578895235
-3265.628913034618 2617.977138922336 -5520.954650302058
-4503.930874549274 1003.3973560966424 -5167.869693724836
-5342.038812685153 -700.3386851550332 -4355.596836037546
-5705.483159162749 -2341.8465608449646 -3156.3100852464463
-5561.970288848293 -3775.271092579479 -1676.5713321425183
-4924.251950065085 -4873.246220233988 -47.861858665634514
-3848.992215794833 -5538.2120353319215 1585.1003509920124
-2431.732632127089 -5711.083407047401 3077.219438365692
-798.4029326119709 -5376.499955369997 4295.9140744854985
905.8683711992928 -4564.190888276529 5132.897892778874
2529.649294891615 -3346.333431137896 5513.801207947453
4088.504670217529 -1457.826042164027 5399.810139315768
4982.528794165863 305.93200117128265 4804.1533254286305
5433.833369285086 2042.5066436420398 3781.6264058975457
5402.318003558352 3597.5956074324445 2423.085384808311
4890.782975533394 4833.02241371417 849.2425937438171
3944.6804172847114 5639.013969167886 -800.0591286145772
2648.075693015395 5943.954387055823 -2378.2720863939076
1116.1778225329017 5720.74837303966 -3745.165132421982
-514.8973457473478 4989.228760988189 -4779.283821047895
-2100.2216252681596 3814.394278653126 -5388.742168632104
-3498.9319967130996 2300.634125466149 -5519.387126427847
-4586.746905439916 582.4525340649435 -5159.610316609021
-5267.009223011136 -1187.4825210387664 -4341.37948758256
-5479.274657228554 -2851.9045429669845 -3137.3980392543026
-5204.682492750433 -4262.922330875635 -1654.6450068937854
-4467.631448418521 -5295.1607621594685 -24.86950438074593
-3333.611744016932 -5856.900922295174 1607.1157627345592
-1903.3860068452627 -5898.229732898599 3096.3017416195294
-304.03607009348514 -5415.474947779135 4310.367722865213
1322.3288057264313 -4451.531448129116 5141.43861619714
2831.1989642131607 -3092.0498440888323 5515.670125648207
4212.987990125678 -1070.7490721172558 5394.74794294195
4944.159211111602 764.4243865340578 4792.705060893262
5236.02018910493 2531.675383820644 3764.809301744476
5062.637795400152 4073.9759131803407 2402.3937145421964
4439.417816554045 5254.2858043051365 826.5149030716835
3421.7360826428994 5967.729343663967 -822.8033846376788
2100.018081747467 6150.913941889377 -2399.011980808792
591.7042585112214 5787.562843536683 -3762.0578345943627
-969.1850847451286 4909.961388234544 -4790.828340257355
-2443.958080023181 3596.088316577111 -5393.912723684594
-3701.5746747577923 1962.687016818153 -5517.724290816348
-4630.290115547261 154.89236250480494 -5151.261840574847
-5147.583959876871 -1666.6651579510292 -4327.0871698580295
-5207.492379571291 -3340.132165083349 -3118.4318149900455
-4804.6922486369 -4716.813771419431 -1632.6901083475848
-3974.9741263664732 -5674.385774768605 -1.87672063590435
-2792.0621090817494 -6127.763700397764 1629.1034219401242
-1361.0631206423611 -6036.662929998506 3115.3305762741593
190.87229899321335 -5409.1781668099575 4324.746937503172
1725.8478772339704 -4301.064185712935 5149.890554495705
3107.474297823815 -2810.781776806038 5517.443795798834
4300.942439268668 -673.247819684994 5389.592587167109
4863.6500802843575 1218.3429351250822 4781.1740333562775
4994.201067889962 3001.6785735394096 3747.927184845076
4680.995373923146 4518.301898045291 2381.660558452857
3951.862698773409 5633.454270668569 803.7729396968826
2871.589680373845 6248.0495093360705 -845.5334320506093
1536.1633171093158 6307.478129985407 -2419.710447798053
64.2421017779522 5806.459638873684 -3778.885571534231
-1413.3873062182165 4789.511727619602 -4802.290128873417
-2765.4310495088616 3346.9946809404946 -5398.990133759083
-3871.754108156373 1607.0824688155892 -5515.966172182296
-4634.054823381136 -275.6260732288217 -5142.824409788268
-4984.599431333852 -2133.8440291017505 -4312.720129671365
-4892.240505258248 -3802.4605787687137 -3099.4117399725983
-4365.18454104661 -5133.211819188671 -1610.7070156328796
-3450.2627740661405 -6007.854662744688 21.11609551714349
-2228.7700183811053 -6348.673254479904 1651.0629489140003
-809.2412657667784 -6125.384366860894 3134.305613729443
682.192124607733 -5357.828197439748 4339.051470091393
2113.009750960006 -4114.205480234318 5158.253561721971
3356.077188148923 -2505.017551216702 5519.1221877706475
4351.515074384961 -268.75874197007806 5384.344161016704
4741.526423449023 1663.82003674067 4769.560441941642
4710.232341943659 3448.561103633063 3730.9803467288098
4260.413446342428 4926.882382706518 2360.8862745715523
3432.038119517215 5967.428540809279 781.0170963398505
2298.711144521683 6477.742485432322 -868.2488783387228
961.1335966076934 6412.480583120027 -2440.367129929459
-461.8448892301982 5777.441640289987 -3795.6480526512
-1843.7864298870854 4629.051653835138 -4813.668988967768
-3061.899454925029 3069.3501136784425 -5403.974311176128
-4007.949276468438 1236.9233463003077 -5514.112800885827
-4597.875216201925 -705.4094885453006 -5134.298169951364
-4779.259765532828 -2585.0635946951115 -4298.278615120318
-4535.986111260111 -4235.023456091531 -3080.338142650814
-3889.6701851547555 -5508.682898319889 -1588.6961083655067
-2897.739993561937 -6292.871690575811 44.10854702612806
-1648.3328870186274 -6517.91121731151 1672.993964447323
-252.4641698739969 -6163.805729006831 3153.2265263142694
1165.8370966847128 -5262.019052263977 4353.281073611516
2480.548621011147 -3892.6788907372097 5166.5274934590425
3574.85251465242 -2177.457127028494 5520.705272580275
4364.175247786843 139.2139189859613 5379.002755123368
4578.667685547462 2097.0466125083644 4757.864487199085
4386.3254062950045 3868.54751177194 3713.969080042759
3804.2388656212356 5296.31098777345 2340.071221639769
2884.129007109745 6253.473990033325 758.2477659606957
1707.7516295248709 6654.988385360156 -890.9493312395093
379.63302531212196 6465.177857712239 -2460.981670492346
-982.2176391917063 5700.907905440869 -3812.344988481766
-2256.7939560622353 4430.087267748801 -4824.964724044155
-3330.844226159473 2765.633935199504 -5408.86516986628
-4108.934369593319 855.4418907231022 -5512.164208931951
-4521.927662527318 -1130.7599197889504 -5125.683268299816
-4533.127838493069 -3016.488749169573 -4283.762875588715
-4141.5397127048545 -4634.18931554365 -3061.2113523978105
-3381.957608595138 -5840.1218244268275 -1566.6577666416058
-2321.873729485237 -6527.133880257184 67.10023684506443
-1055.4811801355313 -6634.181446971449 1694.8960898235234
304.695503972085 -6151.752878496544 3172.09298729218
1637.7986554175745 -5122.71407024438 4367.4355023391245
2825.3762089682064 -3638.499636190572 5174.712206828229
3761.906687392734 -1830.9885421685883 5522.193022890157
4338.719786761838 547.1282732334437 5373.568461725361
4376.301359722815 2514.304539072532 4746.086371100621
4025.0293517902296 4258.073812771318 3696.893678546601
3316.1158224007013 5623.49454195623 2319.2157591030136
2312.550849656287 6489.243102788995 735.4653417524179
1103.505585457656 6778.393936364659 -913.6343987493823
-203.59099266338927 6465.254722202481 -2481.5537135037825
-1492.5976176419283 5577.649253669587 -3828.97609069426
-2648.980394136232 4194.445171837552 -4836.177139041751
-3569.989637752536 2438.54622946831 -5413.662625371567
-4173.789635413051 465.97175322693306 -5510.120429969998
-4406.730107592989 -1548.0063581720078 -5116.979853600372
-4248.113271096738 -3424.4373113333677 -4269.173161742123
-3712.0329279255134 -4996.591981487129 -3042.031699505255
-2846.1221691199103 -6124.777526903016 -1544.5923710311067
-1727.3209655865926 -6708.7497109101 90.09076794112093
-455.03971403769253 -6696.620042239633 1716.7689468249687
857.6738130123508 -6089.466295183157 3190.904670866984
2094.179257936705 -4941.236744616979 4381.514511847955
3144.6076856390832 -3353.956625031288 5182.807560491506
3915.6239205888933 -1468.6627407153562 5523.585413009026
4275.275363127393 951.4352934279923 5368.041374664981
4135.99365138855 2911.998391547597 4734.226297037076
3629.210753214656 4613.817653483731 3679.7544371075282
2799.956553088565 5905.67896950258 2298.32024710459
1721.9139258136174 6672.794792435824 712.670217134148
490.87168973532187 6847.003514983524 -936.3036891304091
-783.7866501308782 6412.825927644926 -2502.082903714657
-1988.8021065419014 5408.840614412014 -3845.5410720939026
-3017.103768072382 3924.2560762825137 -4847.306040338566
-3777.3225194678184 2090.9841644611884 -5418.366594846955
-4201.909588501699 71.91913349461035 -5507.981499293042
-4253.138550820693 -1953.536228094881 -5108.188076148258
-3926.457488308162 -3805.4113228656106 -4254.509725523556
-3250.8934469845735 -5319.158921827201 -3022.7995151776777
-2286.4732565854933 -6360.275907839991 -1522.5003025710837
-1118.889883316179 -6836.254467830109 113.07974330147533
148.11176625316426 -6704.801817944924 1738.61215773943
1401.9530354131336 -5977.598102997184 3209.661252188451
2531.2246250070807 -4719.2585643409375 4395.517859014115
3435.5857985728426 -3041.592192117903 5190.813414653966
4034.680097115454 -1093.6670058177328 5524.882418892339
4174.29802850445 1348.6094375913212 5362.4215893869305
3859.637252991857 3286.6862353630686 4722.284469814581
3202.030769811841 4932.726537737811 3662.5516516951548
2259.9098008534456 6140.472440320703 2277.385046479408
1116.985928638411 6802.610419561631 689.8627857443045
-125.18704514815498 6860.306610260378 -958.9568109171486
-1356.2366005990002 6308.43445267781 -2522.5688866159526
-2466.778582340339 5196.030209866206 -3862.039646627713
-3358.1364617612303 3621.9358805049937 -4858.351235754763
-3951.1091796155088 1726.0166535570975 -5422.976997061778
-4193.008507703907 -323.2667275586824 -5505.747453837283
-4062.3406291680526 -2343.826441298186 -5099.308087764608
-3570.7159584423966 -4156.12689001544 -4239.772820149087
-2761.8175049802508 -5599.137225692366 -3003.5151315267617
-1707.5194461641156 -6544.6396474575295 -1500.3819427592243
-501.50079123063307 -6908.622115868055 136.0667659401732
749.0784098036695 -6658.743191294913 1760.4253453666263
1933.0987068504603 -5817.205712762023 3228.3624073578735
2945.354700529633 -4458.783978263437 4409.445302020292
3695.903003590545 -2704.179720244936 5198.729631066226
4118.054105579244 -709.2972269854595 5526.084018142707
4036.5699150958408 1735.1791215826322 5356.709202936672
3549.436325669442 3635.1092045596592 4710.261095651006
2746.9197422625643 5212.0438822975475 3645.2856193764055
1700.3272850969076 6325.865588415477 2256.41051874774
502.65328688700396 6877.60637639879 667.0434414338752
-739.683661720425 6818.241655960607 -981.5933729233145
-1916.2964709357022 6153.046243029655 -2543.011308444691
-2922.637929179798 4941.12566920683 -3878.47152938945
-3669.2901816309677 3290.1643959021358 -4869.312534555989
-4089.9098990294888 1346.8575773728999 -5427.493752401137
-4147.123173625271 -716.1234474930541 -5503.418332181416
-3835.846354894162 -2715.4737613932502 -5090.340041793821
-3183.7377541962305 -4473.542314933351 -4224.9627001035
-2248.740082434963 -5834.117001974508 -2984.17888156557
-1113.9319859160394 -6676.304790789469 -1478.2376735472176
119.8538559615185 -6925.273600461787 159.05143890497328
1342.990156766926 -6558.901459670453 1782.2081330247331
2446.7958885283633 -5609.742140922425 3247.007813433675
3333.1930680071528 -4162.1326150055365 4423.2966003599395
3923.421415916655 -2344.6993410272694 5206.5560730268135
4165.036553370669 -318.92924105516676 5527.190190010267
3863.193126005824 2107.7567796827125 5350.904313958759
3207.8888077795286 3954.2196137588135 4698.156382172427
2267.54949139386 5449.332682345485 3627.9566383103806
1125.728451720804 6460.248628103175 2235.397026108981
-116.11850106559113 6897.14313291975 644.2125782595223
-1347.6478154546571 6721.196202762298 -1004.2129842486273
-2459.432707385544 5948.041494505698 -2563.4098161901848
-3352.6862102225605 4646.377196912106 -3894.8364366245523
-3948.0388302602096 2931.8618950823875 -4880.189747456657
-4192.590874546202 956.8377976105857 -5431.916782867277
-4064.612820746758 -1103.2055371924164 -5500.994174545965
-3575.4760805643987 -3065.224218678117 -5081.28409310093
-2768.6425999055436 -4754.88427681936 -4210.079621135907
-1715.8030742571634 -6022.052000499224 -2964.791099202863
-510.50691578326274 -6754.133976594814 -1456.067877334205
740.1500224806786 -6886.0815088412 182.03336528422702
1925.0413831523372 -6406.170479956086 1803.9601445568894
2938.884369025955 -5357.04309091076 3265.5971484369843
3691.594581629984 -3831.9189142416276 4437.0715148414
4116.290415360201 -1966.3119259429488 5214.292605384533
4175.235781642708 74.01050599351605 5528.2009153930485
3655.5808632109083 2463.068254865354 5345.007022695134
2837.7661931150906 4241.207362842636 4685.970538409526
1767.8035434291714 5642.496584399408 3610.565007743227
540.7637910315088 6542.425222743869 2214.344931435393
-734.3251973021236 6861.030669087351 621.3705904768367
-1944.166169322412 6570.00343134525 -1026.815254285511
-2981.259445365687 5695.20255674296 -2583.764057600052
-3753.454736646643 4314.357941989287 -3911.1340857350333
-4192.139102811733 2550.163690841895 -4890.982686623215
-4258.333512792565 559.376204554168 -5436.2460120809355
-3946.1563027729544 -1481.1143122902365 -5498.475022792581
-3283.345787830266 -3390.0013227245527 -5072.140398068906
-2328.795590913203 -4997.671838859011 -4195.123840255302
-1167.3216859923675 -6161.277280189237 -2945.3521192372596
97.87387343573138 -6777.426196854647 -1433.872936960107
1354.3729096966392 -6791.371053684537 205.01214821368336
2490.5299693633833 -6201.872788953583 1825.6810043376943
3405.392511741448 -5061.310910453641 3284.1300913571895
4017.6709851323876 -3471.029346362805 4450.769807592065
4272.961760235601 -1572.3315924862368 5221.939094540795
4148.581131358052 466.0747234462709 5529.116176837307
3415.445864984315 2797.9812657122516 5339.01743098338
2442.090943266094 4493.524407250247 4673.70377479399
1251.7455242990873 5789.798185697004 3593.111028002955
-49.822977696648984 6571.622987233733 2193.254598265825
-1346.9644894794908 6769.53024726227 598.5178725335153
-2524.4222953157905 6365.935037227376 -1049.3997927258342
-3477.5741019684947 5396.6985626890655 -2604.0736811863353
-4121.728188578733 3947.941737834241 -3927.3641952843386
-4399.648637727505 2148.392964315938 -4901.691165677397
-4286.640997874161 157.9500478508983 -5440.481365282661
-3792.746493745524 -1846.5274235180548 -5495.860920423331
-2961.849819453758 -3686.9328299552926 -5062.90911459599
-1867.7797908396665 -5199.738074612797 -4180.095615726091
-607.7493311928838 -6250.523772666238 -2925.8622773514803
706.2823235944107 -6745.923003546514 -1411.6532356990583
1957.5576944614102 -6641.9173715661855 227.98739088340608
3034.895473575075 -5947.748233547897 1847.370337279708
3842.5694714421634 -4725.09556371568 3302.6063221574937
4308.814308933244 -3082.5974173069694 4464.391242062472
4392.2020861554565 -1166.196962614591 5229.49540845192
4085.32343316138 853.8252099771636 5529.935958537813
3144.7862476848622 3109.5327044747714 5332.935642254981
2024.111718918177 4708.907082608021 4661.356303154875
723.585981257629 5889.874401753195 3575.595000494245
-641.2335462424253 6547.500533014508 2172.1263907995017
-1949.0766591517827 6623.352508684658 575.6548190625484
-3083.7357575134674 6110.690547854433 -1071.966209567678
-3944.3914010685944 5055.066915523574 -2624.33833623157
-4454.5705589622285 3550.2784039526596 -3943.526485002206
-4568.94157413115 1730.0320760504083 -4912.3149996994525
-4277.342079968672 -243.93519392965072 -5444.622769334101
-3605.6819711944327 -2196.227751437087 -5493.151912579935
-2613.64119600486 -3953.3758352425984 -5053.590402092925
-1389.36693077478 -5359.249126982712 -4164.995207063757
-41.6413166090259 -6288.929615112981 -2906.321910106573
1309.784311277372 -6659.811108427429 -1389.4091572527664
2544.829855212973 -6438.93915865843 250.95869654457672
3553.756098711043 -5645.939207823543 1869.0277688398555
4246.915517436866 -4351.272781577411 3321.0255217804483
4562.717855156643 -2669.97667344206 4477.935583030377
4473.102688288248 -751.4414208717288 5236.961416631431
3986.032717677616 1233.8626995894174 5530.660246338141
2845.868869148107 3394.9545304374074 5326.761761533527
1587.2766336781838 4885.396090034836 4648.928336714941
187.64790365716712 5941.748767825064 3558.0172276932517
-1228.6541660830515 6470.150992659042 2150.9606738895886
-2535.7849213067793 6423.651908005301 552.7818248754068
-3617.600058163575 5806.383161593201 -1094.5141151220532
-4377.975554276161 4673.191790380733 -2644.5576727948314
-4749.348709962037 3124.7668206285607 -3959.620675789587
-4698.721390594263 1298.6926060502049 -4922.854005231315
-4230.592055672998 -642.7761457943433 -5448.670152719272
-3386.5560509577435 -2527.1314163084076 -5490.348046042993
-2241.6096794584496 -4186.939970349916 -5044.184421480245
-897.4864507972155 -5474.720533942415 -4149.8228750302405
526.3823875717692 -6276.048152678786 -2886.7313549360647
1903.4798408139347 -6519.721351065966 -1367.1410857439328
3111.4447569160825 -6184.088696085046 273.9256685163757
4042.9441520158293 -5298.972622030719 1890.6529250260194
4615.210217040791 -3943.019576350621 3339.3873721534064
4777.394600765229 -2236.711937655387 4491.402596604838
4515.0865089607905 -331.66262765078744 5244.336990152293
3851.593166704391 1602.8563622980594 5531.289027730899
2521.210352272494 3651.6980344129242 5320.495895432901
1135.2047511420967 5021.353967754304 4636.420090086972
-351.66877389127717 5944.840565211774 3540.378013142369
-1807.2949850913951 6340.101989947052 2129.7578130370794
-3102.3351056827405 6172.017529796231 529.8992849552217
-4121.719137760815 5455.522226670202 -1117.0431200196324
-4774.870336582324 4254.27983253957 -2664.731341717745
-5003.753351825156 2675.0260056882453 -3975.6464897233604
-4788.030923148416 858.0843790732738 -4933.308000279784
-4146.870935022321 -1035.1018102636444 -5452.623445545785
-3137.243266076141 -2836.314661289155 -5487.449369231179
-1848.8577653737816 -4385.508507697256 -5034.6913351854655
-396.1931386392922 -5545.030677709365 -4134.578881629512
1091.67498712825 -6211.8525380406645 -2867.090950140202
2482.542999552666 -6326.724040101187 -1344.8494057095475
3652.826172006312 -5879.43834682758 296.88791019280234
4498.539708913584 -4909.7387549481255 1912.2454324034036
4944.538251167529 -3503.787328657883 3357.691556194101
4951.192871056522 -1786.5090220989755 4504.792050230243
4517.912276400107 89.50845103915879 5251.622001649142
3683.1953494540817 1957.5727055010857 5531.82229185795
2173.5559275932806 3877.456263801002 5314.138152155441
671.656061221338 5115.4798954444295 4623.831779270094
-889.9233937042098 5898.970689463852 3522.677661445039
-2372.4292497346114 6158.312050517917 2108.5181743843323
-3644.13435569184 5870.460360576167 507.00759444995157
-4592.042132125622 5060.992505506261 -1139.5528352174754
-5131.926813275071 3801.8332565223222 -2684.8589946305933
-5215.8172759751515 2204.8644386259425 -3991.603650061139
-4836.259484467732 411.9837394694226 -4943.676804319661
-4026.9788141901795 -1417.5035228998156 -5456.482579546059
-2859.883404166379 -3121.039376647656 -5484.455932200394
-1438.6748032907994 -4547.257185324635 -5025.111307140292
110.36636737756409 -5569.431237776054 -4119.2634901030215
1649.6010019696052 -6096.736883704648 -2847.401034880014
3042.2613483818764 -6082.320702426947 -1322.534502094298
4164.603423246387 -5527.463634913855 319.8450250495564
4916.90220789437 -4481.4671665640235 1933.80491810101
5232.31265390099 -3037.272673870256 3375.9377578160647
5082.80915898263 -1323.2031752515381 4518.103712690326
4481.675764748057 508.43873226979144 5258.816325320495
3482.3258113054635 2294.903627182328 5532.260029510607
1805.8562725083323 4070.184413057869 5307.688641490065
200.50018508609654 5166.821699889452 4611.163621646002
-1422.6712236616218 5804.364204462296 3504.916478260428
-2919.432050897138 5926.1634774358945 2087.242124708821
-4156.788528693935 5521.397118899248 484.1071486656155
-5024.796103950269 4626.0303960962465 -1162.042872005747
-5446.328494416123 3319.620571600068 -2704.9402839582617
-5383.930697334173 1718.2478914022902 -4007.491881246164
-4843.147030803379 -35.79865435323521 -4953.96023829688
-3872.028496785028 -1786.6643325696816 -5460.247488078499
-2556.863238710145 -3378.7770441900325 -5481.36778664292
-1014.5094612663514 -4670.670587915266 -5015.444502777783
617.9879339124047 -5547.554553003956 -4103.876964925156
2195.574389167644 -5931.513951016065 -2827.661949171518
3578.0744248258393 -5788.432304460168 -1300.196760243909
4642.6468457172705 -5131.023045536218 342.79661665086513
5294.69972044663 -4017.699871892602 1955.3310098180614
5476.295289607282 -2547.386433245863 3394.1256619340975
5171.297989960285 -850.726530983982 4531.3373541121655
4406.808170037881 921.5241569077012 5265.919836930914
3250.754105248476 2611.8933794160002 5532.602233129778
1421.2425422011818 4228.118001523675 5301.1474748103865
-274.31593064502 5174.784953783689 4598.415835975239
-1945.5002292377915 5661.649553730294 3487.0947702981653
-3443.8182947756295 5645.451745088125 2065.9300314167685
-4636.1379918749935 5127.630774237956 461.1983430593794
-5416.5164830398035 4154.197306859719 -1184.5128420144433
-5715.61371469545 2811.645178372398 -2724.974862926279
-5506.853585242752 1219.2660370850408 -4023.310908911907
-4808.785348312327 -481.4502422581766 -4964.158124631587
-3683.435430177426 -2139.387554767189 -5463.918106128647
-2230.796109581135 -3607.2308944874726 -5478.184985886507
-579.9407649610599 -4754.555939160515 -5005.6910890295085
1122.4448616539305 -5479.417823614067 -4088.419571798708
2725.0963365428097 -5717.409388410446 -2807.8740338798316
4085.6110430415692 -5447.384038608724 -1277.8365658984878
5083.101278957343 -4693.334711525504 365.74228865635155
5628.935659415204 -3522.2619989631053 1976.8233358304697
5674.614404356751 -2038.2208506006532 3412.254954469724
5216.0787568360565 -373.07483507744416 4544.492745970128
4294.071621385872 1325.2205167543493 5272.932413813153
2990.5173781526364 2905.7642100380513 5532.84889680611
1022.9998030474269 4349.788679194754 5294.514765072777
-748.8010607418023 5139.139083780874 4585.588642393405
-2454.067664224806 5471.854428032658 3469.2128453130636
-3941.2795862428497 5318.371493516092 2044.5822625368608
-5078.291521002639 4692.327912511749 438.28157323278606
-5764.074968406077 3649.350404538851 -1206.9623572200417
-5937.6950596402685 2282.112098212219 -2744.9623855667896
-5583.7248876798385 712.0981170754299 -4039.060459886922
-4733.616255675982 -921.1889067546268 -4974.270287221219
-3462.905046222538 -2472.624253648588 -5467.494370310298
-1884.4995267037361 -3804.3560846730616 -5474.907584893467
-138.64795424732807 -4798.054182432655 -4995.851234322646
1619.523097390477 -5365.424110169131 -4072.891577650221
3233.7924146650726 -5456.052559941191 -2788.0376307132897
4560.7250846324205 -5061.886796270188 -1255.4543051858516
5482.417316417792 -4217.950177026257 388.68164482781003
5916.97271044733 -2999.230174384071 1998.2815249972214
5825.779112946572 -1514.0154088430304 3430.325322356595
5216.93947524997 105.72626992090393 4557.56966108986
4144.551871015603 1716.0737056302771 5279.8539348702625
2703.9026449752 3173.94046172897 5533.000016280081
614.5390932558788 4434.037521051583 5287.79062681443
-1218.9532126517674 5060.020428880759 4572.682262407358
-2944.136176327245 5236.398316069969 3451.271012099795
-4407.719720607221 4947.499233320846 2023.1991867138072
-5479.658024751851 4218.993131948396 415.35723492490854
-6064.704666314124 3115.6109760559193 -1229.3910299522863
-6110.8756837563205 1735.3931123073169 -2764.902506724533
-5614.068579560531 200.97795488296165 -4054.7402621995175
-4618.426845136619 -1351.2949758099728 -4984.296551443514
-3212.417617889945 -2783.4994178418506 -5470.976218866605
-1520.9709878312046 -3968.3777214125003 -5471.535640259714
305.6205891675413 -4800.648249496836 -4985.925108577085
2105.056435624914 -5206.360113315546 -4057.2932506254256
3717.448779888987 -5149.464033331135 -2768.1530822175446
4999.529486304668 -4635.0154759345505 -1233.0503646149073
5837.380057788394 -3708.725453070796 411.6142890361515
6156.553794217177 -2452.898898228119 2019.7052067667998
5928.690708438444 -979.1215119083647 3448.336453545899
5174.037435584313 581.6551175484375 4570.567873652176
3959.6482306892135 2090.7491372596246 5286.684280577711
2393.426903867338 3414.0709210238156 5533.055588942078
199.36834756353795 4480.0256917926745 5280.9751761513635
-1680.7933211358325 4937.932215790039 4559.696918891388
-3411.6091272122935 4957.081792655848 3433.2695804875575
-4839.28849073586 4535.772898449047 2001.7811732020346
-5836.9758349898075 3711.4406773035366 392.4257240055165
-6316.022261158367 2557.3306645904554 -1251.798472900827
-6233.862392015839 1175.9905996677371 -2784.7948820628135
-5597.796492488191 -309.8413907851939 -4070.3500450824577
-4464.341809077672 -1768.1426139503212 -4994.236744159571
-2934.210764489269 -3069.336606499898 -5474.363591671141
-1143.3622169041578 -4097.806572000113 -5468.069210213808
749.0790812153609 -4762.168440650186 -4975.912883202486
2574.9614156894786 -5003.390744916501 -4041.624860084605
4172.047128347536 -4800.039824478352 -2748.220731769643
5398.428144924659 -4170.184301007484 -1210.6251310689051
6145.135130213514 -3169.789601839718 434.53982526818777
6345.819891701554 -1887.7451861559537 2041.0940111835741
5982.650707640005 -437.9663264489258 3466.288037011774
5087.896753774451 1050.7277633466483 4583.487159196971
3741.0608454688845 2446.060080326043 5293.423332985427
2061.81526366831 3624.0492248106 5533.015613832445
-218.93756712995963 4487.242385099384 5274.068530776442
-2130.3988429678075 4773.741443772319 4546.632836083375
-3852.5648325066454 4636.072625946809 3415.2088613347287
-5232.413529974951 4086.4684102363117 1980.328591859274
-6147.339323236418 3173.7635431050794 369.4874364682399
-6516.047040474054 1979.0558573370463 -1274.1842991219205
-6305.775382964116 608.5003737010348 -2804.6391680693996
-5535.2079102383395 -816.1230384982159 -4085.8895389776408
-4272.812923828065 -2168.230337229935 -5004.090693716809
-2630.759758204995 -3327.6808553766637 -5477.656430228934
-754.9520431663709 -4191.45232623627 -5464.508354615908
1187.9364739600637 -4682.794864024216 -4965.814731095324
3025.271622201784 -4758.050528036828 -4025.886676597916
4593.798110625044 -4410.532522272545 -2728.240923572095
5754.145477368304 -3671.119346601173 -1188.1789917988037
6403.211766795883 -2605.5111065423853 457.4578576334384
6483.324590711642 -1308.3917705701506 2062.4475688942002
5987.365573141326 104.98391599996224 3484.1797627566407
4959.402849276356 1509.031320919152 4596.3272946271045
3490.7754182722488 2778.994670699797 5300.070975719844
1711.9772723390724 3802.0321485715076 5532.880091641491
-636.7674503269902 4455.509964679597 5267.0708099573185
-2563.9369686179048 4568.672697495267 4533.490239580903
-4263.289435595057 4275.888811848578 3397.089166523494
-5583.829927082056 3603.1734408401608 1958.8418131402113
-6408.22262531378 2610.3002973469047 346.54276842373133
-6663.21662126459 1385.4905173201817 -1296.5481220451124
-6326.154579371521 37.573824704571166 -2824.4350220625283
-5426.985941229179 -1313.681467126056 -4101.358475540748
-4045.6057862731027 -2548.210395606357 -5013.858229951945
-2304.7558033580826 -3556.3196477999077 -5480.854677677482
-359.118153060457 -4248.434292634714 -5460.853134956788
1618.4287211006676 -4563.0569066221215 -4955.630826635916
3452.171101034519 -4472.231889810741 -4010.078971940767
4979.172929038111 -3984.0294435232904 -2708.2140026469665
6063.7533915561735 -3141.8284975535503 -1165.7123344165802
6609.5427548910075 -2020.4623018889088 480.3679903710427
6568.045238953142 -719.569164048676 2083.7655111539825
5942.948080142508 645.2608517945482 3502.011321816567
4789.793904213113 1952.756609275234 4609.088058212205
3211.045520230076 3086.7413724905587 5306.6270939858805
1346.9816503334075 3946.4556188187144 5532.649024709488
-1050.5047400179294 4384.986258112834 5259.982134534397
-2977.6971704244916 4324.298932273618 4520.269356337383
-4640.308139830015 3879.378669428595 3378.9108089544616
-5890.607367354783 3089.7585874319557 1937.3212080900803
-6617.500279785425 2025.5998957597615 323.5921160928105
-6756.39925193548 781.4577641505866 -1318.8895554799135
-6294.962500581312 -532.120319174291 -2844.182102196777
-5274.1907060625645 -1798.4171769689756 -4116.756587645882
-3784.783921905482 -2904.916776366166 -5023.53918419392
-1959.0824770364125 -3753.30177216593 -5483.958278787733
40.69204320916762 -4268.1894344152115 -5457.103614356738
2036.8508968415406 -4403.829734775884 -4945.361345685382
3852.0266097165977 -4148.170437313245 -3994.2020190890767
5324.932853977999 -3523.927992549192 -2688.1403148298446
6324.6954460805155 -2586.5690811438617 -1143.2255468885126
6762.481092329968 -1419.382155907452 503.26982785653564
6599.390616866434 -126.0768972626719 2105.047469833266
5849.915324145606 1178.4308469832565 3519.7824062666555
4580.649382943872 2378.2298390161322 4621.769229592579
2904.3726422188874 3366.7126731626577 5313.091574568991
970.0296466033171 4056.048311723483 5532.322417026623
-1456.5585940077685 4276.163978745145 5252.802626918715
-3368.1228117068194 4042.5293016768687 4506.970414658125
-4980.414536822223 3449.6981558069583 3360.6741025412607
-6150.174574151759 2550.3461900425987 1915.767148338231
-6773.464610971343 1424.3847732830297 300.6358757996762
-6794.902592246271 171.86051860765943 -1341.208213622468
-6212.583659261236 -1095.9342973434786 -2863.8800674689724
-5078.249404676505 -2266.3505415471973 -4132.0836093901835
-3492.69040495582 -3235.391594418909 -5033.133389266828
-1596.7905353354167 -3916.9539058443493 -5486.96717996504
440.99118074936894 -4250.477673466423 -5453.2598575644915
2439.5888951666607 -4206.327846886968 -4935.006465582625
4221.418430288864 -3788.4273319458894 -3978.256092214578
5628.1564124902525 -3033.9084233219046 -2668.0202067639575
6534.807998684279 -2009.8134371979463 -1120.7190175285277
6860.8132166626465 -807.137707257958 526.1629746087063
6577.205072157645 467.2557500373923 2126.293077423781
5709.183393402391 1700.13148342383 3537.4927092262687
4333.875715804668 2781.9430736039426 4634.370589782952
2573.4841619573926 3616.5668133382396 5319.464305837056
584.4272467709862 4129.842720665384 5531.900274232932
-1851.3948148447803 4129.867275352944 5245.532411089867
-3731.841548546678 3725.5941225042557 4493.593644196373
-5280.697783743331 2990.2855823705445 3342.3793622051176
-6360.340846893855 1989.2770455910754 1894.180006091701
-6874.839713901789 811.5125135123125 277.6744439649938
-6778.478902592384 -438.35846665602907 -1363.503711062231
-6079.820493922947 -1649.2793733575286 -2883.528577724087
-4840.943353515666 -2713.6545699929056 -4147.339276098434
-3171.9271520185357 -3536.90964940747 -5042.640679492787
-1221.0713032915085 -4045.894784999843 -5489.881329250079
838.282089316107 -4195.3844138281565 -5449.321930956104
2823.1504395476386 -3972.095726346589 -4924.566365141271
4557.169484033714 -3395.868902324143 -3962.2414666801005
5886.264021054523 -2517.904223804972 -2647.8540258941152
6692.338168360445 -1416.2127053600389 -1098.1931349914346
6903.768700565219 -188.68447309678533 549.047035296415
6501.769087034844 1055.6092026293002 2147.501967044964
5522.058757577736 2206.1073682370884 3555.14192486441
4051.6892743541302 3160.583212834282 4646.891921176281
2221.3094185586488 3834.227368980168 5325.745177742324
193.55647286841474 4167.183597162502 5531.382603618204
