-4386.698896552015 3227.207434008796 4282.648913596263
-5772.422243664269 2305.6835146392477 3059.74536839756
-6645.240542569168 1179.2894966685653 1564.9700197453592
-6927.600057109007 -51.88956830784527 -68.8597829190446
-6594.411905302595 -1278.4580174264795 -1696.5710916849052
-5675.281316610057 -2391.4298612761672 -3173.5346136749527
-4251.877077374865 -3291.912667334384 -4368.515658412724
-2450.6749007597123 -3899.8945865791356 -5175.334915985311
-431.7195046023742 -4161.353757400834 -5522.302954689411
1625.5960641087065 -4053.0583850772905 -5378.590141641999
3538.470288712919 -3584.630988685866 -4756.9659909556285
5136.935899843876 -2797.6933980557164 -3712.664536371446
6278.962213201825 -1762.1684715330534 -2338.476544970691
6863.075179144967 -570.0671431657171 -756.5046503140056
6837.373797311729 672.6871525703455 892.6860023890554
6204.1417482666475 1855.6702427615883 2462.5575862918545
5019.6444784604655 2873.768888408729 3813.6201218966444
3389.1297683960875 3636.5205569937166 4825.82577387468
1457.4760054587016 4076.151415482196 5409.235628056352
-603.6808965917866 4153.598332809223 5512.011158645648
-2611.1981017701087 3861.979810500097 5125.0203087267255
-4672.478615174178 2819.705524347601 4268.053548745984
-5965.96058986332 1778.0257696145934 3040.5616834795
-6729.34078495629 578.3606225137496 1542.902569350681
-6894.789520080257 -672.6944039912112 -91.85020898132686
-6447.605949059654 -1863.9775806307941 -1718.4416931673536
-5427.524294612439 -2889.6381693004464 -3192.3420916582977
-3925.1832882908398 -3658.541725659521 -4382.588885942889
-2074.0725214214563 -4102.367794447825 -5183.423425036903
-38.67130910644868 -4181.680481754896 -5523.688045737348
2000.166018728928 -3889.4325072555093 -5373.148743268303
3861.279818216228 -3251.5913859930492 -4745.181595284992
5379.301960907643 -2324.8321007113336 -3695.5842386741606
6419.349517694574 -1191.5012809237924 -2317.6180046528307
6889.009698982988 47.69965649107954 -733.7212402189996
6746.551136595649 1282.6622701002245 915.3698762909177
6004.631898969774 2403.6547121403064 2483.1263622578517
4729.1747662273765 3311.071884741753 3830.2461739176115
3033.5097018640286 3924.2857899842656 4837.031804266326
1068.3039881520108 4188.809681342134 5414.025931841523
-991.8252230821532 4081.13945022424 5509.9600963111325
-2963.826410692155 3610.842069168437 5116.310126161883
-4920.365508419473 2387.0065919082667 4253.384480857804
-6111.237703234618 1234.278230839257 3021.325492511447
-6759.099609392437 -28.12116758062906 1520.8084752868995
-6806.385853435655 -1288.0218768532477 -114.83904892493543
-6248.89484506877 -2433.4761899765654 -1740.2826196769463
-5136.162106894171 -3362.7054644860955 -3211.0944425661683
-3567.0588258458724 -3993.1436014861624 -4396.586432577523
-1681.0067143413507 -4268.773405872118 -5191.422423952593
354.41022070885776 -4165.103959942801 -5524.977750777414
2358.3362523454643 -3691.3467489148957 -5367.614558480159
4152.713758572983 -2889.5971800375137 -4733.315257273432
5578.104423467138 -1831.0942209254338 -3678.440123646081
6507.856031228161 -609.8905046595017 -2296.719442464184
6859.356071358771 665.5046594058434 -710.9251598320551
6601.37222276084 1881.7668139638536 938.0379430947868
5756.827482525764 2930.8257291035466 2503.6522582659704
4400.763357046974 3719.4679164955237 3846.8060831932576
2653.6720948626585 4177.619056890769 4848.154306198379
670.7904216016345 4264.570410901999 5418.7227433230255
-1371.693924333985 3972.5959691455887 5507.81388503034
-3292.297245512885 3327.6389420803293 5107.511592409588
-5128.148600624012 1932.6362786607654 4238.641963245047
-6206.93190341049 678.8565229485764 3002.0371276742653
-6734.202067906948 -635.2426139403947 1498.6881190866627
-6663.10882611085 -1892.8976568644593 -137.8259057662666
-5999.96912454334 -2982.360436131567 -1762.0934940528318
-4803.705835829331 -3806.827402775185 -3229.7913425728793
-3180.6122028860473 -4293.041048695331 -4410.508056599469
-1274.907217829594 -4397.799157738561 -5199.331774601384
744.0788683691902 -4111.793512192999 -5526.172047538291
2696.950281777057 -3460.4369687804633 -5361.987682844831
4410.185827277659 -2501.60541481427 -4721.367181835232
5731.557008242899 -1320.4952416272938 -3661.232487340969
6543.65419650212 -22.053271323808247 -2275.781219292326
6774.318993048673 1278.3482289159817 -688.1168028081812
6403.055818453604 2465.1628790777963 960.6898113563382
5462.853035041304 3432.936989244426 2524.1349198640287
4037.2517861298925 4095.679582720858 3863.2995637581685
2252.9229988331917 4394.503071678731 4859.193087601501
268.4121163004368 4302.855677758859 5423.3259813938
-1739.948360672783 3828.8806740989894 5505.572561865199
-3593.706790162617 3014.6928197793413 5098.624859407637
-5293.94502212478 1460.3132049859123 4223.826250489429
-6252.125561502416 116.28320025885569 2982.6969220497795
-6654.777307739454 -1238.0790771116317 1476.5418827361455
-6466.12288617464 -2482.4325952602076 -160.81038255591767
-5702.925070060306 -3506.211083343899 -1783.8739396531416
-4432.997334596653 -4218.447329918584 -3248.432468810349
-2769.1783320657014 -4555.85601887881 -4424.353517602669
-859.3056823917813 -4488.456907516816 -5207.151340400368
1126.9200481635332 -4022.2387026532465 -5527.270915396221
3013.0139870323346 -3198.626937755128 -5356.268213530231
4631.38841075923 -2090.803132494343 -4709.337575296179
5838.243649676879 -797.2022935730265 -3643.961626909519
6526.345319610484 567.2334675969009 -2254.803696709736
6634.552567501994 1881.2680459077856 -665.2965630142326
6153.250704516567 3028.143702530904 983.3250899109374
5125.2055133388985 3905.955502394396 2544.573993346441
3641.7633207071203 4436.70601486676 3879.726330794085
1834.7344754154099 4573.235727754553 4870.1479578521
-135.31857961657622 4303.413376916924 5427.8355665626605
-2093.34798501383 3651.213862321678 5503.2361655200775
-3865.374235436288 2674.5879729710264 5089.6500806169015
-5416.216753079739 973.9184382608989 4208.937598436615
-6246.313581485398 -448.8492226560853 2963.305209615042
-6521.398036680428 -1831.734660397722 1454.3701486684365
-6217.0276576324895 -3051.862435127865 -183.79208238563504
-5360.247088227411 -4000.8188396191827 -1805.6235803614586
-4027.185041976417 -4594.284932906051 -3267.0174993736114
-2336.2899317353495 -4779.528648216867 -4438.122576496265
-437.8052084201222 -4540.090268517614 -5214.880986317083
1499.5804289397886 -3897.24494460258 -5528.274335375368
3303.721764388021 -2908.1123045818904 -5350.45624930322
4814.312922926248 -1660.5811242584348 -4697.2266453899665
5897.131250998197 -265.50002370438233 -3626.627840594201
6455.963588284711 1153.1719190834601 -2233.7872369675074
6441.155229222568 2469.379476249129 -642.464834522416
5854.021961499856 3566.171830256712 1005.943387880466
4746.733152545649 4346.094167258681 2564.969125760323
3217.67627229241 4739.8469649796125 3896.086100634782
1402.7147347062444 4712.4435593863 4881.0187277756
-536.8841627707831 4266.318863323576 5432.251420955671
-2428.778546308295 3441.1130138225926 5500.804736341122
-4104.865297487206 2310.1491719677483 5080.587411018687
-5493.784527290808 477.46351834994124 4193.976264191842
-6189.408499938206 -1011.9158953219545 2943.862325236528
-6335.076365594268 -2411.382140974719 1432.173299756931
-5917.844895142557 -3596.5865012256636 -206.7706083950898
-4974.786935722855 -4462.218367482811 -1827.3420405933362
-3589.6973255713037 -4931.362549666334 -3285.5461133263893
-1885.6473549154841 -4962.333528383903 -4451.81499550877
-14.049341748318025 -4552.379396262561 -5222.520578871866
1858.797017087714 -3737.9263769953595 -5529.18229014813
3566.4811037591485 -2591.342195512399 -5344.5518905279105
4957.267693117051 -1214.5058880402426 -4685.034601254627
5907.579293330552 270.2445973555986 -3609.231427724158
6332.976548346908 1730.9826643274946 -2212.732202989175
6195.661045232818 3037.9153252816154 -619.6220116032406
5507.833869039122 4074.9158779126296 1028.5443146800371
4330.611482850483 4749.842272317316 2585.319964911611
2768.5952618351243 5002.724336487123 3912.378590770982
960.5772020255085 4811.092389265906 4891.805209649714
-932.7923576076846 4191.973770127217 5436.573468317491
-2743.279222775608 3200.379885338831 5498.278316315556
-4310.013690317319 1924.4182031023054 5071.437007112021
-5525.838772598972 -24.942695986903175 4178.942506115434
-6081.742155462919 -1568.2976014704261 2924.368604664417
-6097.256058528142 -2972.3023827026427 1409.9517193087217
-5571.002003425642 -4112.205053497577 -229.74556377877485
-4549.739972379159 -4886.720259174606 -1849.0289453027253
-3124.2135785817914 -5227.028924805331 -3304.01799070664
-1421.0870979419515 -5102.893132028483 -4465.430538192149
408.3092076880291 -4525.342890793241 -5230.069986140128
2201.4254483794903 -3545.6960745708416 -5529.994764035465
3798.935377185969 -2250.9986020918927 -5338.555239163945
5058.893226376176 -756.2900254724087 -4672.761653428917
5869.346211815597 805.6182388344107 -3591.772688709965
6158.28202913359 2295.9437872233793 -2191.6389583643063
5900.02746298751 3582.264654534191 -596.7684887188296
5117.529564910939 4550.285586780127 1051.1274800246786
3880.3167070834247 5113.993676041268 2605.6261593710506
2298.3206813421634 5223.300984794534 3928.603519855229
512.1087770494681 4868.495078969986 4902.507217207691
-1319.606239436435 4081.102020340197 5440.80163401269
-3034.0684505517975 2931.0851375819625 5495.656949070957
-4478.940365045558 1520.6284774942965 5062.199026910983
-5511.94748894381 -529.1280852884007 4163.836583818415
-5924.063907358917 -2113.418762301003 2904.824384526721
-5809.801250278934 -3509.922907697695 1387.705791057974
-5179.312256218821 -4594.554999702474 -252.7165517928377
-4088.6186391561923 -5270.940717111172 -1870.6839199885385
-2634.6333133971807 -5478.9802206621935 -3322.4328125320776
-946.5492558449561 -5200.1882874987095 -4478.968969425905
825.6398569520803 -4459.336804340543 -5237.529077754662
2524.4672451980814 -3322.253676639485 -5530.711743007132
3998.9846402662124 -1889.973730298877 -5332.4663987647045
5118.174700791639 -289.7613240081209 -4660.408013848684
5782.592478412011 1336.1976475173958 -3574.251925038493
5933.201537836354 2843.4295942541885 -2170.5078673424173
5556.619603197848 4098.010343356258 -573.9046605160712
4686.307631991726 4988.464889628936 1073.6924939362411
3399.596662160832 5435.672438940488 2625.887358480415
1810.8166100127253 5399.8966379965805 3944.7606077067353
61.13755542718346 4884.316323710595 4913.124565641519
-1693.9738392558158 3934.7430695937765 5444.93584502703
-3298.56822443918 2635.550626408001 5492.940679874498
-4610.070347352895 1102.1779441424517 5052.873629941979
-5452.060990582014 -1030.8919495237158 4148.658758157944
-5717.535411593016 -2642.7851594731837 2885.230002323515
-5474.9817202931 -4019.8553103318222 1365.4358991593183
-4745.951876583601 -5039.743676023014 -275.68317576193664
-3595.2233813728785 -5611.828699548719 -1892.3065907010568
-2125.0435113492517 -5685.278116014901 -3340.7902608056766
-466.04419974237237 -5253.565622441085 -4492.430055421149
1234.3651842128904 -4355.05076842038 -5244.897724907864
2825.0958046284413 -3069.570541800024 -5531.333214681958
4164.804265074031 -1511.3455019522748 -5326.285474475561
5134.451589625304 181.16921817441408 -4647.973895843201
5647.8803582687 1857.5862582183015 -3556.669439267686
5659.4701717652015 3368.9486073364674 -2149.339294826479
5168.191224324591 4580.96508830533 -551.0309218198095
4217.69580636912 5385.942717944089 1096.2389667499162
2892.4396069645695 5712.355701273207 2646.103212358447
1310.1774552190636 5531.2008122841025 3960.8495753162524
-388.49971304172135 4858.574457848589 4923.657071605145
-2052.656976895819 3754.2424413304184 5448.976029968741
-3534.4266604159634 2316.329508678439 5490.129555632173
-4702.147024582224 672.6005341357587 5043.460977240966
-5346.513465027754 -1526.0400216529058 4133.409291232853
-5463.7219905544825 -3152.0210661638434 2865.585796421083
-5095.454840071421 -4497.931206529493 1343.1424281811785
-4274.434166012757 -5444.180420349021 -298.6450390860905
-3073.611258258477 -5906.690312428284 -1913.8965840484054
-1599.684501887087 -5844.364849164799 -3359.0900185211985
16.381242576760688 -5262.741921480325 -4505.813563724622
1630.9914417497837 -4213.501278909793 -5252.17580035399
3100.680893835292 -2789.87255706231 -5531.859168328036
4294.86124138953 -1118.3514153658082 -5320.012573032026
5107.424319958206 652.5401573903205 -4635.459514131478
5466.170334136132 2365.450673536985 -3539.025535021338
5339.223126232657 3868.1805167305997 -2128.1336063667886
4737.862512768649 5027.205545782097 -528.1476676260473
3715.5220232779684 5739.541300562691 1118.7665091211322
2363.0410967192074 5941.893623226157 2666.2733719069383
800.5935986818861 5616.282621895298 3976.8701448508505
-832.9901539454547 4791.640262958709 4934.104553217582
-2392.559075877653 3541.2396388913003 5452.922119069743
-3739.5386243455673 1976.1843324341976 5487.223624887984
-4754.243755345417 235.53637569822445 5033.961231350676
-5196.021327797283 -2010.4195226703598 4118.08844637912
-5164.5806612750075 -3636.905478863594 2845.8921060461403
-4674.244338609525 -4940.236422962956 1320.8257630991873
-3768.5808938751675 -5804.605681011618 -321.60174524752756
-2528.06249857514 -6153.210251209937 -1935.4535272029989
-1062.9146560571658 -5955.075087669824 -3377.331769668576
496.6778181756199 -5227.805369173667 -4519.119263222741
2012.1382886287931 -4036.022201780446 -5259.363178411326
3348.811442013875 -2485.620749967309 -5532.289594862914
4387.928002759047 -714.3609865526108 -5313.647802757927
5037.157904354217 1120.372885438869 -4622.865084818589
5238.81422094414 2855.5567098836577 -3521.3205169838525
4974.9789038456365 4337.011789251083 -2106.8911681545246
4269.094878805132 5433.104338480789 -505.2552930950775
3183.8830391684896 6046.441724450804 1141.274732032205
1815.769219261153 6122.526228830903 2686.3974888167513
286.31633585047825 5654.597409515566 3992.822039658739
-1268.5770104790563 4684.232795572758 4944.466830066131
-2710.751722368998 3297.6535413262804 5456.77404418685
-3912.0642477884635 1618.0632984187546 5484.222937823104
-4765.772696980745 -205.29896930711243 5024.374556317819
-5001.678378788286 -2479.9539651810896 4102.696488165305
-4822.444914495885 -4093.4071494729733 2826.149271279894
-4214.7160565995955 -5343.143144912772 1298.4862892894778
-3232.491181097656 -6118.1174239296015 -344.5528978175474
-1963.0452786012884 -6349.47012091419 -1956.9770479079946
-519.1741884188945 -6016.644533464879 -3395.5151992394826
970.8278067629227 -5149.213675607569 -4532.34692414553
2374.5674909061936 -3824.252585720509 -5266.459734964374
3567.3164328646717 -2159.4898711361047 -5532.624486853758
4443.093654852782 -302.8470047360958 -5307.191273563531
4924.0825074118875 1580.7051470569418 -4610.1908253918855
4967.545020207278 3323.8047097236768 -3503.5546908949677
4569.619358244994 4771.569637654741 -2085.6123470155167
3765.6629628583905 5795.359663591723 -482.3541935447066
2627.1108878820846 6304.206550901598 1163.7632467990782
1255.1284816312323 6252.897020609096 2706.475215573854
-228.37759825318557 5645.990149648867 4008.7049842740516
-1691.5913263142288 4537.412276872662 4954.743723209432
-3004.4997416059773 3025.6654111905264 5460.531738802956
-4050.445169826098 1245.074895810141 5481.127546255
-4736.4907696213095 -646.1459879841495 5014.701117690235
-4764.9477928787355 -2930.6774140039092 4087.233682388001
-4440.006363948004 -4517.7181266398775 2806.357633052183
-3720.550884933499 -5703.33975804443 1276.1243925220663
-2670.5081324240095 -6382.194623252462 -367.49810046331265
-1383.179013016741 -6493.963488384716 -1978.466774483665
27.05163167817647 -6028.715199284617 -3413.6399932327017
1434.87862018437 -5027.7891081471835 -4545.496318070657
2715.210346426058 -3580.1218906618055 -5273.465347465989
3754.283717883468 -1814.3451320849495 -5532.863838517472
4459.772505604183 112.64415360009409 -5300.643096943641
4768.990934812687 2029.6245119070418 -4597.436954717277
4654.463591091077 3766.2638254705926 -3485.7283635445156
4126.36673152399 5168.254070164509 -2064.297510403857
3231.6240795988488 6111.022260214898 -459.4447644433927
2049.737446452669 6510.799304665713 1186.2316650779971
685.7226460645528 6332.063258724846 2726.506205465279
-739.2216206706776 5590.695604444356 4024.5187044215777
-2098.4828023886716 4352.570111345422 4964.935055180585
-3271.2845780743282 2727.6996629141336 5464.195138028175
-4153.418363202166 860.4611291201101 5477.93750363656
-4666.50269978322 -1083.233152067711 5004.941082514053
-4487.651003866499 -3358.767916180218 4071.700296067229
-4020.2934112499715 -4906.285527081285 2786.517533135641
-3195.7151062768407 -6017.858138021779 1253.74045895417
-2087.183489946258 -6594.717644463576 -390.43695695476225
-793.1964610800702 -6585.607547753077 -1999.9223358338984
571.2695542384097 -5991.337319962015 -3431.705838659571
1884.9757626876728 -4864.710478741554 -4558.567217927328
3031.1936025422406 -3305.83276305461 -5280.379894939499
3908.0765886369168 -1453.2172989621095 -5533.007645720804
4437.709819519563 528.5228994822274 -5294.003385975692
4573.033058369121 2463.301518923024 -4584.603693035445
4302.022241557551 4179.204988386862 -3467.8418427670645
3648.7578694699464 5523.7677544934995 -2042.9470263955764
2671.2853483697577 6377.519514957877 -436.52740140347
1456.4574013242548 6664.600679234826 1208.6795988722736
112.2168226130697 6359.502826043415 2746.4901125851534
-1241.994713242717 5489.335238539562 4040.2629270215207
-2485.849568422858 4131.416125540554 4975.040649990202
-3508.825780477475 2406.4025593662304 5467.764178600963
-4220.027423708357 467.5695654685184 5474.652865055149
-4556.261111057431 -1512.8090362163186 4995.0946193308
-4171.953566967156 -3760.579819063857 4056.096597441835
-3566.647096709358 -5255.841271760105 2766.6293141397496
-2644.4283799359537 -6284.09816258095 1231.3348751235794
-1487.2405967224336 -6753.985354345916 -413.3690711714235
-197.9049598422672 -6623.751308000707 -2021.3433614525543
1109.0154012114883 -5904.967890085799 -3449.7124235493816
2317.3948770336874 -4661.502161611994 -4571.559398000237
3319.863648311528 -3003.841509413664 -5287.203257980788
4027.3479654552307 -1079.2763569625906 -5533.055905980414
4376.984742142789 941.1872361308801 -5287.272255317773
4337.707216409798 2878.022212961971 -4571.69126195803
3913.005368784214 4559.132286178936 -3449.8954374366617
3140.6158222009226 5835.143448346417 -2021.561263682271
2089.1687774495617 6592.676508023056 -413.60250017424295
852.089918655634 6764.421328477524 1231.106660538947
-460.7008687458645 6335.11762872271 2766.4265918406586
-1732.5563622068312 5342.910926450082 4055.9373801941915
-2850.46661968736 3875.963141383954 4985.06033312945
-3715.1004089419444 2064.61902182177 5471.238798889213
-4249.63122341242 69.82444173939489 5471.273687231668
-4406.5636544832505 -1931.174346411047 4985.161898174487
-3820.3481105247474 -4132.674703828779 4040.4228559648636
-3082.6943298241213 -5563.429538128135 2746.693319504951
-2071.129629737377 -6499.849243256419 1208.9080279419238
-875.5359730457866 -6858.728819002787 -436.2940471092483
397.8528970772611 -6608.180240145088 -2042.7294814298814
1635.8907913462929 -5770.465847429174 -3467.6594369547684
2728.572609815728 -4420.020240896894 -4584.472633933449
3578.808777759363 -2676.83643902158 -5293.935318760361
4111.052080455434 -695.8039724359742 -5533.008618462917
4278.010364748138 1347.0537305859975 -5280.449821206656
4064.8486543937065 3270.219798197478 -4558.699884463824
3490.507302801887 4902.812485615908 -3431.889457461445
2606.0190595171252 6099.768768049149 -2000.1405915648027
1489.974586467983 6754.733827046893 -390.67045663520224
241.5393327653922 6809.51114285036 1253.5124627954874
-1028.3577506313106 6259.233510564121 2786.3152989579653
-2206.8807350107704 5152.795512670417 4071.5417932647433
-3189.312681347921 3588.5090208053066 4994.993931573073
-3888.36019987914 1705.3677545291864 5474.618938891317
-4241.909850863419 -329.30292061999404 5467.800028519568
-4218.547196283713 -2334.7135861499946 4975.143090568655
-3435.63451215434 -4471.850672688675 4024.6793422988885
-2572.3187152290852 -5826.431698067783 2726.709893496689
-1480.4411120209675 -6663.308698199213 1186.4603046880195
-257.019819200977 -6908.121479047051 -459.2114888874657
989.2388124679112 -6539.1173506897785 -2064.0803264588626
2147.5992344460124 -5589.083949279877 -3485.546568957087
3115.1360398595734 -4142.435911685529 -4597.306702734291
3805.8793375822593 -2327.714264557365 -5300.575961025382
4158.453554334389 -306.16499001746365 -5532.865783984901
4141.530923711063 1742.5883874684134 -5273.536201455791
3756.615095706909 3636.505139504533 -4545.629784894898
3037.9075308153806 5207.302451355732 -3413.824213778344
2049.268550173289 6315.40808853356 -1978.6853799467747
878.5430657813985 6862.362002333266 -367.7316667891755
-370.2448254279216 6799.5649372460375 1275.8966187264953
-1586.1348391053025 6132.596688085257 2806.1558904882118
-2661.089811690098 4920.720310730799 4087.0758967677752
-3499.595276505926 3271.6163395425165 5004.8412737823555
-4027.146343283292 1331.8148993340494 5477.904540237207
-4196.8677846192995 -726.3241392536854 5464.231948903858
-3993.6791056409634 -2719.9260906477216 4965.038369523458
-3020.8974580197328 -4775.169741288889 4008.866328311345
-2039.629210032595 -6042.588531517843 2706.6793811994817
-877.1309559686914 -6773.096813258443 1163.992093001211
363.30423275883936 -6901.785719895228 -482.1210007553944
1571.4582460713527 -6417.2206773315675 -2085.395527841681
2639.9812979895232 -5362.457416077891 -3503.3735106717254
3473.930426214217 -3831.2162806489278 -4610.061382777159
3999.2055909771975 -1959.5547656686015 -5307.125070101681
4169.133788757189 86.22178960584898 -5532.627405012907
3968.6161534638236 2124.3371604957088 -5266.531515453276
3415.469556950069 3973.6958521754505 -4532.481188952745
2558.8435017600227 5469.974229112389 -3395.7000183476734
1474.8529721388456 6480.221391206165 -1957.1959993283251
259.815283657473 6914.672444708096 -344.7865267554869
-978.3081329574636 6734.724506957491 1298.258741790334
-2129.5045787245904 5956.3667419120175 2825.94802381342
-3091.4851974951353 4648.759652762731 4102.53942245207
-3778.7737897088914 2928.0898677197792 5014.6021897081155
-4130.301747831376 947.2464482191828 5481.095546189355
-4114.8342701283655 -1117.7639751282877 5460.569510000046
-3733.7457098716845 -3083.4561640591514 4954.84790953264
-2579.4815661558487 -5039.983103000321 3992.984087069843
-1488.9268667710708 -6210.019527887756 2686.602128510951
-266.074481225757 -6828.268465500529 1141.5037808746192
980.4197896251096 -6839.795784590976 -505.02218709927575
2139.799459666376 -6243.577232271113 -2106.6747174959974
3109.048557361046 -5092.589443376561 -3521.1399542535046
3802.0450468993154 -3489.1027339773264 -4622.736453807408
4157.213149020706 -1575.5939349890716 -5313.582532895726
4142.994619222193 477.91329950307806 -5532.293485663391
3760.6528362733657 2488.955840046389 -5259.435884159785
3044.1605454685064 4278.843731598784 -4519.254323694368
2057.181231120249 5688.537580202202 -3377.517184147762
887.4123365958188 6592.779901068658 -1935.6728207995932
-361.20703838004795 6911.224795787101 -321.8354327631165
-1577.731582864859 6615.577037989397 1320.5984458258854
-2654.067752451125 5732.106228384683 2845.6913571524433
-3494.578355047607 4339.312625454148 4117.932103285162
-4024.5803350935985 2560.9520529921942 5024.276510793621
-4196.980690786626 555.0396520689155 5484.19190164376
-3996.460893956862 -1500.1904576920986 5456.812775053095
-3440.8380085192694 -3422.1220618097636 4944.571886570526
-2114.96427548567 -5263.954049093516 3977.0328928374374
-924.6699324208893 -6327.239111069111 2666.478482135882
347.78539198664214 -6828.321211394712 1118.99575664848
1589.338458085121 -6722.6770064938155 -527.9146524491556
2689.6718274857662 -6019.693447583838 -2127.917527961351
3551.0160515839198 -4781.833708866438 -3538.8455929019483
4096.836916121569 -3119.0870603846615 -4635.331696945111
4278.635841989132 -1179.1958386996114 -5319.94823789659
4080.259196811835 865.4721080696221 -5531.864031702653
3519.333616075248 2833.239059975072 -5252.249430106481
2645.699799209177 4549.260287936922 -4505.949417528358
1536.9839447210597 5861.059775215604 -3359.2760251695418
291.7003218015119 6652.078380629224 -1914.11621603437
-979.5021548158722 6852.030629758784 -298.87878114389235
-2163.671566503465 6443.149887793132 1342.915345059155
-3155.589264390949 5461.767002999493 2865.385549566774
-3867.1190080618967 3995.0821514196427 4133.253673458009
-4235.038257294299 2173.416718556905 5033.864069977512
-4226.655772206826 158.63367236823217 5487.1935531308945
-3842.7163733854295 -1870.2446717627859 5452.961808936315
-3117.3347613056862 -3732.943569374121 4934.2104780889895
-1631.1267212799255 -5445.078347858432 3961.0130210679013
-351.43758791014346 -6393.169648949894 2646.308789580186
959.4783174039186 -6773.199770769265 1096.4684090034136
2185.140363615392 -6551.401369258164 -550.7980014856635
3216.643099189093 -5747.482205737114 -2149.1235924055163
3962.3329793941043 -4432.874025826107 -3556.4901208665906
4355.95218596808 -2724.3855353731865 -4647.846894688855
4362.525925037477 -773.8234343333762 -5326.222075177863
3981.4700910375986 1245.496274715182 -5531.339050546732
3246.643167055324 3154.1481739849114 -5244.972277392912
2223.337750021322 4782.540166244799 -4492.56670021101
1002.4790169409127 5985.982476902015 -3340.976856411126
-307.45437610140766 6657.543975435064 -1892.526557283662
-1590.0690985858057 6737.553475600183 -275.91696832554857
-2731.3992037575463 6218.901782191805 1365.209054109957
-3630.032503127459 5147.673374234717 2885.0302609665496
-4206.121484459238 3619.0515967843553 4148.503868389493
-4408.478113636703 1768.8612030133609 5043.364701696662
-4219.122116129999 -238.50027116488704 5490.100448816629
-3654.878603292702 -2224.669949608951 5449.016678150257
-2765.883087382271 -4013.1679402269974 4923.763863014399
-1131.922835101669 -5581.701906505611 3944.9247484009866
226.1073757504519 -6407.151134619678 2626.093399144931
1564.0469540112927 -6663.296867103151 1073.922126953756
2763.014096701185 -6327.3794315478435 -573.6718390468399
3716.475311611553 -5429.246566252221 -2170.2925446307563
4339.711385601955 -4048.701317688974 -3574.073233452259
4577.345058471891 -2308.4111896159648 -4660.281830919492
4408.261535548666 -363.00859704992615 -5332.403936399562
3847.48462985483 1614.6489024009752 -5530.718551261286
2944.8418303901954 3448.8377611035585 -5237.604551684853
1780.5369110698828 4976.582249756856 -4479.1064028422325
458.0234734434726 6062.135566147776 -3322.6199938723853
-905.187359801303 6609.041534242716 -1870.9042173692903
-2187.9683237784284 6568.705158719125 -252.95039082501162
-3276.3387004470032 5944.710503555543 1387.4791879985805
-4073.592005605286 4792.502232218707 2904.6251521163576
-4508.8887844014735 3214.45910599959 4163.68242473108
-4543.551007771066 1350.7971817909788 5052.778241889074
-4174.498785055018 -632.8889998955559 5492.912538503134
-3434.5240258006493 -2560.3402165537514 5444.977450821551
-2389.376734693462 -4260.293969103161 4913.232221744503
-621.4469226194184 -5672.535561967196 3928.7683526576016
803.2566393489496 -6368.947453708028 2605.832659920323
2156.5873238774934 -6499.450414521363 1051.357299840814
3318.295760651894 -6052.448683636125 -596.5357701350183
4185.159056991302 -5067.660326476241 -2191.4240190802775
4680.15260484902 -3632.58811024789 -3591.5946270243485
4759.294055254479 -1874.744499073683 -4672.6362909038735
4415.5513430326255 49.67838802396367 -5338.4937148099825
3679.4675166544175 1969.6871323356586 -5530.002544561427
2616.4468543442285 3714.6805311097187 -5230.146380212142
1320.9434069376427 5129.608263087685 -4465.5687578616535
-91.9316590399942 6088.747789975208 -3304.2057545494563
-1496.6381936765013 6506.87535569387 -1849.249569677406
-2768.361856916315 6346.838491106958 -229.9794452414505
-3794.104420413206 5622.857173943232 1409.72536215238
-4482.724156003374 4399.260321372378 2924.169884641109
-4773.034178221707 2784.769883411636 4178.789080371314
-4639.239167589551 922.8404205484435 5062.104527996687
-4093.227397951308 -1021.0874634989644 5495.629773629732
-3183.514411172516 -2874.2872454459725 5440.844196701747
-1990.9321983381665 -4472.093992033277 4902.615736145328
-103.89998593070536 -5716.6668703277455 3912.5441128350662
1375.294883253989 -6278.749180299173 2585.526921779664
2732.288766679384 -6282.937071764078 1028.7743173261242
3846.5068027335606 -5728.858432187542 -619.3893999235785
4618.945829247777 -4665.7455802300165 -2212.51765084444
4980.971248923428 -3188.0607581818076 -3609.0539990140046
4900.415514499939 -1427.1027471949567 -4684.9100612985585
4384.436356493851 460.65960561743026 -5344.49130524757
3478.8807874312497 2307.4903308993194 -5529.191042811546
2264.211393588508 3949.2904140262726 -5222.597891766485
848.3568810973741 5240.178712691482 -4451.953999044614
-642.8778632320923 6065.454136588526 -3285.7344564293126
-2076.990088190379 6351.78734264263 -1827.562988152078
-3326.552629092054 6073.736368943297 -207.00452824948155
-4280.536370563144 5256.007264710314 1431.947192412503
-4854.1756706852375 3971.258849399859 2943.664121031877
-4996.500160267888 2333.646657737802 4193.823574440359
-4694.863683830936 488.67971949606755 5071.34339896819
-3976.0679660156784 -1399.7085563585194 5498.252107273753
-2903.9811607330553 -3163.7265844608255 5436.616987166091
-1573.8628854078875 -4646.633621748341 4891.914589548044
416.44493190312005 -5713.568789361614 3896.252309102251
1937.5384448078407 -6137.172872383599 2565.1765353733504
3286.4731641439716 -6015.462213154753 1006.1735693847129
4343.390320395984 -5359.251337865989 -642.2323337637441
5014.378186026332 -4226.847462520718 -2233.5730756671023
5239.81654459202 -2718.869640915909 -3626.451047923451
4999.674208614541 -969.3083201528194 -4697.1029301535045
4315.288878492784 866.380298595333 -5350.396604142716
3247.4711941836126 2625.08722576598 -5528.284060025089
1891.1014429786242 4150.5436329217755 -5214.959216699229
366.6990296029866 5307.206023931751 -4438.262361498059
-1190.2862017850612 5992.29986942536 -3267.206418484215
-2641.5092806595367 6144.951574745679 -1805.8448472888472
-3858.0226678748745 5751.597365974025 -184.02603659227222
-4731.733810395903 4847.188490766281 1454.1442950404648
-5185.009638991454 3512.0856466176247 2963.107524651734
-5177.574607122596 1864.9185802329791 4208.785647314515
-4710.089349998972 52.045313934241435 5080.494695261802
-3824.0919842412814 -1765.4524069046415 5500.779494151328
-2598.307263932484 -3426.0819338297783 5432.2958952123045
-1141.6515407396707 -4782.28904582121 4881.128966745784
935.2780936447191 -5663.105174329641 3879.8932227947594
2485.3737874679323 -5945.256866606651 2544.78185212276
3814.633113391403 -5699.146395955631 983.5554462984319
4804.94554694836 -4946.641757731934 -665.0641771915012
5368.317482502723 -3754.6062913539604 -2254.589929951884
5454.690851263481 -2228.957579170855 -3643.7854733311137
5056.391000372948 -505.2562044591992 -4709.214686915696
4208.808619492862 1263.339401298981 -5356.209509519553
2987.2551227184194 2919.681757178113 -5527.281611864321
1500.270898937273 4316.597576119605 -5207.230486919112
-120.01897804486019 5329.964757346427 -4424.49408165653
-1729.6446421330975 5869.741179717936 -3248.621960666295
-3185.5837893473094 5887.96533933661 -1784.095522128206
-4358.469837173806 5383.017939644932 -161.0443670747977
-5144.086713137581 4399.765773030661 1476.3162867247918
-5472.628910186359 3025.5751094285456 2982.4997597415604
-5314.904012328677 1382.5488198360274 4223.675040620679
-4684.926568903499 -383.32299961449166 5089.55825884803
-3638.672840369636 -2115.1348883639757 5503.21189061819
-2269.107061916176 -3659.0077601657536 5427.8809954593235
-697.9211631991459 -4877.76173518572 4870.259053990487
1448.2888131327468 -5565.533033582092 3863.4671364100686
3014.2954648804807 -5704.453600917823 2524.343224214214
4312.468736555811 -5336.5084322297 960.9203386491481
5227.460236030811 -4494.391070456449 -687.8845359343314
5677.968953203082 -3252.9273387627863 -2275.5678507684893
5623.965211526918 -1722.4267377835556 -3661.056975896831
5070.247480441765 -38.8809624070115 -4721.245122432831
4066.0160103047842 1648.11955710568 -5361.92992099771
2700.50117423485 3188.6774213159965 -5526.183715640055
1095.0349578799546 4445.907303361994 -5199.411835889987
-607.7299199643501 5308.098810961444 -4410.649397278068
-2256.4953274409954 5698.64244499901 -3229.981403901919
-3704.761222607856 5582.83668971795 -1762.31538824917
-4823.842825069179 4970.971394680169 -138.05991655677025
-5514.304823437536 3917.413476476397 1498.4627845876587
-5714.7966391153295 2515.7761796018267 3001.84049142584
-5407.503694435757 890.6011288677117 4238.491497240823
-4619.7303160664615 -813.7077405049935 5098.533933212398
-3421.4736257620834 -2445.715106236231 5505.549254670412
-1919.203988919066 -3860.4099519343936 5423.372364146003
-246.4046553725945 -4932.09043227316 4859.305038989611
1951.2013021761857 -5421.501517407155 3846.974333602635
3519.943266731736 -5416.618522374307 2503.8610045929186
4775.922825021588 -4930.445201189636 938.2686373120695
5607.54068151616 -4006.180186976887 -710.6930159180399
5940.903940171064 -2725.9484823190546 -2296.5064758589133
5746.391812514246 -1203.5042923793076 -3678.2652573670357
5041.287554690424 425.87653542994553 -4733.194028956894
3888.2427743063135 2017.4163641378577 -5367.557739794057
2389.710560152727 3429.6998956062216 -5524.990390311352
678.8420756575124 4537.239540359885 -5191.503398628512
-1092.344506309267 5241.625540604814 -4396.728547440109
-2766.4714852155575 5480.27010907219 -3211.285070086221
-4194.785332200294 5231.968628579248 -1740.5048217627586
-5250.374093906805 4518.783775320887 -115.07308194607566
-5839.444076482488 3404.0851532693014 1520.583406191407
-5909.6538268844615 1986.918626768085 3021.129385718432
-5454.764900679086 393.20566082974466 4253.234761316437
-4515.196175206893 -1235.4453536279257 5107.421563358147
-3174.432454955503 -2754.321626753138 5507.791545945133
-1551.6064803139475 -4028.464336199952 5418.770079129803
209.08653921637895 -4944.660310750838 4848.267110902976
2439.8103207733548 -5232.047640731927 3830.415099179052
3998.1382394725742 -5083.995665571262 2483.3355469568196
5201.2140300539995 -4484.208364777089 915.60073344891
5942.139128913299 -3485.9794721481944 -733.4892232735606
6155.0790895205955 -2178.006005449982 -2317.405443643749
5821.113261904303 -676.5071471456253 -3695.410020579894
4969.915975433011 885.1023399853565 -4745.061200147765
3677.119844427484 2368.066600000977 -5373.092868724398
2057.5954784699247 3640.6177505174082 -5523.701656485193
255.24472464126953 4589.684037312525 -5183.505311701818
-1569.7856430947907 5130.936755895774 -4382.731772535343
-3255.33366755103 5216.283226972598 -3192.533282077521
-4651.631009848867 4838.140042051009 -1718.6641993055632
-5634.610523575182 4030.1068825653156 -92.0842601916812
-6116.930165200831 2863.9810407309424 1542.6777695453468
-6055.733717942498 1443.377915053854 3040.366109528371
-5456.458754695267 -105.47567253543625 4267.904578252907
-4372.353485818517 -1644.9572837475876 5116.220995808918
-2899.745421969563 -3038.2772215226173 5509.938725721269
-1169.4822520554235 -4161.632894905391 5414.074219885456
664.6945481421665 -4915.2092225506685 4837.145460339444
2910.0163333264504 -4998.588767499586 3813.7897190930457
4444.9172838022405 -4709.200014726004 2462.767205750529
5584.867827414004 -4001.378174660138 892.9170185011918
6228.578355771249 -2938.0163240168195 -756.2727643437726
6318.852363552313 -1613.5988297123442 -2338.264393228416
5847.668609004899 -145.8059982260978 -3712.4909694704397
4856.893836476375 1334.9423360616406 -4756.846431076755
3434.5627324494008 2697.075185492333 -5378.535212205156
1707.055657314001 3819.561068772534 -5522.317536416124
-172.130804264124 4602.662189224633 -5175.417713225171
-2036.0226884997921 4976.796575713792 -4368.659314267607
-3719.0050219238337 4908.720746138734 -3173.72636369175
-5071.537438565231 4404.483536703065 -1696.7938980331242
-5973.441497714629 3508.888636273693 -69.09384827689122
-6344.579065775843 2301.513582007246 1564.7454931121117
-6151.972941116241 889.6389459534714 3059.550330665594
-5412.73702314988 -601.2840145644949 4282.500694723978
-4192.555667271461 -2038.7802516969696 5124.93207861138
-2599.847341628484 -3295.1219164263885 5511.990756920167
-776.1311704396759 -4258.677538476974 5409.284867503578
1116.5476612382452 -4843.830972335329 4825.9402793536465
3357.85987699051 -4722.911911585117 3797.098480440591
4856.566042058796 -4295.196789105072 2442.156336159172
5923.745001601112 -3485.834582752407 870.2178841834713
6464.57322182442 -2366.740676389072 -779.0432456902392
6430.995741976312 -1037.3514746581927 -2359.0829644093833
5825.996068493634 384.2109579380456 -3729.5078090756974
4703.331077362665 1771.6345608394606 -4768.549518230179
3162.754479779555 3001.640658320078 -5383.884676255029
1341.1532671486161 3964.937810825886 -5520.838054005875
-599.615298822669 4575.932838996832 -5167.240742859553
-2487.105414125165 4780.336153272398 -4354.51141564765
-4153.605298900283 4559.985622170032 -3154.8646396968666
-5451.039125071494 3934.460357370558 -1674.8942956135788
-6264.124203488912 2959.341023723819 -46.10224321246989
-6520.614356770052 1721.2712532650412 1586.7861958144288
-6197.719309207392 330.25897827919607 3078.68171784668
-5324.129702778442 -1090.098256244425 4297.022858676081
-3977.46780769926 -2413.595476883324 5133.554661337889
-2277.390443076034 -3522.6341475118375 5513.947604106251
-374.9569434221526 -4318.671315308594 5404.40210468927
1560.793126126236 -4730.975584563276 4814.651761442651
3779.554854220807 -4407.15993574735 3780.341671454963
5229.649802306047 -3845.277817031084 2421.503294102353
6215.067415516247 -2941.7258895478517 847.5037224765746
6648.2490144837175 -1776.78870722685 -801.80027410009
6490.7045131540535 -453.9760509599413 -2379.8607976803987
5756.432431843048 909.1743696758574 -3746.4602455397276
4510.67606727515 2191.5406577199424 -4780.170259512855
2864.1263393539666 3279.178940907845 -5389.1411684966015
963.0864171697523 4075.4477847563303 -5519.263234802939
-1023.5279596150801 4509.595208121181 -5158.974541809276
-2919.197385509683 4543.045307211862 -4340.288320988972
-4555.483313015008 4172.825893930817 -3135.948435807234
-5786.9945567497225 3431.8325878291957 -1652.9657702209706
-6504.305938309897 2385.905895949697 -23.109842029772967
-6643.681193574767 1127.9809948395127 1608.7994970416248
-6192.7362194758225 -230.16996772522845 3097.759940700574
-5191.539455901166 -1567.8693185733284 4311.470819332701
-3729.051628974038 -2766.2565999850103 5142.088595089062
-1935.2212001390485 -3718.8498429708748 5515.809233487634
30.56212490665564 -4341.00695750505 5399.426015760703
1993.6298710347332 -4577.446553669644 4803.280101542641
4171.520469918155 -4053.8147561237297 3763.5195815017205
5561.042161821728 -3363.0351879274112 2400.808436227831
6456.440853415865 -2373.435184846918 824.7749256208294
6778.156441560011 -1172.945049944008 -824.543456592752
6497.603084421937 131.76640003099715 -2400.5975342387055
5639.709178971498 1424.769827115916 -3763.347986118779
4280.702363513356 2591.176202562187 -4791.708454251586
2541.3363575041485 3527.3452012213374 -5394.304598157942
576.1614636597553 4150.094099252526 -5517.593106002143
-1440.2079046736937 4404.0889241771365 -5150.619252819532
-3328.6084804286356 4266.761121162704 -4325.990275903601
-4921.247585339754 3750.312868160195 -3116.978078678009
-6076.612245754136 2900.6328588447022 -1631.008700528863
-6692.043241359641 1793.2188908032178 -0.11704177393846878
-6712.856827422287 526.4695549023901 1630.7850166562182
-6137.2036254815 -787.058911325093 3116.784669774291
-5016.232948742167 -2030.6537393302208 4325.844327198704
-3449.5479611313804 -3093.8160712186946 5150.533732496353
-1576.355499082193 -3882.07926819118 5517.575612916702
436.9030667826304 -4325.402685960618 5394.356686647645
2411.340877846271 -4384.395093365413 4791.825496025541
4530.411544252803 -3665.677684938825 3746.632501073735
5847.951210748468 -2852.3323945524726 2380.0721199055383
6645.874748857937 -1785.5448536555969 802.0318861092807
6853.283150590423 -560.1038167768896 -847.272400426752
6451.747269255207 715.1049021975658 -2421.2928159911885
5476.945330020125 1926.7734124255803 -3780.1707391862856
4015.4927630340394 2967.239649453746 -4803.163903198643
2197.246042352658 3744.0536221112084 -5399.374876074181
183.7643683527825 4188.191999935404 -5515.827696444165
-1846.04557621188 4260.191138987472 -5142.175020173928
-3711.8262700925293 3953.653599799624 -4311.617527297848
-5247.794910794168 3295.8165879465355 -3097.9538958994913
-6317.47394410311 2345.131808801522 -1609.0234657037063
-6825.817693700717 1186.0717770030556 22.875760503033707
-6727.6575866054445 -78.37593717238418 1652.7423750004434
-6031.715579101247 -1335.8596053829244 3135.755576538617
-4799.829172646065 -2474.646285331875 4340.143134064648
-3141.456880497898 -3393.5497830227337 5158.8899277246
-1203.9523584610495 -4010.92149014409 5519.246711890668
840.5286140829821 -4271.905221227104 5389.1942048899955
2810.324930666683 -4153.311426456802 4780.288142695608
4853.146945190497 -3245.8470682064353 3729.680721786169
6087.9430167248565 -2317.2731985509463 2359.2947032212987
6781.798634725328 -1182.799436018273 779.274996680948
6873.061682597347 56.77124703445132 -869.9867131064966
6353.62303803619 1291.29755565166 -2441.946285560635
5269.637104130074 2411.0864096832215 -3796.9282142379307
3717.42078810045 3316.639655336009 -4814.536408535179
1834.8953214156738 3927.4949127787913 -5404.351914689045
-210.66864688235347 4189.375011693635 -5513.967036615043
-2237.513781400772 4079.0107560500765 -5133.6419896920115
-4065.5459972742215 3606.208494287605 -4297.170323368046
-5532.336609935124 2812.9787822223598 -3078.8762159914627
-6507.554836543954 1769.8035608026046 -1587.0104453983195
-6904.548257991833 569.3735263505274 45.868167749103826
-6688.042266606178 -681.6478445723525 1674.6711929028713
-5877.274369842502 -1872.1018131426817 3154.6723333937343
-4544.284853324567 -2896.2113200317976 4354.366993011057
-2807.5156853231283 -3662.979741322056 5167.157036474542
-821.2864281010699 -4104.27633787402 5520.822501552099
1237.9177324138893 -4180.8899704858295 5383.938659636254
3187.127469891389 -3886.013181686536 4768.668240786074
5136.935899843884 -2797.693398055712 3712.6645363714397
6278.962213201827 -1762.1684715330512 2338.476544970687
6863.0751791449675 -570.0671431657167 756.504650314004
6837.373797311729 672.6871525703415 -892.6860023890513
6204.1417482666475 1855.670242761588 -2462.5575862918554
5019.644478460456 2873.7688884087333 -3813.6201218966517
3389.12976839609 3636.5205569937157 -4825.825773874679
1457.476005458704 4076.1514154821953 -5409.235628056351
-603.6808965917824 4153.598332809224 -5512.011158645648
-2611.1981017701005 3861.979810500099 -5125.020308726727
-4386.69889655202 3227.207434008794 -4282.648913596259
-5772.422243664273 2305.683514639245 -3059.7453683975555
-6645.240542569175 1179.2894966685517 -1564.9700197453399
-6927.600057109007 -51.88956830784947 68.8597829190513
-6594.411905302594 -1278.4580174264804 1696.5710916849075
-5675.281316610057 -2391.429861276166 3173.534613674952
-4251.877077374877 -3291.912667334378 4368.515658412717
-2450.674900759713 -3899.8945865791356 5175.334915985311
-431.71950460238475 -4161.353757400833 5522.30295468941
1625.5960641087124 -4053.05838507729 5378.590141641998
3538.4702887128965 -3584.6309886858744 4756.9659909556385
5379.301960907637 -2324.832100711338 3695.584238674164
6419.349517694575 -1191.5012809237908 2317.618004652827
6889.009698982988 47.69965649107936 733.7212402189979
6746.55113659565 1282.6622701002198 -915.3698762909136
6004.631898969774 2403.6547121403055 -2483.126362257852
4729.174766227367 3311.0718847417565 -3830.2461739176188
3033.5097018640313 3924.285789984264 -4837.031804266324
1068.3039881520078 4188.809681342135 -5414.025931841525
-991.825223082147 4081.1394502242415 -5509.960096311133
-2963.8264106921465 3610.84206916844 -5116.310126161886
-4672.478615174177 2819.7055243476016 -4268.053548745984
-5965.960589863323 1778.0257696145904 -3040.561683479495
-6729.34078495629 578.3606225137506 -1542.9025693506806
-6894.789520080257 -672.6944039912146 91.85020898133355
-6447.605949059655 -1863.9775806307923 1718.441693167353
-5427.52429461244 -2889.638169300445 3192.3420916582972
-3925.1832882908384 -3658.5417256595206 4382.58888594289
-2074.0725214214594 -4102.367794447824 5183.423425036903
-38.67130910645358 -4181.680481754897 5523.688045737348
2000.1660187289237 -3889.4325072555107 5373.148743268303
3861.279818216221 -3251.591385993053 4745.181595284995
5578.104423467134 -1831.0942209254354 3678.440123646083
6507.856031228162 -609.8905046594977 2296.71944246418
6859.35607135877 665.504659405829 710.9251598320753
6601.3722227608305 1881.766813963872 -938.0379430948117
5756.827482525763 2930.825729103548 -2503.652258265971
4400.763357046971 3719.467916495526 -3846.8060831932607
2653.6720948626707 4177.619056890767 -4848.154306198373
670.79042160163 4264.570410901999 -5418.722743323026
-1371.6939243339893 3972.595969145588 -5507.81388503034
-3292.2972455128906 3327.638942080327 -5107.511592409586
-4920.365508419484 2387.006591908258 -4253.384480857797
-6111.237703234622 1234.2782308392523 -3021.3254925114425
-6759.099609392437 -28.12116758063051 -1520.8084752868986
-6806.385853435654 -1288.0218768532536 114.83904892494213
-6248.894845068769 -2433.476189976566 1740.2826196769456
-5136.162106894183 -3362.705464486089 3211.094442566156
-3567.0588258458833 -3993.14360148616 4396.586432577516
-1681.006714341347 -4268.773405872119 5191.422423952594
354.41022070885447 -4165.103959942801 5524.977750777414
2358.336252345461 -3691.3467489148957 5367.614558480159
4152.713758572998 -2889.5971800375055 4733.315257273425
5731.557008242897 -1320.495241627296 3661.232487340971
6543.654196502124 -22.05327132380035 2275.781219292318
6774.318993048673 1278.3482289159833 688.1168028081794
6403.0558184535985 2465.1628790778054 -960.689811356351
5462.853035041292 3432.9369892444342 -2524.134919864043
4037.2517861298884 4095.679582720859 -3863.2995637581707
2252.922998833188 4394.503071678732 -4859.193087601503
268.4121163004387 4302.85567775886 -5423.3259813938
-1739.948360672787 3828.880674098988 -5505.572561865198
-3593.7067901626165 3014.6928197793413 -5098.624859407637
-5128.14860062401 1932.6362786607665 -4238.641963245048
-6206.931903410494 678.8565229485714 -3002.037127674261
-6734.202067906948 -635.2426139403956 -1498.6881190866618
-6663.108826110851 -1892.8976568644541 137.82590576625856
-5999.9691245433405 -2982.360436131567 1762.0934940528311
-4803.705835829345 -3806.8274027751795 3229.791342572867
-3180.6122028860577 -4293.041048695329 4410.508056599462
-1274.9072178295846 -4397.799157738561 5199.331774601385
744.0788683691926 -4111.793512192999 5526.172047538291
2696.950281777054 -3460.4369687804647 5361.987682844832
4410.185827277642 -2501.605414814281 4721.36718183524
5838.243649676882 -797.2022935730218 3643.9616269095145
6526.345319610485 567.2334675969078 2254.8036967097273
6634.552567501994 1881.2680459077844 665.2965630142332
6153.250704516562 3028.143702530912 -983.3250899109504
5125.205513338888 3905.9555023944026 -2544.573993346455
3641.763320707117 4436.70601486676 -3879.7263307940866
1834.7344754154074 4573.2357277545525 -4870.147957852101
-135.31857961657383 4303.413376916924 -5427.83556656266
-2093.347985013828 3651.2138623216783 -5503.2361655200775
-3865.374235436277 2674.5879729710337 -5089.650080616906
-5293.945022124779 1460.3132049859144 -4223.826250489431
-6252.125561502416 116.28320025885566 -2982.696922049779
-6654.777307739453 -1238.0790771116317 -1476.541882736145
-6466.122886174639 -2482.43259526021 160.8103825559219
-5702.925070060305 -3506.211083343899 1783.8739396531432
-4432.997334596654 -4218.447329918584 3248.432468810348
-2769.1783320657105 -4555.856018878809 4424.3535176026635
-859.3056823917798 -4488.456907516815 5207.151340400368
1126.9200481635191 -4022.2387026532515 5527.270915396221
3013.0139870323255 -3198.6269377551325 5356.268213530232
4631.388410759214 -2090.803132494357 4709.337575296189
5897.131250998194 -265.5000237043905 3626.627840594208
6455.963588284711 1153.171919083456 2233.7872369675106
6441.155229222568 2469.3794762491275 642.4648345224167
5854.021961499858 3566.1718302567097 -1005.9433878804642
4746.733152545637 4346.094167258686 -2564.9691257603367
3217.676272292407 4739.8469649796125 -3896.0861006347845
1402.7147347062416 4712.443559386299 -4881.018727775601
-536.8841627707959 4266.318863323572 -5432.251420955674
-2428.7785463082873 3441.1130138225976 -5500.804736341122
-4104.865297487205 2310.149171967749 -5080.587411018687
-5416.216753079735 973.9184382609059 -4208.93759843662
-6246.3135814854 -448.84922265608884 -2963.305209615037
-6521.398036680428 -1831.7346603977214 -1454.370148668436
-6217.02765763249 -3051.862435127863 183.7920823856344
-5360.247088227398 -4000.818839619191 1805.6235803614768
-4027.1850419764146 -4594.284932906052 3267.0174993736146
-2336.2899317353576 -4779.528648216867 4438.122576496261
-437.80520842011384 -4540.0902685176125 5214.880986317085
1499.5804289397515 -3897.2449446025958 5528.274335375366
3303.7217643880167 -2908.1123045818936 5350.45624930322
4814.3129229262495 -1660.5811242584348 4697.226645389966
5907.579293330548 270.24459735559304 3609.231427724164
6332.976548346909 1730.9826643275042 2212.732202989167
6195.661045232818 3037.915325281615 619.6220116032438
5507.83386903912 4074.9158779126324 -1028.54431468004
4330.61148285049 4749.8422723173135 -2585.3199649116027
2768.595261835123 5002.724336487124 -3912.378590770983
960.5772020255039 4811.092389265905 -4891.805209649717
-932.7923576076989 4191.973770127211 -5436.573468317493
-2743.2792227756054 3200.379885338832 -5498.278316315556
-4310.013690317327 1924.4182031022967 -5071.437007112017
-5493.784527290818 477.4635183499235 -4193.976264191831
-6189.408499938205 -1011.9158953219543 -2943.8623252365287
-6335.076365594267 -2411.3821409747306 -1432.1732997569186
-5917.844895142556 -3596.5865012256645 206.7706083950891
-4974.78693572285 -4462.218367482813 1827.34204059334
-3589.6973255712983 -4931.362549666336 3285.546113326393
-1885.6473549154896 -4962.333528383905 4451.8149955087665
-14.049341748320348 -4552.379396262561 5222.520578871864
1858.7970170877022 -3737.9263769953664 5529.18229014813
3566.481103759159 -2591.3421955123904 5344.551890527909
4957.267693117052 -1214.5058880402396 4685.034601254625
5869.346211815594 805.6182388344034 3591.772688709971
6158.282029133591 2295.9437872233716 2191.6389583643163
5900.027462987511 3582.26465453419 596.7684887188326
5117.529564910927 4550.285586780138 -1051.1274800246986
3880.316707083427 5113.9936760412675 -2605.626159371047
2298.32068134217 5223.300984794536 -3928.6035198552245
512.1087770494644 4868.495078969984 -4902.507217207691
-1319.6062394364378 4081.1020203401963 -5440.80163401269
-3034.0684505518084 2931.0851375819543 -5495.656949070956
-4478.940365045554 1520.6284774943015 -5062.199026910985
-5525.838772598962 -24.942695986883294 -4178.942506115449
-6081.74215546292 -1568.297601470425 -2924.368604664419
-6097.25605852814 -2972.3023827026577 -1409.9517193087047
-5571.002003425642 -4112.205053497577 229.74556377877417
-4549.739972379162 -4886.720259174605 1849.0289453027203
-3124.2135785817864 -5227.028924805332 3304.0179907066436
-1421.0870979419567 -5102.893132028485 4465.430538192145
408.3092076880428 -4525.342890793236 5230.069986140132
2201.4254483794944 -3545.6960745708393 5529.994764035465
3798.935377185984 -2250.998602091878 5338.55523916394
5058.893226376177 -756.2900254724065 4672.761653428916
5782.592478412011 1336.1976475173974 3574.2519250384917
5933.201537836355 2843.4295942541867 2170.5078673424205
5556.61960319785 4098.010343356255 573.9046605160744
4686.307631991722 4988.464889628937 -1073.6924939362468
3399.5966621608354 5435.672438940487 -2625.8873584804114
1810.8166100127196 5399.896637996579 -3944.760607706739
61.137555427180025 4884.316323710593 -4913.124565641521
-1693.9738392558177 3934.7430695937746 -5444.93584502703
-3298.5682244391805 2635.5506264080004 -5492.940679874498
-4610.070347352887 1102.1779441424615 -5052.873629941983
-5511.94748894381 -529.1280852884007 -4163.836583818415
-5924.063907358917 -2113.4187623010016 -2904.824384526722
-5809.801250278931 -3509.922907697707 -1387.7057910579595
-5179.312256218822 -4594.554999702474 252.716551792837
-4088.618639156189 -5270.940717111173 1870.6839199885426
-2634.6333133971775 -5478.9802206621935 3322.432812532081
-946.5492558449519 -5200.188287498709 4478.968969425908
825.6398569520845 -4459.336804340539 5237.5290777546625
2524.467245198084 -3322.2536766394824 5530.711743007132
3998.9846402661988 -1889.9737302988926 5332.466398764709
5118.17470079164 -289.76132400811866 4660.4080138486825
5647.880358268701 1857.5862582183024 3556.669439267684
5659.470171765203 3368.948607336467 2149.3392948264795
5168.191224324595 4580.965088305324 551.0309218198175
4217.695806369117 5385.942717944091 -1096.238966749922
2892.439606964569 5712.355701273207 -2646.1032123584478
1310.1774552190668 5531.200812284103 -3960.849575316251
-388.4997130417166 4858.574457848591 -4923.657071605142
-2052.6569768958207 3754.242441330417 -5448.976029968742
-3534.426660415964 2316.3295086784387 -5490.129555632173
-4702.147024582217 672.6005341357699 -5043.46097724097
-5452.060990582016 -1030.8919495237162 -4148.658758157944
-5717.535411593015 -2642.785159473182 -2885.2300023235157
-5474.981720293096 -4019.855310331832 -1365.4358991593058
-4745.951876583602 -5039.743676023014 275.68317576193596
-3595.22338137288 -5611.828699548719 1892.3065907010562
-2125.0435113492435 -5685.2781160149 3340.790260805684
-466.0441997423681 -5253.565622441083 4492.430055421152
1234.3651842128945 -4355.0507684203785 5244.897724907865
2825.0958046284445 -3069.570541800022 5531.333214681958
4164.804265074033 -1511.345501952272 5326.28547447556
5134.451589625305 181.1692181744159 4647.973895843199
5466.170334136133 2365.450673536986 3539.0255350213365
5339.223126232657 3868.1805167306034 2128.133606366785
4737.862512768651 5027.205545782094 528.1476676260505
3715.5220232779616 5739.541300562693 -1118.7665091211427
2363.0410967192115 5941.893623226155 -2666.2733719069347
800.593598681892 5616.2826218953 -3976.870144850847
-832.9901539454546 4791.640262958709 -4934.104553217582
-2392.559075877654 3541.2396388912985 -5452.922119069743
-3739.5386243455687 1976.1843324341964 -5487.223624887984
-4754.243755345422 235.53637569821532 -5033.961231350672
-5346.513465027756 -1526.040021652914 -4133.409291232848
-5463.721990554483 -3152.0210661638434 -2865.5857964210827
-5095.45484007142 -4497.9312065294935 -1343.1424281811753
-4274.43416601275 -5444.1804203490265 298.6450390861021
-3073.6112582584788 -5906.690312428284 1913.8965840484047
-1599.6845018870981 -5844.3648491648 3359.09001852119
16.381242576769186 -5262.74192148032 4505.813563724629
1630.9914417497866 -4213.501278909789 5252.175800353991
3100.6808938352756 -2789.8725570623283 5531.859168328035
4294.861241389534 -1118.3514153658007 5320.012573032024
5107.424319958206 652.5401573903198 4635.4595141314785
5238.81422094414 2855.556709883657 3521.320516983851
4974.978903845637 4337.0117892510825 2106.891168154525
4269.094878805135 5433.104338480785 505.25529309508056
3183.883039168491 6046.441724450802 -1141.2747320322057
1815.7692192611544 6122.526228830902 -2686.397488816752
286.3163358504743 5654.5974095155625 -3992.8220396587426
-1268.5770104790554 4684.232795572757 -4944.466830066131
-2710.7517223689983 3297.6535413262795 -5456.774044186851
-3912.06424778847 1618.0632984187425 -5484.222937823101
-4765.772696980751 -205.29896930712852 -5024.374556317812
-5196.021327797286 -2010.4195226703723 -4118.088446379112
-5164.58066127501 -3636.905478863584 -2845.892106046148
-4674.244338609525 -4940.236422962957 -1320.825763099184
-3768.5808938751616 -5804.605681011621 321.6017452475391
-2528.062498575142 -6153.210251209935 1935.4535272029984
-1062.9146560571685 -5955.075087669823 3377.3317696685754
496.6778181756192 -5227.805369173667 4519.119263222741
2012.1382886287995 -4036.022201780438 5259.363178411329
3348.81144201386 -2485.620749967329 5532.289594862913
4387.928002759048 -714.3609865526084 5313.647802757926
5037.157904354213 1120.3728854388503 4622.865084818597
4967.545020207279 3323.80470972368 3503.554690894964
4569.619358244996 4771.5696376547385 2085.612347015517
3765.662962858386 5795.3596635917265 482.35419354469497
2627.1108878820937 6304.2065509015965 -1163.763246799069
1255.128481631226 6252.897020609093 -2706.475215573863
-228.3775982531883 5645.990149648865 -4008.7049842740553
-1691.5913263142281 4537.412276872663 -4954.743723209433
-3004.4997416059778 3025.665411190526 -5460.531738802957
-4050.445169826099 1245.0748958101406 -5481.127546255
-4736.490769621313 -646.1459879841593 -5014.701117690231
-5001.678378788289 -2479.9539651811015 -4102.696488165297
-4822.444914495887 -4093.4071494729715 -2826.1492712798936
-4214.716056599597 -5343.143144912771 -1298.4862892894773
-3232.4911810976605 -6118.117423929598 344.5528978175442
-1963.0452786013034 -6349.4701209141895 1956.97704790798
-519.1741884188973 -6016.644533464878 3395.5151992394817
970.8278067629183 -5149.2136756075715 4532.346924145529
2374.5674909061954 -3824.2525857205064 5266.4597349643755
3567.316432864663 -2159.489871136119 5532.624486853757
4443.0936548527825 -302.8470047360945 5307.19127356353
4924.082507411886 1580.705147056923 4610.190825391894
4654.463591091076 3766.263825470597 3485.728363544512
4126.366731523989 5168.25407016451 2064.2975104038574
3231.6240795988474 6111.022260214899 459.44476444339335
2049.737446452666 6510.799304665712 -1186.2316650779976
685.7226460645421 6332.063258724843 -2726.506205465288
-739.2216206706847 5590.695604444351 -4024.5187044215822
-2098.482802388674 4352.5701113454215 -4964.935055180585
-3271.2845780743273 2727.6996629141354 -5464.195138028174
-4153.418363202167 860.4611291201064 -5477.937503636559
-4666.50269978322 -1083.2331520677187 -5004.941082514049
-4764.947792878735 -2930.6774140039247 -4087.2336823879923
-4440.006363948002 -4517.718126639879 -2806.3576330521823
-3720.5508849334947 -5703.339758044434 -1276.1243925220606
-2670.5081324240095 -6382.194623252462 367.4981004633096
-1383.179013016752 -6493.963488384718 1978.4667744836504
27.05163167818021 -6028.715199284615 3413.639993232703
1434.8786201843757 -5027.78910814718 4545.49631807066
2715.2103464260626 -3580.1218906618 5273.46534746599
3754.2837178834625 -1814.3451320849615 5532.863838517472
4459.77250560418 112.64415360008472 5300.643096943642
4768.990934812687 2029.624511907042 4597.436954717278
4302.02224155755 4179.204988386861 3467.841842767065
3648.7578694699455 5523.7677544935 2042.9470263955773
2671.285348369757 6377.519514957878 436.5274014034706
1456.4574013242445 6664.600679234827 -1208.679598872284
112.21682261305925 6359.502826043411 -2746.4901125851625
-1241.9947132427187 5489.335238539562 -4040.2629270215207
-2485.84956842286 4131.416125540553 -4975.040649990202
-3508.8257804774826 2406.4025593662145 -5467.7641786009635
-4220.027423708364 467.56956546849267 -5474.652865055146
-4556.261111057432 -1512.8090362163266 -4995.094619330798
-4487.651003866497 -3358.767916180227 -4071.700296067224
-4020.293411249968 -4906.285527081292 -2786.517533135636
-3195.7151062768417 -6017.858138021777 -1253.7404589541743
-2087.1834899462606 -6594.717644463576 390.4369569547567
-793.1964610800684 -6585.607547753077 1999.9223358338982
571.2695542384133 -5991.337319962014 3431.7058386595722
1884.9757626876744 -4864.710478741555 4558.567217927328
3031.1936025422497 -3305.832763054596 5280.379894939502
3908.0765886369118 -1453.2172989621217 5533.007645720803
4437.709819519563 528.522899482229 5294.003385975692
4573.033058369121 2463.3015189230255 4584.603693035445
3913.005368784207 4559.132286178955 3449.895437436647
3140.615822200931 5835.143448346408 2021.5612636822855
2089.1687774495617 6592.676508023056 413.6025001742437
852.0899186556248 6764.421328477523 -1231.1066605389574
-460.70086874586974 6335.117628722706 -2766.426591840663
-1732.5563622068412 5342.910926450071 -4055.9373801942006
-2850.4666196873713 3875.963141383936 -4985.060333129458
-3715.100408941946 2064.619021821766 -5471.238798889213
-4249.631223412423 69.82444173936935 -5471.273687231665
-4406.56365448325 -1931.1743464110655 -4985.16189817448
-4171.953566967156 -3760.579819063855 -4056.096597441837
-3566.6470967093596 -5255.841271760103 -2766.6293141397537
-2644.428379935949 -6284.098162580952 -1231.334875123574
-1487.2405967224372 -6753.985354345916 413.3690711714179
-197.90495984226703 -6623.751308000707 2021.3433614525536
1109.0154012114904 -5904.967890085797 3449.712423549383
2317.3948770336874 -4661.502161611995 4571.559398000237
3319.863648311528 -3003.841509413665 5287.203257980788
4027.3479654552284 -1079.2763569625984 5533.055905980414
4376.984742142789 941.1872361308809 5287.272255317773
4337.707216409798 2878.022212961965 4571.691261958033
3490.5073028018796 4902.812485615921 3431.8894574614333
2606.0190595171166 6099.768768049157 2000.14059156479
1489.974586467983 6754.733827046893 390.670456635203
241.5393327653835 6809.511142850358 -1253.5124627954976
-1028.3577506313115 6259.2335105641205 -2786.3152989579658
-2206.8807350107663 5152.795512670423 -4071.541793264739
-3189.3126813479166 3588.509020805316 -4994.993931573069
-3888.360199879141 1705.3677545291823 -5474.618938891318
-4241.909850863419 -329.30292061999535 -5467.800028519568
-4218.547196283711 -2334.713586150001 -4975.143090568652
-3820.3481105247492 -4132.674703828774 -4040.422855964868
-3082.6943298241204 -5563.429538128137 -2746.6933195049505
-2071.129629737373 -6499.849243256422 -1208.9080279419184
-875.5359730457866 -6858.728819002787 436.29404710924763
397.85289707725383 -6608.1802401450905 2042.729481429872
1635.8907913462913 -5770.465847429176 3467.659436954766
2728.572609815728 -4420.020240896896 4584.472633933449
3578.808777759363 -2676.8364390215806 5293.935318760361
4111.052080455434 -695.8039724359761 5533.008618462917
4278.010364748138 1347.0537305860103 5280.449821206654
4064.848654393709 3270.2197981974673 4558.699884463829
3037.9075308153815 5207.302451355732 3413.824213778344
2049.2685501732885 6315.408088533561 1978.6853799467729
878.5430657813997 6862.362002333266 367.73166678917624
-370.2448254279196 6799.5649372460375 -1275.8966187264934
-1586.1348391053123 6132.596688085248 -2806.1558904882245
-2661.0898116901008 4920.720310730794 -4087.075896767779
-3499.5952765059296 3271.6163395425074 -5004.84127378236
-4027.146343283294 1331.8148993340387 -5477.9045402372085
-4196.8677846192995 -726.3241392536751 -5464.231948903859
-3993.679105640964 -2719.926090647722 -4965.038369523458
-3435.63451215434 -4471.850672688676 -4024.679342298888
-2572.3187152290852 -5826.431698067783 -2726.709893496688
-1480.4411120209695 -6663.308698199213 -1186.4603046880213
-257.01981920098575 -6908.121479047052 459.2114888874553
989.2388124679098 -6539.117350689779 2064.080326458862
2147.5992344460033 -5589.083949279887 3485.546568957077
3115.136039859564 -4142.435911685548 4597.306702734281
3805.8793375822593 -2327.714264557366 5300.575961025382
4158.453554334389 -306.16499001747263 5532.865783984902
4141.530923711063 1742.5883874684134 5273.536201455791
3756.6150957069135 3636.505139504522 4545.629784894904
2558.843501760024 5469.974229112388 3395.7000183476744
1474.852972138845 6480.221391206166 1957.1959993283233
259.81528365747624 6914.672444708095 344.78652675549006
-978.3081329574634 6734.724506957491 -1298.2587417903346
-2129.5045787246027 5956.366741912005 -2825.9480238134374
-3091.485197495137 4648.759652762727 -4102.539422452073
-3778.7737897088937 2928.0898677197706 -5014.602189708119
-4130.301747831377 947.2464482191718 -5481.095546189356
-4114.834270128367 -1117.763975128265 -5460.569510000048
-3733.745709871685 -3083.4561640591514 -4954.84790953264
-3020.8974580197328 -4775.169741288889 -4008.8663283113447
-2039.6292100325918 -6042.588531517847 -2706.6793811994767
-877.130955968681 -6773.096813258447 -1163.992093001196
363.3042327588324 -6901.785719895229 482.1210007553863
1571.4582460713586 -6417.220677331563 2085.3955278416897
2639.9812979895155 -5362.457416077903 3503.373510671716
3473.930426214209 -3831.2162806489478 4610.06138277715
3999.205590977196 -1959.5547656686058 5307.125070101679
4169.133788757189 86.22178960583685 5532.627405012907
3968.616153463824 2124.337160495709 5266.531515453276
3415.469556950072 3973.6958521754436 4532.481188952747
2057.1812311202416 5688.53758020221 3377.517184147751
887.4123365958196 6592.779901068659 1935.6728207995914
-361.2070383800431 6911.2247957871 321.8354327631196
-1577.7315828648573 6615.577037989397 -1320.5984458258858
-2654.0677524511234 5732.106228384683 -2845.691357152444
-3494.5783550476117 4339.312625454134 -4117.932103285172
-4024.5803350936008 2560.9520529921806 -5024.276510793627
-4196.980690786625 555.0396520689053 -5484.1919016437605
-3996.4608939568625 -1500.190457692096 -5456.812775053095
-3440.838008519267 -3422.1220618097714 -4944.571886570522
-2579.4815661558473 -5039.983103000324 -3992.9840870698395
-1488.9268667710762 -6210.019527887753 -2686.602128510955
-266.0744812257476 -6828.268465500532 -1141.5037808746042
980.4197896251013 -6839.795784590978 505.0221870992678
2139.7994596663802 -6243.577232271108 2106.674717496006
3109.048557361042 -5092.589443376563 3521.1399542535028
3802.0450468993085 -3489.102733977347 4622.736453807398
4157.213149020705 -1575.5939349890707 5313.582532895726
4142.994619222194 477.91329950306505 5532.293485663391
3760.6528362733666 2488.9558400463884 5259.435884159785
3044.160545468505 4278.843731598788 4519.254323694365
1536.9839447210516 5861.059775215612 3359.27602516953
291.70032180151287 6652.078380629225 1914.116216034368
-979.5021548158785 6852.030629758784 298.87878114388076
-2163.671566503463 6443.149887793133 -1342.9153450591555
-3155.5892643909474 5461.767002999494 -2865.3855495667744
-3867.119008061899 3995.082151419636 -4133.253673458015
-4235.038257294298 2173.416718556908 -5033.8640699775115
-4226.655772206825 158.6336723682115 -5487.193553130896
-3842.7163733854286 -1870.2446717627897 -5452.961808936314
-3117.334761305689 -3732.943569374118 -4934.21047808899
-2114.964275485665 -5263.954049093523 -3977.03289283743
-924.6699324208877 -6327.239111069113 -2666.4784821358776
347.78539198663617 -6828.321211394711 -1118.995756648484
1589.3384580851061 -6722.67700649382 527.9146524491377
2689.6718274857694 -6019.6934475838325 2127.9175279613596
3551.0160515839166 -4781.833708866444 3538.845592901945
4096.836916121564 -3119.087060384683 4635.331696945102
4278.635841989132 -1179.1958386996112 5319.94823789659
4080.2591968118377 865.4721080696092 5531.864031702653
3519.333616075253 2833.239059975062 5252.2494301064835
2645.699799209189 4549.260287936906 4505.949417528368
1002.4790169409091 5985.98247690202 3340.9768564111187
-307.45437610139913 6657.543975435062 1892.5265572836674
-1590.0690985858032 6737.553475600184 275.9169683255468
-2731.399203757552 6218.901782191799 -1365.209054109972
-3630.032503127457 5147.673374234719 -2885.03026096655
-4206.121484459238 3619.0515967843494 -4148.503868389498
-4408.478113636702 1768.8612030133722 -5043.364701696659
-4219.122116129993 -238.5002711649231 -5490.100448816634
-3654.8786032927014 -2224.6699496089536 -5449.016678150256
-2765.883087382274 -4013.1679402269942 -4923.7638630144
-1631.126721279928 -5445.078347858431 -3961.0130210679004
-351.4375879101501 -6393.169648949893 -2646.308789580189
959.478317403915 -6773.199770769266 -1096.468409003413
2185.1403636153755 -6551.401369258171 550.7980014856456
3216.643099189084 -5747.482205737123 2149.1235924055063
3962.3329793941 -4432.8740258261105 3556.4901208665874
4355.952185968078 -2724.3855353731865 4647.846894688855
4362.525925037476 -773.8234343333762 5326.222075177864
3981.470091037601 1245.4962747151742 5531.339050546732
3246.6431670553297 3154.148173984901 5244.972277392914
2223.337750021331 4782.54016624479 4492.566700211017
458.02347344346236 6062.13556614778 3322.6199938723776
-905.1873598013011 6609.041534242715 1870.9042173692953
-2187.96832377843 6568.7051587191245 252.9503908250123
-3276.3387004469973 5944.71050355555 -1387.479187998567
-4073.5920056052873 4792.502232218706 -2904.6251521163585
-4508.888784401474 3214.459105999586 -4163.6824247310815
-4543.551007771067 1350.7971817909868 -5052.778241889071
-4174.498785055017 -632.8889998955593 -5492.912538503134
-3434.5240258006534 -2560.340216553741 -5444.977450821552
-2389.376734693461 -4260.293969103159 -4913.232221744503
-1131.9228351016664 -5581.701906505612 -3944.9247484009857
226.1073757504586 -6407.151134619679 -2626.093399144926
1564.046954011284 -6663.296867103152 -1073.92212695377
2763.014096701185 -6327.379431547844 573.6718390468367
3716.475311611558 -5429.246566252214 2170.2925446307645
4339.711385601955 -4048.701317688976 3574.0732334522568
4577.345058471891 -2308.411189615967 4660.28183091949
4408.261535548664 -363.0085970499212 5332.403936399562
3847.484629854831 1614.648902400971 5530.718551261286
2944.841830390196 3448.8377611035557 5237.604551684854
1780.5369110698718 4976.582249756865 4479.106402842225
-91.93165903999797 6088.747789975208 3304.205754549454
-1496.6381936764951 6506.875355693869 1849.2495696774158
-2768.361856916313 6346.838491106959 229.97944524145606
-3794.104420413208 5622.857173943231 -1409.7253621523807
-4482.724156003376 4399.260321372376 -2924.1698846411095
-4773.034178221707 2784.7698834116372 -4178.789080371313
-4639.239167589549 922.8404205484345 -5062.104527996688
-4093.227397951307 -1021.0874634989682 -5495.629773629733
-3183.514411172518 -2874.287245445968 -5440.844196701749
-1990.9321983381662 -4472.093992033276 -4902.615736145329
-621.4469226194245 -5672.53556196719 -3928.7683526576075
803.2566393489561 -6368.947453708029 -2605.8326599203174
2156.587323877485 -6499.450414521363 -1051.3572998408279
3318.2957606519076 -6052.448683636115 596.5357701350372
4185.159056991307 -5067.660326476232 2191.424019080286
4680.152604849017 -3632.5881102479043 3591.5946270243358
4759.29405525448 -1874.744499073685 4672.636290903872
4415.551343032625 49.678388023968424 5338.4937148099825
3679.467516654422 1969.6871323356495 5530.002544561428
2616.446854344226 3714.680531109721 5230.146380212142
1320.94340693764 5129.608263087687 4465.568757861653
-642.8778632320968 6065.454136588527 3285.7344564293107
-2076.990088190375 6351.787342642629 1827.5629881520858
-3326.5526290920657 6073.736368943291 207.00452824946748
-4280.536370563147 5256.007264710313 -1431.9471924125037
-4854.175670685239 3971.2588493998583 -2943.6641210318776
-4996.500160267889 2333.6466577377983 -4193.823574440361
-4694.863683830935 488.6797194960642 -5071.34339896819
-3976.0679660156716 -1399.708556358534 -5498.252107273754
-2903.981160733056 -3163.7265844608237 -5436.616987166092
-1573.8628854078809 -4646.633621748347 -4891.9145895480415
-103.8999859307118 -5716.666870327741 -3912.5441128350726
1375.2948832539878 -6278.749180299172 -2585.5269217796676
2732.2887666793868 -6282.937071764077 -1028.7743173261238
3846.506802733562 -5728.858432187541 619.3893999235777
4618.945829247782 -4665.745580230008 2212.517650844449
4980.971248923429 -3188.060758181816 3609.0539990139973
4900.415514499939 -1427.1027471949535 4684.910061298559
4384.43635649385 460.65960561743503 5344.491305247571
3478.8807874312547 2307.4903308993103 5529.191042811546
2264.211393588505 3949.290414026275 5222.597891766484
848.3568810973795 5240.178712691478 4451.953999044619
-1190.2862017850439 5992.2998694253565 3267.2064184842297
-2641.50928065953 6144.951574745681 1805.8448472888545
-3858.0226678748813 5751.59736597402 184.02603659226062
-4731.733810395903 4847.188490766281 -1454.1442950404655
-5185.009638991456 3512.0856466176124 -2963.1075246517466
-5177.574607122596 1864.9185802329766 -4208.7856473145175
-4710.089349998972 52.045313934240006 -5080.494695261803
-3824.0919842412827 -1765.4524069046388 -5500.779494151328
-2598.3072639324914 -3426.0819338297706 -5432.295895212306
-1141.6515407396798 -4782.289045821203 -4881.128966745789
416.4449319031175 -5713.568789361613 -3896.252309102252
1937.5384448078362 -6137.172872383599 -2565.176535373354
3286.473164143971 -6015.462213154754 -1006.1735693847122
4343.3903203959835 -5359.2513378659905 642.2323337637433
5014.3781860263325 -4226.847462520715 2233.573075667106
5239.81654459202 -2718.869640915918 3626.451047923445
4999.674208614541 -969.3083201528217 4697.102930153504
4315.288878492782 866.3802985953355 5350.396604142717
3247.4711941836204 2625.08722576597 5528.284060025089
1891.1014429786278 4150.543632921774 5214.95921669923
366.69902960298606 5307.206023931751 4438.262361498058
-1729.6446421330893 5869.741179717934 3248.621960666301
-3185.5837893473067 5887.965339336611 1784.0955221282095
-4358.469837173825 5383.0179396449175 161.04436707476398
-5144.08671313758 4399.76577303066 -1476.3162867247927
-5472.6289101863595 3025.575109428537 -2982.4997597415695
-5314.904012328677 1382.5488198360272 -4223.67504062068
-4684.926568903499 -383.322999614493 -5089.558258848031
-3638.672840369628 -2115.134888363987 -5503.211890618191
-2269.107061916179 -3659.0077601657504 -5427.880995459324
-697.9211631991413 -4877.761735185723 -4870.259053990484
935.2780936447172 -5663.105174329641 -3879.8932227947607
2485.3737874679364 -5945.25686660665 -2544.781852122755
3814.633113391415 -5699.146395955627 -983.5554462984145
4804.945546948358 -4946.641757731935 665.0641771915007
5368.317482502724 -3754.6062913539577 2254.5899299518883
5454.690851263482 -2228.957579170869 3643.7854733311037
5056.391000372949 -505.2562044592008 4709.214686915696
4208.808619492864 1263.339401298978 5356.209509519552
2987.2551227184213 2919.6817571781103 5527.281611864321
1500.2708989372768 4316.597576119602 5207.230486919113
-120.01897804486121 5329.964757346428 4424.4940816565295
-2256.495327440987 5698.642444999011 3229.9814039019257
-3704.7612226078545 5582.836689717951 1762.3153882491706
-4823.842825069185 4970.971394680164 138.05991655675865
-5514.304823437533 3917.4134764764012 -1498.4627845876548
-5714.7966391153295 2515.7761796018262 -3001.840491425841
-5407.503694435752 890.6011288676966 -4238.491497240834
-4619.730316066461 -813.7077405049948 -5098.533933212399
-3421.473625762086 -2445.7151062362273 -5505.549254670411
-1919.2039889190694 -3860.4099519343913 -5423.372364146003
-246.4046553725896 -4932.090432273163 -4859.305038989608
1448.2888131327438 -5565.533033582092 -3863.46713641007
3014.295464880482 -5704.453600917824 -2524.343224214211
4312.468736555811 -5336.5084322297 -960.9203386491472
5227.460236030811 -4494.39107045645 687.8845359343308
5677.968953203079 -3252.927338762792 2275.567850768484
5623.965211526917 -1722.4267377835515 3661.0569758968345
5070.247480441765 -38.880962407012674 4721.24512243283
4066.016010304786 1648.1195571056774 5361.929920997709
2700.5011742348524 3188.6774213159943 5526.183715640055
1095.0349578799382 4445.907303362005 5199.4118358899805
-607.7299199643506 5308.098810961445 4410.649397278067
-2766.471485215549 5480.27010907219 3211.2850700862277
-4194.785332200286 5231.968628579251 1740.5048217627689
-5250.374093906809 4518.783775320881 115.07308194606404
-5839.444076482489 3404.085153269293 -1520.5834061914197
-5909.653826884461 1986.9186267680852 -3021.1293857184323
-5454.764900679086 393.2056608297454 -4253.234761316437
-4515.196175206892 -1235.4453536279268 -5107.421563358148
-3174.432454955506 -2754.3216267531348 -5507.791545945133
-1551.606480313946 -4028.464336199953 -5418.770079129802
209.08653921637907 -4944.660310750839 -4848.267110902976
1951.201302176163 -5421.501517407151 -3846.9743336026504
3519.9432667317383 -5416.618522374307 -2503.861004592916
4775.922825021589 -4930.4452011896365 -938.2686373120687
5607.540681516159 -4006.1801869768883 710.6930159180391
5940.903940171063 -2725.9484823190555 2296.506475858913
5746.391812514244 -1203.504292379304 3678.2652573670384
5041.287554690423 425.87653542994434 4733.194028956893
3888.24277430632 2017.4163641378498 5367.557739794055
2389.7105601527287 3429.69989560622 5524.990390311352
678.8420756575005 4537.239540359891 5191.503398628507
-1092.3445063092677 5241.625540604816 4396.728547440109
-3255.3336675510186 5216.2832269726005 3192.5332820775275
-4651.631009848864 4838.140042051013 1718.664199305564
-5634.610523575185 4030.1068825653124 92.08426019166959
-6116.93016520083 2863.98104073095 -1542.6777695453427
-6055.733717942497 1443.3779150538576 -3040.366109528372
-5456.458754695268 -105.47567253543278 -4267.904578252907
-4372.353485818527 -1644.9572837475732 -5116.220995808912
-2899.745421969568 -3038.277221522613 -5509.938725721269
-1169.4822520554242 -4161.632894905391 -5414.074219885455
664.6945481421585 -4915.209222550668 -4837.145460339447
2439.81032077336 -5232.047640731928 -3830.415099179046
3998.1382394725742 -5083.995665571264 -2483.335546956817
5201.214030053997 -4484.208364777092 -915.6007334489092
5942.139128913297 -3485.979472148199 733.4892232735599
6155.0790895205955 -2178.006005449987 2317.4054436437486
5821.113261904301 -676.5071471456255 3695.4100205798973
4969.915975433018 885.1023399853455 4745.06120014776
3677.1198444274933 2368.0666000009674 5373.092868724395
2057.595478469929 3640.6177505174055 5523.701656485193
255.24472464127473 4589.684037312524 5183.505311701819
-1569.7856430947709 5130.936755895772 4382.731772535351
-3719.005021923829 4908.720746138737 3173.7263636917505
-5071.537438565221 4404.483536703071 1696.793898033134
-5973.441497714631 3508.8886362736894 69.09384827687961
-6344.579065775842 2301.5135820072533 -1564.7454931121079
-6151.97294111624 889.6389459534746 -3059.5503306655946
-5412.737023149879 -601.2840145644919 -4282.500694723978
-4192.555667271462 -2038.7802516969673 -5124.93207861138
-2599.847341628482 -3295.12191642639 -5511.990756920167
-776.1311704396654 -4258.677538476979 -5409.284867503577
1116.5476612382477 -4843.83097233533 -4825.940279353644
2910.016333326426 -4998.588767499588 -3813.789719093061
4444.917283802239 -4709.200014726007 -2462.7672057505283
5584.867827413997 -4001.378174660145 -892.9170185011985
6228.578355771244 -2938.016324016835 756.2727643437572
6318.852363552312 -1613.5988297123467 2338.2643932284172
5847.668609004892 -145.8059982260867 3712.490969470452
4856.893836476382 1334.9423360616304 4756.84643107675
3434.5627324493967 2697.0751854923365 5378.535212205158
1707.0556573140057 3819.5610687725316 5522.317536416124
-172.13080426411886 4602.662189224632 5175.417713225172
-2036.0226884997726 4976.796575713791 4368.6593142676165
-4153.605298900284 4559.985622170031 3154.8646396968675
-5451.039125071492 3934.460357370558 1674.894295613582
-6264.124203488917 2959.341023723809 46.10224321245828
-6520.614356770053 1721.2712532650405 -1586.7861958144274
-6197.719309207392 330.2589782791929 -3078.6817178466804
-5324.129702778442 -1090.0982562444271 -4297.022858676081
-3977.467807699258 -2413.595476883326 -5133.554661337889
-2277.3904430760185 -3522.6341475118456 -5513.947604106251
-374.95694342213466 -4318.671315308599 -5404.402104689268
1560.7931261262552 -4730.975584563278 -4814.651761442643
3357.859876990503 -4722.911911585117 -3797.0984804405975
4856.566042058792 -4295.196789105074 -2442.156336159178
5923.745001601113 -3485.834582752405 -870.2178841834705
6464.57322182442 -2366.7406763890745 779.0432456902337
6430.995741976312 -1037.3514746581875 2359.082964409387
5825.996068493634 384.210957938047 3729.5078090756965
4703.331077362668 1771.6345608394602 4768.5495182301775
3162.754479779549 3001.640658320083 5383.884676255031
1341.1532671485886 3964.937810825898 5520.838054005873
-599.6152988227027 4575.93283899684 5167.240742859543
-2487.10541412516 4780.336153272398 4354.511415647654
-4555.483313015014 4172.825893930815 3135.9484358072314
-5786.994556749722 3431.8325878291957 1652.9657702209736
-6504.305938309898 2385.9058959496956 23.10984202977365
-6643.681193574766 1127.980994839502 -1608.799497041635
-6192.7362194758225 -230.1699677252312 -3097.759940700575
-5191.539455901165 -1567.8693185733307 -4311.470819332701
-3729.0516289740367 -2766.256599985012 -5142.088595089062
-1935.221200139027 -3718.8498429708848 -5515.8092334876355
30.56212490667411 -4341.006957505055 -5399.4260157607005
1993.6298710347523 -4577.446553669644 -4803.280101542633
3779.5548542207944 -4407.1599357473515 -3780.341671454973
5229.64980230605 -3845.2778170310808 -2421.50329410235
6215.067415516248 -2941.72588954785 -847.5037224765738
6648.249014483717 -1776.7887072268536 801.800274100082
6490.704513154053 -453.97605095993566 2379.8607976804024
5756.432431843046 909.174369675861 3746.4602455397294
4510.6760672751525 2191.540657719941 4780.170259512853
2864.1263393539703 3279.1789409078438 5389.141168496601
963.0864171697593 4075.4477847563285 5519.26323480294
-1023.5279596150792 4509.595208121181 5158.974541809277
-2919.1973855096785 4543.045307211862 4340.288320988976
-4921.24758533975 3750.312868160196 3116.9780786780134
-6076.61224575414 2900.6328588446963 1631.0087005288567
-6692.043241359642 1793.2188908032178 0.11704177394160355
-6712.856827422286 526.4695549023867 -1630.785016656219
-6137.203625481492 -787.0589113251073 -3116.7846697743034
-5016.232948742169 -2030.6537393302206 -4325.844327198703
-3449.547961131379 -3093.816071218697 -5150.533732496354
-1576.3554990821704 -3882.079268191188 -5517.575612916704
436.90306678263704 -4325.402685960619 -5394.356686647644
2411.340877846296 -4384.395093365411 -4791.82549602553
4171.520469918141 -4053.8147561237324 -3763.519581501731
5561.042161821723 -3363.0351879274144 -2400.808436227839
6456.4408534158665 -2373.4351848469155 -824.7749256208286
6778.156441560012 -1172.945049944006 824.5434565927516
6497.603084421938 131.76640003099877 2400.597534238705
5639.709178971497 1424.7698271159197 3763.34798611878
4280.702363513359 2591.176202562187 4791.708454251585
2541.33635750414 3527.345201221342 5394.304598157943
576.1614636597562 4150.094099252526 5517.593106002143
-1440.2079046736935 4404.0889241771365 5150.619252819532
-3328.60848042863 4266.761121162704 4325.990275903605
-5247.794910794171 3295.8165879465346 3097.9538958994885
-6317.473944103107 2345.1318088015264 1609.0234657037115
-6825.8176937007165 1186.0717770030576 -22.875760503031923
-6727.657586605447 -78.37593717237634 -1652.7423750004348
-6031.715579101245 -1335.8596053829278 -3135.755576538622
-4799.829172646074 -2474.646285331869 -4340.143134064642
-3141.456880497898 -3393.5497830227337 -5158.8899277246
-1203.9523584610342 -4010.9214901440932 -5519.246711890669
840.528614082987 -4271.905221227104 -5389.194204889994
2810.324930666678 -4153.311426456803 -4780.288142695611
4530.411544252794 -3665.6776849388298 -3746.6325010737423
5847.951210748462 -2852.3323945524785 -2380.072119905546
6645.8747488579365 -1785.5448536556007 -802.0318861092849
6853.283150590423 -560.1038167768908 847.2724004267515
6451.747269255208 715.1049021975643 2421.292815991188
5476.94533002012 1926.773412425584 3780.1707391862897
4015.4927630340426 2967.239649453744 4803.1639031986415
2197.246042352651 3744.0536221112106 5399.374876074183
183.76436835277175 4188.191999935406 5515.827696444164
-1846.0455762118818 4260.191138987473 5142.175020173927
-3711.826270092523 3953.653599799626 4311.617527297852
-5532.336609935124 2812.978782222361 3078.8762159914636
-6507.554836543951 1769.803560802611 1587.0104453983272
-6904.548257991833 569.3735263505297 -45.868167749102035
-6688.042266606179 -681.6478445723502 -1674.6711929028695
-5877.274369842499 -1872.1018131426845 -3154.672333393739
-4544.284853324554 -2896.2113200318045 -4354.3669930110655
-2807.515685323128 -3662.979741322056 -5167.157036474543
-821.2864281010663 -4104.276337874021 -5520.822501552099
1237.917732413882 -4180.88997048583 -5383.938659636255
3187.127469891384 -3886.0131816865382 -4768.668240786077
4853.146945190489 -3245.8470682064403 -3729.680721786176
6087.943016724852 -2317.2731985509527 -2359.294703221307
6781.7986347253245 -1182.7994360182838 -779.274996680962
6873.061682597347 56.77124703445189 869.9867131064984
6353.62303803619 1291.297555651659 2441.9462855606344
5269.637104130073 2411.086409683222 3796.928214237932
3717.4207881004536 3316.6396553360078 4814.536408535178
1834.8953214156722 3927.4949127787922 5404.351914689046
-210.66864688237072 4189.375011693635 5513.967036615041
-2237.5137814007794 4079.0107560500755 5133.64198969201
-4065.545997274226 3606.208494287603 4297.170323368043
