-6748.43474336235 943.4696292973333 1252.026485915154
-6910.7104749389455 -295.53804302764365 -392.1922295916644
-6458.939253663817 -1508.28586328226 -2001.5629443919922
-5433.262935112597 -2587.015865580772 -3433.086007868805
-3924.817361294959 -3435.878155290294 -4559.564313696671
-2067.6345411489733 -3979.447592799338 -5280.905320934166
-26.7333183571488 -4169.425648170041 -5533.014715535374
2016.5432770879156 -3988.931937477753 -5293.49147142612
3880.6411529093316 -3454.0041190010793 -4583.618279975948
5399.9270323815335 -2612.1728769037513 -3466.470489472412
6439.405697837182 -1538.238611361657 -2041.3115836240568
6906.714908173533 -327.6250947511326 -434.77318542238663
6760.332189299522 912.0993492870892 1210.3967182747772
6013.264288177082 2070.779763459083 2748.0175618147127
4731.891466274429 3045.462308180421 4041.4649855109683
3030.069322029618 3749.542162028723 4975.810509567612
1059.0122212822855 4120.458740186015 5468.03343386441
-1006.1427627245879 4125.254476942433 5474.397591492868
-2981.8975468785916 3763.5032500414177 4994.337499119046
-4692.697648150567 3067.3482435122446 4070.508602659384
-5986.530969819932 2098.645884710955 2784.9971537206566
-6809.943901812664 334.33108616740947 1229.6192610910896
-6855.056862875359 -913.7529075921041 -415.12381149721784
-6291.067938750025 -2080.6459455734703 -2022.9813116931552
-5168.090020369838 -3062.664460526283 -3451.0880446378783
-3585.904623890289 -3772.5517978797316 -4572.550459966102
-1685.0958650948467 -4147.231352420686 -5287.721700619153
365.44105623569527 -4153.41120147404 -5533.055663387716
2383.506936008026 -3790.5422383315804 -5286.753349049433
4189.787764668127 -3090.866962792736 -4570.699799113175
5623.787563856716 -2116.5545935634977 -3448.519513840013
6558.089158411399 -954.1770603493038 -2019.923136183552
6909.675751540989 292.98329201399474 -411.8477235904912
6647.30733153357 1514.1107931458378 1232.8221666075342
5794.296483891645 2600.7029057409086 2767.9503971515246
4426.436965804651 3456.2111521641773 4057.134087958351
2665.2690982072354 4004.6198703848404 4985.823610610393
667.2803748933306 4197.2005391369685 5471.500825533166
-1389.9991380415634 4016.8415208755896 5471.011180821435
-3323.7711276507057 3479.5685058657436 4984.398183556603
-4962.21146643874 2633.120559274842 4054.899534011612
-6159.737540127339 1552.708295733128 2765.105266236186
-6816.47747562671 -278.2120392632758 1207.1908025421037
-6744.146814096638 -1524.360275951815 -438.0482248221377
-6072.569111933259 -2635.0624125771456 -2044.3647450679584
-4861.416995144007 -3511.627690064056 -3469.0304861675627
-3218.3066443590988 -4076.169436764492 -4585.457644981653
-1289.2356249168013 -4278.525641033456 -5294.446769089685
754.3896375166975 -4100.716066096078 -5533.001063467139
2730.984070072436 -3558.539872990016 -5279.923932180306
4464.918583276049 -2700.1717957737774 -4557.702388954721
5802.125486383124 -1601.8816049942786 -3430.508987323006
6623.788077816739 -361.2572038694085 -1998.499807626921
6856.898030521138 911.4664851703923 -388.9151497512248
6480.742502212357 2103.202377098007 1255.226325905879
5528.7445623119565 3108.059508068872 2787.8354340362703
4085.4934055542863 3836.7519122533004 4072.7331296382104
2279.2282308205936 4224.532071725593 4995.750613776859
270.44362555013925 4236.944017571424 5474.8737323909645
-1762.3710826727477 3872.8848939334644 5467.530293794487
-3638.5913861620343 3164.702951594101 4974.372794732879
-5191.506877295545 2175.3232639354405 4039.2204431837936
-6283.134199828653 992.6565580272182 2745.1656294308846
-6767.923508040709 -889.1994835207912 1184.7414975748334
-6578.897751790136 -2122.4260459632724 -460.96507369535885
-5805.308059275753 -3167.065740108635 -2065.7128752558247
-4515.891269519921 -3930.2977448062616 -3486.9130226181646
-2825.2177228048213 -4344.305547050285 -4598.285645855118
-883.5111831547405 -4372.302736768011 -5301.080410213662
1136.6992023435996 -4011.801640789372 -5532.850916716507
3055.9088753914125 -3294.8343635250812 -5273.0033387527665
4703.58763422549 -2285.10659391914 -4544.626273946836
5933.331990404291 -1072.3370754183568 -3412.439220936809
6635.873761237097 235.7142981070923 -1977.0419679036809
6748.789027331634 1522.821421830554 -365.97585991655325
6262.044771774924 2674.619179432643 1277.6088092827795
5218.890357715165 3588.765285569193 2807.6723290834184
3712.014632649295 4184.033847045873 4088.261841177934
1875.3101175646495 4407.532639882413 5005.591347642194
-128.0239311285338 4239.402815526993 5478.152096192634
-2119.9824917171795 3694.5834466991737 5463.954990521851
-3923.5713045268176 2821.4841252197252 4964.261505771666
-5378.533588620176 1697.6835573353658 4023.471600930877
-6355.589560058748 423.03635522017913 2725.1785876330828
-6664.617407012025 -1493.678674645714 1162.271733855947
-6360.667215107454 -2703.1195525634594 -483.8739623764432
-5491.543827812266 -3672.3763957911788 -2087.0253336057904
-4134.4726721728075 -4315.3264802944805 -3504.7353451844347
-2410.035475776321 -4574.840869525276 -4611.034241065705
-471.4560510906162 -4427.86057114027 -5307.622509437816
1509.014312685295 -3887.4454296633826 -5532.605225728632
3355.402132578862 -3001.613701987633 -5265.991688275332
4903.647748053083 -1849.0754245255077 -4531.471679894878
6016.182741809083 -532.2386810604502 -3394.310526719843
6594.153497372248 831.8898049078189 -1955.5499875593398
6586.2047767279 2122.1012310217366 -343.03025021443455
5993.042858587677 3223.7546500715193 1299.969230225493
4867.372782426529 4038.963321248187 2827.4607397388927
3309.215274433164 4495.292376633351 4103.719954419389
1457.019467054385 4552.194977088978 5015.345642271328
-524.6389139968137 4204.615076851631 5481.335860325634
-2459.6808251994426 3483.4366753866652 5460.28533274378
-4176.169300951583 2452.739638503533 4954.0644912801345
-5521.586807497053 1204.1059210687495 4007.6532792123176
-6376.387095111821 -151.51789158480094 2705.144485989743
-6507.339627925703 -2086.745057949159 1139.781899405357
-6091.2416771249655 -3261.7527788087996 -506.7744952624136
-5133.910172337852 -4146.939451304984 -2108.3017520828944
-3720.4082189448095 -4663.652355008684 -3522.4971461009627
-1976.3316685559844 -4765.979280868594 -4623.703210463833
-56.649376427268905 -4444.828032467747 -5314.07295378967
1868.0664613987012 -3728.7343075755966 -5532.26399474624
3626.79639625474 -2681.3261761743743 -5258.88910182895
5063.269555369743 -1395.670447213917 -4518.238833959439
6049.848994697644 13.996725780333083 -3376.1232177281213
6498.872801521659 1422.420228265408 -1934.0242377289303
6370.443240096927 2704.4554512807426 -320.07871688194956
5675.971840559891 3746.1879391425095 1322.3072026022967
4477.165434396951 4455.055188736477 2847.2003242857536
2880.54323167096 4768.07123412353 4119.107202423591
1027.9721217552492 4657.4232260227445 5025.013329221871
-915.9388223597895 4132.942725524654 5484.424969811017
-2778.464582576844 3241.232126743278 5456.521383829892
-4394.11157154095 2061.5238295878576 4943.7819273457935
-5619.322464132628 698.6400933252352 3991.765751187372
-6345.231895795649 -726.3208811608691 2685.063670460499
-6297.3097237686325 -2663.582064493443 1117.2723825896019
-5772.821873999342 -3793.8183923924066 -529.6662768945997
-4735.393467113691 -4586.957307229504 -2129.54176327453
-3277.204569743027 -4972.524935788675 -3540.1981186474313
-1527.8216645753214 -4916.26190223676 -4636.292335274951
357.3149002248272 -4423.167424011107 -5320.431631879488
2210.702468089403 -3537.055109411535 -5531.82722966189
3867.659420156235 -2336.6599262300715 -5251.695702064884
5180.957859798386 -928.6422543398725 -4504.927964652425
6033.905457338371 561.8893571278318 -3357.8776080298485
6350.714075635881 2002.4946334039016 -1912.465090130647
6103.233878663459 3265.169473699082 -297.1216562585205
5313.4545679710745 4237.719677295861 1344.6223406690642
4051.5515012031274 4833.729890638425 2866.8907418502877
2429.650303612383 5000.241990723517 4134.423319475296
591.8640142009452 4722.460646732276 5034.594241547027
-1298.5119902246809 4025.0679501016766 5487.419371304383
-3073.5095058928496 2970.0303023847764 5452.663208778078
-4575.412214088129 1651.0924285376852 4933.4139915334745
-5670.7694681958965 185.44774671523663 3975.8092912104103
-6262.253969292531 -1296.6747812268723 2664.9364878116226
-6036.176808539452 -3219.500395344406 1094.7435721150578
-5408.0047661250555 -4295.0262976743315 -552.5489119654089
-4299.307767602435 -4988.920265043442 -2150.7450003967915
-2808.598406726947 -5239.52677334747 -3557.8379571539595
-1068.3327520826704 -5024.578334555048 -4648.801398103284
766.858955885197 -4363.174060738576 -5326.69843390221
2533.9118803175816 -3314.0826241514874 -5531.294938017875
4075.815614294606 -1970.5204027964971 -5244.4116132026265
5255.565244519343 -451.86879616667784 -4491.539301833032
5968.334839100339 1106.9333359960954 -3339.5740127000086
6150.791691621232 2567.379583558692 -1890.872917059413
5786.723710036824 3799.7028883623684 -274.1594647789663
4908.479932196913 4694.405916813566 1366.9142590760819
3594.096171871917 5171.990378494831 2886.531652407796
1960.3611942448576 5190.020798140894 4149.668041087551
152.4395216057098 4746.895093841007 5044.088213798442
-1669.0270714979122 3881.9869290473434 5490.319013096802
-3342.193284894281 2672.147189788782 5448.710874213372
-4718.390957954153 1224.8754461926792 4922.960862882249
-5675.338888082116 -331.23185607498175 3959.784174826141
-6128.008052189502 -1857.9077543433398 2644.7632856100863
-5726.00650906295 -3749.9763000070466 1072.1958570213503
-4999.762279595723 -4761.338405488399 -575.42200532524
-3829.267230491037 -5349.63469885268 -2171.9110973008173
-2318.52498349477 -5462.592472738704 -3575.4163570063533
-601.77161703568 -5090.174933229669 -4661.230182935633
1168.4517984282588 -4265.473013038414 -5332.873251639337
2834.853143935601 -3061.765096918686 -5530.667129006093
4249.365347056146 -1586.0059156029156 -5237.036961027725
5286.302791058072 30.676851386487257 -4478.073076703886
5853.529033516797 1644.6338455070688 -3321.2127478148827
5900.643533558493 3112.4579050975826 -1869.248091380455
5423.459961095873 4303.72642102364 -251.19253896672564
4464.378170627864 5112.589957849423 1389.1825728744889
3108.616788098653 5467.177440688803 2906.1227167885045
1476.641162006806 5335.982215609958 4164.841104006369
-286.54051146235196 4730.661554101909 5053.495082029126
-2024.261803025757 3705.0008533456166 5493.123845115702
-3582.118550063718 2350.134567641125 5444.6644483868085
-4821.688344060192 786.4485122060279 4912.422721902358
-5632.829969056128 -847.1169448110128 3943.6906787648486
-5943.469932034259 -2405.4123437701173 2624.5444122175923
-5369.264509181039 -4250.688535462885 1049.6296266744985
-4551.417002543946 -5189.001337652258 -598.2851619892484
-3329.156121666286 -5666.248599433937 -2193.039688479075
-1811.0851096175738 -5640.024807233495 -3592.933014651377
-132.09123776323688 -5112.660060069157 -4673.578475145076
1558.6395202391914 -4131.013030028563 -5338.955978460801
3110.8783168915193 -2782.307363617828 -5529.943813467888
4386.70192322339 -1186.3814779948984 -5229.571872889635
5272.747812952545 514.9596082972312 -4464.5295218069805
5690.286920428218 2170.5442735291467 -3302.794130446664
5602.2190636109935 3633.2665547813294 -1847.590986522863
5016.369458058506 4773.1571583135465 -228.2212754269918
3984.7934121827375 5488.931801674422 1411.426897523139
2599.150984656677 5716.990766676056 2925.663596683409
982.5625859576518 5437.070013457779 4179.9422462151315
-721.3308104086021 4674.041729355025 5062.8146837962295
-2361.1307987619384 3495.704325904788 5495.833818925744
-3791.133953993431 2006.758252452149 5440.524001174234
-4884.2782202952685 339.5029017556103 4901.799750572067
-5543.432932421948 -1357.9187716458634 3927.5290809376756
-5710.029301548205 -2934.68340305823 2604.2802167844857
-4968.79681826248 -4717.553702809664 1027.0452707602717
-4066.6150357693227 -5574.576800084548 -621.1379871442017
-2803.0966613019323 -5936.274285044565 -2214.130409071733
-1290.5108472907752 -5770.507748867761 -3610.38762760199
336.74251881575117 -5092.006275747899 -4685.84606149468
1934.0748343552932 -3961.0576991263492 -5344.946509326822
3359.556113314739 -2478.151763122038 -5529.125003893859
4486.526088437016 -775.0511677744281 -5222.016477699501
5214.8485318062185 996.9161250859773 -4450.908871019676
5479.808798138583 2680.303045338106 -3284.3184786579077
5257.864005011518 4125.533277695789 -1825.9019764731197
4568.73492128304 5204.191773725599 -205.24607083986476
3473.653690235596 5820.434992440465 1433.6468488950677
2069.923084932578 5919.507019518738 2945.153954650103
482.27072982546525 5492.6048705840885 4194.971206939223
-1148.2334960368792 4577.660674998584 5072.046858163872
-2676.7121368366543 3255.9712397064554 5498.448887729641
-3967.353157720752 1644.9744711719723 5436.289604075121
-4905.477440098791 -112.18549797770137 4891.092132334544
-5407.728524590885 -1859.3772933141174 3911.2996604317486
-5429.479198247326 -3441.3552563967064 2583.9710492437584
-4527.806922879005 -5146.759671578957 1004.4431792774461
-3549.296220258767 -5914.969377583615 -643.9800861552235
-2255.4149726386477 -6157.608096974387 -2235.182894872907
-761.1302069739947 -5853.116314730941 -3627.779894442575
800.784317745206 -5028.54946194577 -4698.032730141183
2291.5456416486472 -3757.173922040872 -5350.844740789687
3578.693079009189 -2151.9569910764644 -5528.210714423648
4547.857931463858 -355.5292377472098 -5214.370905927936
5112.925648762164 1472.4888485702686 -4437.2113595507
5223.687484463306 3169.6698387813685 -3265.7861114960783
4870.301763394933 4585.211753949788 -1804.1814357687178
4084.16835768167 5593.3374829094 -182.2673219535002
2935.1386703107546 6104.470630555271 1455.842043284268
1525.309031438838 6073.194773648181 2964.5934541186425
-20.05100858485317 5502.2889093261665 4209.927726650489
-1563.629428503373 4442.480529013364 5081.19144570591
-2968.272511824656 2987.9382581930204 5500.969006368984
-4109.171556420949 1267.9045607811515 5431.961330211303
-4884.952675426875 -564.7880209636309 4880.300052094682
-5226.684311959402 -2347.29670851439 3895.0026975054257
-5104.002110448027 -3921.2377825717062 2563.617260305013
-4049.8300061157624 -5534.796817266763 981.8237425310506
-3003.661985566852 -6207.451524489224 -666.8110645726962
-1690.6054162468233 -6328.546922808481 -2256.196782336985
-227.33113659358222 -5887.323154665471 -3645.1095148341474
1256.1425121722586 -4922.9848881383095 -4710.138270638661
2628.002386240965 -3521.217810136728 -5356.650570995579
3766.3527154936514 -1806.575077094653 -5527.200960845699
4570.04607760807 68.58977957142059 -5206.635289602778
4967.670790410136 1937.6601333213137 -4423.437223936011
4923.896153220064 3634.5608809441237 -3247.197348988031
4442.611734654026 5008.514944287364 -1782.4297394915886
3566.581767383497 5937.4404753248555 -159.28542557724654
2373.6453583946627 6338.798364101371 1478.012097412201
969.8001427413769 6176.92620086904 2983.981759397321
-520.2160714923164 5466.207037695336 4224.811547071732
-1964.0088048432726 4269.791391167934 5090.24828850871
-3233.2907369732393 2693.98604186436 5503.394131325015
-4215.280598060443 878.8082103781109 5427.539254325738
-4822.724279555752 -1014.4555871865321 4869.423696215913
-5001.6477446356275 -2817.5805539646444 3878.6384735833767
-4736.152858235027 -4370.351123774381 2543.2192014483808
-3538.7044431073195 -5878.486815332039 959.187351125656
-2434.141082382721 -6449.685548456983 -689.6305281390636
-1113.2936044362332 -6447.801416622687 -2277.171708584887
306.474895872943 -5873.0018332109985 -3662.3761895195134
1699.0117567408715 -4776.360263674478 -4722.162473942136
2940.5839670320806 -3255.3181239987143 -5362.363899686306
3920.872387312308 -1445.0266832773632 -5526.095760596975
4552.7740895147645 493.6617196483111 -5198.809762306796
4780.141834343829 2388.4861123844976 -4409.586702034779
4582.772999884516 4071.083032336629 -3228.5525121344735
3978.204673217408 5391.946359212029 -1760.6472632616901
3020.1554032712693 6233.711589904589 -136.30077857484164
1793.7520720108 6521.584189641393 1500.1566284344865
407.9659974008462 6229.985414627732 3003.318535678494
-1014.0696464074524 5384.825095683722 4239.622411181145
-2346.000751961098 4061.1994360725125 5099.217230173846
-3469.479395448286 2376.7183842860745 5505.724220719374
-4284.679569090346 481.055473998976 5423.023452781202
-4719.167160012139 -1457.3513262300962 4858.463252516984
-4734.336039042881 -3266.2660656426806 3862.2072712518175
-4328.838384713156 -4784.958731350372 2522.7772249184827
-2998.540803818065 -6175.008754753642 936.5343959586055
-1845.353479805149 -6639.742409236457 -712.4380827955792
-528.1984009111806 -6514.505812628977 -2298.107311410349
835.8894238642421 -5810.426786131532 -3679.579620328476
2125.7048050890135 -4590.065841048336 -4734.105132411222
3226.641985879732 -2961.857402815835 -5367.984628201043
4040.8778663399157 -1070.4749364460088 -5524.89513276267
4496.064015275358 916.0239257289129 -5190.894459175392
4551.755145801635 2821.1300421980595 -4395.66003302524
4203.002856574988 4475.566374092611 -3209.8519229044778
3480.79531896742 5732.328992949501 -1738.834383230505
2449.303842050927 6479.749024871395 -113.31377785748084
1200.1809701753514 6651.4149200232305 1522.2752539474852
-155.58324780775627 6232.073410277398 3022.6034490443158
-1497.5232114572955 5258.984829024726 4254.360063216789
-2706.4016659964796 3818.612367038423 5108.098115820823
-3674.804455663802 2038.9394385363814 5507.959234314827
-4316.684742831658 78.09779318203839 5418.414003558979
-4575.008647139943 -1889.6831838230441 4847.418910268712
-4426.8229560550835 -3689.557517207397 3845.7093742535576
-3885.294618532161 -5161.59847383139 2502.291683718355
-2433.6886146327497 -6421.922356025489 913.8652682132744
-1242.0727227386133 -6776.11718045446 -735.2333346891613
59.90678131721966 -6528.224256899596 -2319.003229286128
1356.563304956434 -5700.269959478923 -3696.7195101829666
2532.683225770264 -4365.821660935852 -4745.9660398136875
3483.7631274771306 -2643.4509487258483 -5373.512659478038
4125.295387064987 -686.1980191281226 -5523.599098075867
4400.277047951494 1332.0266157995445 -5182.889516894265
4284.274782829741 3231.8948404108946 -4381.657457400587
3787.5959020233563 4844.595025514828 -3191.095904229833
2954.3725037313548 6026.831682446678 -1716.9914760745405
1858.640143432636 6673.557896077933 -90.32482037703657
597.7594498819952 6727.309204216211 1544.367591994922
-716.2347940147887 6183.309567249695 3041.8361664725694
-1966.5884333187364 5089.895740225953 4269.024248680984
-3042.2020600911274 3544.2223400435773 5116.890792089753
-3847.502683340572 1683.6292313847835 5510.0991335159615
-4310.935808687788 -326.56172296774514 5413.71098625751
-4391.323369202899 -2307.7362351420784 4836.290860190723
-4081.522577359138 -4083.8582554903655 3829.14506748313
-3409.0605930502074 -5497.111548121564 2481.762931603312
-1848.7011488192366 -6617.188102035382 891.1803593523434
-629.1870572899787 -6857.741049750583 -758.0158901791636
646.2330654214222 -6488.953610494537 -2339.859101370317
1864.2325443230293 -5543.594166642165 -3713.7955631021755
2916.5867806117744 -4105.662053421321 -4757.744991329026
3709.7894822128756 -2302.9238493528633 -5378.94789805628
4173.361108176379 -295.5607550545286 -5522.207678917191
4266.111285184843 1738.0642093774143 -5174.795073697059
3979.7987529836178 3617.254541437015 -4367.579216964804
3339.863636520639 5175.0359334298355 -3172.2847799995325
2403.1669792026432 6272.992672466284 -1695.1189189888426
1252.9383896579063 6813.566483979184 -67.33430311913986
-8.619274237487348 6748.725012546515 1566.4332610744113
-1269.4110777918306 6084.229707457173 3061.0163558423747
-2417.4101363655996 4879.123892657976 4283.614714344708
-3350.6116956936403 3240.4865083135783 5125.595107143971
-3986.096701942064 1313.917677064693 5512.143881369851
-4267.399523525673 -729.3985058241218 5408.914482091019
-4169.525170269675 -2707.9044305578486 4825.079294448162
-3701.170207975381 -4445.801163193664 3812.5146369818563
-2903.95003038455 -5788.668952402648 2461.1913230748164
-1248.2985322182 -6759.184115422077 868.4800611109717
-11.659641984953979 -6883.989760967661 -780.7853558442034
1226.0152586061613 -6397.122706359784 -2360.6745675125367
2354.7533231907723 -5341.843225981235 -3730.8074842076703
3274.261221345121 -3811.9175326813856 -4769.441783551967
3902.836641124264 -1943.2862382782146 -5384.290250077157
4184.627898023016 98.01456636717066 -5520.720899314409
4094.5966022453626 2130.606346660968 -5166.611269362957
3640.742429516983 3973.8844030420078 -4353.425554828497
2863.3923147910264 5464.065391108295 -3153.4188750541525
1831.6172271056892 6468.740190518591 -1673.2170896804544
637.0949108721966 6898.639036402559 -44.342623096383775
-614.0360840372606 6715.563529723391 1588.4718801442014
-1810.607278227027 5935.780732663163 3080.143685939934
-2846.298070027164 4628.577768761104 4298.131208251986
-3629.082787532031 2910.1053579256645 5134.210910672705
-4089.4075733971886 933.0573152514863 5514.09344256669
-4186.370550296455 -1126.8969645373486 5404.024573888117
-3911.35613221732 -3086.7215037211718 4813.784406648354
-3288.8005570870027 -4772.277291445176 3795.8183699329547
-2374.0206197959888 -6033.795299030313 2440.577213374477
-637.3294644692942 -6846.71964253206 845.7647654900852
605.5118300433568 -6854.68843123278 -803.5413384889349
1794.550741211766 -6253.588071513752 -2381.449268260143
2824.135943767299 -5096.828968221481 -3747.7549797284632
3602.784274202632 -3487.194244037244 -4781.0562144960495
4061.3094113167012 -1567.7070079703876 -5389.539623286063
4158.969384472484 491.07787552352784 -5519.138784942033
3887.086676481361 2506.228334717395 -5158.338245214279
3269.8192590859485 4298.689407969749 -4339.196715404693
2362.0140511552863 5709.193062836222 -3134.498515180268
1244.333529251545 6612.409859688617 -1651.286366361911
16.08851260604667 6928.085022424968 -21.350177341428353
-1213.586038987777 6628.16942751851 1610.4830686295547
-2335.4281452829177 5739.311891734595 3099.2178264642544
-3249.7572120120662 4340.491307814667 4312.573479724193
-3875.3310891293117 2555.9990232630507 5142.738053893636
-4156.564792367053 544.3950086775272 5515.9477834404115
-4068.4694730188307 -1515.5808914671172 5399.0413460903565
-3618.8727868086803 -3440.8907783877216 4802.4063918374795
-2847.723372328915 -5060.462419548135 3779.0565546564967
-1823.5412391895702 -6230.389767258104 2419.9209584777836
-20.73186758328376 -6879.045031785495 823.0348647495917
1217.3357680751187 -6770.112705435128 -826.2834451508586
2347.237778550009 -6059.6261550566005 -2402.1828448644665
3268.577411717414 -4810.715228569895 -3764.637757006104
3899.489597937997 -3134.351142548734 -4792.58808359704
4183.915020753561 -1179.4862026386534 -5394.695927034009
4096.581233166518 880.1812624658169 -5517.461363120862
3645.248225461998 2861.640759788331 -5149.976144114046
2870.01891601682 4588.830917500038 -4324.892944404631
1839.7758310129927 5908.283310439059 -3115.524027104797
646.0605897004092 6702.758803171326 -1629.3271277447056
-605.059970197262 6901.664761669304 1.642637099840821
-1802.418296480965 6487.327518636016 1632.466446429477
-2839.6238473399208 5496.562756404012 3118.23844803285
-3624.5163578787146 4017.4042719971662 4326.941279364454
-4087.354684091939 2181.281787935094 5151.176389555489
-4187.013609563002 151.34284461754575 5517.706871969263
-3914.638001417812 -1892.0435746014118 5393.964884750792
-3294.4296277407375 -3767.3136191205676 4790.945446497202
-2381.496724272596 -5307.841315997362 3762.2294806045325
-1256.9573858266012 -6376.744018869825 2399.2229150880166
596.5072173795169 -6855.858122882559 800.2907514016093
1818.8672482515362 -6630.986240571938 -849.0112831070497
2879.6129421489477 -5816.922131182687 -2422.874939286984
3684.4923891631834 -4485.998963295519 -3781.455524499748
4161.988518271727 -2756.4751010373852 -4804.037191716443
4269.673702946059 -782.0263294603085 -5399.759072279177
3997.9796419592026 1261.9089133553364 -5515.688662817516
3371.0475449395963 3193.7180114232874 -5141.525110463505
2444.5830799536134 4841.75124877565 -4310.514488833496
1300.9066804376075 6059.573639998901 -3096.49573848937
41.639013429773456 6738.976321307329 -1607.3397530327209
-1221.3284626510658 6819.591382957114 24.635423175171507
-2375.775545113705 6294.255822947308 1654.4216339232091
-3319.1245444737297 5209.648011181916 3137.2052221874037
-3967.5547623191137 3662.140111459273 4341.234359061896
-4263.45032820515 1789.2349917962913 5159.525771940545
-4180.51962258656 -242.65150881621832 5519.370677776361
-3726.1314025929646 -2252.9773580118 5388.795277532477
-2940.660055620661 -4063.11628191973 4779.401768541271
-1893.898157832354 -5512.229493487 3745.337438355968
-678.8550974854683 -6471.556924537243 2378.483440630104
1209.3921584381594 -6777.306992602895 777.5328182036761
2405.2481744232446 -6438.4745424470175 -871.7244598810267
3387.387334853071 -5527.555374414573 -2443.5251942055256
4068.542265276724 -4125.488654088171 -3798.2079917911647
4388.189360926889 -2356.8541624372765 -4815.4033411449245
4317.926574606876 -378.8028355697099 -5404.728971588458
3863.997063224374 1632.9067855871135 -5513.820714643934
3066.734455902575 3499.5254729511034 -5132.985290199636
1996.979034031333 5055.195964628818 -4296.061596986171
749.783261388265 6161.690110487159 -3077.4139779246943
-564.0340443987932 6720.691049897041 -1585.3246219158116
-1827.7344501183863 6682.529096256684 47.627783832806216
-2929.0326290644443 6050.595106618002 1676.348251976802
-3770.0734050701444 4881.039189157032 3156.1178213995186
-4276.126614340728 3277.781519651794 4355.452471995952
-4402.227208454578 1383.2785778182051 5167.786056867197
-4137.170596241333 -634.1347360725803 5520.9391721302145
-3504.508220877924 -2595.2023958088635 5383.532613706965
-2560.454910808504 -4325.674933819386 4767.775557312113
-1388.8939455424377 -5671.792271048292 3728.380719611664
-93.92365815422956 -6513.945974744142 2357.702893244414
1812.9593548922833 -6643.989032731493 754.7614581520087
2971.746707838769 -6194.175207021702 -894.4225832494703
3866.4813244981656 -5193.981731477843 -2464.1332530203986
4417.6621077020645 -3732.2801856788124 -3814.8948695897557
4576.314226045801 -1938.949166540374 -4826.686335605699
4328.340742581171 26.665994983428376 -5409.605539138967
3695.7751895277092 1989.91176583118 -5511.857550856846
2734.8237922424264 3776.3451437008766 -5124.356830792634
1530.8712994398752 5227.233683335036 -4281.534518442944
190.89417356404473 6213.659570867697 -3058.2790749248397
-1166.0447373582301 6647.974537332868 -1563.282114563004
-2419.3754562631816 6491.587792000285 70.61932202831905
-3457.734048624842 5758.394983484671 1698.245921949645
-4188.85779675024 4513.543510386283 3174.9759190762634
-4547.783147134713 2867.643889030618 4369.595372640629
-4502.6180072786465 966.9415236866687 5175.957101692416
-4057.3754980621998 -1019.6778393898418 5522.41232794522
-3251.617370343831 -2915.69435165406 5378.1769841527575
-2156.9387697826114 -4552.638625459908 4756.067013577369
-870.6066939563185 -5785.060978468109 3711.359617189314
493.0826072225301 -6503.45527621746 2336.8816317805813
2402.3176219210645 -6456.946365639888 731.9770644746516
3513.7956442608897 -5900.104648090756 -917.1052612490073
4313.057503569951 -4819.012740375959 -2484.698759860578
4729.085276145704 -3309.730402789711 -3831.515869737582
4724.913068687009 -1506.363994402928 -4837.885980257981
4300.911600135992 430.84946545606834 -5414.388690719521
3494.7552616732182 2329.78005955753 -5509.799205357218
2378.074581729911 4021.6994712959327 -5115.63988124337
1050.0915391914943 5356.27323607225 -4266.933504065198
-371.1967448549005 6214.91861820561 -3039.0913599215737
-1759.502569150869 6521.341207390273 -1541.212611616138
-2991.4688687279154 6248.314011863793 93.60964073150892
-3957.6300314735977 5420.096696108809 1720.1142657010382
-4572.138398149518 4110.280003201979 3193.7791895659047
-4780.392203650976 2435.2468943439567 4383.662816768718
-4563.8871834523925 543.8314120185107 5184.0387653142125
-3941.8607587150386 -1395.905877829644 5523.790119782133
-2969.5827069948464 -3211.6108046005666 5372.728481353736
-1733.4441999590922 -4741.950017460864 4744.276339526468
-343.2815686623931 -5850.946161564869 3694.274425018476
1077.3831364762987 -6440.060062759511 2316.0200157913164
2972.688007682816 -6217.657633015942 709.1800306247453
4027.0294258762424 -5558.681421645329 -939.7721021830118
4723.551607253005 -4405.7919720899035 -2505.22135958986
5000.365499360538 -2861.4285713146664 -3848.0707052143034
4832.874973107327 -1062.8146848056851 -4849.002081700296
4235.962296771036 830.2349505337221 -5419.078343732085
3262.665781152285 2649.514567092126 -5507.645713689664
1999.4670929051968 4233.37318716124 -5106.834592080802
558.6069789366735 5441.078021698833 -4252.258805991084
-931.8878165167193 6165.319196230875 -3019.8511642586514
-2339.5802899502933 6341.744704120152 -1519.1164941832658
-3539.3907875427676 5954.678364760113 116.59834293320661
-4424.710881301448 5038.512721015533 1741.9529055966962
-4916.875995732603 3674.653110859857 3212.5273081634746
-4972.155100588013 1984.2844458547042 4397.654561456056
-4585.636404812916 117.60339994650872 5192.030908174089
-3791.6637907362824 -1759.5272241409712 5525.0725238485065
-2660.7852094102514 -3480.316132805477 5367.187199397571
-1293.484185564549 -4891.863679954433 4732.403738767081
188.7485845304087 -5868.747671549261 3677.125438135398
1654.2102145803162 -6324.167677951986 2295.118405526193
3519.4427175007318 -5928.0262229227155 686.3707502736928
4507.319486697975 -5172.706285056187 -962.4227146282832
5094.70113945633 -3957.7686937147796 -2525.7006978130125
5229.396238246291 -2391.1659855549638 -3864.559090142114
4899.436532440668 -612.0976861195157 -4860.034447973846
4134.140389904608 1221.3581788741126 -5423.674417193223
3001.5077313492375 2946.291009832695 -5505.397113041833
1602.1779389637725 4409.432954982496 -5097.941115359385
60.4876056592939 5480.777431604306 -4237.510677631157
-1486.5773168535004 6065.130781432475 -3000.558820186084
-2901.5533210267618 6110.570644942328 -1496.994143831975
-4058.7135793697726 5613.059490851457 139.5850316522017
-4855.239324814599 4616.803368492581 1763.761464515249
-5220.355749382818 3210.32400633526 3231.219951116425
-5121.620656464504 1518.5932679402204 4411.570365085691
-4567.807092357271 -308.0711465481073 5199.933392259433
-3608.123822602832 -2107.362087717692 5526.259517999098
-2327.8429172195333 -3719.404659387359 5361.5532339740885
-840.7229530708997 -5000.961804731951 4720.449416321655
721.098934909998 -5838.161547366705 3659.912952677976
2218.8480180335805 -6156.615016167964 2274.1771619254146
4038.1428268706304 -5590.365029533227 663.5496173043813
4950.807643958384 -4745.339155835597 -985.056707441911
5423.571475618938 -3478.669073564093 -2546.1364208818245
5414.427180719354 -1902.903978218622 -3880.9807397907525
4924.187269990536 -158.05751365187862 -4870.982888565807
3996.4117108831474 1600.8330546268235 -5428.176831735474
2713.5374332998667 3217.482580861775 -5503.053442243769
1189.5534466050124 4548.244660097411 -5088.959604656445
-440.1275840900273 5474.875241640464 -4222.689373664005
-2030.701347470567 5915.039131869492 -2981.2146608544303
-3440.8383845422763 5829.625837510233 -1474.8459425828776
-4545.24183127686 5226.224704596571 162.56930994197998
-5245.78059483725 4158.450571770152 1785.539565854817
-5480.208731817383 2721.179856582215 3249.8567956301194
-5227.696273475643 1042.1203694358173 4425.409987352064
-4510.680059868364 -729.5360858048575 5207.746081105915
-3392.870128148374 -2436.370058305396 5527.351081736256
-1973.5887961770804 -3926.721859291607 5355.82668237363
-378.9454387136786 -5068.167190944703 4708.4135786238385
1249.3688839540957 -5759.283626396977 3642.6372658806627
2766.671298517504 -5938.662437443976 2253.196646613649
4524.574474788573 -5207.37786829376 640.7170258043752
5353.937264133095 -4280.073159998085 -1007.6736897679727
5707.579232192693 -2972.465168644885 -2566.528175901283
5554.07773817306 -1400.7406026090616 -3897.3353705823642
4907.072063448056 295.4459130174723 -4881.847214412642
3824.0515015546325 1965.3807627293681 -5432.585509608722
2401.2471821744716 3460.6829067413437 -5500.614741767233
765.0815129584237 4648.488187532554 -5079.890215069528
-939.0650061889115 5423.254893307092 -4207.795150031861
-2559.7714785174476 5716.141602249194 -2961.8190203090026
-3953.0310216076095 5501.124044957203 -1452.6722729029923
-4995.046410837026 4797.3074749855205 185.55078089771817
-5593.230006063441 3667.2290832242843 1807.2868335394624
-5694.430569765527 2211.3012940487965 3268.4375198736066
-5289.65598774699 558.8896807611876 4439.173189265162
-4414.872257944183 -1143.1817333090055 5215.4688397998325
-3147.8077536752467 -2743.676433604293 5528.347196210273
-1601.0467165654543 -4100.38344234814 5350.007643485358
87.97434738897469 -5092.753388003 4696.296433514925
1769.178504508804 -5632.609845953651 3625.298676069262
3293.183387591057 -5671.98420079015 2232.1772218936335
4974.783241189669 -4782.137696680198 617.8733700590917
5713.481950598041 -3780.705983731303 -1030.2732710442765
5944.512715493223 -2443.3419527729357 -2586.875610735598
5647.34743855246 -888.8762668811546 -3913.622700096415
4848.390558720269 744.5699760922811 -4892.62723790334
3618.6329009342735 2311.85790919838 -5436.900374681558
2067.3438297913367 3673.727121650881 -5498.081053725015
332.3621869824703 4709.169557458773 -5070.73310321371
-1432.1512946872153 5326.181612236231 -4192.828263936165
-3069.411848931501 5469.939057203481 -2942.372233484124
-4433.941690506197 5127.668412506025 -1430.4735176991398
-5404.496354846799 4329.781926955211 208.5290476630494
-5894.837800817648 3147.1753162594023 1829.0028920257214
-5861.397039116246 1684.9283675625556 3286.9618029849144
-5307.145428172138 72.96813922143812 4452.859733154604
-4281.330655910827 -1545.475628504925 5223.10153498044
-2875.100866561712 -3026.597104430542 5529.24784421971
-1213.4057480462661 -4238.792145624868 5344.096217795556
556.1057961265296 -5074.351903047491 4684.098190240289
2276.2048998833866 -5459.0332254577925 3607.8974826558356
3794.053209324912 -5358.655489213446 2211.1192507401083
5385.106427015051 -4318.0618169045965 595.0190445450697
6026.5715203424415 -3251.3087640155622 -1052.8550610091365
6132.549286913904 -1895.6626593102312 -2607.1783740143646
5693.623137093792 -371.57860834663956 -3929.842447074561
4748.7935854892985 1185.521832614428 -4903.322772882669
3382.0128840766884 2637.2834561708223 -5441.121352442576
1714.7254961947615 3854.7108711186315 -5495.452421870199
-104.92277697294618 4729.630309047503 -5061.488427218922
-1915.2482009605883 5184.301338376762 -4177.788973833134
-3555.3954173646002 5178.324442859552 -2922.87463619733
-4879.630148339967 4712.230695891745 -1408.2500603113178
-5770.288326731117 3827.4345723101615 231.50371343693848
-6148.231064798975 2602.5540905588555 1850.68736630901
-5979.87649169182 1146.4252567408696 3305.4293250768064
-5280.183650042096 -411.56849214290884 4466.469382673848
-4111.323319381853 -1932.992574361198 5230.644034842268
-2577.153869549305 -3282.661783549318 5530.053010211693
-813.9929887538227 -4340.652087545118 5338.092507385891
1021.4947412418209 -5012.956404924592 4671.81905944573
2766.218180722303 -5239.837546729676 3590.4339861335534
4265.150995497053 -5001.1361278595 2190.0230967933953
5752.202972461834 -3818.8842616869006 572.1544439230407
6290.715059476998 -2696.1927738149843 -1075.418669708091
6270.2695071092985 -1333.9327259424902 -2627.4361151385774
5692.682992410427 146.85309849734384 -3945.994331425523
4609.276611908059 1614.5903806814683 -4913.9336346544
3116.3157769604154 2938.864222028867 -5445.248370001669
1346.4566095032849 4002.0070802557993 -5492.72889159541
-543.0411365356978 4709.554046883191 -5052.156346727181
-2384.2872944967116 4998.636468907495 -4162.6775394292945
-4013.6790630692517 4843.568104514533 -2903.3265651436095
-5286.437833147634 4258.1274583869235 -1386.0022845061367
-6089.473402600519 3294.3335010970745 254.47438148053658
-6351.4325370184815 2037.8235552902936 1872.3398819302442
-6049.039017719753 600.2440437546004 3323.8397672422066
-5209.161835926128 -890.6697851962921 4480.001902804136
-3906.427764980288 -2302.443695092509 5238.096209137384
-2256.5904440400495 -3509.6353785720407 5530.762680282186
-406.2451592627964 -4404.980556884267 5331.996615931661
1480.196790692462 -4908.923881778545 4659.459253173866
3235.116760058071 -4976.687777319171 3572.908488071434
4702.582408216459 -4602.251124010401 2168.889124353211
6073.080768181233 -3288.625587326608 549.2799630311775
6503.820871302626 -2119.87417534138 -1097.9637075006676
6356.667948460999 -762.7626399624942 -2647.648484286696
5644.697182620787 662.1237033057905 -3962.0780742298766
4431.170300759149 2028.1774498533323 -4924.45963998448
2823.9144918044703 3214.0187294712787 -5449.281356091286
965.7414877083473 4114.280340486813 -5489.910509932029
-978.2418856573772 4648.970088028207 -5042.737022889857
-2835.304174538629 4770.5784415791 -4147.4942216770005
-4440.437244984711 4468.299965257023 -2883.7283578895276
-5651.017979676012 3768.9934282104336 -1363.730574470107
-6359.480967789149 2734.795285112122 277.4406551240224
-6502.876163791671 1457.5985794801634 1893.9600649821264
-6068.462275239293 50.88784349538068 3342.192811559724
-5094.838882523846 -1360.3445007015896 4493.457059858663
-3668.516696763997 -2650.704266237699 5245.457929177643
-1916.23070347629 -3705.537325294528 5531.376842176223
6.320797055220541 -4431.117131516225 5325.808648699986
1928.3106670300026 -4762.972734965457 4647.01898486046
3678.9616719871883 -4671.617308951438 3555.3212911091614
5102.720787530938 -4165.168183982196 2147.7176983723134
6345.12113541713 -2731.560319599928 526.3959968783143
6664.213156242545 -1527.0371305190442 -1120.489785067003
6391.160592718079 -186.8299910994716 -2667.8151324206906
5550.225363384308 1169.977812919212 -3978.093397744937
4216.128253751023 2422.8279538969487 -4934.900607104203
2507.409646597849 3460.399198765603 -5453.2202410676555
575.8966887584751 4190.498789112165 -5486.9973255493815
-1406.7872171580889 4548.254172345071 -5033.230618364889
-3264.4719052461487 4501.877212680435 -4132.23928276991
-4832.0939386540595 4055.4887065064036 -2864.0803528674387
-5970.363220317606 3248.7522315402184 -1341.4353148030646
-6578.139529348479 2153.3498638873484 300.40213777346685
-6601.419273506895 866.6129110078466 1915.5475421157716
-6038.133945362896 -497.1264020828194 3360.4881410991543
-4938.333918259044 -1816.693852745129 4506.834621486559
-3399.7412509964274 -2974.8400821613823 5252.729067836915
-1559.0666540640211 -3868.6587154069302 5531.895485288128
420.13785693329396 -4418.73004445943 5319.528712548004
2362.011275597458 -4576.1778177843 4634.498469330739
4094.009626909034 -4327.0121097734545 3537.6726989518947
5462.237256604419 -3693.3723870293584 2126.5091844502454
6566.100274146936 -2152.182317294921 503.5029406370382
6770.645289779847 -922.4955710263531 -1142.9965134147608
6373.588758928363 389.15895503302784 -2687.9357112920625
5410.210896812513 1666.2350001417979 -3994.040025409506
3966.1120541954037 2795.2587533361084 -4945.256355713355
2169.6067505669703 3675.9114995055047 -5457.064956912001
180.32236598825844 4229.943377471924 -5483.9893887539
-1824.9844521401808 4408.126223549199 -5023.637297313974
-3668.133392883631 4194.627709920816 -4116.912986138525
-5185.352584331074 3608.4181164454694 -2844.382889369633
-6241.8304431157185 2701.584738041849 -1319.1168905115107
-6743.69427520779 1554.7036999538702 323.3584329176719
-6646.351276732769 269.68041542016834 1937.1019405470233
-5958.450800287868 -1039.3051574966241 3378.7254399269186
-4741.1158220067455 -2255.943906254269 4520.134356676923
-3102.511896896249 -3272.13213889445 5259.9094995532805
-1188.2361745972853 -3997.5770714784976 5532.318600661694
831.6195463032012 -4367.819738183647 5313.1569159210185
2777.5822210123742 -4349.962453289972 4621.89792279568
4476.744526165799 -3945.591914925675 3519.9630163649817
5778.128434299609 -3190.638219975315 2105.263948827001
6734.207503009719 -1555.168335321529 480.6011896369231
6822.309592461849 -311.1539410532931 -1165.4835038856554
6304.219535411228 960.5078463541063 -2708.0098734478784
5225.971907027571 2146.8242964936835 -4009.917681848664
3683.3737409045316 3142.385986706557 -4955.526706983303
1813.4916536827182 3858.7328918667795 -5460.815437231708
-217.52712534586936 4232.214445814263 -5480.886751488247
-2229.2176646853823 4229.645173483963 -5013.957225399718
-4042.8324317570296 3851.2533659974924 -4101.515596445549
-5497.223795589158 3130.6607959951198 -2824.636307542459
-6463.162701013899 2131.895275589974 -1296.775687001967
-6854.821237331216 943.7015042803388 346.3091441350201
-6637.39882482413 -328.34428705045127 1958.6228880629733
-5830.214398986432 -1571.2152475616429 3396.9043931115634
-4504.989838324327 -2674.4768381624253 4533.35603576278
-2779.47716070482 -3540.099424944193 5266.999100331196
-806.9957398220805 -4091.168642349225 5532.6461809903385
1237.1907939863238 -4278.719572083658 5306.693368850633
3171.447496426665 -4086.087490986891 4609.217562848281
4823.907171141416 -3530.3886048163286 3502.192549168734
6047.741524332308 -2660.9991982526167 2083.9823583766774
6848.060140981982 -945.3400841532444 457.6911393576893
6818.8435148027065 302.03276589753733 -1187.9503681622834
6183.742718331326 1522.5686792493605 -2728.0372722367124
4999.189244428264 2607.81768376728 -4025.7260928785245
3370.4358675770873 3461.3506428630767 -4965.711483560116
1442.2044729775196 4007.327407453379 -5464.471617261469
-614.1731180562102 4197.23554602478 -5477.6894673304305
-2615.978732296305 4014.2008870670634 -5004.190569782787
-4385.343156138272 3474.4868632630037 -4086.0473795813464
-5765.050595795911 2626.0494341235612 -2804.840948380513
-6632.507990509241 1544.2759885341216 -1274.4120900743192
-6910.63794398392 325.2868444198622 369.25387510033255
-6574.727389300523 -922.6054633188994 1980.1100130283696
-5654.623453361852 -2088.520226854395 3415.0246867291776
-4232.081408685685 -3068.860802913817 4546.499430425096
-2433.500358664435 -3776.519629160535 5273.997747743621
-418.69212253543105 -4148.618113372921 5532.878220617225
1633.3187460809738 -4152.093672301403 5300.138182952845
3540.202076406831 -3786.6374872829406 4596.457608459786
5132.522916323013 -3084.721944134481 3484.3616042331005
6268.796571418068 -2108.715319170381 2062.6647806012475
6906.714908173534 -327.6250947511229 434.77318542237265
6760.332189299521 912.0993492870925 -1210.3967182747826
6013.264288177082 2070.7797634590825 -2748.0175618147136
4731.891466274433 3045.4623081804184 -4041.4649855109656
3030.069322029618 3749.5421620287225 -4975.810509567612
1059.0122212822698 4120.458740186016 -5468.033433864411
-1006.1427627245868 4125.254476942433 -5474.397591492868
-2981.897546878586 3763.503250041419 -4994.337499119048
-4692.697648150565 3067.348243512246 -4070.508602659385
-5986.530969819929 2098.6458847109584 -2784.99715372066
-6748.43474336235 943.4696292973338 -1252.0264859151532
-6910.7104749389455 -295.5380430276423 392.19222959166365
-6458.939253663808 -1508.2858632822722 2001.5629443920097
-5433.262935112592 -2587.0158655807754 3433.086007868811
-3924.8173612949577 -3435.8781552902947 4559.564313696673
-2067.6345411489688 -3979.447592799339 5280.905320934168
-26.73331835716862 -4169.425648170041 5533.014715535374
2016.5432770879129 -3988.9319374777538 5293.491471426121
3880.6411529093198 -3454.0041190010843 4583.618279975954
5399.927032381537 -2612.17287690375 3466.4704894724086
6439.405697837171 -1538.2386113616737 2041.3115836240781
6909.675751540989 292.98329201398707 411.8477235904993
6647.307331533567 1514.11079314584 -1232.8221666075397
5794.296483891645 2600.702905740907 -2767.9503971515246
4426.436965804655 3456.211152164175 -4057.134087958349
2665.2690982072354 4004.61987038484 -4985.823610610393
667.2803748933155 4197.2005391369685 -5471.500825533169
-1389.9991380415618 4016.84152087559 -5471.011180821435
-3323.7711276507107 3479.5685058657414 -4984.3981835566
-4962.211466438738 2633.1205592748443 -4054.899534011614
-6159.737540127336 1552.7082957331322 -2765.1052662361894
-6809.943901812664 334.33108616741055 -1229.6192610910891
-6855.056862875359 -913.752907592102 415.1238114972172
-6291.067938750024 -2080.64594557347 2022.9813116931566
-5168.090020369834 -3062.6644605262845 3451.0880446378824
-3585.904623890292 -3772.5517978797297 4572.550459966101
-1685.0958650948487 -4147.231352420685 5287.721700619152
365.4410562356935 -4153.41120147404 5533.055663387716
2383.5069360080274 -3790.5422383315804 5286.753349049433
4189.787764668121 -3090.86696279274 4570.699799113178
5623.78756385671 -2116.5545935635027 3448.519513840017
6558.089158411395 -954.177060349311 2019.9231361835593
6856.898030521138 911.466485170389 388.91514975123044
6480.742502212354 2103.202377098012 -1255.2263259058846
5528.744562311971 3108.059508068863 -2787.8354340362544
4085.493405554261 3836.751912253309 -4072.7331296382263
2279.2282308205918 4224.532071725594 -4995.750613776859
270.4436255501348 4236.944017571424 -5474.8737323909645
-1762.3710826727358 3872.8848939334675 -5467.530293794488
-3638.5913861620406 3164.702951594097 -4974.372794732876
-5191.506877295543 2175.3232639354414 -4039.220443183795
-6283.134199828656 992.6565580272134 -2745.16562943088
-6816.477475626711 -278.21203926328684 -1207.190802542091
-6744.146814096638 -1524.3602759518155 438.04822482213706
-6072.569111933259 -2635.062412577146 2044.3647450679578
-4861.416995144001 -3511.6276900640596 3469.0304861675677
-3218.306644359102 -4076.169436764491 4585.45764498165
-1289.2356249168226 -4278.525641033456 5294.44676908968
754.3896375166851 -4100.71606609608 5533.001063467139
2730.9840700724385 -3558.5398729900153 5279.923932180306
4464.918583276044 -2700.17179577378 4557.702388954724
5802.12548638312 -1601.8816049942814 3430.5089873230095
6623.788077816743 -361.25720386939855 1998.49980762691
6748.789027331635 1522.821421830552 365.97585991655643
6262.04477177492 2674.619179432648 -1277.6088092827872
5218.890357715165 3588.7652855691945 -2807.6723290834193
3712.0146326492813 4184.033847045876 -4088.2618411779426
1875.3101175646289 4407.532639882413 -5005.591347642201
-128.0239311285379 4239.402815526993 -5478.152096192635
-2119.9824917171845 3694.5834466991714 -5463.95499052185
-3923.5713045268135 2821.484125219728 -4964.2615057716675
-5378.533588620174 1697.6835573353671 -4023.471600930878
-6355.589560058747 423.03635522017834 -2725.178587633082
-6767.923508040709 -889.1994835207902 -1184.741497574835
-6578.897751790136 -2122.4260459632724 460.96507369535817
-5805.308059275754 -3167.0657401086355 2065.712875255824
-4515.891269519924 -3930.2977448062597 3486.91302261816
-2825.217722804824 -4344.305547050285 4598.285645855117
-883.5111831547615 -4372.302736768012 5301.080410213656
1136.6992023435844 -4011.801640789377 5532.8509167165075
3055.90887539142 -3294.834363525078 5273.003338752766
4703.58763422549 -2285.1065939191394 4544.626273946836
5933.331990404287 -1072.3370754183613 3412.439220936814
6635.8737612370915 235.7142981070765 1977.0419679036997
6586.204776727898 2122.101231021745 343.03025021442295
5993.042858587673 3223.7546500715234 -1299.9692302255007
4867.372782426528 4038.9633212481867 -2827.460739738893
3309.2152744331534 4495.292376633352 -4103.719954419396
1457.0194670543642 4552.194977088977 -5015.345642271336
-524.6389139968169 4204.61507685163 -5481.335860325634
-2459.680825199447 3483.436675386663 -5460.285332743779
-4176.169300951578 2452.739638503536 -4954.064491280135
-5521.586807497051 1204.1059210687508 -4007.6532792123185
-6376.387095111816 -151.51789158479255 -2705.1444859897506
-6664.617407012024 -1493.6786746457117 -1162.271733855949
-6360.667215107454 -2703.1195525634585 483.8739623764426
-5491.5438278122665 -3672.3763957911783 2087.02533360579
-4134.472672172804 -4315.3264802944805 3504.7353451844374
-2410.03547577632 -4574.840869525276 4611.034241065706
-471.45605109062035 -4427.86057114027 5307.622509437814
1509.0143126852838 -3887.445429663386 5532.605225728632
3355.4021325788626 -3001.613701987633 5265.991688275332
4903.647748053071 -1849.0754245255184 4531.471679894886
6016.182741809076 -532.2386810604593 3394.3105267198507
6594.1534973722455 831.8898049078024 1955.5499875593587
6370.443240096929 2704.4554512807367 320.07871688195513
5675.971840559894 3746.1879391425064 -1322.3072026022926
4477.165434396952 4455.055188736477 -2847.200324285754
2880.543231670963 4768.071234123529 -4119.107202423589
1027.9721217552296 4657.423226022741 -5025.013329221879
-915.9388223597923 4132.942725524653 -5484.424969811017
-2778.464582576848 3241.2321267432767 -5456.521383829892
-4394.111571540957 2061.5238295878526 -4943.78192734579
-5619.32246413262 698.6400933252467 -3991.7657511873804
-6345.2318957956495 -726.3208811608683 -2685.063670460498
-6507.339627925704 -2086.745057949153 -1139.7818994053637
-6091.241677124963 -3261.7527788088023 506.77449526242026
-5133.910172337853 -4146.939451304983 2108.301752082894
-3720.4082189448136 -4663.652355008683 3522.4971461009595
-1976.3316685559666 -4765.979280868593 4623.703210463842
-56.649376427268045 -4444.828032467748 5314.07295378967
1868.066461398693 -3728.7343075756016 5532.263994746241
3626.796396254746 -2681.326176174371 5258.889101828948
5063.2695553697195 -1395.670447213945 4518.238833959458
6049.848994697642 13.996725780326868 3376.1232177281263
6498.872801521659 1422.4202282654057 1934.024237728931
6103.233878663461 3265.16947369908 297.12165625852606
5313.454567971065 4237.719677295867 -1344.6223406690742
4051.55150120313 4833.729890638424 -2866.890741850284
2429.650303612379 5000.241990723518 -4134.423319475299
591.8640142009535 4722.460646732278 -5034.594241547024
-1298.5119902246795 4025.0679501016766 -5487.419371304382
-3073.5095058928546 2970.0303023847723 -5452.663208778077
-4575.412214088137 1651.0924285376768 -4933.413991533471
-5670.769468195894 185.44774671524073 -3975.809291210415
-6262.253969292532 -1296.6747812268823 -2664.9364878116135
-6297.309723768628 -2663.5820644934597 -1117.272382589582
-5772.821873999342 -3793.818392392406 529.6662768945966
-4735.393467113681 -4586.95730722951 2129.5417632745407
-3277.204569743029 -4972.524935788676 3540.198118647429
-1527.8216645753173 -4916.261902236759 4636.292335274952
357.3149002248307 -4423.167424011105 5320.431631879489
2210.7024680893965 -3537.0551094115385 5531.82722966189
3867.6594201562316 -2336.659926230074 5251.695702064885
5180.957859798378 -928.6422543398825 4504.927964652432
6033.905457338375 561.8893571278415 3357.877608029841
6350.714075635881 2002.4946334039028 1912.4650901306477
5786.723710036827 3799.702888362366 274.1594647789719
4908.47993219692 4694.405916813564 -1366.914259076073
3594.096171871922 5171.990378494831 -2886.5316524077925
1960.3611942448351 5190.020798140891 -4149.668041087564
152.43952160571249 4746.895093841008 -5044.088213798441
-1669.0270714979054 3881.9869290473475 -5490.319013096801
-3342.1932848942856 2672.1471897887777 -5448.7108742133705
-4718.390957954152 1224.8754461926799 -4922.960862882249
-5675.33888808212 -331.2318560749917 -3959.784174826134
-6128.008052189502 -1857.9077543433366 -2644.76328561009
-6036.176808539457 -3219.500395344391 -1094.7435721150787
-5408.004766125056 -4295.0262976743315 552.5489119654083
-4299.30776760242 -4988.920265043448 2150.7450003968092
-2808.5984067269474 -5239.526773347471 3557.8379571539595
-1068.332752082678 -5024.578334555051 4648.80139810328
766.8589558852001 -4363.1740607385755 5326.698433902211
2533.911880317575 -3314.082624151492 5531.294938017875
4075.8156142946154 -1970.5204027964876 5244.411613202623
5255.5652445193455 -451.86879616667557 4491.539301833032
5968.334839100344 1106.9333359961086 3339.5740126999976
6150.7916916212325 2567.379583558692 1890.8729170594138
5423.459961095873 4303.72642102364 251.19253896672626
4464.378170627868 5112.589957849423 -1389.1825728744845
3108.6167880986577 5467.177440688803 -2906.122716788501
1476.6411620068002 5335.982215609956 -4164.841104006373
-286.54051146234934 4730.661554101911 -5053.495082029125
-2024.2618030257638 3705.0008533456116 -5493.123845115703
-3582.118550063722 2350.1345676411215 -5444.664448386808
-4821.688344060191 786.4485122060292 -4912.422721902359
-5632.829969056127 -847.1169448110131 -3943.6906787648477
-5943.469932034259 -2405.4123437701087 -2624.5444122176004
-5726.006509062949 -3749.9763000070484 -1072.1958570213471
-4999.762279595723 -4761.338405488399 575.4220053252393
-3829.2672304910297 -5349.634698852682 2171.911097300826
-2318.524983494771 -5462.592472738705 3575.4163570063533
-601.7716170356783 -5090.174933229669 4661.230182935634
1168.4517984282606 -4265.473013038413 5332.8732516393375
2834.853143935604 -3061.7650969186834 5530.667129006093
4249.3653470561485 -1586.0059156029126 5237.036961027725
5286.302791058073 30.67685138648946 4478.073076703884
5853.529033516795 1644.6338455070527 3321.2127478148964
5900.643533558492 3112.4579050975813 1869.2480913804557
5016.369458058507 4773.1571583135465 228.22127542699255
3984.79341218274 5488.931801674422 -1411.426897523137
2599.1509846566855 5716.990766676057 -2925.6635966834015
982.5625859576467 5437.070013457777 -4179.942246215135
-721.3308104086052 4674.041729355024 -5062.81468379623
-2361.1307987619357 3495.7043259047914 -5495.833818925744
-3791.133953993429 2006.7582524521524 -5440.524001174235
-4884.278220295267 339.50290175561247 -4901.799750572067
-5543.43293242195 -1357.918771645864 -3927.5290809376747
-5710.029301548207 -2934.683403058222 -2604.2802167844934
-5369.264509181038 -4250.688535462887 -1049.6296266744955
-4551.417002543948 -5189.001337652259 598.2851619892477
-3329.1561216662785 -5666.248599433938 2193.0396884790835
-1811.0851096175747 -5640.024807233495 3592.933014651376
-132.09123776324046 -5112.66006006916 4673.578475145075
1558.6395202391993 -4131.013030028558 5338.955978460804
3110.878316891522 -2782.3073636178256 5529.943813467888
4386.701923223392 -1186.3814779948962 5229.5718728896345
5272.747812952546 514.9596082972322 4464.52952180698
5690.286920428219 2170.5442735291476 3302.7941304466635
5602.219063610993 3633.2665547813344 1847.5909865228568
4568.734921283042 5204.191773725598 205.24607083986544
3473.6536902355924 5820.434992440464 -1433.646848895073
2069.923084932583 5919.507019518738 -2945.1539546500994
482.27072982545326 5492.604870584083 -4194.971206939232
-1148.2334960368753 4577.660674998586 -5072.04685816387
-2676.7121368366516 3255.9712397064586 -5498.448887729641
-3967.353157720753 1644.9744711719711 -5436.289604075121
-4905.477440098791 -112.18549797769887 -4891.092132334544
-5407.728524590885 -1859.3772933141154 -3911.2996604317495
-5429.479198247325 -3441.355256396715 -2583.9710492437493
-4968.796818262477 -4717.553702809669 -1027.0452707602637
-4066.615035769324 -5574.576800084547 621.137987144201
-2803.096661301929 -5936.274285044564 2214.130409071737
-1290.5108472907655 -5770.507748867758 3610.3876276019987
336.7425188157473 -5092.0062757479 4685.846061494677
1934.0748343552814 -3961.0576991263583 5344.946509326818
3359.5561133147453 -2478.151763122031 5529.125003893859
4486.526088437018 -775.0511677744254 5222.0164776995
5214.848531806212 996.9161250859551 4450.9088710196875
5479.808798138585 2680.3030453381166 3284.318478657899
5257.864005011518 4125.5332776957885 1825.9019764731202
4084.1683576816718 5593.337482909398 182.26732195350087
2935.1386703107564 6104.470630555269 -1455.8420432842684
1525.3090314388428 6073.19477364818 -2964.5934541186393
-20.051008584852127 5502.2889093261665 -4209.92772665049
-1563.6294285033732 4442.480529013363 -5081.191445705911
-2968.2725118246613 2987.938258193013 -5500.969006368985
-4109.17155642095 1267.9045607811508 -5431.961330211303
-4884.952675426875 -564.7880209636276 -4880.3000520946825
-5226.684311959403 -2347.296708514396 -3895.0026975054207
-5104.002110448025 -3921.237782571717 -2563.6172603049995
-4527.806922878999 -5146.759671578963 -1004.4431792774334
-3549.2962202587764 -5914.96937758361 643.980086155213
-2255.414972638646 -6157.608096974386 2235.1828948729108
-761.1302069739858 -5853.116314730936 3627.7798944425836
800.7843177452017 -5028.549461945772 4698.032730141181
2291.5456416486445 -3757.173922040874 5350.8447407896865
3578.6930790091888 -2151.956991076465 5528.210714423648
4547.857931463862 -355.5292377472027 5214.3709059279345
5112.92564876216 1472.4888485702445 4437.211359550713
5223.687484463307 3169.6698387813685 3265.7861114960765
4870.3017633949385 4585.2117539497785 1804.1814357687276
3566.581767383498 5937.440475324855 159.28542557724475
2373.6453583946645 6338.79836410137 -1478.0120974122017
969.8001427413702 6176.926200869037 -2983.98175939733
-520.2160714923057 5466.207037695342 -4224.811547071726
-1964.0088048432797 4269.791391167927 -5090.248288508715
-3233.2907369732434 2693.986041864353 -5503.394131325016
-4215.280598060443 878.8082103781105 -5427.539254325738
-4822.724279555751 -1014.4555871865284 -4869.423696215913
-5001.647744635629 -2817.5805539646403 -3878.638473583378
-4736.152858235026 -4370.351123774388 -2543.219201448371
-4049.8300061157574 -5534.796817266769 -981.8237425310379
-3003.6619855668546 -6207.451524489222 666.8110645726955
-1690.605416246826 -6328.546922808481 2256.1967823369846
-227.33113659358548 -5887.3231546654715 3645.109514834147
1256.142512172243 -4922.984888138322 4710.138270638653
2628.002386240962 -3521.2178101367313 5356.650570995579
3766.352715493648 -1806.5750770946593 5527.200960845699
4570.046077608071 68.58977957142197 5206.6352896027765
4967.670790410137 1937.6601333213034 4423.437223936016
4923.896153220065 3634.5608809441233 3247.1973489880297
4442.611734654031 5008.514944287354 1782.4297394915984
3020.1554032712666 6233.71158990459 136.30077857483985
1793.7520720107973 6521.584189641393 -1500.1566284344874
407.9659974008452 6229.985414627733 -3003.3185356784925
-1014.0696464074563 5384.825095683719 -4239.622411181147
-2346.000751961108 4061.1994360725016 -5099.21723017385
-3469.479395448291 2376.7183842860645 -5505.724220719374
-4284.679569090347 481.0554739989724 -5423.023452781201
-4719.167160012138 -1457.351326230096 -4858.463252516984
-4734.33603904288 -3266.26606564268 -3862.2072712518197
-4328.838384713154 -4784.958731350374 -2522.7772249184795
-3538.704443107309 -5878.486815332048 -959.1873511256407
-2434.14108238272 -6449.685548456985 689.6305281390628
-1113.2936044362273 -6447.801416622686 2277.171708584891
306.4748958729449 -5873.0018332109985 3662.3761895195134
1699.0117567408608 -4776.360263674491 4722.162473942128
2940.5839670320806 -3255.3181239987152 5362.363899686306
3920.8723873123104 -1445.0266832773584 5526.095760596975
4552.7740895147645 493.6617196483158 5198.809762306794
4780.141834343829 2388.4861123844858 4409.586702034787
4582.772999884517 4071.0830323366254 3228.5525121344785
3978.2046732174067 5391.94635921203 1760.6472632616908
2449.3038420509274 6479.749024871395 113.31377785748397
1200.1809701753489 6651.4149200232305 -1522.275253947486
-155.58324780775658 6232.073410277399 -3022.6034490443144
-1497.5232114573057 5258.984829024717 -4254.360063216795
-2706.401665996488 3818.6123670384122 -5108.098115820828
-3674.8044556638047 2038.9394385363769 -5507.959234314828
-4316.684742831659 78.09779318203475 -5418.414003558979
-4575.008647139943 -1889.6831838230632 -4847.418910268705
-4426.822956055079 -3689.5575172074123 -3845.7093742535467
-3885.2946185321584 -5161.598473831394 -2502.291683718353
-2998.5408038180562 -6175.008754753647 -936.5343959585952
-1845.3534798051414 -6639.742409236458 712.438082795586
-528.1984009111869 -6514.505812628979 2298.1073114103397
835.8894238642398 -5810.426786131537 3679.579620328472
2125.7048050890144 -4590.065841048336 4734.105132411222
3226.6419858797326 -2961.857402815836 5367.984628201043
4040.8778663399153 -1070.47493644601 5524.89513276267
4496.064015275359 916.0239257289278 5190.894459175388
4551.755145801636 2821.1300421980477 4395.660033025249
4203.002856574987 4475.56637409261 3209.8519229044787
3480.7953189674186 5732.328992949501 1738.8343832305054
1858.6401434326194 6673.557896077937 90.32482037701513
597.7594498820056 6727.3092042162125 -1544.3675919949083
-716.2347940147883 6183.309567249696 -3041.836166472568
-1966.5884333187437 5089.895740225943 -4269.024248680989
-3042.2020600911287 3544.222340043575 -5116.890792089754
-3847.5026833405773 1683.6292313847662 -5510.099133515962
-4310.935808687792 -326.56172296776873 -5413.710986257506
-4391.323369202898 -2307.7362351420848 -4836.290860190721
-4081.522577359132 -4083.858255490381 -3829.145067483118
-3409.060593050198 -5497.1115481215775 -2481.7629316032962
-2433.6886146327515 -6421.922356025488 -913.8652682132786
-1242.0727227386167 -6776.11718045446 735.2333346891558
59.90678131722189 -6528.224256899595 2319.0032292861297
1356.56330495643 -5700.2699594789265 3696.719510182962
2532.6832257702636 -4365.821660935852 4745.966039813687
3483.76312747713 -2643.4509487258506 5373.512659478038
4125.295387064987 -686.1980191281247 5523.599098075868
4400.277047951493 1332.0266157995427 5182.889516894265
4284.2747828297415 3231.8948404108874 4381.657457400592
3787.595902023356 4844.595025514827 3191.095904229834
2954.3725037313575 6026.831682446675 1716.9914760745455
1252.9383896578952 6813.566483979186 67.33430311912579
-8.619274237499853 6748.725012546511 -1566.4332610744261
-1269.4110777918302 6084.229707457174 -3061.0163558423733
-2417.4101363656064 4879.123892657966 -4283.614714344714
-3350.6116956936416 3240.4865083135765 -5125.595107143972
-3986.0967019420623 1313.9176770646993 -5512.1438813698505
-4267.399523525673 -729.3985058241125 -5408.914482091021
-4169.525170269673 -2707.9044305578554 -4825.079294448159
-3701.1702079753804 -4445.801163193664 -3812.5146369818563
-2903.950030384549 -5788.668952402648 -2461.191323074816
-1848.701148819239 -6617.18810203538 -891.1803593523476
-629.1870572899768 -6857.7410497505825 758.0158901791655
646.2330654214243 -6488.9536104945355 2339.8591013703185
1864.232544323029 -5543.594166642166 3713.7955631021746
2916.586780611767 -4105.662053421333 4757.744991329018
3709.789482212874 -2302.923849352868 5378.947898056279
4173.361108176379 -295.56075505453055 5522.207678917191
4266.111285184844 1738.0642093774122 5174.79507369706
3979.798752983618 3617.2545414370115 4367.579216964805
3339.863636520634 5175.035933429843 3172.2847799995247
2403.1669792026464 6272.992672466282 1695.118918988848
637.0949108721978 6898.639036402559 44.34262309638446
-614.0360840372604 6715.56352972339 -1588.471880144202
-1810.6072782270248 5935.780732663165 -3080.1436859399323
-2846.298070027161 4628.577768761108 -4298.1312082519835
-3629.0827875320365 2910.1053579256477 -5134.210910672711
-4089.40757339719 933.0573152514767 -5514.093442566691
-4186.370550296454 -1126.8969645373597 -5404.024573888114
-3911.356132217317 -3086.7215037211827 -4813.7844066483485
-3288.8005570870064 -4772.27729144517 -3795.8183699329593
-2374.0206197959888 -6033.795299030313 -2440.5772133744763
-1248.2985322182003 -6759.184115422077 -868.4800611109712
-11.659641984953229 -6883.98976096766 780.7853558442054
1226.015258606158 -6397.122706359786 2360.674567512533
2354.7533231907637 -5341.843225981246 3730.8074842076608
3274.2612213451202 -3811.917532681387 4769.441783551966
3902.8366411242605 -1943.2862382782307 5384.290250077154
4184.6278980230145 98.01456636714494 5520.7208993144095
4094.5966022453626 2130.6063466609658 5166.611269362957
3640.742429516986 3973.884403041999 4353.425554828502
2863.3923147910273 5464.0653911082945 3153.418875054153
1831.6172271056937 6468.740190518588 1673.2170896804596
16.08851260604803 6928.085022424968 21.35017734142903
-1213.5860389877769 6628.16942751851 -1610.4830686295556
-2335.428145282914 5739.311891734598 -3099.2178264642507
-3249.7572120120662 4340.491307814667 -4312.573479724194
-3875.3310891293163 2555.9990232630335 -5142.738053893643
-4156.564792367054 544.3950086775178 -5515.947783440412
-4068.46947301883 -1515.5808914671281 -5399.041346090356
-3618.8727868086767 -3440.890778387732 -4802.406391837475
-2847.723372328928 -5060.462419548116 -3779.0565546565126
-1823.5412391895704 -6230.389767258104 -2419.920958477783
-637.3294644692945 -6846.71964253206 -845.7647654900846
605.511830043359 -6854.688431232779 803.541338488939
1794.550741211775 -6253.588071513745 2381.449268260156
2824.1359437672954 -5096.828968221486 3747.7549797284596
3602.7842742026346 -3487.1942440372345 4781.056214496053
4061.309411316699 -1567.7070079704038 5389.53962328606
4158.969384472485 491.0778755235019 5519.138784942034
3887.086676481362 2506.2283347173893 5158.33824521428
3269.819259085954 4298.689407969737 4339.1967154047
2362.0140511552872 5709.193062836222 3134.498515180268
1244.3335292515499 6612.409859688614 1651.2863663619164
-605.0599701972711 6901.6647616693035 -1.6426370998562416
-1802.4182964809631 6487.327518636016 -1632.4664464294774
-2839.623847339919 5496.562756404012 -3118.2384480328506
-3624.516357878714 4017.404271997165 -4326.941279364456
-4087.354684091938 2181.2817879350946 -5151.176389555489
-4187.013609563001 151.342844617531 -5517.706871969264
-3914.6380014178085 -1892.0435746014273 -5393.964884750789
-3294.429627740734 -3767.3136191205767 -4790.945446497198
-2381.496724272597 -5307.841315997362 -3762.2294806045315
-1256.9573858266012 -6376.744018869826 -2399.222915088014
-20.731867583285737 -6879.045031785495 -823.0348647495912
1217.3357680751087 -6770.112705435131 826.2834451508483
2347.2377785500153 -6059.626155056593 2402.1828448644787
3268.5774117174096 -4810.715228569901 3764.6377570061
3899.489597937999 -3134.3511425487254 4792.588083597046
4183.91502075356 -1179.4862026386586 5394.695927034009
4096.581233166522 880.1812624657916 5517.461363120865
3645.2482254619986 2861.64075978833 5149.976144114045
2870.0189160168243 4588.830917500031 4324.892944404634
1839.7758310129948 5908.283310439058 3115.5240271047974
646.0605897004081 6702.758803171326 1629.3271277447013
-1221.328462651075 6819.591382957112 -24.63542317518693
-2375.775545113703 6294.255822947309 -1654.4216339232094
-3319.124544473733 5209.648011181909 -3137.205222187412
-3967.5547623191137 3662.1401114592704 -4341.2343590618975
-4263.45032820515 1789.2349917962888 -5159.525771940546
-4180.519622586559 -242.65150881622696 -5519.370677776362
-3726.131402592966 -2252.977358011798 -5388.795277532477
-2940.6600556206513 -4063.1162819197507 -4779.401768541261
-1893.8981578323521 -5512.229493487002 -3745.3374383559635
-678.8550974854718 -6471.556924537243 -2378.483440630105
596.5072173795204 -6855.858122882558 -800.2907514016013
1818.8672482515337 -6630.986240571939 849.011283107049
2879.6129421489427 -5816.922131182692 2422.874939286979
3684.492389163176 -4485.998963295535 3781.4555244997364
4161.988518271729 -2756.4751010373766 4804.0371917164475
4269.673702946059 -782.026329460314 5399.7590722791765
3997.979641959209 1261.9089133553118 5515.688662817518
3371.0475449395976 3193.7180114232874 5141.525110463505
2444.583079953619 4841.751248775646 4310.5144888335
1300.906680437616 6059.5736399988955 3096.495738489377
41.639013429791646 6738.976321307325 1607.3397530327404
-1827.7344501183904 6682.529096256683 -47.62778383281672
-2929.0326290644384 6050.595106618006 -1676.3482519767979
-3770.073405070142 4881.0391891570325 -3156.1178213995195
-4276.126614340729 3277.781519651777 -4355.452471995963
-4402.2272084545775 1383.278577818204 -5167.786056867199
-4137.170596241332 -634.1347360725878 -5520.9391721302145
-3504.5082208779286 -2595.202395808854 -5383.532613706967
-2560.4549108084852 -4325.674933819415 -4767.775557312097
-1388.8939455424368 -5671.792271048294 -3728.3807196116595
-93.92365815423486 -6513.945974744141 -2357.702893244416
1209.3921584381542 -6777.306992602896 -777.5328182036778
2405.2481744232355 -6438.474542447022 871.7244598810188
3387.3873348530674 -5527.5553744145745 2443.5251942055247
4068.5422652767174 -4125.488654088189 3798.2079917911537
4388.189360926886 -2356.854162437294 4815.403341144918
4317.926574606877 -378.8028355697158 5404.728971588458
3863.997063224375 1632.9067855871117 5513.820714643934
3066.7344559025746 3499.5254729511075 5132.9852901996355
1996.9790340313402 5055.195964628812 4296.061596986175
749.7832613882753 6161.690110487154 3077.413977924701
-564.034044398781 6720.691049897039 1585.3246219158218
-2419.3754562631907 6491.587792000281 -70.61932202832955
-3457.7340486248413 5758.394983484672 -1698.2459219496411
-4188.857796750241 4513.543510386281 -3174.9759190762643
-4547.783147134713 2867.643889030629 -4369.595372640622
-4502.618007278646 966.9415236866638 -5175.957101692416
-4057.3754980621984 -1019.6778393898469 -5522.41232794522
-3251.6173703438335 -2915.6943516540537 -5378.176984152758
-2156.9387697826114 -4552.6386254599065 -4756.067013577371
-870.606693956328 -5785.060978468102 -3711.359617189325
493.08260722253203 -6503.455276217459 -2336.881631780581
1812.959354892284 -6643.989032731493 -754.7614581520105
2971.7467078387704 -6194.175207021701 894.4225832494698
3866.4813244981606 -5193.981731477853 2464.133253020385
4417.6621077020645 -3732.280185678816 3814.8948695897534
4576.314226045801 -1938.949166540365 4826.686335605703
4328.340742581171 26.665994983425495 5409.6055391389655
3695.7751895277106 1989.9117658311761 5511.8575508568465
2734.8237922424237 3776.345143700879 5124.356830792633
1530.8712994398784 5227.233683335033 4281.534518442949
190.89417356404542 6213.659570867695 3058.279074924842
-1166.044737358243 6647.974537332869 1563.2821145629905
-2991.468868727919 6248.314011863791 -93.60964073151204
-3957.6300314735945 5420.096696108814 -1720.1142657010296
-4572.138398149519 4110.280003201982 -3193.779189565901
-4780.392203650977 2435.246894343952 -4383.6628167687195
-4563.887183452392 543.8314120185058 -5184.038765314213
-3941.8607587150386 -1395.9058778296433 -5523.790119782133
-2969.5827069948396 -3211.6108046005756 -5372.728481353734
-1733.444199959092 -4741.950017460863 -4744.276339526469
-343.28156866239846 -5850.946161564864 -3694.274425018483
1077.3831364763014 -6440.060062759511 -2316.020015791316
2402.317621921061 -6456.946365639888 -731.9770644746582
3513.795644260895 -5900.104648090753 917.105261249014
4313.057503569947 -4819.01274037597 2484.6987598605638
4729.085276145706 -3309.73040278969 3831.515869737595
4724.9130686870085 -1506.363994402919 4837.885980257984
4300.911600135998 430.84946545604856 5414.388690719517
3494.75526167322 2329.7800595575263 5509.799205357219
2378.074581729908 4021.6994712959354 5115.639881243369
1050.0915391915016 5356.273236072244 4266.933504065204
-371.1967448549035 6214.91861820561 3039.0913599215723
-1759.5025691508706 6521.341207390272 1541.212611616139
-3539.390787542772 5954.678364760111 -116.59834293320974
-4424.710881301446 5038.512721015537 -1741.9529055966877
-4916.8759957326065 3674.6531108598406 -3212.5273081634873
-4972.155100588013 1984.2844458546988 -4397.654561456058
-4585.636404812915 117.60339994650344 -5192.03090817409
-3791.6637907362797 -1759.527224140976 -5525.0725238485065
-2660.7852094102477 -3480.316132805481 -5367.18719939757
-1293.48418556454 -4891.86367995444 -4732.403738767077
188.74858453040918 -5868.747671549261 -3677.1254381353992
1654.210214580323 -6324.167677951985 -2295.118405526188
2972.6880076828133 -6217.657633015942 -709.1800306247519
4027.0294258762387 -5558.681421645334 939.7721021830015
4723.551607253007 -4405.791972089903 2505.2213595898593
5000.365499360539 -2861.4285713146646 3848.0707052143034
4832.874973107326 -1062.8146848056765 4849.0020817003
4235.962296771041 830.2349505337102 5419.078343732083
3262.6657811522837 2649.514567092128 5507.645713689664
1999.4670929051938 4233.373187161242 5106.8345920808015
558.6069789366808 5441.078021698827 4252.25880599109
-931.8878165167228 6165.319196230876 3019.85116425865
-2339.5802899502914 6341.744704120152 1519.116494183271
-4058.71357936976 5613.059490851466 -139.58503165218272
-4855.239324814595 4616.80336849259 -1763.7614645152403
-5220.355749382818 3210.3240063352514 -3231.2199511164335
-5121.620656464504 1518.593267940218 -4411.570365085693
-4567.807092357264 -308.0711465481248 -5199.93339225944
-3608.1238226028304 -2107.362087717694 -5526.259517999098
-2327.8429172195315 -3719.4046593873613 -5361.5532339740885
-840.7229530709046 -5000.961804731948 -4720.449416321658
721.098934909987 -5838.1615473667025 -3659.912952677984
2218.8480180335723 -6156.615016167964 -2274.177161925423
3519.4427175007313 -5928.026222922716 -686.3707502736921
4507.31948669797 -5172.706285056194 962.4227146282728
5094.701139456329 -3957.768693714779 2525.700697813014
5229.396238246291 -2391.165985554966 3864.5590901421137
4899.436532440668 -612.097686119515 4860.034447973847
4134.140389904612 1221.358178874104 5423.674417193222
3001.5077313492393 2946.2910098326925 5505.397113041833
1602.1779389637713 4409.432954982497 5097.941115359384
60.487605659305046 5480.777431604301 4237.510677631164
-1486.5773168534943 6065.130781432474 3000.558820186089
-2901.5533210267636 6110.570644942328 1496.9941438319709
-4545.241831276857 5226.224704596574 -162.56930994197575
-5245.780594837247 4158.450571770157 -1785.539565854813
-5480.208731817383 2721.1798565821828 -3249.8567956301476
-5227.696273475643 1042.1203694358155 -4425.409987352065
-4510.680059868358 -729.5360858048692 -5207.746081105919
-3392.8701281483723 -2436.3700583053983 -5527.351081736257
-1973.5887961770788 -3926.721859291609 -5355.82668237363
-378.9454387136718 -5068.167190944707 -4708.413578623835
1249.3688839540932 -5759.283626396976 -3642.6372658806636
2766.671298517508 -5938.662437443977 -2253.196646613644
4038.14282687063 -5590.365029533227 -663.5496173043806
4950.807643958382 -4745.339155835598 985.0567074419105
5423.571475618941 -3478.6690735640773 2546.1364208818413
5414.427180719353 -1902.9039782186253 3880.9807397907507
4924.187269990535 -158.05751365187757 4870.982888565808
3996.411710883156 1600.8330546268085 5428.17683173547
2713.537433299869 3217.4825808617725 5503.053442243769
1189.5534466050162 4548.244660097409 5088.959604656447
-440.12758409002834 5474.875241640465 4222.689373664003
-2030.7013474705616 5915.03913186949 2981.214660854435
-3440.8383845422786 5829.6258375102325 1474.8459425828737
-4995.046410837022 4797.307474985524 -185.55078089771393
-5593.23000606344 3667.229083224285 -1807.2868335394628
-5694.430569765526 2211.301294048788 -3268.437519873615
-5289.655987746991 558.8896807611922 -4439.1731892651605
-4414.872257944182 -1143.1817333090069 -5215.468839799833
-3147.807753675233 -2743.6764336043075 -5528.347196210274
-1601.0467165654522 -4100.383442348143 -5350.007643485358
87.97434738897132 -5092.753388002999 -4696.296433514927
1769.1785045088013 -5632.6098459536515 -3625.2986760692643
3293.183387591059 -5671.984200790149 -2232.1772218936303
4524.574474788573 -5207.37786829376 -640.7170258043745
5353.937264133096 -4280.073159998083 1007.6736897679767
5707.579232192692 -2972.4651686448865 2566.5281759012823
5554.07773817306 -1400.7406026090637 3897.3353705823633
4907.072063448059 295.4459130174659 4881.847214412639
3824.0515015546307 1965.3807627293693 5432.585509608722
2401.247182174474 3460.682906741342 5500.614741767234
765.0815129584278 4648.488187532552 5079.8902150695285
-939.065006188913 5423.254893307094 4207.79515003186
-2559.7714785174603 5716.141602249194 2961.8190203089903
-3953.0310216076123 5501.124044957203 1452.6722729029882
-5404.496354846795 4329.781926955214 -208.5290476630452
-5894.837800817645 3147.1753162594123 -1829.0028920257105
-5861.397039116244 1684.9283675625463 -3286.961802984923
-5307.145428172132 72.96813922142738 -4452.859733154611
-4281.330655910826 -1545.4756285049261 -5223.101534980441
-2875.1008665617105 -3026.597104430543 -5529.24784421971
-1213.4057480462634 -4238.79214562487 -5344.096217795556
556.1057961265271 -5074.35190304749 -4684.09819024029
2276.204899883384 -5459.0332254577925 -3607.897482655837
3794.053209324913 -5358.655489213445 -2211.119250740105
4974.783241189657 -4782.137696680208 -617.8733700591106
5713.481950598042 -3780.705983731302 1030.2732710442806
5944.512715493223 -2443.3419527729375 2586.8756107355975
5647.34743855246 -888.8762668811562 3913.622700096414
4848.390558720271 744.5699760922777 4892.627237903339
3618.6329009342726 2311.8579091983815 5436.900374681559
2067.3438297913394 3673.7271216508793 5498.081053725016
332.3621869824801 4709.169557458768 5070.733103213714
-1432.1512946872165 5326.181612236231 4192.828263936164
-3069.4118489315138 5469.939057203481 2942.372233484112
-4433.941690506199 5127.668412506023 1430.4735176991358
-5770.2883267311145 3827.4345723101687 -231.50371343693422
-6148.231064798974 2602.554090558859 -1850.6873663090107
-5979.876491691818 1146.4252567408641 -3305.429325076815
-5280.183650042099 -411.56849214290077 -4466.469382673845
-4111.323319381853 -1932.9925743611968 -5230.644034842269
-2577.1538695493055 -3282.661783549318 -5530.053010211694
-813.9929887538385 -4340.6520875451115 -5338.092507385894
1021.4947412418159 -5012.956404924592 -4671.819059445731
2766.218180722297 -5239.837546729678 -3590.4339861335548
4265.150995497049 -5001.136127859504 -2190.023096793397
5385.106427015055 -4318.061816904595 -595.0190445450593
6026.57152034244 -3251.3087640155627 1052.8550610091404
6132.5492869139025 -1895.6626593102358 2607.1783740143637
5693.623137093793 -371.5786083466443 3929.842447074561
4748.793585489299 1185.521832614424 4903.322772882668
3382.0128840766884 2637.2834561708214 5441.121352442576
1714.7254961947738 3854.7108711186243 5495.4524218702
-104.9227769729325 4729.630309047499 5061.488427218926
-1915.248200960587 5184.301338376764 4177.788973833133
-3555.3954173645984 5178.3244428595535 2922.8746361973285
-4879.630148339957 4712.2306958917525 1408.250060311328
-6089.473402600518 3294.3335010970795 -254.4743814805348
-6351.432537018481 2037.823555290301 -1872.3398819302402
-6049.03901771975 600.2440437545953 -3323.8397672422143
-5209.161835926131 -890.6697851962849 -4480.001902804133
-3906.4277649802875 -2302.443695092508 -5238.096209137384
-2256.5904440400495 -3509.6353785720403 -5530.762680282186
-406.2451592627972 -4404.980556884267 -5331.99661593166
1480.19679069246 -4908.923881778546 -4659.459253173865
3235.1167600580757 -4976.687777319172 -3572.9084880714277
4702.58240821646 -4602.251124010402 -2168.8891243532066
5752.202972461823 -3818.8842616869156 -572.1544439230596
6290.715059476997 -2696.192773814987 1075.4186697080927
6270.269507109299 -1333.9327259424995 2627.4361151385724
5692.682992410435 146.85309849732562 3945.994331425512
4609.276611908056 1614.5903806814686 4913.933634654401
3116.3157769604054 2938.864222028873 5445.248370001671
1346.4566095032976 4002.007080255793 5492.7288915954105
-543.0411365357003 4709.554046883194 5052.156346727179
-2384.2872944967094 4998.636468907496 4162.677539429293
-4013.67906306925 4843.568104514535 2903.3265651436077
-5286.437833147625 4258.127458386932 1386.0022845061467
-6359.480967789149 2734.7952851121217 -277.4406551240206
-6502.8761637916705 1457.5985794801604 -1893.960064982127
-6068.462275239289 50.88784349536976 -3342.1928115597316
-5094.83888252385 -1360.3445007015878 -4493.4570598586615
-3668.516696763994 -2650.704266237701 -5245.457929177643
-1916.2307034762866 -3705.5373252945296 -5531.376842176223
6.320797055223926 -4431.1171315162255 -5325.808648699986
1928.3106670300147 -4762.972734965458 -4647.018984860454
3678.9616719871997 -4671.617308951435 -3555.3212911091537
5102.72078753095 -4165.168183982189 -2147.7176983722993
6073.080768181228 -3288.6255873266136 -549.279963031189
6503.820871302626 -2119.874175341383 1097.963707500662
6356.667948460999 -762.7626399624929 2647.6484842866957
5644.69718262079 662.1237033057879 3962.0780742298734
4431.170300759144 2028.1774498533366 4924.459639984482
2823.914491804474 3214.018729471277 5449.2813560912855
965.7414877083512 4114.280340486812 5489.9105099320295
-978.241885657384 4648.970088028208 5042.737022889855
-2835.304174538653 4770.578441579099 4147.494221676987
-4440.437244984734 4468.299965257014 2883.728357889505
-5651.017979676013 3768.9934282104327 1363.730574470108
-6578.139529348479 2153.349863887344 -300.40213777347
-6601.419273506895 866.6129110078477 -1915.5475421157676
-6038.133945362898 -497.1264020828203 -3360.4881410991534
-4938.333918259034 -1816.6938527451405 -4506.834621486566
-3399.7412509964247 -2974.840082161384 -5252.729067836915
-1559.066654064018 -3868.6587154069316 -5531.895485288128
420.1378569332975 -4418.730044459431 -5319.528712548003
2362.0112755974756 -4576.177817784299 -4634.498469330731
4094.009626909046 -4327.012109773451 -3537.6726989518866
5462.2372566044305 -3693.3723870293497 -2126.5091844502313
6345.1211354171255 -2731.560319599937 -526.3959968783308
6664.213156242546 -1527.037130519039 1120.489785067007
6391.160592718078 -186.82999109946994 2667.8151324206897
5550.225363384314 1169.9778129192073 3978.0933977449313
4216.128253751019 2422.827953896953 4934.900607104205
2507.4096465978478 3460.3991987656045 5453.2202410676555
575.8966887584791 4190.498789112164 5486.997325549382
-1406.7872171580834 4548.254172345071 5033.2306183648925
-3264.471905246142 4501.877212680435 4132.239282769914
-4832.093938654062 4055.4887065064017 2864.080352867438
-5970.363220317606 3248.7522315402166 1341.4353148030652
-6743.69427520779 1554.7036999538725 -323.35843291766525
-6646.351276732767 269.6804154201577 -1937.101940547033
-5958.450800287869 -1039.305157496623 -3378.725439926915
-4741.115822006742 -2255.943906254273 -4520.134356676924
-3102.5118968962306 -3272.1321388944593 -5259.909499553284
-1188.2361745972876 -3997.577071478497 -5532.318600661694
831.6195463032052 -4367.819738183647 -5313.156915921018
2777.582221012393 -4349.962453289969 -4621.897922795671
4476.744526165801 -3945.591914925674 -3519.963016364981
5778.128434299623 -3190.638219975302 -2105.2639488269824
6566.100274146932 -2152.1823172949307 -503.50294063705456
6770.645289779848 -922.4955710263567 1142.9965134147528
6373.588758928364 389.15895503302954 2687.935711292062
5410.210896812513 1666.2350001418001 3994.040025409506
3966.112054195404 2795.2587533361097 4945.256355713355
2169.6067505669685 3675.9114995055056 5457.064956912001
180.32236598826248 4229.943377471923 5483.9893887539
-1824.9844521401867 4408.126223549198 5023.637297313972
-3668.133392883635 4194.6277099208155 4116.9129861385245
-5185.352584331077 3608.4181164454667 2844.382889369631
-6241.830443115718 2701.5847380418472 1319.1168905115114
-6854.821237331215 943.7015042803371 -346.30914413502325
-6637.398824824131 -328.3442870504474 -1958.6228880629692
-5830.214398986433 -1571.215247561641 -3396.904393111562
-4504.989838324336 -2674.4768381624194 -4533.356035762776
-2779.4771607048183 -3540.0994249441937 -5266.999100331196
-806.9957398220907 -4091.168642349223 -5532.646180990338
1237.1907939863258 -4278.719572083659 -5306.693368850633
3171.4474964266815 -4086.087490986888 -4609.217562848272
4823.907171141417 -3530.3886048163286 -3502.192549168733
6047.741524332304 -2660.9991982526217 -2083.982358376684
6734.207503009715 -1555.1683353215399 -480.6011896369372
6822.309592461851 -311.15394105330023 1165.4835038856472
6304.219535411234 960.5078463540978 2708.0098734478693
5225.9719070275705 2146.824296493684 4009.917681848666
3683.3737409045325 3142.3859867065567 4955.526706983303
1813.491653682712 3858.7328918667813 5460.8154372317085
-217.52712534586334 4232.214445814263 5480.886751488248
-2229.217664685387 4229.645173483962 5013.957225399715
-4042.832431757043 3851.2533659974883 4101.515596445539
-5497.223795589156 3130.6607959951207 2824.6363075424597
-6463.162701013898 2131.895275589975 1296.775687001968
-6910.637943983921 325.28684441986246 -369.25387510033323
-6574.727389300527 -922.6054633188917 -1980.110013028361
-5654.623453361853 -2088.520226854393 -3415.024686729176
-4232.081408685687 -3068.8608029138154 -4546.499430425094
-2433.5003586644334 -3776.5196291605353 -5273.997747743622
-418.6921225354123 -4148.618113372922 -5532.878220617225
1633.3187460809756 -4152.093672301402 -5300.1381829528445
3540.2020764068366 -3786.637487282939 -4596.457608459783
5132.522916323009 -3084.7219441344837 -3484.3616042331037
6268.796571418065 -2108.715319170386 -2062.664780601254
6848.060140981979 -945.3400841532557 -457.69113935770326
6818.843514802709 302.03276589753034 1187.9503681622755
6183.742718331334 1522.5686792493489 2728.037272236699
4999.18924442826 2607.817683767282 4025.726092878527
3370.4358675770886 3461.3506428630762 4965.711483560116
1442.2044729775193 4007.3274074533792 5464.47161726147
-614.1731180562044 4197.23554602478 5477.689467330431
-2615.9787322963043 4014.2008870670643 5004.190569782787
-4385.343156138285 3474.486863262999 4086.0473795813377
-5765.050595795914 2626.0494341235594 2804.8409483805094
-6632.507990509244 1544.275988534116 1274.4120900743103
