-3231.5849818938464 -3688.096837440041 -4894.269809759417
-1281.6696143487175 -4097.489737400434 -5437.552537660018
782.1277229457347 -4142.802692655257 -5497.684860283248
2776.4295797455075 -3820.0094482774903 -5069.323756877682
4524.033484224354 -3157.7916005849206 -4190.530991312644
5869.65716023592 -2214.990111440196 -2939.3911573271266
6693.736038994352 -1075.377030569999 -1427.0735197074505
6923.047095711357 159.78801868069883 212.04586274720668
6537.215036682634 1380.7552012534607 1832.3240397488516
5570.522733548995 2479.0362248504416 3289.7921847971884
4108.86503970315 3357.0440007981847 4454.947857211094
2282.1166556224666 3936.7636851300567 5224.261862295123
252.59219178571797 4166.684639835252 5529.377274618673
-1799.376196773768 4026.377379096714 5343.183250819852
-3691.46211381751 3528.308818759341 4682.223947012209
-5255.545422333919 2716.7345361469756 3605.2284979111696
-6352.650456494738 1663.7664678048202 2207.8926754860668
-6885.294619448663 462.96544747930636 614.3758996665894
-6806.150139846805 -778.9720845451553 -1033.7308709825045
-6122.24935202163 -1951.6945283950697 -2589.9861172915653
-4894.359842220582 -2951.000348526717 -3916.1097311124045
-2871.750205790432 -3961.511011403649 -4904.952396336768
-891.1999034673989 -4194.293380457012 -5441.759138272637
1168.5374212450736 -4054.3943763034363 -5495.041700006338
3124.445068037893 -3554.244639398641 -5060.065692101168
4802.732059134218 -2738.2846687375795 -4175.480641720266
6054.2752303339685 -1679.0160884948477 -2919.885812527538
6767.869478569317 -470.5595605485956 -1404.8463151838905
6880.10882332776 779.7082493690182 235.0199423303563
6381.020306273268 1960.695559636887 1854.003646600503
5314.950132360005 2967.4664650602886 3308.2509907092185
3776.6233149120776 3710.5649525509884 4468.545716273064
1902.7269424957663 4123.963460461447 5231.790545056169
-140.23506874092732 4170.929717194344 5530.167824576384
-2170.7365787085505 3847.2905647309412 5337.165424141222
-4008.3586175373302 3181.802762034643 4669.932454006429
-5489.82040280587 2233.597820820124 3587.755491672133
-6483.487553605071 1086.9279112431614 2186.790709297137
-6901.0683829499785 -156.32031315234707 591.5199758281058
-6705.459001629994 -1385.678791723868 -1056.309903335903
-5914.0401615930305 -2491.9136286995094 -2610.282012048865
-4597.132899860763 -3376.7310041823475 -3932.3191089573334
-2489.0056995606496 -4200.153902563259 -4915.55028156531
-493.81816217001136 -4254.13928557454 -5445.871767669702
1545.2472860147423 -3930.1257240797613 -5492.303648402022
3447.010731631046 -3256.903244927837 -5050.720247396255
5042.492146784511 -2294.290619779586 -4160.35818768859
6189.926006083857 -1127.82020473537 -2900.330045573603
6787.357775699785 138.86198485702798 -1382.5948510206395
6781.70302111579 1393.2056777090909 257.98996346306876
6173.464192092146 2523.756932114285 1875.6512375227721
5016.685977799729 3430.06130777626 3326.652667968712
3414.153199016012 4031.5896836661905 4482.066410090846
1508.2579257351838 4274.893623822463 5239.228882451941
-531.6526831280916 4138.354505440439 5530.862876629928
-2524.323617976099 3634.1044283804026 5331.055432427388
-4292.697321555146 2806.9482248541794 4657.560318102257
-5679.646029922136 1730.3823534602548 3570.22053014693
-6561.9332638144715 500.06441630350093 2165.650980433309
-6861.163930647064 -774.686438738365 568.6538373053962
-6550.750072519693 -1980.603004042873 -1078.8706947633455
-5658.273322955747 -3010.534300705062 -2630.5328310563195
-4263.034157723703 -3772.9664132374255 -3948.460581406737
-2086.6843008636447 -4402.127430485592 -4926.06328243508
-93.00146691047776 -4276.578374789808 -5449.890354832125
1908.944955507916 -3771.036563038866 -5489.470752752442
3741.2732413624713 -2930.4216037405386 -5041.28758414509
5241.17298141477 -1829.425825006475 -4145.163890360277
6275.371501559583 -565.87753341758 -2880.724194164833
6751.975724776579 747.9514603281165 -1360.3195114679436
6628.637274289753 1995.3216844927338 280.95552948671605
5916.315312686737 3065.3988206651825 1897.2664386934432
4678.302772229386 3863.1018193403866 3344.996898805645
3024.6025000658865 4317.551268424092 4495.509705181857
1102.1530225221088 4388.367340046651 5246.576746033247
-918.2275877916547 4069.2577154731916 5531.462418776773
-2857.0196473547094 3388.576685236593 5324.853381188981
-4541.952973426111 2406.80574599286 4645.107752948366
-5823.313845776261 1211.1795541246247 3552.623916138681
-6587.247727737304 -92.06525630152179 2144.4738539467958
-6765.8757414283655 -1387.1296646835551 545.7778789632343
-6343.326003936869 -2558.941515040185 -1101.4128556729845
-5357.143913767927 -3503.3801820556073 -2650.738224611934
-3894.9560774218608 -4136.528145564697 -3964.533869721024
-1668.2739919251846 -4565.8507527775355 -4936.491217401929
307.749176461345 -4261.486945743241 -5453.814830364785
2256.4274799842838 -3578.471322352221 -5486.543061977558
4004.6122997417174 -2577.4928181074642 -5031.767865235972
5396.969742715474 -1347.4927658329354 -4129.898012118596
6309.782739837352 2.2379320604602926 -2861.0685968655666
6661.943850499201 1351.7697798692825 -1338.0206811882924
6422.162014585147 2581.1909505927338 303.91624381958883
5611.742900481401 3581.261977986115 1918.848876849643
4302.695802941795 4263.122162526097 3363.283366442002
2611.3353012412717 4566.185234522172 4508.875369400049
687.9461983692671 4463.5227100571 5253.834008913238
-1296.5699432300353 3964.2566049566713 5531.966440663702
-3165.8801554698703 3112.7489036522697 5318.559377526326
-4753.888022659964 1984.6598021848044 4632.574973582346
-5919.492076942756 680.2249677571327 3534.9659535151554
-6559.123282926082 -684.6508401738755 2123.259695535558
-6615.947600982996 -1988.69241641471 522.8924958359238
-6084.91594108473 -3116.029944224172 -1123.9359967946566
-5013.212796607317 -3966.494537017127 -2670.89784379813
-3496.063695029331 -4464.518683521548 -3980.538696338028
-1237.3878855747707 -4690.072736267079 -4946.8339063906915
704.9391321051224 -4209.067265024634 -5457.645126497735
2584.6292143230635 -3354.0676960972924 -5483.5206266343075
4234.663648389918 -2201.0444932880514 -5022.161255060503
5508.42963378198 -852.4488281255175 -4114.560816582922
6292.7474728672305 571.8906563260471 -2841.3635930992014
6517.927083720788 1945.4151462622337 -1315.6987452498647
6163.960269733876 3146.0809631392553 326.8717099637467
5262.298535686986 4067.2036800924725 1940.398179294244
3893.0584835275836 4626.937501440084 3381.511755097247
2177.903100700974 4775.547620803973 4522.163171939968
269.23146980674517 4499.829376913875 5261.000545769612
-1663.3625586826474 3824.281545709015 5532.374933586997
-3448.159524286734 2808.9295165847693 5312.173530127673
-4926.572384159102 1543.9917731278233 4619.962196426943
-5967.237667792129 141.86358493217767 3517.246947203522
-6477.687697850649 -1272.8698053427925 2102.0088715370616
-6412.56674909089 -2574.503127515919 499.99808312053545
-5777.66110358873 -3647.3805487883687 -1146.4397291866992
-4629.384914184572 -4396.172202035068 -2691.0113404878084
-3069.7675594340662 -4754.344662846999 -3996.474784877796
-797.7332300051615 -4773.881603726577 -4957.0911707982605
1095.1103402255626 -4119.845352625072 -5461.381177087368
2890.6485509146564 -3099.7427622992964 -5480.403498915723
4429.339952452771 -1804.2144245461595 -5012.467919510788
5574.465061377232 -348.37371750750503 -4099.152568604161
6224.274486461326 1138.4215231445573 -2821.6095231423096
6321.029808644652 2524.06301558467 -1293.3540891198104
5856.1338929474805 3685.430432421974 349.8215315119051
4870.894781641624 4519.331182093528 1961.9139739022921
3452.8552934172335 4951.669523477842 3399.681749993795
1728.0144597668507 4944.03029765736 4535.372883340721
-150.3680419003818 4497.092283370419 5268.076232846753
-2015.3896831654552 3650.5678845416005 5532.6878904925825
-3701.335106689374 2479.67450891794 5305.695949267249
-5058.400662942333 1088.4511713045922 4607.269639286352
-5966.005121867187 -399.48582946845926 3499.4672031850714
-6343.503844331897 -1851.9267611785428 2080.721748921934
-6157.354412219619 -3139.815873111198 477.0950361700677
-5424.097019476847 -4148.718565862913 -1168.9236642425915
-4208.884803295845 -4788.989407686153 -2711.078367350285
-2619.6947019553054 -5003.737524502615 -4012.3418601474255
-353.0796967777777 -4816.711681110375 -4967.262833496707
1474.871170422665 -3994.6659796321574 -5465.022917617556
3171.773261765536 -2817.676675560711 -5477.191732650037
4586.849379702853 -1390.3244336952591 -5002.688025976541
5594.36380119661 160.56423544229895 -4083.673534260226
6104.7944484928685 1697.186067636254 -2801.8067281187687
6072.787318591364 3083.0054697423575 -1270.9870986576393
5501.186385444824 4194.886306315183 372.7653121542215
4440.780900392688 4934.033085616568 1983.3958891275606
2985.7925442946716 5234.769372613363 3417.7930373624154
1265.5034177013067 5070.373428446447 4548.504275489921
-567.2312411251022 4455.452554194763 5275.060947957909
-2349.5649149242386 3444.645168071388 5532.905305976152
-3923.129435136557 2127.7659421885337 5299.126746803403
-5148.106688667023 621.825374795207 4594.497521342483
-5915.652070815352 -939.3671059844108 3481.627028489994
-6157.56580606021 -2417.0926970526552 2059.3986952876203
-5852.352797404156 -3680.048994751184 454.18375048661983
-5027.1325600715045 -4616.016789637059 -1191.3874136976829
-3755.2295335686413 -5141.831235707645 -2731.0985778573777
-2149.6578834548127 -5210.771411930893 -4028.139648145762
92.77277789491184 -4818.34719494559 -4977.348718836283
1840.9256663130666 -3834.684925152068 -5468.570285200769
3425.5042305100988 -2510.294071521162 -5473.885383299753
4705.711711248592 -962.8525733915151 -4992.821743342209
5567.796055766943 670.1426012928958 -4068.1239808513737
5935.157286859852 2243.592664980052 -2781.9555499938633
5775.153747006515 3617.6896745395024 -1248.5981601085414
5102.0024528868635 4670.339080546471 395.70265568520017
3975.5158510592387 5308.008363801405 2004.8435540087974
2495.7872196010326 5474.037810121554 3435.8453044477023
794.2969410994752 5153.674974593146 4561.557121627648
-977.7701063334996 4375.385501042021 5281.9545704872735
-2662.957988945295 3208.3238246603064 5533.027176283255
-4111.530368040658 1756.1884969603134 5292.466036176642
-5194.775230781767 148.00811439912502 4581.646063151082
-5816.441517372304 -1473.3234386493361 3463.726731191971
-5921.291450111135 -2963.7437386003885 2038.0400788520576
-5500.008652348064 -4190.822401201628 431.2646217145614
-4590.02594943344 -5045.528102334914 -1213.8305896359
-3272.199297914546 -5451.916489640362 -2751.071626289404
-1663.6233789658559 -5373.878171499818 -4043.867876068103
536.0263253441569 -4778.923094560383 -4987.348652648521
2190.1019308347386 -3641.3585618755033 -5472.023218579165
3649.577368666648 -2180.2433411291317 -5470.484507960687
4784.771841386039 -525.4039316831245 -4982.869241984053
5494.818338372908 1176.1199227901113 -4052.504176895631
5716.626112382235 2773.1403608061564 -2762.056331568389
5430.486569305914 4123.755108038569 -1226.1876600967116
4661.824463248974 5107.956117120528 418.63316601047075
3478.9387955526777 5638.292809300115 2026.2565981762214
1986.9341488000732 5667.6424421329375 3453.838239513407
318.3816834097022 5193.397171943061 4574.531196350352
-1378.4603917466445 4257.695772177932 5288.7569813920745
-2952.820211822504 2943.6794184646487 5533.0534993093725
-4264.808997839859 1368.104230296435 5285.713932407686
-5197.850788593123 -329.0330225601376 4568.71548663805
-5669.040726387415 -1996.9342474246107 3445.766620402942
-5636.511517466724 -3487.399101003812 2016.646268447277
-5103.153524795733 -4667.993240259942 408.3380456336866
-4116.357946626265 -5433.815694968043 -1236.252804496442
-2763.8059005597333 -5716.819779270824 -2770.9971677409994
-1165.6775714660562 -5491.859338335012 -4059.5262723109804
972.9173759683065 -4698.922899047565 -4997.2624622492
2519.379409240707 -3416.4308625252243 -5475.381658125638
3841.9835258876233 -1830.3739511076383 -5466.989165360975
4823.210545992432 -81.68028167035284 -4972.830693767202
5375.8741427749665 1674.2710392413692 -4036.8143921241526
5450.867730336843 3281.4560308990576 -2742.1094164726974
5041.527799319257 4597.069253778745 -1203.7559856186888
4184.225998951811 5504.212699554068 441.5564471536917
2955.137356404133 5922.28269213443 2047.6346518579212
1463.4717913332838 5814.131878009123 3471.7715318478845
-158.2296647377199 5189.369931625211 4587.426275614759
-1765.8717207173227 4103.509693641553 5295.468063204632
-3216.6083249107846 2653.0346114221616 5532.984274599943
-4381.535163582795 966.8257613272796 5278.870552095494
-5157.1433749201115 -805.2898005065015 4555.706015095505
-5474.51676564484 -2505.851829609188 3427.747006267734
-5305.455317220905 -3983.7579269014846 1995.2176335130887
-4664.980881254716 -5107.689649954871 385.4044181524373
-3610.002422057639 -5777.780732882925 -1258.6536710804864
-2234.259405426053 -5934.4906423212105 -2790.874858127245
-659.9926357364593 -5563.895015106029 -4075.1145664768105
1399.7485173538876 -4579.173594028278 -5007.089976441336
2825.9148364504244 -3161.917941437337 -5478.645545844849
4000.986221005318 -1463.7120039013807 -5463.39941586007
4820.552421785065 364.5511685755512 -4962.706272042694
5211.791385243349 2160.4223699181066 -4021.054897476558
5139.939812552979 3764.330562836026 -2722.1151491608553
4611.382031262932 5033.76146575337 -1181.3035240366455
3673.082719778451 5855.920572140185 464.4721032633465
2408.4138895836154 6157.75543740819 2068.977345886161
929.7469161490352 5912.446709197833 3489.644871769423
-631.5321509125465 5141.791144530222 4600.242136741709
-2136.696814932343 3914.264872292323 5302.0877000343835
-3452.006590205877 2338.938988682785 5532.819503350376
-4460.590431058211 555.7881116640962 5271.936013415219
-5072.831237132335 -1276.7469781119073 4542.6178731779855
-5234.32872603404 -2995.837495970826 3409.6681999587104
-4930.733137154351 -4448.7347052964515 1973.7545440906458
-4189.020270872523 -5506.342313105786 362.46413530097914
-3075.0945703109996 -6074.687242210432 -1281.0328025578349
-1687.9332223471008 -6103.269551518807 -2810.7043541895205
-150.79160020472835 -5589.549577417467 -4090.632489378567
1812.9197099817525 -4420.837628189682 -5016.831025518149
3107.066627077636 -2880.090266548465 -5481.814825374235
4125.137039220355 -1083.4342456564711 -5459.715321447692
4776.670922562626 809.4896625349869 -4952.496151644468
5003.7766323601245 2630.48686182334 -4005.2259650962415
4786.274829660357 4217.7537597372175 -2702.073874904578
4143.491504124137 5430.2547267909395 -1158.830663071752
3132.5407750335216 6160.2537310889265 487.37973861959944
1843.2500511523886 6342.887157551437 2090.284311703873
390.17847125678577 5961.927224763686 3507.4579506316027
-1097.562178080024 5051.223894568989 4612.978558420047
-2487.7796113221393 3691.69715441088 5308.615777569897
-3656.946908657267 2004.1469213372584 5532.559188406031
-4501.178424911023 138.51943924891552 5264.910436116197
-4945.460485015272 -1739.4161028992567 4529.451286898539
-4950.316678230039 -3462.7968910029595 3391.5305136703864
-4515.31551047714 -4878.4929791072145 1952.2573708160887
-3679.1087444826003 -5860.713557103974 339.5175932244205
-2515.9970210379884 -6322.184016234219 -1303.3898124736513
-1129.327921003088 -6221.900681074472 -2830.4853135014523
357.68692078688497 -5568.774166039852 -4106.079773044442
2208.9585974916613 -4225.402084011467 -5026.485441265973
3360.4174999887655 -2573.45269690945 -5484.889441984979
4213.288560662558 -692.8407442758925 -5455.936945742758
4691.790443009181 1249.333148968126 -4942.200508886365
4753.406154911206 3080.4983093180895 -3989.3278683257176
4392.660869970043 4637.94767634097 -2681.9859397873392
3641.608389857318 5783.295039022825 -1136.3377907974063
2566.983023370586 6414.771257915239 510.2789576411139
1264.2699502378957 6476.266899781894 2111.5551813709367
-150.77905613070465 5962.317806973747 3525.2104608286377
-1552.430681679094 4918.5906118152625 4625.63532071041
-2816.1420284304777 3437.825055917602 5315.052183080818
-3829.626797520067 1651.5936571549105 5532.203334262166
-4502.832419609616 -281.38908594539606 5257.793941519864
-4775.941620862245 -2189.369173903784 4516.206483624849
-4624.687450226676 -3902.8142028724324 3373.3342606140673
-4062.509504531869 -5269.4770626978625 1930.7264849141354
-3139.359761330086 -6167.923760783378 316.5651881759577
-1937.2641264807296 -6518.32336523569 -1325.7243147550969
-563.0340724499753 -6289.541333495877 -2850.2173944748256
861.2240297522997 -5501.905953077424 -4121.456150722457
2584.5496566774614 -3994.6651208630065 -5036.053056967184
3583.795144550841 -2244.722519353234 -5487.869342582952
4264.6047066049305 -295.32647119639427 -5452.064353992286
4566.485425567665 1680.31062994511 -4931.819521559069
4462.613874777495 3506.644757694245 -3973.360881701839
3962.2194973549217 5021.398110065191 -2661.8516906983764
3109.7645296784895 6089.9782043142 -1113.8252956326098
1980.9933365632703 6617.437009680731 533.1693648919031
676.2021920483216 6556.907496593128 2132.7895875705694
-688.6724846945508 5913.76797791862 3542.9020958006304
-1992.3555889828845 4745.164222262739 4638.212205049041
-3119.0091558816143 3154.9318016485913 5321.396805419851
-3968.5250717340145 1284.3698452678234 5531.75194706386
-4465.420119377431 -700.3140082292426 5250.586652517669
-4565.542993240732 -2622.771888817729 4502.883692075279
-4259.997336599179 -4312.184977239885 3355.0797550124075
-3575.93222191039 -5618.44150672222 1909.1622581916715
-2574.1298365847797 -6425.47485220784 293.60731651003186
-1343.6047188958858 -6661.576559342841 -1348.035923718007
6.305574379093959 -6305.76795533301 -2869.9002563654826
1355.655589698943 -5389.664196084952 -4136.761356885059
2936.5619427234246 -3730.719811546761 -5045.533707403062
3775.290752670209 -1896.8056749538152 -5490.754475709633
4278.568411651665 105.64796985338485 -5448.09761307027
4401.676491069657 2098.7143289106325 -4921.353368927033
4133.676297816988 3905.3007097880354 -3957.3252809510946
3498.3808251636397 5364.883984470884 -2641.671475326702
2552.238863803111 6347.773773727918 -1091.293566335195
1379.3192790779005 6766.636006442844 556.05056508813
83.84112336366489 6584.252935092307 2153.9871636156568
-1219.0866840921385 5816.830095940734 3560.5325500389545
-2413.693289792557 4532.556376026408 4650.708994251555
-3393.832654376377 2845.5451313060908 5327.64953502465
-4072.415094029564 905.6947142000928 5531.205034605909
-4389.14558107894 -1114.6306528383545 5243.288693568943
-4315.881221801326 -3035.9161948960727 4489.483142314936
-3859.1318760338827 -4687.447260138489 3336.767312093988
-3059.481727559538 -5922.478065794115 1887.5650630313314
-1987.9832012771026 -6631.270704937036 270.6443746754847
-739.8436434406101 -6750.845841094125 -1370.3242540735557
574.0342688659209 -6270.57869867099 -2889.533559279206
1836.9067172758203 -5233.143120889569 -4151.9951272337385
3262.0751975800636 -3435.9355151917885 -5054.927228856642
3933.2752591569288 -1532.7713812811082 -5493.544791542994
4254.9865530635325 506.58621631282176 -5444.0367914765175
4198.62361902951 2500.931405470364 -4910.802231725396
3769.1945510884416 4273.057864095173 -3941.221342984831
3004.856006445331 5665.504379489529 -2621.4456421550963
1973.5228190361552 6554.545968109797 -1068.742991995148
766.833468493372 6861.187383312299 578.9221631049425
-507.9924009182922 6558.182189682605 2175.147543455086
-1737.68091622043 5672.4537283911095 3578.10151909147
-2812.968856429281 4282.702860178897 4663.125472516688
-3638.312169233897 2512.41504850784 5333.810263919729
-4140.375479332106 518.8881342250336 5530.562606332692
-4274.548258353142 -1520.744267886755 5235.900190698755
-4028.9086660734383 -3425.2518681205015 4476.005065751704
-3425.282858238646 -5025.410808401496 3318.3972480879197
-2517.3056368430994 -6179.039944703941 1865.9352723850411
-1385.6547626002207 -6783.634265649258 247.67675920869758
-130.8823818545476 -6785.472912603 -1392.5889209348904
1135.5194728867848 -6184.392513714549 -2909.116964177605
2301.0254393169857 -5033.801700223039 -4167.157198703605
3558.404103706548 -3112.936949981221 -5064.233459115562
4056.413152717739 -1155.8253700516775 -5496.240241898365
4193.992091834045 903.9863662630634 -5439.881959335474
3958.916428559746 2883.4749468565037 -4900.166292156848
3372.0736671893283 4606.754124500345 -3925.049345894512
2485.6073623875805 5920.702981774856 -2601.1745404540898
1378.2839355294493 6708.571396541586 -1046.1739620278674
148.49393250010996 6900.353802644925 601.7837639833302
-1094.4904080867607 6479.009491679368 2196.270361680068
-2240.2244728230776 5481.976754713256 3595.608699567799
-3186.9047620858846 3997.846325832143 4675.46142543004
-3850.4145777361755 2158.489706641202 5339.878885718317
-4171.798160888546 127.34180463912416 5529.824673338004
-4122.499169811283 -1915.1209755354266 5228.421271495735
-3706.8980362066577 -3787.416852663705 4462.449695132232
-2961.922744630988 -5323.184121627691 3299.969880218309
-1953.767619010966 -6385.9631209763265 1844.2732597676732
-772.0116664738564 -6881.321272688633 224.7048667268026
478.3409105468483 -6765.243831141544 -1414.8295398238063
1686.1907985009648 -6048.044786413976 -2928.650132883913
2744.2152342818217 -4793.450421006151 -4182.247309467852
3823.120481552255 -2764.5811483580433 -5073.452237474848
4143.673740812171 -769.2819714843562 -5498.840780229263
4096.043403988226 1294.3712844940571 -5435.6331883950115
3684.4616355295093 3243.0139715903665 -4889.4457338885
2945.4992817604425 4903.50063557842 -3908.809568946831
1944.8163906962527 6128.289749437256 -2580.8585202759573
771.3280286325446 6808.553425501983 -1023.5868661674969
-470.6962136924557 6883.847250866281 624.6349729369076
-1670.8970318145807 6347.481038725022 2217.355253530453
-2722.6313160491245 5247.113280831315 3613.0537891445524
-3532.4478597819652 3680.5164813583947 4687.716639967757
-4028.3909092810845 1786.8896408362227 5345.855295624197
-4166.393748188251 -265.51018591028384 5528.991248364868
-3934.19421865108 -2294.3182674663904 5220.85206510987
-3352.424267859799 -4119.26610250824 4448.81726453794
-2472.776708997603 -5578.199067240669 3281.4855266988275
-1373.4120879391003 -6541.48456532538 1822.5793992504573
-152.01377574754548 -6923.53045294873 201.7290939207459
1082.8916275206432 -6690.3902764146405 -1437.0457266773676
2221.5773574920067 -5862.7795635269595 -2948.132728088922
3162.8661900185243 -4514.235158035592 -4197.265198942358
4054.0732469734376 -2393.9324949334987 -5082.583404739689
4194.339773523492 -376.5352863924208 -5501.3463616282
3961.920804639063 1674.3187347424941 -5431.290552025183
3377.4677856593657 3576.4021886688247 -4878.640742048714
2492.911932150605 5160.706613349388 -3892.5022925789767
1386.8499135064208 6286.4596080459405 -2560.4979324486203
157.5601939565932 6853.6330788940095 -1000.9820944601081
-1085.7294402677912 6811.8311740089675 647.4753953587417
-2232.547249079222 6164.768176084488 2238.4018549010093
-3180.993437437728 4969.938472075366 3630.436486570569
-3846.794399320115 3333.5079246066075 4699.89090450022
-4170.7907974437485 1400.8805691779635 5351.7393904335195
-4124.194130000558 -656.2211724852691 5528.062345805314
-3711.1447153789804 -2655.0147831940026 5213.192702250276
-2968.3438067056454 -4417.898679075471 4435.108009380946
-1961.792524444269 -5788.232889692069 3262.94450672719
-780.9273672013405 -6644.257206817862 1800.854065454622
469.32661366074547 -6909.910113275402 178.7498375484955
1677.878865293144 -6561.58718252735 -1459.2370978545437
2737.3442164941343 -5630.238435560667 -2967.5644133566902
3553.5845214223855 -4198.618295700004 -4212.210607790166
4249.4059641280655 -2004.2360631773522 -5091.6268032281905
4208.013354310443 18.97030530020765 -5503.75694282745
3792.720291399895 2040.491078902007 -5426.854125216963
3040.427386519599 3880.7052655957864 -4867.751503223875
2017.9791656512418 5376.101759246782 -3876.1277983937425
816.224640159044 6393.8080189547545 -2540.093128569634
-458.0550265541162 6843.396377414252 -978.3600372570235
-1691.6344940165588 6684.91893599014 670.3046368281676
-2774.904813069937 5932.457110819747 2259.409802347742
-3611.6126620128503 4652.8704371937965 3647.75649167211
-4127.4128766348085 2959.855806437567 4711.984008795717
-4276.474344314685 1003.8449981661411 5357.531068536576
-4045.5522995036567 -1041.3618434936009 5527.037981700129
-3455.165179267882 -2994.0391154177464 5205.443315182947
-2557.7714701115065 -4680.682872812789 4421.322166400023
-1433.1085412405046 -5951.427416119953 3244.3471404797065
-181.10762938704408 -6693.361516095814 1779.0976335448554
1086.9854901151991 -6840.561072033357 155.76749442817072
2258.4951786634438 -6379.946757412921 -1481.4032701428343
3229.3276593446094 -5352.446175461149 -2986.944853130493
3913.2202058219914 -3849.357261996491 -4227.083277925917
4407.571850097515 -1598.889480966527 -5100.582276774105
4184.619088823354 413.77004540790597 -5506.072482199803
3589.8445576088343 2389.664287447923 -5422.3239845809485
2676.0965836774067 4153.22637067919 -4856.778205455201
1524.5656844298203 5547.756064741879 -3859.6863691546623
237.57043367434267 6449.34328652576 -2519.644461000093
-1070.5339926737881 6777.878054824991 -955.72108520806
-2283.5167758117964 6504.1686137250945 693.1223031175986
-3293.599072370625 5652.535248221884 2280.37873309415
-4011.030637627851 4298.649320171804 3665.013505358031
-4372.064528613813 2562.8095357126367 4723.995744023994
-4344.621299743277 599.2528773009889 5363.230229919566
-3931.139402334011 -1417.5500290367895 5525.918173738583
-3168.3585175062485 -3308.3973944788095 5197.604037728442
-2124.055074285719 -4905.279132758552 4407.459973656501
-891.0200164527319 -6066.305293629792 3225.693749105656
421.1860800190106 -6688.313607619719 1757.310479222922
1695.9679449363998 -6716.0359063918095 132.78246143120933
2820.0556153134416 -6147.008942042862 -1503.5438607648873
3693.5689686596666 -5031.793257488972 -3006.273712738487
4238.892510180035 -3469.4806603461802 -4241.882952520379
4527.346109370111 -1181.4135670937158 -5109.449670729499
4124.404446689742 804.4088501399394 -5508.292939759285
3354.9913492701808 2718.7560109485967 -5417.7002083460375
2287.472547330959 4391.5297691201795 -4845.721038235491
1016.7017711534286 5674.0968353945045 -3843.178288781189
-344.407419113309 6452.495497480191 -2499.152282858558
-1674.914498784772 6657.5616183046695 -933.0656292547848
-2856.598074997996 6271.074173114831 715.9280001993494
-3784.4603762734687 5327.374267488016 2301.3082850374813
-4376.056765286231 3910.3137793979913 3682.2072296249676
-4578.8213066945045 2145.8047518790836 4735.925902760002
-4374.737481176634 190.63155544665804 5368.836776166311
-3781.9390322369945 -1781.4800912600053 5524.702941258119
-2853.098703517019 -3595.2994139616044 5189.675005259618
-1670.7480343721177 -5089.660606021114 4393.521670530153
-339.94407041627585 -6131.783117627957 3206.9846547218067
1021.0654160160414 -6629.0697903465625 1735.492978721069
2291.3487593635477 -6537.3345209992585 109.79513547548443
3358.035710023203 -5864.728390841153 -1525.6584873851234
4126.346451350307 -4671.015406220174 -3025.5506583995702
4528.013202301788 -3062.2622043430624 -4256.609376004831
4607.835499202005 -755.4219907908086 -5118.2288319674635
4027.9373350972573 1187.471255866801 -5510.4182771618425
3090.1392624572486 3024.8524703089097 -5412.982876358083
1877.7687554951535 4593.462268417594 -4834.580192505823
498.55025415483516 5753.922785900264 -3826.603842343686
-924.9666251189013 6403.122013181449 -2478.616948014934
-2266.296160601623 6483.375749953328 -910.3940606237624
-3406.2553367380183 5987.553099516004 738.7213342523816
-4243.5537780999 4959.710080242696 2322.1980967550166
-4703.793843748579 3491.1750550106394 3699.3373675624657
-4746.0811841209115 1712.433805371487 4747.774278987358
-4366.658383449881 -218.4647027668777 5374.350610459967
-3599.2388226446415 -2129.9516633478547 5523.392305244024
-2512.011097448008 -3852.183071501461 5181.656354699257
-1201.58016246399 -5232.131108725194 4379.507497715085
215.61644300264106 -6147.181336109507 3188.2201804068345
1613.6545812913248 -6516.027525319527 1713.6455087956112
2868.3124286257616 -6305.8960737890975 86.80591351847019
3868.1081292950457 -5535.458083133388 -1547.7467681162796
4524.205447763531 -4273.170349833585 -3044.7753572290817
4778.307258049632 -2631.192678451869 -4271.2622940754945
4648.485050550088 -324.5902141240855 -5126.919608884733
3896.100906921672 1559.6110003710182 -5512.448457706013
2797.531099956054 3305.2339332430056 -5408.172070078503
1450.38837799631 4757.1723263661515 -4823.355860652296
-25.627716272947932 5786.415081784751 -3809.9633160585886
-1499.366675485992 6301.509463922452 -2458.03881108444
-2839.8803257198147 6256.687076471841 -887.7067708198002
-3928.058146403904 5655.930585257713 761.5019116691916
-4667.210762780752 4552.619840900881 2343.047807510274
-4991.661221167449 3044.7888448369126 3716.403623358118
-4872.580674508955 1266.4149980734044 4759.540668101929
-4320.54995195225 -624.4853788395877 5379.77163758468
-3384.6194057434095 -2459.8974893337568 5521.9862883290625
-2147.9505721766664 -4076.736912818271 5173.54822451772
-720.4269041461878 -5331.340371133626 4365.417697215545
771.1098558590668 -6112.230841271894 3169.4006501957497
2194.1301212113945 -6350.022778079913 1691.7684467203826
3422.1922965126355 -6023.587324439556 63.815192550377006
4346.177668225207 -5161.929702945153 -1569.8083215261097
4883.9860812294055 -3841.611974588703 -3063.947477244622
4987.8308978964815 -2179.9501636535733 -4285.841453697919
4649.0818935482375 107.37601729588769 -5135.521851404312
3730.085649860352 1917.579985233474 -5514.383446333545
2479.6549269711195 3557.3985563219 -5403.2678725828755
1008.8959820340805 4881.126654294702 -4812.048236502712
-551.507798373765 5771.1452285619025 -3793.2569972834253
-2062.907690644002 6148.372223017695 -2437.4182274213504
-3391.009181679231 5979.289363771275 -865.0041516191727
-4417.804625723566 5278.9204048746 784.2693390625526
-5052.05874155609 4109.4962018441865 2363.8570572592685
-5237.41526760674 2574.9252270528727 3733.4057023026676
-4957.404463112197 811.5608459646728 4771.224866915406
-4236.9065168589705 -1023.9142777636115 5385.0997639272555
-3139.940833224834 -2768.41012453878 5520.48491479309
-1763.9776271552741 -4266.920582780966 5165.35075473054
-231.27726782467585 -5386.296422170489 4351.2525123417645
1321.9730916957253 -6027.076187077655 3150.526389074287
2757.760340635616 -6132.323783374776 1669.8621702802152
3948.5084810781136 -5692.687500259372 40.82336958730588
4788.41431523275 -4747.230950798299 -1591.842766643839
5202.848523868842 -3379.962098478903 -3083.0666873717555
5154.98680883451 -1712.3687809903129 -4300.34660311137
4609.756161165735 536.7723665185187 -5144.03541097806
3531.378826334704 2258.256370457875 -5516.2232096300195
2139.222985583113 3779.0843856871925 -5398.270368559516
556.987794737007 4964.124169009539 -4800.657515323179
-1074.738205972145 5708.0797352152795 -3776.4851745118767
-2610.9690006697515 5944.847367451816 -2416.7555531129665
-3915.20374160911 5653.389222557288 -842.2865950629164
-4871.555448517874 4859.60263574858 807.0232232723118
-5395.048075356866 3634.019028738697 2384.6254866567197
-5439.167004921882 2085.536883395552 3750.3433107950873
-4999.992076708337 351.7456337348338 4782.826673658779
-4116.545910375429 -1413.299759093512 5390.334897478737
-2867.326574741498 -3052.767266162548 5518.888210562631
-1363.3326898863781 -4420.983004784548 5157.0640868960445
261.7992873521346 -5396.375002267099 4337.012187705754
1863.6692490221517 -5892.275399196574 3131.5977229733116
3299.944019338764 -5864.621269082747 1647.927057764436
4443.004281971325 -5315.869802744379 17.830841664407366
5191.28411634759 -4294.779976121774 -1613.8497229668699
5478.295575411251 -2892.0801012892753 -3102.1326574496593
5278.536431495476 -1232.4062177727433 -4314.777491833113
4530.978969535795 959.9275105562672 -5152.460140589265
3301.7513566205016 2578.6715600135412 -5517.967715825417
1779.1486461723011 3968.289325049857 -5393.179644308
98.46077084647229 5005.3071690046145 -4789.18389381478
-1590.9757760570485 5597.581505564595 -3759.6481373687657
-3139.047143375705 5692.486160773327 -2396.0511449734395
-4408.200396523937 5281.588439533294 -819.5544934499636
-5285.665699372207 4401.3984075716235 829.7631713721951
-5693.476409069393 3130.1248118784383 2405.35273706224
-5595.3967544110765 1580.7258903233726 3767.2161563476748
-5000.141543129116 -109.12746348824705 4794.345887985822
-3960.601812980392 -1789.2843632709457 5395.476947836038
-2569.145230933589 -3310.455495231916 5517.196203210428
-949.408820610175 -4537.4781287468895 5148.688364112823
754.6867298364285 -5361.3259181279 4322.696969217063
2391.7250524488877 -5708.796371891978 3112.6149787631803
3816.2481082387544 -5549.015215373222 1625.9634879603377
4901.680772282642 -4896.179705516371 -5.161994171035076
5551.577589037447 -3808.297142293641 -1635.8288104672858
5708.192374309291 -2382.0306655414142 -3121.1450582369835
5357.60921713412 -744.1103107864066 -4329.133870662866
4413.5574982622165 1373.2343902156438 -5160.795894755188
3043.2422595582266 2876.035846617078 -5519.616934794668
1402.5215910437855 4123.288896771172 -5387.995787737694
-362.8192756995096 5004.169633691855 -4777.627570110166
-2095.922057590749 5440.407938222292 -3742.746176605086
-3642.792966862584 5393.242122604681 -2375.30536053759
-4865.985734895057 4866.8630765404205 -796.80823933044
-5656.81431635543 3908.0418882487156 852.4887906765885
-5945.010121286874 2601.9740280267674 2426.0384505465563
-5704.965687694779 1064.7093568396951 3784.023947591081
-4958.010016921443 -567.1594131026467 4805.782310976565
-3770.51339827605 -2148.6335802527246 5400.525826203474
-2247.990117568314 -3539.1922246741906 5515.408921954972
-525.7230497724989 -4615.278108444088 5140.22373101738
1243.2568180931949 -5281.2762784643455 4308.3071040786
2901.767861728643 -5478.009874643844 3093.578484248115
4302.444096650991 -5187.998253610857 1603.9718401466052
5320.829292620951 -4437.0102205892135 -28.154740866392117
5866.4354558667965 -3291.774357969557 -1657.7796495983969
5890.7830844309065 -1854.0498979304855 -3140.1035614173948
5391.708784667564 -251.58496809633505 -4343.415491686946
4258.627218593224 1773.1808394045468 -5169.0425295295345
2758.1407861008674 3147.7624956915715 -5521.170838058176
1012.5814408619535 4242.6516405082275 -5382.7188883662075
-822.9502090379945 4960.562568495661 -4765.988743770133
-2585.3591214074186 5237.705743201985 -3725.7795840929684
-4118.0475301781535 5049.455777331746 -2354.518558054751
-5284.829344138643 4412.539506473879 -774.0482254988494
-5982.0308787808235 3383.549736355139 875.1996887472947
-6147.70271813321 2053.916723697792 2446.6822698976735
-5767.124192230446 541.7841966748069 3800.76639427936
-4874.11137324034 -1018.4882338035225 4817.1357451407275
-3548.0123690523874 -2488.263515146399 5405.481445394306
-1906.6568956783071 -3736.9456636039395 5513.526397659999
-95.88658989721802 -4653.583790534349 5131.670333781527
1723.4036601875966 -5156.730575759677 4293.842840782232
3389.561932032337 -5201.6792193893625 3074.488568160506
4754.54275136849 -4784.435837183033 1581.9524940868462
5697.0615822783475 -3942.074334692141 -51.147001370602396
6133.3714904598055 -2749.442228055576 -1679.7018613013483
6024.704425856453 -1312.5101137277916 -3159.0078396052586
5380.71593403586 241.0442840604667 -4357.622108282674
4067.6413414852846 2156.3793346258785 -5177.199902505004
2448.966400695687 3391.4900619386417 -5522.6293987823055
612.6900480922243 4325.252013939175 -5377.34903731787
-1278.0265040302234 4874.696343445384 -4754.267615780171
-3055.1847927426334 4991.002510583912 -3708.7486528206236
-4560.876505162237 4663.836202003305 -2333.6910964825765
-5661.314325021311 3922.2675799666326 -751.2748449873432
-6258.719522833523 2832.188270862166 897.8954734003539
-6300.010025103746 1490.456605038086 2467.2838386270464
-5781.516989504876 16.291329095282688 3817.443207294949
-4749.310797619082 -1459.3215029309567 4828.4059944211085
-3295.1074993576917 -2805.2672152948385 5410.3437198322445
-1548.1194394372797 -3901.952624867372 5511.54866283394
336.42582648738846 -4651.932420283382 5123.028320109917
2191.078181348236 -4988.567605488038 4279.3044291046435
3851.0436244080533 -4881.946666976727 3055.345560155262
5168.826941412651 -4341.5433430344565 1559.9058300229196
6027.337301649305 -3415.3748405144242 -74.13837864094003
6350.292292100329 -2185.735295289068 -1701.5950670116301
6108.995944599526 -761.8835771359309 -3177.8575663513716
5324.888498533924 729.6648403167429 -4371.753475122568
3842.3575810636003 2519.595613317328 -5185.267872815706
2118.446783900822 3605.102747218334 -5523.992591779848
206.30269333788885 4370.280681296162 -5371.886327322149
-1724.1722968726015 4747.139998179957 -4742.464388547015
-3501.447012100445 4702.195093744711 -3691.65367688731
-4967.602794456061 4239.439519986955 -2312.8233354808294
-5992.365268558443 3399.9911404044633 -728.4884910588582
-6484.679791487568 2258.4386273816704 920.5757527127839
-6400.802057394481 916.2139313213509 2487.8428009757363
-5748.184971044726 -507.42039327549503 3834.054098653702
-4584.8164245233775 -1885.9681891520995 4839.592864197006
-3014.066818547662 -3096.939434987447 5415.112565552924
-1175.5041487296107 -4032.7340213293055 5509.475751629388
767.5072233180612 -4610.202492514297 5114.297839237477
2642.32221042395 -4778.034240698987 4264.692120102917
4282.3552734936275 -4521.316678539672 3036.1497908041138
5541.882277706836 -3862.8602880206654 1537.8322286684459
6308.988721395982 -2861.171809027859 -97.12847564999029
6515.51383064811 -1605.255658757257 -1723.4588886656238
6143.106943185662 -206.7054986576521 -3196.65241614855
5224.858045240383 1210.2113521098274 -4385.809348178612
3584.8223516203534 2859.7759197675955 -5193.246301139596
1769.494046551371 3786.748625322721 -5525.260393510454
-203.06156985042716 4377.252097645301 -5366.330852712053
-2157.5742746500086 4578.817511837661 -4730.57926589512
-3920.3770367881702 4373.534896293559 -3674.49495149824
-5334.837094916465 3779.6445122720024 -2291.9156354052298
-6275.273465614436 2849.9161266383408 -705.6895572003759
-6658.124250308551 1666.9601865019326 943.2401350293516
-6449.371476665733 335.88751846052793 2508.3588019205804
-5667.563744720622 -1025.030229614162 3850.5987815098406
-4382.168102363238 -2294.8695435165814 4850.696161287545
-2707.3975932829203 -3360.7996276084327 5419.7879002053605
-792.0629268207605 -4128.107916161037 5507.30769984248
1193.6500066003211 -4528.615700459525 5105.479041926829
3073.3018986881793 -4526.736106269519 4250.006166110241
4679.87743011435 -4122.636143783268 3016.901591589902
5870.625314571049 -3352.221868031139 1515.7320712022126
6539.742377013246 -2283.9479683210775 -120.11689539242698
6627.774630071093 -1012.7352686851191 -1745.2929487071303
6126.900021737227 348.4634038890283 -3215.392064437244
5081.6234590141285 1678.6995738211779 -4399.789484726451
3297.3525378874992 3174.0726494394066 -5201.135049700895
1405.1793610673085 3934.855577607645 -5526.432782081046
-611.85016851175 4346.009319876157 -5360.682709422494
-2574.51412555833 4371.001061925914 -4718.612453063159
-4308.4212044799 4007.610177801333 -3657.272772959477
-5659.506152188384 3288.125542271516 -2270.968357301141
-6507.719141941259 2276.4765226096065 -682.8784371161148
-6777.692727277591 1062.5525737611606 965.888228969342
-6445.43857038067 -245.78383420115108 2528.831487180218
-5540.478911164161 -1532.281269890068 3867.076970160902
-4143.2233866994775 -2682.628790443673 4861.715693955045
-2377.8242820901974 -3594.6129704438113 5424.369643053366
-401.14505510720267 -4187.200013320824 5505.044544912302
1611.1776704181461 -4407.735959789677 5096.572080465702
3480.3401893900837 -4236.625223200554 4235.246820731539
5040.25920931334 -3689.0717434065095 2997.6012949008555
6152.329079675913 -2813.7280499860904 1493.6057392615926
6717.737512257806 -1688.3722714822388 -143.10324089188788
6686.245486570085 -412.99720735751924 -1767.0968700938888
6060.651207295586 899.074471049305 -3234.0761876111574
4896.541471523133 2131.259437180064 -4413.693643349586
2982.5149986963283 3459.8681765550136 -5208.933982272465
1028.7062290103468 4048.1448031540917 -5527.509737246185
-1016.5076035261309 4276.725999002067 -5354.941994988638
-2971.400274619166 4125.301321735792 -4706.564156700472
-4662.270991536974 3607.325518446622 -3639.9874386728584
-5938.878470817459 2768.8230123561816 -2249.9818628974017
-6687.7905356269275 1684.2984308382272 -660.0555247207193
-6842.4630624605725 450.11654231839475 988.5196434333335
-6389.15271854003 -824.0601762903575 2549.260503221357
-5368.138117242315 -2025.0155319071862 3883.4883800527
-3870.1408865415233 -3046.0393708797615 4872.6512719083
-2028.2646542379712 -3796.40924442607 5428.857714976951
-6.1682065125409835 -4209.451496337564 5502.686325920225
2016.4763134302684 -4248.465509925838 5087.577108664282
3859.9480637642337 -3909.984718873396 4220.414338839118
5360.446489529672 -3224.0846268637347 2978.2492340248314
6384.645720768449 -2251.710467094882 1471.453614935939
6841.541161160687 -1079.2619508560288 -166.0871152078299
6690.535645774938 189.08372597943713 -1788.8702763040774
5945.046677329999 1440.6284839813839 -3252.704463022824
4671.3142221966455 2564.1670790876183 -4427.52158394357
2643.1039831192306 3714.7966656291396 -5216.642964178154
643.3826156287909 4125.641788000191 -5528.491240408436
-1413.506120698368 4169.905532426647 -5349.108808544228
-3344.7986351320346 3843.6548709679764 -4694.434584863506
-4978.891112427192 3175.8786066222206 -3622.639247130798
-6170.587264879414 2225.9115909643797 -2228.956514600044
-6813.999659670919 1078.1625621972169 -637.2212141325062
-6851.958281955674 -165.38594165963966 1011.1339876099394
-6281.09034156502 -1394.239178815774 2569.6454972648075
-5152.11996021535 -2499.20814641628 3899.8327277841854
-3565.361110694521 -3382.1115026133857 4883.502706305887
-1661.8042801589402 -3964.499409651436 5433.252038473681
389.4111533767171 -4194.624146222854 5500.233083589238
2406.025697032165 -4052.038119597498 5078.494281852567
4208.854298836443 -3549.4107239695013 4205.508976568217
5637.707725936218 -2731.402609184418 2958.8457431436314
6565.626080913716 -1670.697386010379 1449.276080760059
6910.159745826554 -461.543368354589 -189.06812144238364
6640.695392586128 788.6208030292166 -1810.6127913428843
5781.176111502694 1968.7125552584812 -3271.2765689892035
4407.973962638741 2973.875557400287 -4441.273067720067
2282.1166556224475 3936.7636851300604 -5224.261862295129
252.59219178570837 4166.684639835252 -5529.377274618673
-1799.3761967737637 4026.377379096715 -5343.183250819853
-3691.462113817507 3528.3088187593426 -4682.2239470122095
-5255.5454223339175 2716.734536146977 -3605.2284979111714
-6352.650456494746 1663.7664678048104 -2207.8926754860527
-6885.294619448664 462.9654474793048 -614.3758996665862
-6806.150139846808 -778.9720845451466 1033.730870982494
-6122.249352021633 -1951.6945283950652 2589.9861172915603
-4894.359842220582 -2951.0003485267166 3916.1097311124045
-3231.5849818938505 -3688.0968374400395 4894.269809759416
-1281.6696143487202 -4097.489737400433 5437.552537660017
782.1277229457563 -4142.802692655255 5497.684860283246
2776.4295797455115 -3820.009448277489 5069.32375687768
4524.033484224363 -3157.7916005849165 4190.530991312638
5869.657160235921 -2214.9901114401955 2939.391157327125
6693.736038994347 -1075.3770305700114 1427.0735197074655
6923.047095711357 159.78801868069849 -212.04586274720737
6537.215036682637 1380.7552012534532 -1832.324039748843
5570.522733548992 2479.036224850444 -3289.792184797192
4108.865039703171 3357.0440007981747 -4454.947857211081
1902.7269424957776 4123.963460461445 -5231.790545056166
-140.23506874093647 4170.9297171943435 -5530.167824576384
-2170.7365787085455 3847.2905647309417 -5337.165424141222
-4008.3586175373275 3181.8027620346443 -4669.932454006429
-5489.820402805868 2233.597820820127 -3587.755491672135
-6483.487553605077 1086.9279112431514 -2186.7907092971227
-6901.0683829499785 -156.3203131523479 -591.5199758281027
-6705.4590016299935 -1385.6787917238732 1056.309903335912
-5914.040161593035 -2491.9136286995044 2610.2820120488595
-4597.13289986077 -3376.731004182344 3932.3191089573297
-2871.7502057904367 -3961.511011403648 4904.952396336767
-891.1999034674021 -4194.293380457012 5441.759138272637
1168.5374212450763 -4054.394376303436 5495.041700006338
3124.445068037897 -3554.2446393986397 5060.065692101166
4802.732059134217 -2738.2846687375813 4175.480641720266
6054.275230333968 -1679.0160884948477 2919.885812527536
6767.869478569317 -470.55956054859774 1404.8463151838914
6880.10882332776 779.7082493690152 -235.01994233035452
6381.020306273267 1960.6955596368857 -1854.0036466005035
5314.950132360004 2967.466465060287 -3308.2509907092185
3776.623314912089 3710.564952550984 -4468.545716273058
1508.2579257351879 4274.893623822463 -5239.228882451939
-531.6526831281021 4138.354505440438 -5530.862876629928
-2524.3236179760793 3634.10442838041 -5331.055432427393
-4292.697321555176 2806.9482248541617 -4657.560318102242
-5679.646029922135 1730.3823534602552 -3570.2205301469317
-6561.933263814472 500.06441630349946 -2165.6509804333086
-6861.163930647064 -774.6864387383571 -568.6538373054078
-6550.750072519689 -1980.60300404288 1078.8706947633545
-5658.273322955747 -3010.5343007050624 2630.532831056319
-4263.034157723698 -3772.9664132374282 3948.460581406741
-2489.005699560633 -4200.153902563261 4915.550281565315
-493.81816217001307 -4254.139285574541 5445.871767669702
1545.2472860147407 -3930.125724079762 5492.303648402023
3447.0107316310505 -3256.903244927834 5050.720247396253
5042.492146784506 -2294.290619779589 4160.358187688594
6189.926006083845 -1127.820204735385 2900.3300455736207
6787.357775699783 138.86198485701715 1382.5948510206545
6781.70302111579 1393.2056777090904 -257.989963463067
6173.464192092146 2523.7569321142864 -1875.6512375227728
5016.685977799728 3430.0613077762614 -3326.6526679687126
3414.1531990159997 4031.589683666193 -4482.066410090852
1102.1530225221138 4388.367340046651 -5246.576746033246
-918.2275877916602 4069.2577154731903 -5531.462418776773
-2857.019647354711 3388.5766852365923 -5324.85338118898
-4541.952973426123 2406.8057459928514 -4645.10775294836
-5823.313845776271 1211.1795541246129 -3552.6239161386693
-6587.247727737305 -92.06525630152251 -2144.4738539467953
-6765.8757414283655 -1387.129664683556 -545.7778789632335
-6343.326003936872 -2558.9415150401787 1101.4128556729743
-5357.143913767926 -3503.3801820556087 2650.7382246119355
-3894.9560774218617 -4136.528145564697 3964.5338697210236
-2086.6843008636456 -4402.127430485593 4926.06328243508
-93.00146691047999 -4276.578374789809 5449.890354832124
1908.9449555079138 -3771.0365630388665 5489.470752752442
3741.273241362462 -2930.421603740544 5041.287584145093
5241.172981414766 -1829.4258250064788 4145.163890360281
6275.3715015595735 -565.8775334175958 2880.724194164851
6751.975724776577 747.9514603281046 1360.3195114679586
6628.637274289752 1995.3216844927365 -280.95552948671923
5916.315312686736 3065.3988206651834 -1897.2664386934441
4678.302772229386 3863.1018193403875 -3344.9968988056457
3024.6025000659124 4317.551268424088 -4495.509705181842
687.9461983692491 4463.522710057097 -5253.834008913243
-1296.56994323004 3964.256604956669 -5531.966440663702
-3165.8801554698744 3112.7489036522675 -5318.559377526325
-4753.888022659976 1984.6598021847944 -4632.574973582338
-5919.4920769427645 680.2249677571199 -3534.965953515143
-6559.123282926082 -684.6508401738755 -2123.2596955355575
-6615.947600982996 -1988.69241641471 -522.8924958359231
-6084.915941084735 -3116.0299442241653 1123.9359967946461
-5013.212796607318 -3966.4945370171263 2670.8978437981295
-3496.0636950293447 -4464.518683521545 3980.5386963380192
-1668.273991925186 -4565.8507527775355 4936.491217401929
307.7491764613426 -4261.486945743241 5453.814830364785
2256.4274799842815 -3578.471322352222 5486.543061977559
4004.612299741717 -2577.4928181074642 5031.767865235971
5396.969742715472 -1347.4927658329368 4129.898012118597
6309.782739837348 2.237932060454646 2861.068596865572
6661.943850499201 1351.7697798692718 1338.0206811883052
6422.162014585145 2581.1909505927338 -303.91624381958945
5611.74290048141 3581.261977986108 -1918.8488768496297
4302.695802941801 4263.122162526094 -3363.283366441996
2611.335301241298 4566.18523452217 -4508.875369400034
269.2314698067452 4499.829376913875 -5261.000545769612
-1663.3625586826458 3824.2815457090164 -5532.374933586997
-3448.159524286738 2808.929516584767 -5312.173530127671
-4926.5723841591025 1543.9917731278238 -4619.962196426943
-5967.2376677921375 141.86358493216568 -3517.24694720351
-6477.687697850651 -1272.8698053427918 -2102.0088715370607
-6412.566749090889 -2574.5031275159176 -499.99808312053483
-5777.661103588731 -3647.3805487883687 1146.439729186701
-4629.384914184591 -4396.172202035061 2691.0113404877907
-3069.767559434063 -4754.344662846999 3996.474784877799
-1237.3878855747776 -4690.0727362670805 4946.83390639069
704.939132105128 -4209.067265024632 5457.645126497736
2584.6292143230608 -3354.067696097294 5483.5206266343075
4234.663648389913 -2201.0444932880573 5022.161255060506
5508.429633781988 -852.4488281255066 4114.560816582912
6292.7474728672305 571.8906563260449 2841.3635930992023
6517.92708372079 1945.4151462622285 1315.6987452498702
6163.960269733874 3146.080963139257 -326.87170996375227
5262.2985356870095 4067.203680092456 -1940.3981792942125
3893.058483527586 4626.937501440083 -3381.511755097245
2177.9031007009753 4775.547620803973 -4522.163171939968
-150.36804190038396 4497.092283370419 -5268.076232846753
-2015.3896831654718 3650.5678845415914 -5532.687890492583
-3701.3351066893697 2479.6745089179435 -5305.69594926725
-5058.4006629423375 1088.4511713045858 -4607.269639286349
-5966.005121867186 -399.4858294684569 -3499.467203185075
-6343.503844331897 -1851.9267611785453 -2080.721748921933
-6157.354412219618 -3139.8158731112 -477.0950361700671
-5424.097019476844 -4148.718565862915 1168.923664242593
-4208.884803295857 -4788.989407686149 2711.0783673502715
-2619.694701955289 -5003.737524502615 4012.341860147436
-797.7332300051338 -4773.881603726571 4957.0911707982705
1095.11034022556 -4119.845352625073 5461.381177087368
2890.648550914668 -3099.742762299288 5480.403498915721
4429.339952452768 -1804.2144245461627 5012.467919510791
5574.465061377232 -348.37371750750407 4099.152568604162
6224.274486461327 1138.421523144558 2821.6095231423105
6321.029808644652 2524.0630155846675 1293.3540891198159
5856.133892947481 3685.430432421972 -349.8215315119009
4870.894781641633 4519.331182093523 -1961.9139739022787
3452.855293417225 4951.669523477843 -3399.681749993802
1728.0144597668484 4944.03029765736 -4535.372883340721
-567.2312411251041 4455.452554194763 -5275.06094795791
-2349.5649149242336 3444.645168071392 -5532.905305976152
-3923.1294351365573 2127.7659421885337 -5299.126746803403
-5148.106688667039 621.8253747951826 -4594.497521342469
-5915.652070815353 -939.3671059844127 -3481.627028489993
-6157.56580606021 -2417.092697052652 -2059.3986952876244
-5852.352797404156 -3680.0489947511855 -454.1837504866191
-5027.132560071503 -4616.016789637061 1191.3874136976847
-3755.229533568628 -5141.831235707648 2731.09857785739
-2149.6578834548204 -5210.771411930894 4028.1396481457564
-353.079696777802 -4816.711681110384 4967.262833496697
1474.8711704226623 -3994.665979632159 5465.022917617555
3171.7732617655515 -2817.6766755606986 5477.191732650035
4586.849379702853 -1390.3244336952594 5002.688025976541
5594.363801196606 160.564235442289 4083.6735342602333
6104.794448492869 1697.1860676362544 2801.8067281187696
6072.787318591366 3083.0054697423543 1270.9870986576445
5501.186385444818 4194.886306315189 -372.765312154232
4440.780900392688 4934.033085616568 -1983.395889127561
2985.7925442946585 5234.769372613365 -3417.793037362426
1265.503417701305 5070.373428446447 -4548.504275489922
-977.7701063335003 4375.385501042021 -5281.9545704872735
-2662.9579889452943 3208.323824660307 -5533.027176283255
-4111.530368040658 1756.1884969603136 -5292.466036176642
-5194.775230781773 148.00811439911485 -4581.646063151076
-5816.441517372305 -1473.3234386493375 -3463.7267311919704
-5921.291450111135 -2963.7437386003953 -2038.0400788520503
-5500.008652348064 -4190.822401201628 -431.26462171456075
-4590.025949433439 -5045.528102334915 1213.8305896359016
-3272.1992979145552 -5451.91648964036 2751.0716262893948
-1663.6233789658693 -5373.87817149982 4043.8678760680946
92.77277789491366 -4818.347194945589 4977.348718836283
1840.9256663130636 -3834.6849251520707 5468.570285200769
3425.5042305101056 -2510.294071521155 5473.885383299752
4705.711711248592 -962.8525733915153 4992.821743342209
5567.796055766943 670.1426012928958 4068.1239808513737
5935.157286859852 2243.5926649800517 2781.9555499938638
5775.153747006511 3617.6896745395106 1248.5981601085298
5102.0024528868635 4670.339080546471 -395.70265568520085
3975.5158510592382 5308.008363801406 -2004.843554008798
2495.787219601043 5474.037810121554 -3435.8453044476937
794.296941099471 5153.674974593145 -4561.557121627649
-1378.4603917466425 4257.695772177934 -5288.7569813920745
-2952.8202118225036 2943.6794184646496 -5533.0534993093725
-4264.808997839857 1368.1042302964408 -5285.713932407689
-5197.850788593128 -329.0330225601477 -4568.715486638043
-5669.040726387417 -1996.934247424616 -3445.7666204029374
-5636.511517466725 -3487.3991010038103 -2016.6462684472783
-5103.1535247957345 -4667.993240259941 -408.3380456336883
-4116.357946626266 -5433.815694968043 1236.2528044964413
-2763.805900559743 -5716.819779270824 2770.9971677409903
-1165.6775714660653 -5491.859338335014 4059.5262723109745
536.0263253441587 -4778.923094560382 4987.348652648522
2190.101930834735 -3641.358561875506 5472.023218579164
3649.5773686666544 -2180.2433411291245 5470.484507960686
4784.771841386039 -525.4039316831257 4982.869241984053
5494.818338372907 1176.1199227901045 4052.5041768956357
5716.626112382237 2773.140360806161 2762.0563315683853
5430.486569305911 4123.7551080385765 1226.1876600967
4661.824463248974 5107.956117120528 -418.63316601047137
3478.938795552678 5638.292809300115 -2026.256598176222
1986.9341488000712 5667.642442132938 -3453.8382395134104
318.3816834096918 5193.397171943057 -4574.531196350357
-1765.8717207173204 4103.509693641555 -5295.468063204631
-3216.6083249107915 2653.034611422153 -5532.984274599943
-4381.535163582794 966.8257613272808 -5278.870552095494
-5157.143374920116 -805.2898005065118 -4555.706015095499
-5474.51676564484 -2505.851829609188 -3427.747006267733
-5305.455317220906 -3983.757926901482 -1995.2176335130905
-4664.980881254718 -5107.689649954869 -385.4044181524391
-3610.0024220576483 -5777.780732882921 1258.653671080476
-2234.2594054260544 -5934.49064232121 2790.874858127244
-659.9926357364538 -5563.895015106026 4075.114566476815
972.917375968312 -4698.92289904756 4997.262462249202
2519.379409240704 -3416.430862525227 5475.381658125638
3841.9835258876237 -1830.373951107638 5466.989165360975
4823.210545992439 -81.68028167033866 4972.830693767196
5375.8741427749665 1674.2710392413621 4036.814392124157
5450.867730336845 3281.4560308990426 2742.1094164727106
5041.527799319252 4597.069253778754 1203.7559856186751
4184.225998951811 5504.212699554068 -441.5564471536923
2955.137356404151 5922.2826921344285 -2047.6346518579012
1463.4717913332704 5814.131878009121 -3471.771531847897
-158.2296647377227 5189.36993162521 -4587.426275614761
-2136.6968149323407 3914.2648722923254 -5302.0877000343835
-3452.006590205879 2338.9389886827807 -5532.819503350376
-4460.59043105821 555.7881116640983 -5271.936013415219
-5072.831237132335 -1276.746978111903 -4542.617873177987
-5234.328726034041 -2995.837495970829 -3409.6681999587063
-4930.7331371543505 -4448.734705296454 -1973.7545440906408
-4189.0202708725255 -5506.342313105783 -362.4641353009809
-3075.0945703110096 -6074.68724221043 1281.0328025578247
-1687.9332223471029 -6103.269551518805 2810.7043541895196
-150.79160020471897 -5589.549577417461 4090.632489378574
1399.748517353897 -4579.17359402827 5007.089976441342
2825.9148364504135 -3161.91794143735 5478.645545844848
4000.9862210053175 -1463.7120039013814 5463.39941586007
4820.552421785071 364.5511685755657 4962.706272042688
5211.7913852433485 2160.422369918099 4021.0548974765616
5139.939812552981 3764.3305628360185 2722.1151491608603
4611.382031262931 5033.761465753371 1181.3035240366412
3673.082719778447 5855.920572140186 -464.4721032633546
2408.4138895836372 6157.755437408189 -2068.9773458861387
929.7469161490343 5912.446709197832 -3489.644871769425
-631.5321509125409 5141.791144530224 -4600.242136741707
-2487.7796113221393 3691.69715441088 -5308.615777569897
-3656.9469086572694 2004.1469213372552 -5532.559188406031
-4501.178424911029 138.51943924890267 -5264.9104361161935
-4945.460485015271 -1739.4161028992417 -4529.451286898546
-4950.316678230039 -3462.79689100297 -3391.5305136703764
-4515.3155104771395 -4878.492979107215 -1952.2573708160837
-3679.108744482602 -5860.713557103973 -339.51759322441984
-2515.997021037999 -6322.184016234216 1303.389812473641
-1129.3279210030917 -6221.900681074472 2830.485313501452
357.6869207868886 -5568.77416603985 4106.0797730444465
1812.91970998176 -4420.837628189673 5016.831025518152
3107.066627077634 -2880.090266548468 5481.814825374235
4125.137039220353 -1083.434245656478 5459.715321447692
4776.670922562627 809.4896625349868 4952.496151644467
5003.776632360126 2630.4868618233186 4005.2259650962537
4786.2748296603595 4217.75375973721 2702.073874904583
4143.491504124137 5430.25472679094 1158.830663071748
3132.540775033521 6160.253731088925 -487.3797386196026
1843.2500511523897 6342.887157551436 -2090.2843117038733
390.17847125678577 5961.927224763685 -3507.457950631605
-1097.5621780800188 5051.223894568992 -4612.9785584200445
-2816.14202843048 3437.8250559175995 -5315.052183080818
-3829.62679752007 1651.5936571549041 -5532.203334262165
-4502.832419609617 -281.38908594540106 -5257.7939415198625
-4775.941620862244 -2189.369173903786 -4516.206483624849
-4624.687450226673 -3902.8142028724465 -3373.3342606140573
-4062.5095045318653 -5269.477062697867 -1930.7264849141302
-3139.359761330084 -6167.923760783381 -316.5651881759571
-1937.2641264807364 -6518.323365235691 1325.7243147550869
-563.034072449974 -6289.541333495878 2850.217394474825
861.2240297523033 -5501.905953077422 4121.456150722458
2208.9585974916718 -4225.402084011455 5026.485441265977
3360.417499988765 -2573.452696909451 5484.889441984979
4213.288560662559 -692.8407442758904 5455.936945742758
4691.79044300918 1249.3331489681213 4942.200508886367
4753.406154911207 3080.498309318072 3989.3278683257304
4392.660869970044 4637.947676340967 2681.985939787344
3641.608389857317 5783.295039022826 1136.3377907974068
2566.9830233705816 6414.77125791524 -510.27895764111696
1264.269950237906 6476.266899781896 -2111.555181370923
-150.7790561307022 5962.31780697375 -3525.210460828634
-1552.4306816790981 4918.59061181526 -4625.635320710412
-3119.009155881614 3154.9318016485936 -5321.39680541985
-3968.5250717340173 1284.369845267817 -5531.75194706386
-4465.420119377432 -700.3140082292475 -5250.586652517668
-4565.542993240731 -2622.7718888177396 -4502.883692075274
-4259.997336599174 -4312.184977239897 -3355.0797550123966
-3575.9322219103865 -5618.441506722225 -1909.1622581916665
-2574.1298365847774 -6425.474852207841 -293.60731651003124
-1343.6047188958803 -6661.5765593428405 1348.0359237180114
6.305574379111585 -6305.767955333002 2869.9002563654985
1355.6555896989464 -5389.66419608495 4136.76135688506
2584.5496566774677 -3994.6651208629996 5036.053056967186
3583.795144550846 -2244.722519353224 5487.869342582953
4264.604706604927 -295.32647119640734 5452.064353992288
4566.485425567665 1680.3106299451047 4931.819521559072
4462.613874777494 3506.644757694249 3973.3608817018376
3962.2194973549226 5021.398110065187 2661.851690698381
3109.764529678488 6089.9782043142 1113.8252956326107
1980.993336563259 6617.437009680732 -533.1693648919161
676.2021920483306 6556.907496593131 -2132.7895875705567
-688.6724846945496 5913.767977918624 -3542.9020958006276
-1992.3555889828879 4745.164222262735 -4638.212205049042
-3393.8326543763883 2845.545131306066 -5327.649535024655
-4072.4150940295604 905.694714200108 -5531.2050346059095
-4389.145581078941 -1114.6306528383586 -5243.288693568942
-4315.8812218013245 -3035.916194896082 -4489.483142314932
-3859.13187603388 -4687.447260138494 -3336.767312093984
-3059.481727559527 -5922.478065794125 -1887.5650630313146
-1987.9832012770892 -6631.270704937039 -270.64437467546685
-739.8436434406099 -6750.845841094124 1370.3242540735553
574.0342688659367 -6270.578698670981 2889.533559279223
1836.9067172758328 -5233.1431208895565 4151.995127233749
2936.561942723421 -3730.7198115467677 5045.533707403059
3775.2907526702056 -1896.8056749538246 5490.754475709632
4278.568411651665 105.64796985338924 5448.097613070269
4401.6764910696575 2098.714328910627 4921.353368927037
4133.676297816988 3905.3007097880377 3957.3252809510936
3498.380825163641 5364.88398447088 2641.6714753267065
2552.2388638031107 6347.773773727918 1091.2935663351955
1379.3192790778994 6766.636006442844 -556.0505650881308
83.84112336366346 6584.252935092306 -2153.9871636156577
-1219.086684092136 5816.830095940737 -3560.5325500389513
-2413.6932897925562 4532.5563760264085 -4650.708994251553
-3638.312169233903 2512.415048507821 -5333.810263919732
-4140.375479332109 518.8881342250125 -5530.562606332691
-4274.548258353141 -1520.7442678867592 -5235.900190698753
-4028.908666073436 -3425.2518681205106 -4476.0050657517
-3425.2828582386423 -5025.410808401501 -3318.3972480879147
-2517.305636843103 -6179.039944703937 -1865.9352723850473
-1385.6547626002307 -6783.634265649256 -247.67675920871162
-130.8823818545473 -6785.472912603 1392.58892093489
1135.5194728867884 -6184.392513714546 2909.1169641776087
2301.0254393169857 -5033.801700223039 4167.157198703604
3262.075197580061 -3435.9355151917953 5054.927228856639
3933.275259156929 -1532.7713812811057 5493.544791542994
4254.986553063533 506.5862163128258 5444.0367914765175
4198.62361902951 2500.9314054703577 4910.802231725398
3769.194551088445 4273.0578640951635 3941.2213429848384
3004.8560064453345 5665.504379489523 2621.4456421551035
1973.5228190361552 6554.545968109797 1068.7429919951487
766.8334684933711 6861.187383312299 -578.9221631049431
-507.99240091829347 6558.182189682604 -2175.1475434550866
-1737.6809162204356 5672.453728391104 -3578.1015190914754
-2812.968856429281 4282.702860178898 -4663.125472516688
-3850.4145777361755 2158.4897066412 -5339.878885718317
-4171.798160888546 127.3418046391222 -5529.824673338004
-4122.499169811283 -1915.1209755354305 -5228.421271495734
-3706.898036206658 -3787.416852663702 -4462.449695132233
-2961.9227446309783 -5323.184121627704 -3299.9698802182943
-1953.7676190109628 -6385.963120976329 -1844.2732597676677
-772.0116664738548 -6881.321272688633 -224.70486672679948
478.3409105468509 -6765.243831141544 1414.8295398238106
1686.19079850096 -6048.04478641398 2928.650132883908
2744.215234281821 -4793.450421006152 4182.247309467851
3558.4041037065467 -3112.9369499812237 5064.233459115561
4056.4131527177396 -1155.8253700516757 5496.240241898365
4193.992091834045 903.9863662630606 5439.881959335475
3958.9164285597503 2883.4749468564864 4900.166292156855
3372.0736671893283 4606.754124500347 3925.049345894511
2485.6073623875877 5920.702981774849 2601.174540454099
1378.283935529461 6708.571396541581 1046.1739620278825
148.49393250011008 6900.353802644925 -601.7837639833309
-1094.4904080867605 6479.009491679369 -2196.2703616800686
-2240.224472823075 5481.97675471326 -3595.608699567796
-3186.9047620858837 3997.846325832146 -4675.4614254300395
-4028.390909281084 1786.8896408362207 -5345.855295624197
-4166.393748188251 -265.5101859102857 -5528.991248364868
-3934.194218651081 -2294.3182674663876 -5220.852065109871
-3352.4242678598007 -4119.266102508236 -4448.817264537941
-2472.776708997592 -5578.199067240682 -3281.485526698812
-1373.4120879390969 -6541.4845653253815 -1822.5793992504518
-152.01377574754397 -6923.53045294873 -201.72909392074277
1082.8916275206452 -6690.390276414639 1437.0457266773717
2221.5773574919917 -5862.779563526974 2948.1327280889027
3162.866190018524 -4514.2351580355935 4197.265198942358
3823.120481552254 -2764.581148358046 5073.452237474848
4143.673740812171 -769.2819714843546 5498.840780229263
4096.043403988225 1294.3712844940724 5435.633188395009
3684.461635529513 3243.0139715903542 4889.445733888505
2945.499281760437 4903.500635578429 3908.809568946823
1944.8163906962607 6128.289749437251 2580.858520275967
771.3280286325569 6808.553425501979 1023.5868661675122
-470.6962136924553 6883.847250866281 -624.6349729369083
-1670.8970318145768 6347.481038725024 -2217.355253530449
-2722.6313160491204 5247.11328083132 -3613.053789144548
-3532.447859781964 3680.5164813583965 -4687.716639967755
-4170.7907974437485 1400.8805691779414 -5351.739390433523
-4124.194130000558 -656.22117248527 -5528.062345805314
-3711.1447153789804 -2655.0147831940035 -5213.192702250275
-2968.3438067056463 -4417.89867907547 -4435.108009380945
-1961.7925244442724 -5788.232889692067 -3262.9445067271918
-780.9273672013311 -6644.257206817868 -1800.854065454607
469.3266136607491 -6909.910113275401 -178.74983754848745
1677.8788652931446 -6561.587182527348 1459.2370978545475
2737.3442164941325 -5630.238435560669 2967.5644133566902
3553.584521422383 -4198.618295700006 4212.210607790165
4054.073246973436 -2393.9324949335023 5082.583404739688
4194.339773523492 -376.53528639243683 5501.3463616282
3961.9208046390604 1674.3187347425082 5431.290552025182
3377.4677856593717 3576.402188668812 4878.6407420487185
2492.9119321506 5160.706613349396 3892.5022925789685
1386.849913506425 6286.45960804594 2560.497932448623
157.56019395660726 6853.633078894007 1000.9820944601233
-1085.7294402677894 6811.8311740089675 -647.4753953587425
-2232.547249079221 6164.768176084489 -2238.40185490101
-3180.9934374377235 4969.938472075371 -3630.436486570565
-3846.7943993201175 3333.5079246065975 -4699.890904500226
-4276.4743443146845 1003.844998166119 -5357.53106853658
-4045.552299503657 -1041.361843493602 -5527.037981700129
-3455.1651792678786 -2994.0391154177582 -5205.4433151829435
-2557.7714701115083 -4680.68287281279 -4421.322166400023
-1433.1085412405062 -5951.427416119954 -3244.347140479706
-181.10762938703866 -6693.361516095817 -1779.0976335448456
1086.9854901151994 -6840.561072033357 -155.7674944281676
2258.4951786634574 -6379.946757412911 1481.4032701428575
3229.3276593446103 -5352.446175461147 2986.9448531304965
3913.2202058219905 -3849.357261996493 4227.083277925917
4249.405964128066 -2004.2360631773442 5091.626803228194
4208.013354310444 18.97030530020087 5503.756942827449
3792.7202913998985 2040.4910789019978 5426.854125216965
3040.427386519609 3880.70526559577 4867.7515032238825
2017.9791656512366 5376.1017592467915 3876.1277983937343
816.2246401590488 6393.808018954753 2540.0931285696365
-458.05502655410174 6843.39637741425 978.3600372570388
-1691.6344940165573 6684.918935990141 -670.3046368281682
-2774.904813069936 5932.457110819749 -2259.4098023477422
-3611.6126620128457 4652.870437193806 -3647.7564916721035
-4127.412876634804 2959.8558064375898 -4711.984008795707
-4344.621299743275 599.2528773009802 -5363.230229919569
-3931.1394023340126 -1417.5500290367838 -5525.918173738583
-3168.3585175062494 -3308.3973944788095 -5197.604037728441
-2124.055074285711 -4905.279132758564 -4407.4599736564915
-891.0200164527353 -6066.30529362979 -3225.693749105656
421.18608001901686 -6688.31360761972 -1757.3104792229096
1695.9679449363946 -6716.0359063918095 -132.78246143121112
2820.0556153134594 -6147.008942042847 1503.54386076492
3693.5689686596634 -5031.7932574889755 3006.2737127384867
4238.892510180032 -3469.480660346182 4241.882952520379
4407.571850097515 -1598.8894809665362 5100.582276774103
4184.619088823356 413.7700454078982 5506.072482199803
3589.8445576088375 2389.6642874479157 5422.3239845809485
2676.096583677419 4153.226370679174 4856.778205455208
1524.5656844298312 5547.7560647418695 3859.6863691546696
237.5704336743485 6449.343286525759 2519.644461000096
-1070.5339926737838 6777.8780548249915 955.7210852080608
-2283.516775811803 6504.16861372509 -693.122303117614
-3293.599072370619 5652.535248221889 -2280.378733094146
-4011.0306376278454 4298.649320171816 -3665.013505358024
-4372.0645286138115 2562.809535712647 -4723.9957440239905
-4374.737481176632 190.63155544664681 -5368.836776166314
-3781.939032236995 -1781.480091260003 -5524.702941258119
-2853.0987035170165 -3595.299413961607 -5189.675005259617
-1670.7480343721227 -5089.660606021106 -4393.521670530157
-339.94407041627306 -6131.783117627958 -3206.9846547218062
1021.0654160160439 -6629.0697903465625 -1735.492978721068
2291.348759363548 -6537.3345209992585 -109.79513547548622
3358.035710023204 -5864.728390841152 1525.6584873851227
4126.346451350302 -4671.0154062201855 3025.550658399557
4528.013202301789 -3062.262204343062 4256.60937600483
4527.346109370111 -1181.413567093722 5109.449670729497
4124.404446689743 804.4088501399353 5508.292939759284
3354.9913492701908 2718.756010948575 5417.700208346041
2287.4725473309577 4391.52976912018 4845.721038235491
1016.7017711534227 5674.096835394507 3843.1782887811855
-344.4074191133085 6452.4954974801885 2499.1522828585607
-1674.9144987847735 6657.561618304669 933.0656292547853
-2856.5980749979985 6271.07417311483 -715.9280001993502
-3784.460376273468 5327.374267488019 -2301.3082850374776
-4376.056765286231 3910.3137793979918 -3682.207229624966
-4578.821306694505 2145.804751879059 -4735.925902760012
-4366.658383449881 -218.46470276687702 -5374.350610459966
-3599.238822644645 -2129.951663347847 -5523.392305244025
-2512.0110974480085 -3852.183071501459 -5181.6563546992575
-1201.5801624639832 -5232.131108725199 -4379.507497715082
215.61644300264382 -6147.181336109507 -3188.2201804068336
1613.654581291325 -6516.027525319527 -1713.645508795613
2868.3124286257707 -6305.896073789095 -86.8059135184597
3868.1081292950466 -5535.458083133387 1547.7467681162786
4524.20544776353 -4273.170349833589 3044.775357229075
4778.307258049632 -2631.192678451863 4271.262294075496
4607.835499202006 -755.4219907908138 5118.228831967461
4027.937335097254 1187.4712558668086 5510.418277161843
3090.13926245726 3024.8524703088906 5412.982876358086
1877.7687554951367 4593.46226841761 4834.580192505813
498.55025415482993 5753.922785900266 3826.6038423436835
-924.9666251188837 6403.1220131814425 2478.6169480149547
-2266.2961606016247 6483.375749953327 910.394060623763
-3406.25533673802 5987.553099516003 -738.7213342523822
-4243.553778099897 4959.710080242704 -2322.1980967550044
-4703.793843748581 3491.17505501063 -3699.3373675624716
-4746.081184120912 1712.4338053714828 -4747.77427898736
-4320.54995195225 -624.4853788395867 -5379.77163758468
-3384.6194057434113 -2459.8974893337536 -5521.9862883290625
-2147.9505721766495 -4076.736912818288 -5173.548224517713
-720.4269041461806 -5331.34037113363 -4365.417697215541
771.1098558590742 -6112.230841271897 -3169.4006501957456
2194.130121211399 -6350.022778079911 -1691.7684467203796
3422.1922965126414 -6023.587324439553 -63.815192550371414
4346.177668225208 -5161.929702945153 1569.8083215261088
4883.986081229406 -3841.6119745887017 3063.947477244621
4987.830897896482 -2179.9501636535615 4285.841453697925
4648.485050550091 -324.59021412409 5126.919608884731
3896.100906921679 1559.6110003710053 5512.448457706012
2797.5310999560566 3305.2339332430024 5408.1720700785045
1450.3883779963091 4757.1723263661515 4823.3558606522965
-25.627716272953997 5786.415081784755 3809.963316058586
-1499.3666754859814 6301.50946392245 2458.0388110844538
-2839.8803257198165 6256.687076471841 887.7067708198009
-3928.0581464039064 5655.930585257712 -761.5019116691923
-4667.210762780749 4552.619840900891 -2343.0478075102615
-4991.66122116745 3044.7888448369094 -3716.4036233581187
-4872.580674508955 1266.414998073399 -4759.540668101931
-4236.906516858982 -1023.9142777635869 -5385.09976392725
-3139.9408332248377 -2768.410124538775 -5520.48491479309
-1763.9776271552632 -4266.9205827809765 -5165.350754730535
-231.2772678246721 -5386.296422170491 -4351.252512341761
1321.9730916957433 -6027.076187077661 -3150.526389074271
2757.7603406356216 -6132.323783374776 -1669.8621702802077
3948.5084810781145 -5692.6875002593715 -40.82336958730275
4788.414315232743 -4747.230950798311 1591.8427666438242
5202.84852386884 -3379.962098478924 3083.0666873717387
5154.986808834512 -1712.3687809903274 4300.346603111362
4649.0818935482375 107.37601729588575 5135.521851404311
3730.085649860361 1917.5799852334596 5514.383446333544
2479.6549269711154 3557.3985563219044 5403.267872582875
1008.895982034077 4881.126654294705 4812.048236502709
-551.5077983737633 5771.145228561902 3793.256997283426
-2062.907690643992 6148.3722230176945 2437.41822742136
-3391.0091816792296 5979.289363771275 865.0041516191733
-4417.804625723564 5278.920404874601 -784.2693390625509
-5052.058741556087 4109.496201844199 -2363.8570572592557
-5237.41526760674 2574.925227052882 -3733.4057023026626
-4957.404463112194 811.5608459646623 -4771.224866915412
-4116.545910375435 -1413.2997590935047 -5390.334897478736
-2867.326574741499 -3052.7672661625465 -5518.888210562631
-1363.332689886342 -4420.983004784574 -5157.06408689603
261.7992873521396 -5396.375002267101 -4337.012187705749
1863.6692490221646 -5892.275399196576 -3131.5977229732985
3299.94401933877 -5864.621269082746 -1647.9270577644286
4443.004281971329 -5315.869802744376 -17.830841664399316
5191.284116347588 -4294.779976121775 1613.8497229668692
5478.295575411251 -2892.0801012892775 3102.132657449659
5278.536431495475 -1232.40621777274 4314.777491833116
4609.756161165735 536.7723665185168 5144.035410978059
3531.378826334707 2258.2563704578715 5516.2232096300195
2139.222985583099 3779.0843856872048 5398.2703685595125
556.9877947370127 4964.124169009536 4800.657515323181
-1074.7382059721433 5708.079735215279 3776.4851745118767
-2610.9690006697374 5944.847367451817 2416.7555531129806
-3915.2037416091107 5653.389222557289 842.2865950629148
-4871.555448517872 4859.602635748582 -807.0232232723101
-5395.048075356865 3634.019028738697 -2384.62548665672
-5439.167004921882 2085.536883395559 -3750.3433107950827
-4999.992076708333 351.74563373482886 -4782.826673658782
-3960.6018129803933 -1789.2843632709435 -5395.476947836037
-2569.1452309335855 -3310.455495231919 -5517.1962032104275
-949.4088206101625 -4537.478128746898 -5148.68836411282
754.686729836426 -5361.325918127899 -4322.696969217064
2391.7250524488923 -5708.796371891979 -3112.6149787631753
3816.2481082387703 -5549.015215373219 -1625.9634879603184
4901.680772282645 -4896.179705516368 5.161994171041769
5551.577589037443 -3808.2971422936494 1635.8288104672758
5708.19237430929 -2382.030665541415 3121.145058236983
5357.609217134118 -744.1103107864055 4329.133870662867
4530.978969535795 959.9275105562659 5152.460140589265
3301.7513566205002 2578.671560013542 5517.967715825417
1779.1486461723064 3968.2893250498537 5393.179644308002
98.46077084647833 5005.307169004611 4789.183893814782
-1590.9757760570392 5597.5815055645935 3759.6481373687716
-3139.047143375712 5692.486160773327 2396.0511449734313
-4408.200396523936 5281.588439533294 819.554493449962
-5285.665699372206 4401.398407571627 -829.7631713721933
-5693.476409069394 3130.124811878439 -2405.3527370622405
-5595.396754411072 1580.7258903233605 -3767.2161563476834
-5000.141543129114 -109.12746348825229 -4794.345887985825
-3770.5133982760517 -2148.6335802527224 -5400.525826203473
-2247.9901175683244 -3539.1922246741824 -5515.408921954973
-525.7230497724858 -4615.278108444094 -5140.223731017374
1243.2568180932083 -5281.27627846435 -4308.307104078592
2901.7678617286474 -5478.009874643845 -3093.5784842481107
4302.44409665099 -5187.998253610857 -1603.9718401466046
5320.829292620953 -4437.01022058921 28.15474086639881
5866.435455866795 -3291.7743579695666 1657.7796495983866
5890.783084430907 -1854.0498979304846 3140.1035614173966
5391.708784667563 -251.58496809633402 4343.415491686947
4413.557498262233 1373.234390215621 5160.795894755179
3043.242259558225 2876.0358466170787 5519.616934794668
1402.5215910437894 4123.288896771171 5387.995787737695
-362.8192756995029 5004.169633691853 4777.627570110169
-2095.922057590743 5440.407938222291 3742.7461766050897
-3642.792966862591 5393.24212260468 2375.3053605375817
-4865.985734895057 4866.8630765404205 796.8082393304381
-5656.814316355425 3908.0418882487215 -852.4887906765794
-5945.010121286875 2601.9740280267683 -2426.0384505465568
-5704.9656876947765 1064.709356839684 -3784.0239475910903
-4958.010016921439 -567.1594131026516 -4805.782310976568
-3548.0123690523906 -2488.263515146395 -5405.481445394305
-1906.6568956783049 -3736.945663603941 -5513.526397659998
-95.8865898972069 -4653.583790534354 -5131.6703337815225
1723.403660187592 -5156.730575759678 -4293.842840782233
3389.56193203234 -5201.679219389364 -3074.4885681605006
4754.542751368489 -4784.435837183036 -1581.9524940868455
5697.061582278339 -3942.0743346921527 51.147001370589436
6133.371490459803 -2749.4422280555877 1679.701861301338
6024.704425856453 -1312.5101137277966 3159.0078396052577
5380.715934035863 241.04428406046097 4357.622108282672
4258.627218593219 1773.18083940455 5169.042529529536
2758.140786100868 3147.762495691571 5521.170838058176
1012.58144086196 4242.651640508226 5382.718888366208
-822.9502090379848 4960.56256849566 4765.988743770136
-2585.359121407412 5237.705743201986 3725.7795840929707
-4118.047530178158 5049.455777331746 2354.5185580547427
-5284.829344138636 4412.539506473889 774.0482254988599
-5982.030878780819 3383.5497363551494 -875.1996887472856
-6147.70271813321 2053.9167236977955 -2446.6822698976744
-5767.124192230443 541.7841966748072 -3800.7663942793624
-4874.111373240344 -1018.4882338035152 -4817.135745140725
-3295.107499357695 -2805.267215294835 -5410.343719832244
-1548.1194394372842 -3901.9526248673697 -5511.54866283394
336.4258264874005 -4651.932420283386 -5123.028320109912
2191.0781813482295 -4988.567605488038 -4279.304429104645
3851.0436244080556 -4881.946666976729 -3055.3455601552573
5168.826941412647 -4341.54334303446 -1559.9058300229212
6027.337301649302 -3415.3748405144283 74.13837864093935
6350.292292100327 -2185.735295289076 1701.5950670116251
6108.995944599524 -761.8835771359312 3177.8575663513743
5324.888498533922 729.6648403167412 4371.7534751225685
4067.641341485306 2156.3793346258567 5177.199902504995
2448.9664006956873 3391.490061938641 5522.6293987823055
612.6900480922359 4325.252013939171 5377.349037317871
-1278.0265040302004 4874.69634344538 4754.26761578018
-3055.1847927426325 4991.002510583914 3708.7486528206223
-4560.876505162249 4663.836202003301 2333.6910964825597
-5661.3143250213025 3922.2675799666417 751.2748449873535
-6258.719522833521 2832.1882708621674 -897.8954734003571
-6300.010025103744 1490.456605038089 -2467.283838627047
-5781.516989504874 16.291329095283217 -3817.4432072949517
-4749.310797619086 -1459.32150293095 -4828.405994421106
-3014.066818547663 -3096.939434987447 -5415.112565552924
-1175.504148729606 -4032.7340213293073 -5509.475751629388
767.5072233180778 -4610.2024925143005 -5114.2978392374725
2642.3222104239494 -4778.034240698986 -4264.692120102918
4282.355273493634 -4521.316678539669 -3036.1497908041088
5541.882277706836 -3862.860288020663 -1537.8322286684452
6308.988721395983 -2861.1718090278578 97.12847564998961
6515.513830648111 -1605.255658757255 1723.4588886656236
6143.106943185658 -206.7054986576419 3196.6524161485577
5224.858045240375 1210.2113521098386 4385.809348178619
3842.3575810636107 2519.5956133173213 5185.2678728157025
2118.44678390083 3605.1027472183305 5523.992591779847
206.30269333789113 4370.280681296161 5371.88632732215
-1724.1722968725937 4747.139998179956 4742.46438854702
-3501.4470121004492 4702.195093744709 3691.653676887309
-4967.602794456064 4239.439519986953 2312.823335480828
-5992.365268558446 3399.9911404044587 728.4884910588539
-6484.679791487569 2258.438627381666 -920.575752712787
-6400.802057394479 916.2139313213322 -2487.8428009757545
-5748.1849710447095 -507.42039327552123 -3834.0540986537226
-4584.816424523378 -1885.9681891521 -4839.592864197005
-2707.3975932829158 -3360.799627608436 -5419.787900205361
-792.0629268207628 -4128.107916161037 -5507.30769984248
1193.6500066003266 -4528.615700459526 -5105.479041926828
3073.301898688192 -4526.736106269517 -4250.0061661102345
4679.877430114357 -4122.636143783265 -3016.901591589897
5870.625314571049 -3352.221868031138 -1515.7320712022142
6539.742377013247 -2283.9479683210757 120.1168953924263
6627.774630071092 -1012.7352686851137 1745.2929487071344
6126.900021737223 348.46340388903775 3215.392064437251
5081.623459014118 1678.6995738211879 4399.789484726457
3584.8223516203693 2859.7759197675855 5193.246301139589
1769.4940465513664 3786.7486253227235 5525.260393510454
-203.0615698504249 4377.2520976453 5366.330852712053
-2157.574274650001 4578.817511837661 4730.579265895125
-3920.377036788172 4373.534896293558 3674.4949514982386
-5334.837094916466 3779.6445122719997 2291.9156354052284
-6275.2734656144385 2849.9161266383358 705.6895572003718
-6658.124250308551 1666.9601865019342 -943.2401350293474
-6449.371476665736 335.8875184605335 -2508.358801920572
-5667.563744720621 -1025.0302296141645 -3850.598781509841
-4382.1681023632345 -2294.8695435165855 -4850.6961612875475
-2377.8242820902055 -3594.612970443809 -5424.3696430533655
-401.1450551071869 -4187.200013320827 -5505.0445449123
1611.177670418146 -4407.735959789677 -5096.572080465702
3480.3401893900846 -4236.625223200553 -4235.246820731539
5040.259209313355 -3689.0717434065 -2997.60129490084
6152.329079675914 -2813.7280499860876 -1493.6057392615917
6717.737512257807 -1688.372271482237 143.1032408918872
6686.245486570083 -412.99720735751106 1767.0968700938954
6060.651207295583 899.0744710493109 3234.076187611161
4896.541471523119 2131.2594371800774 4413.693643349596
3297.352537887516 3174.072649439399 5201.13504970089
1405.179361067317 3934.8555776076428 5526.432782081045
-611.8501685117478 4346.009319876156 5360.682709422494
-2574.5141255583326 4371.001061925914 4718.612453063159
-4308.421204479902 4007.610177801331 3657.272772959476
-5659.506152188386 3288.125542271513 2270.9683573011393
-6507.719141941262 2276.4765226096015 682.8784371161106
-6777.692727277592 1062.5525737611538 -965.8882289693476
-6445.438570380669 -245.7838342011576 -2528.8314871802227
-5540.478911164161 -1532.2812698900705 -3867.076970160903
-4143.223386699474 -2682.628790443677 -4861.715693955046
-2028.264654237968 -3796.409244426071 -5428.857714976952
-6.168206512545194 -4209.451496337564 -5502.686325920225
2016.4763134302689 -4248.465509925839 -5087.577108664282
3859.9480637642214 -3909.9847188734007 -4220.414338839126
5360.446489529676 -3224.084626863733 -2978.2492340248273
6384.6457207684425 -2251.710467094892 -1471.4536149359524
6841.541161160688 -1079.2619508560301 166.08711520782919
6690.535645774934 189.08372597944705 1788.8702763040903
5945.046677329997 1440.6284839813864 3252.7044630228274
4671.314222196656 2564.167079087611 4427.521583943563
2982.5149986963474 3459.868176555006 5208.93398227246
1028.706229010357 4048.1448031540895 5527.509737246184
-1016.507603526116 4276.725999002067 5354.941994988641
-2971.4002746191672 4125.301321735793 4706.564156700472
-4662.270991536975 3607.3255184466225 3639.9874386728575
-5938.8784708174635 2768.8230123561784 2249.9818628973953
-6687.790535626926 1684.2984308382302 660.0555247207224
-6842.4630624605725 450.1165423183914 -988.519643433339
-6389.152718540023 -824.0601762903686 -2549.2605032213705
-5368.138117242317 -2025.0155319071844 -3883.4883800526986
-3870.1408865415206 -3046.0393708797633 -4872.651271908302
-1661.8042801589381 -3964.499409651436 -5433.252038473681
389.41115337670664 -4194.624146222854 -5500.233083589239
2406.025697032165 -4052.0381195974983 -5078.494281852567
4208.854298836434 -3549.4107239695063 -4205.508976568223
5637.707725936221 -2731.4026091844153 -2958.845743143626
6565.626080913722 -1670.6973860103692 -1449.2760807600441
6910.159745826554 -461.5433683545904 189.06812144238296
6640.695392586128 788.6208030292153 1810.6127913428836
5781.1761115026975 1968.7125552584769 3271.276568989199
4407.973962638752 2973.8755574002807 4441.273067720061
2643.1039831192506 3714.7966656291333 5216.642964178149
643.3826156288014 4125.64178800019 5528.491240408436
-1413.5061206983473 4169.905532426648 5349.1088085442325
-3344.7986351320365 3843.654870967976 4694.434584863504
-4978.891112427193 3175.87860662222 3622.6392471307963
-6170.587264879413 2225.9115909643824 2228.9565146000464
-6813.999659670918 1078.1625621972196 637.2212141325093
-6851.958281955674 -165.38594165963764 -1011.1339876099378
-6281.090341565012 -1394.2391788157843 -2569.645497264821
-5152.11996021535 -2499.20814641628 -3899.8327277841863
-3565.3611106945045 -3382.1115026133916 -4883.502706305893
