1183.2356519944185 -4108.19891732695 -5451.764099425303
3142.7692746362136 -3715.7912513311726 -4931.021538301455
4823.054055410765 -2993.219226173304 -3972.1360740679334
6074.789317737985 -2004.6865372437082 -2660.308888221414
6786.752890410351 -838.0286520580448 -1112.1015830831604
6895.683685595254 403.09175649113786 534.9208280894397
6391.902724105593 1608.3956935370525 2134.413176224913
5320.173155176066 2670.7866148839485 3544.2535469348472
3775.7228542137914 3495.8664249444014 4639.171436299122
1895.7830081678085 4010.323161791418 5321.87858487969
-152.6054776606028 4168.445086699947 5531.713466514205
-2187.434297100738 3956.182372735227 5250.031331124229
-4027.899979846194 3392.3954935325937 4501.860872580843
-5510.469073234393 2527.1793874471714 3353.6803194176077
-6503.408807170484 1437.4123024430025 1907.5105524904568
-6918.492128850009 219.92482638677257 291.8501020023342
-6718.837063578583 -1017.103935618113 -1349.7425108117557
-5922.183840077388 -2163.758549456242 -2871.404578292795
-4599.318593309582 -3118.1537206771914 -4137.9297480410805
-2867.7837057490397 -3795.4872500237384 -5036.781700670292
-881.4336508711929 -4135.575080984225 -5488.093495642523
1564.774214523783 -3983.9855450058967 -5447.790155926081
3479.507705297744 -3417.64562866694 -4920.548875266553
5085.0716668879395 -2547.6329001301137 -3956.095233566515
6238.8046954056745 -1451.251808313902 -2640.125169326124
6838.19254819317 -225.92062461533013 -1089.568397792624
6829.976984159977 1019.4845980166415 557.8013073769038
6214.887992223855 2174.3041401803725 2155.6079185152844
5047.5789285919 3135.9272177125213 3561.879306364044
3431.7703262192945 3818.9094001609756 4651.662086792463
1511.0338702860638 4162.564723397268 5328.124277326544
-543.9645760849942 4136.357903845299 5531.159243731892
-2550.6293827216878 3742.6175324289948 5242.7264382391195
-4330.659575450856 3016.3291690498627 4488.454381382787
-5725.891660114715 2022.0267220581084 3335.3634554829637
-6612.353143115698 848.058327293385 1885.9108495620508
-6911.278031517038 -401.26377149403606 268.88678847409005
-6596.1055371740085 -1614.9318232671417 -1372.0290437600117
-5694.8401193206855 -2685.1060955314 -2891.0340744057717
-4287.563165471491 -3516.69690781367 -4153.158040446501
-2499.3174087090997 -4035.813767066509 -5046.255688759699
-488.9963321091324 -4196.330862238481 -5490.971373998249
1933.4201771268897 -3824.506825902205 -5443.7221370644575
3787.9402143340935 -3089.105321731271 -4909.991241554478
5305.885140395875 -2079.223253409092 -3939.9860770907167
6352.378887240054 -884.5930745005687 -2619.8958593333464
6834.435892997373 388.6370810501153 -1067.0163972505793
6709.223277233955 1627.3351264437506 580.6721542522281
5987.8667303469 2721.4373044102804 2176.7654366119455
4734.46194714819 3573.7278350490524 3579.4435573509077
3060.379443101337 4108.476964497427 4664.072409889915
1114.3687952809328 4278.169885896017 5334.277960865569
-930.6584103270817 4067.7286384934346 5530.509505925053
-2892.992532050376 3495.8518506276014 5235.331011141883
-4598.271571612368 2613.3532845403483 4474.970381147035
-5894.974002854205 1498.6468106096727 3316.988994703192
-6667.882124275098 250.7789908531601 1864.2785797135634
-6848.319657435429 -1019.3716427661556 245.9188316645619
-6420.2539356768075 -2198.946632486926 -1394.2918837748546
-5421.720476912965 -3183.1355639928765 -2910.6136465917225
-3941.4433609469984 -3884.4889316777108 -4168.314613891297
-2110.9517056215773 -4240.688410984088 -5055.642535399251
-92.892727492717 -4220.0841150199585 -5493.754431315139
2285.928701096742 -3631.086958178107 -5439.560113089163
4065.334541191719 -2732.858020737984 -4899.348819480108
5483.517566875041 -1591.8026552053939 -3923.80888282208
6414.465992721023 -309.3086382469111 -2599.621307573645
6775.460965693378 1000.6688085984076 -1044.4459708970915
6534.426498243167 2221.732440437027 603.5329737693253
5712.77956056568 3245.385395030585 2197.8853651554987
4383.527088811764 3980.6716151364512 3596.9459965865462
2664.778998425152 4362.257693347789 4676.402191283361
709.2535998384257 4356.238032052604 5340.339529231662
-1309.2920936021085 3963.1475045738107 5529.764264313711
-3211.501438792352 3217.9139293272815 5227.845177540711
-4828.354787703985 2186.754579877331 4461.409104722531
-6016.18762484212 961.2924895908774 3298.5572543783833
-6669.455789908511 -349.58465695834326 1842.6141165026193
-6730.113539616871 -1629.3996726098055 222.94662819674699
-6192.771166713463 -2764.4353768472097 -1416.530646409584
-5105.173899118919 -3653.838866326903 -2930.1429567400687
-3563.959526901008 -4218.582737925689 -4183.399206643625
-1706.0717105391868 -4408.487020314354 -5064.942078491849
303.4080642764373 -4206.677884621455 -5496.44261953387
2619.1896556768174 -3405.3474167862555 -5435.3041558722625
4309.213523958849 -2351.8359891647715 -4888.6217928225005
5616.344859965076 -1089.3536130437444 -3907.5639301170722
6424.43930823994 269.9226121458097 -2579.3018641588783
6661.694130790147 1605.2150287103307 -1021.857508490377
6307.028195456472 2797.8770456038183 626.3833711553166
5391.955127019129 3741.9354087142246 2218.967339435711
3997.7831833408136 4353.506389547296 3614.3863218294496
2248.3906598401227 4578.249222620983 4688.651218055531
299.2187593127554 4396.194520949007 5346.308877750409
-1676.540041079471 3823.518643708814 5528.9235317670955
-3503.330901446971 2911.1063557399057 5220.269066704996
-5018.835437106493 1740.029492883672 4447.770786292682
-6088.394419382554 414.34337359106627 3280.0685527976575
-6616.972839017636 -948.1589727610403 1820.9178340428161
-6557.604183798988 -2226.4132334562114 199.97057476697623
-5915.563619277828 -3306.8409079052626 -1438.7449476333381
-4747.899267160473 -4093.441255854627 -2949.6216676082195
-3158.3632293431574 -4516.321384450233 -4198.411558214624
-1288.1927583499828 -4537.906538487487 -5074.1541574479925
696.4392923634215 -4156.278782305287 -5499.035892233363
2930.2547398156944 -3149.193369220853 -5430.954338907908
4517.376895782086 -1949.1918710462855 -4877.810346821701
5703.110290376268 -575.9961212416104 -3891.2514995022498
6382.0973079832365 848.3794116527329 -2558.9378799760752
6494.006972403161 2197.3727107699883 -999.25140010012
6028.895618844861 3351.1198015240298 649.2229518172865
5028.090432179545 4207.105191765633 2240.0109953977294
3580.5173452036706 4689.2708231418155 3631.7642319107244
1814.7995792648458 4754.774163355792 4700.819278683656
-112.17109340838033 4397.794953172877 5352.185903339896
-2029.1748721775748 3650.0523619952733 5527.9873228034285
-3765.8775586665356 2577.9866004634273 5212.6028094630765
-5167.965497786501 1276.8554161725567 4434.055661371278
-6110.857023185103 -137.7299752329507 3261.5232092338692
-6510.77208501936 -1540.0774539209604 1799.1901069971839
-6332.176475046968 -2805.5822923095075 176.99106813806375
-5590.939196967885 -3821.7988319312667 -1460.9344038376478
-4352.922435805658 -4498.431773648002 -2969.049442827349
-2728.1294137366212 -4775.359311233422 -4213.3514093629665
-860.930121058345 -4627.975217696583 -5083.278613188568
1082.7665910055416 -4069.375216532685 -5501.534204631592
3216.363244900678 -2864.797626876843 -5426.510737311071
4687.920789531623 -1528.2725647064399 -4866.914668175554
5742.9359994111355 -55.953778448200424 -3874.8718726694124
6287.666143283449 1421.3367465742892 -2538.5297066814496
6273.709557356636 2772.335264230072 -976.6280361007135
5702.306345537768 3876.9996274660875 672.0513213491058
4624.228190758639 4637.175559869117 2261.0159696484197
3135.2670681394466 4985.31809386801 3649.0794267393076
1367.7237076231484 4890.493237518624 4712.906163043113
-521.3479064720963 4361.126595439626 5357.9705045124965
-2364.095471179686 3444.2547168669844 5526.955653589667
-3996.7827786108755 2221.3456918378356 5204.846538200005
-5274.338396570143 801.0603538739052 4420.263966798462
-6083.245901941356 -690.4027119272179 3242.921543937934
-6351.630313040129 -2120.5204669911795 1777.4313105717522
-6055.644497154767 -3362.2206728121846 154.00850513243574
-5221.588092939047 -4305.172816991428 -1483.0986318430823
-3923.5706721037595 -4865.591463441269 -2988.425946908215
-2276.926778745759 -4993.680956067905 -4228.218502099289
-427.96794896760593 -4678.0599813399795 -5092.315288147565
1459.0177111826918 -3946.77284794192 -5503.937513586361
3474.966235439847 -2554.582266999275 -5421.973427816243
4819.254780024006 -1092.5913797247097 -4855.934945036494
5735.33138845178 466.4810463966931 -3858.4253324707443
6141.798633928381 1984.1045844274117 -2518.0776966942776
6002.540117941073 3325.4317230321944 -953.9878071645655
5329.929570761269 4371.279659628811 694.8680855382452
4183.731391208655 5028.720215422588 2281.981899462625
2665.790317544358 5239.336911900885 3666.3316073071187
910.9820755381156 4984.415531305459 4724.911662411134
-924.7709216586749 4286.606957006266 5363.66258137661
-2678.353964175751 3207.9145431122765 5525.828541941231
-4193.953503213039 1844.1848443616561 5197.00038685523
-5336.901868628039 316.5912291176166 4406.39594073659
-6005.643082407346 -1239.132906171248 3224.263878133418
-6140.756552984189 -2684.7546449015927 1755.6418205091309
-5730.236855562118 -3891.824151580746 131.02328262536128
-4810.560466793106 -4753.088003402962 -1505.237248905869
-3463.444669752627 -5192.019127539684 -3007.7508452469506
-1808.5866147280321 -5169.616567393848 -4243.012579690662
6.972297866758829 -4687.8708887464345 -5101.264026274835
1821.9116911986882 -3789.587309251343 -5506.245777596044
3703.7489379799613 -2221.198080309983 -5417.3424887761275
4910.116313587601 -645.7987089209222 -4844.871367008265
5680.198307042461 986.9827117967276 -3841.9121629139167
5945.569753776902 2532.066387268949 -2497.5822031908383
5682.651236185153 3852.1648524420066 -931.3311042552805
4914.804218354158 4829.98156552857 717.6728503725801
3710.2552774593273 5378.633220492945 2302.908422789419
2176.0338729751325 5449.369710073406 3683.520475694261
448.46230950974336 5035.9057867487645 4736.835569470304
-1318.9570982000305 4174.979534562946 5369.262035638406
-2969.1813795868284 2943.0880291353064 5524.606007321688
-4355.580865359482 1449.690236789898 5189.064490920301
-5354.967877093138 -172.51889495510218 4392.451822666202
-5878.542493057608 -1779.398965796651 3205.550534010874
-5879.782810955087 -3228.171629763415 1733.8220130818697
-5358.578623097342 -4390.107077827839 108.03579753796163
-4361.241208842437 -5161.962246359674 -1527.3498727244844
-2976.388374190071 -5475.15441640425 -3027.023804130846
-1327.070370825669 -5301.855089231902 -4257.733386665018
440.16365873899383 -4657.462670573462 -5110.1246730387875
2168.2872155982855 -3599.2342546962936 -5508.458956800297
3900.6511436724863 -1867.5020181963062 -5412.618000160257
4959.582396540617 -191.65146020257046 -4833.724125142664
5577.832988707261 1501.2281710787536 -3825.3326491572093
5700.46864191037 3060.7170913284153 -2477.043580098305
5316.592640185143 4348.247866277827 -908.6583186209564
4460.314050896963 5249.417736336981 740.4652220472021
3207.7169844207615 5684.153803832303 2323.7951782583805
1670.1001870446516 5613.827861359012 3700.645735074121
-15.912341064318783 5044.688677526182 4748.6776783122
-1700.5109878395804 4027.306766443521 5374.7687706034985
-3234.011770775727 2652.080975617719 5523.28807084242
-4480.156415651569 1041.2061516425995 5181.038987436522
-5328.219502154163 -662.1844081638973 4378.431853381782
-5702.846903384202 -2306.736977356615 3186.7818347223633
-5570.751330717133 -3746.325843162696 1711.97226508614
-4943.670055476296 -4853.037217323607 85.04644683046378
-3877.3220008676813 -5528.5349375222795 -1549.4361214462945
-2466.4568711346274 -5712.798066946128 -3046.244490744123
-836.436224533574 -5389.454017920427 -4272.380668815566
867.9054512572106 -4587.233328173093 -5118.897075429002
2495.1299189634433 -3377.416826475696 -5510.577012980753
4063.8854467004553 -1496.5328306779975 -5407.800043553636
4967.0784370641895 266.0184958666431 -4822.493411936234
5428.92471063007 2004.9329116505708 -3808.6870775045472
5408.387199212794 3565.700239731191 -2456.4621820886387
4907.290750829161 4809.639453693937 -885.9698417874138
3970.1599839436026 5626.221095440877 763.2448069712319
2680.263079724546 5942.888302593287 2344.6418051858013
1152.213038731157 5731.50380412453 3717.7070897185417
-478.21618715714254 5010.850040369137 4760.43778444095
-2066.1538061993265 3844.9602607737547 5380.182691178638
-3470.504592394089 2337.428888678422 5521.874755262261
-4566.485815496078 622.2067021862957 5172.924014992597
-5256.7147341983145 -1148.3012803042216 4364.336274987709
-5479.861480054383 -2816.7776548025454 3167.958104375879
-5216.098485431607 -4234.970973446526 1690.0929538350945
-4488.862249907061 -5276.868536235771 62.05562749530635
-3362.770904430742 -5849.893172424322 -1571.495613674091
-1937.882606818701 -5903.1291284096205 -3065.4125731736326
-340.8049353330753 -5431.846155880228 -4286.954173205187
1286.554750254716 -4477.919815136645 -5127.581081958936
2799.5984003298436 -3126.11064779074 -5512.599909561685
4191.953159117193 -1111.4851020815772 -5402.8887021553255
4932.384158800885 723.3365980437572 -4811.17942132697
5234.551180563747 2493.886667122488 -3791.9757354006006
5071.605358484033 4042.8439615860243 -2435.838364572458
4458.025143929476 5232.576828334149 -863.2660655514454
3448.329831615673 5957.372281099588 786.0112117745423
2132.2352810166058 6152.829063191678 2365.447943580966
626.6822685388044 5801.579981773581 3734.7042450028994
-934.5542136485257 4934.835059160488 4772.115684776707
-2412.751452729538 3629.6083853740465 5385.503703873341
-3676.5651370501987 2001.8750782730572 5520.366084987105
-4613.699874603589 196.26638538342834 5164.719713722218
-5140.887131410033 -1626.781437148359 4350.165330893966
-5211.284006179112 -3305.2825899767645 3149.0796680296667
-4818.635427655996 -4690.094879692004 1668.1844571524252
-3997.8299451523726 -5658.17165720423 39.06373655028906
-2821.7997278342073 -6123.495052496532 -1593.5279684727402
-1395.0402214338292 -6044.719039859087 -3084.527720414656
155.67473067411652 -5428.843213717578 -4301.453648170778
1692.5572997943623 -4330.590843951224 -5136.176542668506
3079.0487251625 -2847.5464732149185 -5514.527611610629
4283.657762365728 -715.6819053134037 -5397.884060776999
4855.636529093416 1176.418314541279 -4799.782348690935
4996.170681601217 2963.9886045222192 -3775.1989114257826
4692.773143714846 4488.195499741619 -2415.1724836928984
3972.4021181136654 5613.606528687439 -840.5473819740237
2899.0657317185282 6240.223982652882 808.764043314661
1568.1346327197841 6312.370150987724 2386.2132341522956
97.8678899583994 5823.63453002717 3751.6369074112
-1381.0948443119712 4817.443424474491 4783.711177659239
-2737.3412408302906 3383.2013296550285 5390.731716801504
-3850.3628554766856 1648.3469497612004 5518.762086069478
-4621.2628333748935 -232.97029027035552 5156.426225301664
-4981.543328449824 -2093.587097638095 4335.919265812026
-4899.191837649168 -3768.179503825046 3130.1468516866994
-4381.5256523241205 -5107.952624713769 1646.2471533657895
-3474.541684781466 -5993.861739015774 16.071171031716705
-2258.829440770926 -6347.189934177243 -1615.5328053757212
-842.410288238158 -6136.542449502817 -3103.5896023765804
648.8607152612243 -5380.636238417084 -4315.878843327637
2082.4775967312976 -4146.636885014782 -5144.683309126686
3331.0572049293814 -2544.190647162678 -5516.360085838992
4338.115776680134 -312.5463077116873 -5392.786205841492
4737.3296698921995 1621.4020355560676 -4788.302390838873
4715.611032505507 3411.281692559019 -3758.356895291289
4274.889660762532 4898.0540010149825 -2394.464896319485
3454.3255826165273 5949.612716724809 -817.8141833735823
2326.829517396912 6472.522233108272 831.5029086834894
992.5844384334217 6420.319744884093 2406.937318313632
-429.8561237699243 5797.643672217838 3768.504784541148
-1814.1020829838117 4659.821516734813 4795.224062851351
-3037.1571110687023 3107.9537702000084 5395.866639683002
-3990.3474014906824 1279.930692152472 5517.062786208093
-4588.977813939084 -661.8198447761598 5148.043692947341
-4779.857409221555 -2544.7647841478615 4321.598325750583
-4546.025697635947 -4201.596204931727 3111.1599822889975
-3908.259652910203 -5485.097364506153 1624.281421300334
-2923.227586908408 -6281.223552290888 -6.921672012458347
-1678.4539214368162 -6519.235462759044 -1637.5097443917086
-284.5422592718502 -6177.984693167447 -3122.5978898886024
1134.652231322554 -5287.792871948649 -4330.229509573755
2453.027891824644 -3927.7574489604062 -5153.101234434071
3553.4412592025246 -2218.723539952362 -5518.097300602627
4354.764951539271 94.42802843122087 -5387.595225381294
4578.311744793636 2054.481860373849 -4776.739746012862
4395.0554479329185 3831.9859630771243 -3741.4499778340773
3821.2791871402087 5269.001296567572 -2373.715960041948
2907.9655011625864 6237.842742226653 -795.0668623191751
1736.2663190102644 6652.424485916899 854.227415214104
410.2922549346295 6475.909120349423 2427.619838190357
-952.1380765298438 5723.980810379814 3785.3075851092
-2229.966761505525 4463.4516861319 4806.65414154237
-3309.653113673481 2806.3252920360774 5400.9083838452225
-4095.2622625180834 899.8445803871631 5515.268214747372
-4516.989387575536 -1086.5912711320777 5139.572261413309
-4537.362183065466 -2976.4787197839523 4307.202758011309
-4154.570436704056 -4601.892972121328 3092.119387712021
-3402.6268750094277 -5818.4088388110395 1602.2876402720926
-2348.3449832881297 -6517.933546505758 -29.914395529487212
-1085.4023342594494 -6638.311255113208 -1659.4584060111317
273.9830753778731 -6168.845876954727 -3141.552254705419
1609.0238864129449 -5151.251471094581 -4344.505399094131
2801.095864055202 -3675.945766132942 -5161.430173225412
3744.278181769426 -1874.0161482280912 -5519.7392259023745
4333.369703162765 501.7068995388035 -5382.3112090370405
4379.778841208807 2471.9400015178035 -4765.094613882851
4037.0254088705797 4222.530386431931 -3724.4784510118857
3335.5645527599972 5597.930416242193 -2352.9260331640426
2337.7241482527465 6475.929762456331 -772.305811623748
1132.1666942397967 6778.514330126552 876.9371704875375
-173.98873898807508 6478.7981525448495 2448.260436625635
-1464.6845092198494 5603.412327372138 3802.0450189555786
-2625.2366331453354 4230.13872674244 4818.001216351565
-3552.5249615546486 2480.9987365836373 5405.8568622246285
-4164.155857130819 511.4111209957603 5513.378402676939
-4405.7832307039325 -1503.6176169833407 5131.0120769888
-4255.937429767748 -3385.0433311762527 4292.732811184576
-3727.9329113229182 -4965.693090376149 3073.025396758962
-2868.685193942923 -6105.119226910937 1580.2661900814724
-1754.54220806348 -6702.078728260247 -52.906602468703866
-484.50044731594363 -6703.529123015575 -1681.378411212729
828.5913043708182 -6109.341537237952 -3160.4523695128914
2068.0590824511874 -4972.312145472985 -4358.706265365052
3123.770735527955 -3393.4709989503135 -5169.669981672125
3901.9216503109856 -1513.105062168714 -5521.285833384591
4274.023748515598 905.7460115656502 -5376.934248055964
4143.265892089794 2870.1785310392033 -4753.3671955432355
3644.3606787289254 4579.583092458908 -3707.442607898132
2821.6380260495744 5882.071598944256 -2332.0954746973753
1748.2004522011846 6661.912230817364 -749.5314243373207
519.4275963234144 6849.812725662051 899.6317823395598
-755.4986809581649 6429.077299923635 2468.858757186537
-1963.295584985258 5437.090142545973 3818.716797049286
-2996.6450605056443 3961.9936657260128 4829.265091331562
-3763.7294718398553 2134.856664783477 5410.711989368239
-4196.390002746357 118.02828051077361 5511.393382631081
-4256.182866354641 -1909.2874344439015 5122.363287495663
-3937.795204336452 -3766.9545820783255 4278.188735145225
-3269.517157683341 -5289.911284087201 3053.878339155096
-2310.7281635303452 -6342.836154111618 1558.2174510066868
-1146.6208315841573 -6832.172196765222 -75.89789578831726
119.3687931109405 -6714.439757242386 -1703.2693814701217
1374.7519766967896 -6000.09987945502 -3179.2979079337124
2507.98241415345 -4752.624796373455 -4372.8318631583315
3418.36760801304 -3082.858143583707 -5177.8205174847835
4025.0158386415023 -1139.1660158364293 -5522.737096341628
4177.149909221422 1303.0215671900426 -5371.464435290309
3870.6347067433376 3245.7501990041796 -4741.55769350936
3220.1966245704702 4900.079681896665 -3690.3427426768912
2283.6299407043866 6119.015581407131 -2311.224644355192
1144.1527150617987 6794.250093651979 -726.7440937402571
-96.98750034553036 6865.785669000416 922.310858867441
-1329.5099507245243 6327.266057654022 2489.4144441702283
-2443.8996075233144 5226.541090335325 3835.3226314931285
-3341.138059316886 3661.4150108425365 4840.445571971727
-3941.5017321972805 1770.9561397812654 5415.473681435119
-4191.645679176491 -276.8599560125654 5509.313188888188
-4069.343512826789 -2300.075829734792 5113.626042285836
-3585.4623173425543 -4118.919872268567 4263.5707810481135
-2782.997060420226 -5571.779808569117 3034.6785455420863
-1733.2503016981066 -6529.562657525367 1536.1418037971791
-529.496647426459 -6907.165209846723 -98.8878784623574
721.3051076268179 -6671.035821677931 -1725.130938758238
1908.0157384721026 -5842.155625394549 -3198.0885445329914
2925.19079776499 -4494.174263917182 -4386.881948545578
3682.449817688085 -2746.8657967318504 -5185.881639915556
4112.507011144738 -755.4862490849072 -5524.092989712298
4043.497082972384 1690.0607271167285 -5365.901865195734
3564.0592048268622 3595.388061473443 -4729.666311714042
2767.939025716265 5181.249388467625 -3673.1791506378113
1725.8753172704237 6306.73396975803 -2290.313902546197
530.4600130060512 6871.837561189249 -703.944213336375
-712.088991299354 6826.348228746383 944.9740084367093
-1891.3657637767437 6174.307899243613 2509.9271426100595
-2902.5863880206166 4973.653217389128 3851.862235528649
-3655.899473898305 3331.0676206519665 4851.542465201526
-4084.369847869538 1392.5020476704083 5420.141856197811
-4149.926036895711 -669.793443141237 5507.137857370162
-3846.743085893252 -2672.57484718969 5104.8004922387545
-3201.7601305551875 -4437.886247663809 4248.879201323948
-2272.2867369243954 -5808.871979689961 3015.4263474722566
-1140.9106949517666 -6663.7139445058565 1514.0396296670842
91.8402690714343 -6926.455682125422 -121.87615348747255
1316.4308221532797 -6573.751436138033 -1746.962705560009
2424.0507196252756 -5636.940526616769 -3216.8239548239503
3316.2830728871995 -4199.262713999553 -4400.856278902378
3913.8491218545455 -2388.46198108256 -5193.853209760663
4163.652500701132 -365.43591955366253 -5525.353490082307
3874.1344042591227 2063.4716839619837 -5360.246633829685
3226.007971441677 3916.0336647462664 -4717.693255504033
2291.2365732588437 5420.638869187149 -3655.952128171006
1152.8787506158565 6443.596522018904 -2269.363610368306
-87.91740834438593 6894.0123466116775 -681.132176846248
-1320.9017197540625 6731.864920333138 967.620839687956
-2436.5181166818625 5971.561753580383 2530.3964982817615
-3335.6391864588345 4680.659119254898 3868.335323541093
-3938.3740763074807 2973.8593814493815 4862.55557939385
-4191.167146206241 1002.8191870351569 5424.716433043772
-4071.5566225305042 -1057.3258929466456 5504.867425641796
-3590.1704252109907 -3023.5229273419004 5095.886789758752
-2789.781830408067 -4721.066681131015 4234.114249674796
-1741.5088772174731 -5999.122942241745 2996.122077402898
-538.495217800288 -6744.130803216879 1491.9113102885913
712.3661048658047 -6889.893046195646 -144.86232388981918
1899.9305729473956 -6423.458056222312 -1768.7643048727616
2918.6778719146337 -5386.270629072234 -3235.5038152734746
3678.0878335553757 -3870.489419269772 -4414.754612912503
4110.683550162126 -2010.7982392021263 -5201.735089362748
4178.026993899337 27.5611886613596 -5526.51857568466
3670.4426403220873 2419.9730901648227 -5354.4988388497295
2859.22427411071 4204.863544268478 -4705.638731636501
1793.9512836455488 5616.133419724131 -3638.661972761936
569.2778490029211 6528.385194841742 -2248.3741296023904
-705.9784207582775 6860.561296051104 -658.3083782003577
-1918.505409699858 6583.146419028974 990.2509615435432
-2960.5647737672807 5720.790093013899 2550.822157709523
-3739.5649654609606 4350.116461960732 3884.741611064342
-4186.28839916289 2592.915893090678 4873.484724368339
-4261.041737375145 605.3233682955394 5429.197332976756
-3957.182817947945 -1436.0547941905063 5502.501932910118
-3301.710839335319 -3349.8331861900233 5086.885088772423
-2352.8673633283684 -4965.964199095793 4219.276181069763
-1194.9612967013452 -6140.847500136948 2976.766068690517
69.12232513887332 -6770.0895521255525 1469.7572277853872
1327.0641250521794 -6797.779437359152 -167.84599273183855
2467.0904537296037 -6221.456788019681 -1790.5353602148273
3387.904968945019 -5092.330400651247 -3254.1278033077188
4007.689260093595 -3510.728109861076 -4428.576710572064
4271.3727730282235 -1617.1822199331846 -5209.527142613302
4155.526070468619 420.05740712305317 -5527.588226400032
3434.102891939248 2756.4225865509293 -5348.658579511871
2466.7037041584153 4459.313810294203 -4693.502948275425
1280.1270673121924 5765.975432616516 -3621.3089829862665
-20.194477209821876 6560.304834184433 -2227.345822706062
-1318.7216538097377 6771.722361811486 -635.4732115322789
-2500.0746243539934 6381.442640377477 1012.8639832143934
-3459.2849931276255 5424.143735846162 2571.2037681721
-4111.122709439715 3984.8858569222043 3901.0808147858215
-4397.669131653238 2191.553382227139 4884.3297113946555
-4293.463352666253 203.49177204759286 5433.584478618175
-3807.7645132412913 -1802.6509750872974 5500.041420023733
-2983.729086715502 -3648.6202722821936 5077.795544725965
-1894.576236955611 -5170.393646578478 4204.365251740575
-637.0819743313366 -6232.754855477472 2957.3586555850206
677.0198175004609 -6741.308443473115 1447.5777647260518
1930.9654274948216 -6650.867192521344 -190.8267631192292
3013.3362853540566 -5969.467204664108 -1812.2754956319036
3827.9589904511013 -4757.653859097123 -3272.695597317661
4302.450740525226 -3123.102089529298 -4442.322333193667
4394.650861309602 -1211.0489937990026 -5217.229234954964
4096.366967458964 808.6111196313102 -5528.562423757122
3167.0826918133594 3069.8441855268106 -5342.725956668846
2051.6696254140893 4677.102608029156 -4681.286114988022
753.9567091929028 5868.7799386814 -3603.8934585047477
-610.7485693245548 6538.99041706522 -2206.279052807417
-1921.1861572316043 6628.182901006013 -612.6270711719665
-3060.9179240820304 6128.432246890855 1035.4595142067196
-3928.673700760711 5084.1434934575 2591.540977708912
-4447.349578426238 3588.106279234209 3917.352652551411
-4570.858929176426 1773.2500759559134 4895.090353195746
-4288.227405185266 -199.16717835085453 5437.87779420845
-3624.5680576673954 -2153.8875548303663 5497.485929472093
-2638.8499320708383 -3917.225569883369 5068.618314582506
-1418.6584096076003 -5332.500902590963 4189.381719177157
-72.41286177083475 -6273.960128808582 2937.900173224052
1280.2668866128788 -6657.950464761019 1425.3733041174348
2519.189303762336 -6450.352683985071 -213.80423820772205
3534.2706959923494 -5669.612760330533 -1833.98433570369
4235.316626991949 -4385.102862234846 -3291.206876664678
4560.036089302435 -2710.9573311226363 -4455.991243410534
4479.576333689627 -795.9313442998784 -5224.841233383877
4001.0865625315478 1189.8166353510817 -5529.441150932966
2871.619615706158 3357.4542723414934 -5336.701072768366
1617.546632061569 4856.250257443048 -4668.9884427411225
219.74753167180472 5923.547095867571 -3586.4157000580076
-1197.5771012531147 6464.510779765969 -2185.17418369871
-2508.4917532511786 6431.0743118438795 -589.7703516387942
-3596.5159046381345 5826.208669009683 1058.0371643287924
-4364.9738348478895 4703.658818038377 2611.8334351261165
-4745.5846844592525 3163.1682394176087 3933.556843370265
-4704.529509201038 1341.6162813894089 4905.766463951076
-4245.456241562613 -599.1441708263113 5442.077205608302
-3409.1555559834965 -2486.6680341632377 5494.835505384775
-2269.9364384225164 -4153.240530101818 5059.353556819373
-929.0235068557035 -5450.779378744996 4174.32584212318
494.4372402477429 -6263.9925592353675 2918.390957627115
1873.9650687530955 -6520.622511759102 1403.1442293981
3086.9828771394737 -6197.866538832468 -236.77802120995298
4025.7087098907964 -5324.402925041247 -1855.661505550288
4606.732657236622 -3977.842745602746 -3309.6613216860706
4778.4281916736945 -2277.833781742066 -4469.5832051805755
4525.53941149383 -375.42929026469113 -5232.36300645196
3870.5365946001475 1560.33374119699 -5530.224392753234
2550.2025428963475 3616.685999341924 -5330.584031851357
1167.9322346970168 4995.096897074766 -4656.610143897515
-318.1139779413291 5929.67151488083 -3568.8760094613517
-1775.8943676194006 6337.368796654897 -2164.0315798301335
-3075.8787493504024 6181.963049761286 -566.9034476348594
-4102.557805930073 5477.262756798381 1080.5965436975937
-4764.706597674456 4285.8836313222455 2632.080790002675
-5003.490298644966 2713.684936912589 3949.6931074197378
-4797.6919291253525 900.3634270480575 4916.357859299839
-4165.597577378706 -992.9593244895085 5446.182640300043
-3163.3716004580833 -2798.0532825159703 5492.090193530732
-1880.0661746091546 -4354.52792733629 5050.0014314253785
-429.70861861167293 -5524.0836562817385 4159.197880571611
1058.8304338946468 -6202.800310324705 2898.8313456898068
2453.287755748619 -6330.370936254513 1380.890924431619
3629.759694428325 -5895.460324122827 -259.74771540231006
4483.711555320033 -4936.7121903913185 -1877.306630838692
4939.265968077479 -3539.315514138929 -3328.0586137005907
4955.944923959553 -1827.4351224249754 -4483.09798379053
4532.266424541751 46.820899483351866 -5239.7944242692065
3705.8761637798107 1916.9166790024592 -5530.912135692483
2205.5507228286974 3845.2118615727236 -5324.374939550164
706.5670090836463 5092.317476809002 -4644.15143221232
-855.1982841367247 5886.948336963627 -3551.274689599543
-2340.9754568357052 6158.4980029317785 -2142.851606303552
-3618.7466869932337 5882.838095216101 -544.0267540381227
-4574.976393403157 5084.462206330709 1103.1372627456951
-5124.699370305991 3834.3095376179504 2652.2826926964162
-5219.07031878437 2243.4616398975872 3965.7611660501684
-4849.703965925908 453.2723302030788 4926.864356344138
-4049.420133119618 -1377.1922151828364 5450.194027388828
-2889.327550898093 -3085.287188541266 5489.250041317478
-1472.5055361741495 -4519.240855637992 5040.5620998980285
75.15505742295996 -5551.640140349431 4143.998095760211
1616.1377943555165 -6090.751835619356 2879.221675177981
3013.519595955675 -6088.673501470315 1358.6137734999968
4143.136956842251 -5545.589807012085 -282.7129241318037
4904.618417256342 -4509.756121780798 -1898.9193377892784
5230.303007733793 -3073.21081439051 -3346.3984350139212
5091.252223167394 -1363.5972395781018 -4496.535345859922
4499.821335980191 467.1779340187419 -5247.135358505915
3508.5615759504794 2256.442298001405 -5531.504367874402
1840.5908237997521 4040.964257316773 -5318.073903086719
237.30345557429916 5146.933966606075 -4631.6125228292485
-1387.069366067984 5795.576006014738 -3533.612044421626
-2888.1949874814845 5929.255683822603 -2121.6346288660893
-4132.6918096223 5536.094974012838 -521.1406658956046
-5009.980828458896 4651.027931009391 1125.6589322278644
-5442.111064748178 3352.6966456358687 2672.438794350023
-5390.685850623541 1756.4635502307128 3981.760741789696
-4860.274542035792 4.160960274222545 4937.285773652151
-3898.006511424647 -1748.5113492627008 5454.111297603868
-2589.3834961535927 -3345.820752201971 5486.315097790283
-1050.6823939269761 -4645.839298415567 5031.035725240777
581.3764498437696 -5533.054635034971 4128.726750167009
2161.77744471737 -5928.633785921198 2859.562284721996
3550.0950268237907 -5797.4278075474895 1336.3131612970253
4622.971086461488 -5151.094926880305 -305.67325082289165
5285.075877492631 -4047.0646567520434 -1920.499253182236
5477.578483635077 -2583.4349316206385 -3364.680468924186
5183.374203549291 -890.2556755972674 -4509.895059345191
4428.604378615131 882.0267040255736 -5254.385682394873
3280.3336200308077 2575.937140285316 -5532.001079072007
1458.4321570280044 4202.153854114006 -5311.681031270703
-235.92617140618333 5158.324671333762 -4618.993632276906
-1909.3214241659766 5656.155704570538 -3515.8883789356178
-3413.0650894695514 5651.412481825745 -2100.38101390389
-4613.542943584317 5144.516459255552 -498.2455784165376
-5404.087260961882 4180.507572941877 1148.1611632278289
-5714.4547097566565 2845.0422429170026 2692.5487468971337
-5517.067780118106 1256.782424346718 3997.6915583490695
-4829.465166962892 -443.1480279256041 4947.621931261249
-3712.7433799642226 -2103.7028331936426 5457.934383299642
-2266.1280505497643 -3577.33440978461 5483.285413631328
-618.1572991048115 -4733.104125192727 5021.422471960172
1084.7394411042196 -5468.316768192129 4113.384107505796
2691.2523216705295 -5717.645469024786 2839.8535138106845
4058.6356230901147 -5458.936278460725 1313.989472921622
5065.391338369072 -4715.1766434081555 -328.6282989843428
5622.064804130186 -3552.4528713768996 -1942.0460043640069
5679.193140019314 -2074.07807204114 -3382.904399727433
5231.700242689124 -411.41233406281185 -4523.176893543642
4319.347819857662 1287.8091952502464 -5261.545270733621
3023.202388086131 2872.6032261077835 -5532.402260707822
1062.34028533253 4327.285599288843 -5305.196434497649
-709.1427951682217 5126.23056598979 -4606.294978465074
-2417.6154262963973 5469.687450810246 -3498.1039992033047
-3911.272317267578 5327.138602298191 -2079.0911284357785
-5057.39549851369 4711.250111209234 -475.34188696558516
-5754.1468957022635 3676.74637275877 1170.6435671649965
-5939.617089549964 2315.547583952986 2712.6122030683014
-5597.326239410876 748.6022306997779 4013.5533406264058
-4757.688389438515 -884.8597159378807 4957.872650681121
-3495.3090472929393 -2439.6979936715543 5461.663218457056
-1922.356157384269 -3777.7583982292176 5480.161041158824
-178.59348677096403 -4780.1483906845415 5011.722506063014
1581.0379988865534 -5357.8012212918475 4097.970432721539
3200.1873200720115 -5459.389901063981 2820.095702785723
4534.985954078327 -5075.8878299886155 1291.643093871255
5466.831184606734 -4241.370850051907 -351.5776722160484
5912.9244735893235 -3029.989457138682 -1963.5592192537524
5833.628474651846 -1549.3802040689782 -3401.0699127230414
5235.9889852846445 68.89827947531624 -4536.38061909743
4173.108896815709 1681.05484853309 -5268.6139998865465
2739.4297694779543 3143.842317110998 -5532.707905854029
655.7092397570251 4415.172233906421 -5298.620224747064
-1178.3539341883936 5050.758590513427 -4593.516780680909
-2907.7151899601267 5237.562881464325 -3480.2592123348822
-4378.713190805953 4958.986725730991 -2057.765340106915
-5460.643308982341 4239.782837261653 -452.4299870559828
-6057.371305517185 3143.8556377211007 1193.1057558011573
-6115.87527922069 1768.5830681857894 2732.6288163970125
-5630.95689528884 236.16413174322906 4029.3458147119345
-4645.703280163258 -1317.2390241939434 4968.037754896846
-3247.6585412621152 -2753.599712223247 5465.297738684586
-1561.0450888550686 -3945.29098184821 5476.94203432611
264.27407023027354 -4786.425834111649 5001.9359950535245
2066.1113184280002 -5202.265746130469 4082.485991985872
3684.3655090032403 -5155.8615168383985 2800.289192835573
4975.247655531806 -4651.336365649641 1269.2744100351258
5824.057214351649 -3733.5195663194827 -374.5209742159375
6155.373731222238 -2483.9631692410776 -1985.0385263497026
5939.758279661028 -1013.6957438827739 -3419.1766942192066
5196.369238752059 546.642996850006 -4549.506007997546
3991.2599870891663 2058.410108409383 -5275.591747787032
2431.509770217449 3387.2784486526057 -5532.918009232582
242.032579703128 4464.945190197019 -5291.952515580457
-1639.5873247889604 4932.381868856813 -4580.659259585188
-3375.522700263107 4961.554773067372 -3462.354326483702
-4811.528070581491 4549.871762266398 -2036.4040171824397
-5820.008056785546 3733.912678604705 -429.51027434269776
-6311.354786459533 2586.179067443085 1215.5473412471927
-6241.909946432304 1208.6520968792317 2752.598241225636
-5617.844015493941 -276.26891657469446 4045.0687078927504
-4494.6079902765505 -1736.6422244047847 4978.117068371952
-2972.006320860789 -3042.7072494676463 5468.837881219384
-1185.328847401626 -4078.4143827144726 5473.628448720723
706.6702958791356 -4751.736500230389 4992.063107930419
2535.8786821995172 -5002.845977048666 4066.9310526923846
4139.763119086171 -4809.430634178213 2780.4343259896723
5375.811435790805 -4188.676273622321 1246.8838076877078
6134.195315065507 -3195.7396444520264 -397.4578087867647
6347.529021123892 -1918.847523599724 -2006.4835547356809
5996.856917983113 -471.4573795519226 -3437.2244315382836
5113.337760906412 1017.8238216256917 -4562.552833587732
3775.476104260017 2416.666909605588 -5282.478393939586
2102.1468273461373 3600.7785372989756 -5533.032567215304
-175.1264576267254 4476.062774657326 -5285.193422139404
-2088.924466333051 4771.936842807968 -4567.722637208465
-3817.1123691116377 4643.803381175214 -3444.3896508409366
-5206.133086772956 4103.047610129563 -2015.0075285411567
-6132.5660329357415 3197.7180529960456 -406.5831446156198
-6514.0935747494295 2008.2572138992732 1237.9679359697802
-6316.815315817824 640.3539082559438 2772.52013271144
-5558.260295188379 -784.4476522827748 4060.721748657496
-4305.829455307914 -2139.5475964243365 4988.110417051448
-2670.806772501991 -3304.5393473736335 5472.283584928371
-798.4711873167876 -4175.908275576714 5470.220341563436
1144.812066894587 -4676.229427823169 4982.104015184016
2986.3737450373656 -4761.047074112699 4051.3058834521453
4562.583010448265 -4422.824794356367 2760.5314451125105
5733.386752815084 -3691.6151223745487 1224.4716734819172
6394.753921640933 -2632.389246383629 -420.3877798429686
6487.919141613625 -1339.2640338015792 -2027.893934087434
6004.604274089745 72.86066544715197 -3455.2128130222804
4987.753966041156 1478.511374827132 -4575.520870568406
3527.7198297120585 2752.7898602134183 -5289.273819421914
1754.2323053695643 3782.470886100418 -5533.051577823947
-592.165464522774 4448.31556207107 -5278.343061143566
-2522.533806218427 4570.617337011047 -4554.7071369473115
-4228.7639492743065 4286.799703733785 -3426.3654956302403
-5559.249857812246 3622.0811044691277 -1993.5762436690975
-6395.772020117385 2635.5247038312805 -383.6489937927248
-6664.001771051889 1414.790367448344 1260.3671527980337
-6340.105720138342 68.34569821237434 2792.394146832517
-5452.863452894821 -1284.171786239929 4076.304666701065
-4081.110338364458 -2522.5849719897624 4998.017628364841
-2346.7326606127135 -3536.85541279647 5475.634790309288
-403.8374874988547 -4236.860728941894 5466.717771707274
1574.9404185909016 -4560.402376163767 4972.058888793267
3413.777956976668 -4478.7322592672945 4035.610754088933
4949.286342767246 -3999.107126542131 2740.5808938977016
6045.028917417574 -3164.143775831141 1202.0383944425087
6603.644144582896 -2048.0323650213045 -443.31049141751004
6575.496609887022 -749.9442909373162 -2049.269294679047
5963.087345311095 614.7796244727682 -3473.141528038176
4820.831601526485 1924.8776723324947 -4588.409895000553
3250.223814075226 3063.941891818944 -5295.977906886961
1390.8193773711098 3930.7614283297557 -5532.975040730224
-1005.4737668421781 4381.82894939323 -5271.401550888642
-2936.703284348769 4329.965597497392 -4541.61298356033
-4606.993827530862 3893.36580052287 -3408.2821721023925
-5867.932751677451 3110.823366417487 -1972.110532653184
-6607.480099838755 2051.8706245824196 -360.70821791321305
-6759.923844680565 810.600173267287 1282.744604930279
-6311.718690485334 -502.695660702909 2812.2199403937316
-5302.689632119231 -1771.3247791760846 4091.8171929292707
-3822.4933294691455 -2882.5639176887207 5007.838531229067
-2002.6517197600838 -3737.674602191294 5478.891439491724
-4.86571625800061 -4260.676495774354 5463.120799636487
1993.35262748645 -4405.098585037031 4961.927902222803
3814.452842594805 -4158.108333562431 4019.845935634677
5296.622183188034 -3541.6519090929364 2720.583016862073
6308.163398961389 -2610.5041702171325 1179.5843579593627
6759.196613817913 -1447.4016798086914 -466.2255476687107
6609.645547290947 -155.69119833157714 -2070.60926738933
5872.798467935448 1149.8531293568699 -3491.0102669833045
4614.127472352302 2353.227960454606 -4601.219684309582
2945.471002085759 3347.5081602951414 -5302.590540564952
1015.0965072973206 4044.347569795851 -5532.802957255819
-1411.463461113416 4277.062842611899 -5264.369011244359
-3327.871961518254 4051.8603716056655 -4528.440403164405
-4948.584434016629 3466.632325285905 -3390.139992529914
-6129.593463047531 2573.378783799107 -1950.6107661748267
-6765.961213608813 1451.4692442849664 -337.76121313074134
-6801.143618409215 200.5902927482526 1305.099905940666
-6232.0145663867825 -1068.1119865751593 2831.9971710326613
-5109.1436713954345 -2241.9078285590986 4107.259059463497
-3532.302940092876 -3216.500321525124 5017.5729560515165
-1641.6015913069343 -3905.2926455444695 5482.053476238113
394.9632629165312 -4247.08257991269 5459.429487465523
2396.43389796215 -4211.500589040754 4951.711230419931
4184.970864596883 -3801.708288966628 4004.011700324715
5601.654804470055 -3054.1175238957735 2700.5381593396996
6520.6071325088315 -2035.1550140527909 1157.1099517808534
6860.174901611119 -835.3600500805458 -489.1325528871032
6590.186025323566 438.66032025856464 -2091.9134837082006
5734.630200130995 1673.7037961135834 -3508.818721290696
4369.527315646669 2760.031344755776 -4613.950017289177
2616.172753812327 3601.117996218374 -5309.111606265378
630.3597619167153 4122.229510470936 -5532.535330372361
-1806.6003193679283 4134.808474134759 -5257.245563652381
-3692.6604632326157 3738.502122215246 -4515.189623230717
-5250.611519965551 3010.013450590571 -3371.9392702017103
-6342.022701220416 2014.071874654467 -1929.0773155035258
-6869.91733396364 839.1711740464633 -314.80837570647896
-6787.389663448541 -410.29356801759866 1327.4326697858762
-6101.772635367096 -1623.3019260196447 2851.725497225452
-4873.986331445118 -2692.0727841516727 4122.629999645322
-3213.124952837542 -3521.6411614449885 5027.2207347329295
-1266.7633216037254 -4038.296267076238 5485.120845944707
792.1557898538326 -4196.131027606488 5455.643898937937
2780.688383064481 -3981.121131916188 4941.409049811618
4522.144610589851 -3412.371152792814 3988.108321593104
5861.788444359575 -2540.4170217996357 2680.4466674759246
6680.586650813049 -1442.7356899830888 1134.6155640070622
6905.78541607015 -216.86096077026212 -512.0311115022056
6517.374841569287 1028.2828164856562 -2113.181575742984
5549.866911366578 2182.0591529520216 -3526.5665834344118
4089.2289508991594 3141.949957869726 -4626.6006741051415
2265.2450528586783 3822.664720810416 -5315.540991378984
239.9841910075106 4163.718947819282 -5532.172164701377
-2187.4342971007586 3956.182372735222 -5250.031331124223
-4027.8999798462046 3392.3954935325887 -4501.860872580835
-5510.469073234392 2527.1793874471723 -3353.6803194176086
-6503.408807170484 1437.4123024430028 -1907.5105524904561
-6918.492128850009 219.9248263867729 -291.85010200233353
-6718.837063578579 -1017.1039356181226 1349.7425108117693
-5922.183840077385 -2163.7585494562436 2871.4045782927988
-4599.318593309592 -3118.153720677186 4137.929748041074
-2867.783705749048 -3795.487250023735 5036.781700670288
-881.4336508711971 -4135.575080984225 5488.093495642522
1183.2356519944126 -4108.19891732695 5451.764099425303
3142.769274636215 -3715.791251331172 4931.021538301454
4823.054055410784 -2993.219226173294 3972.136074067919
6074.78931773799 -2004.686537243703 2660.3088882214056
6786.752890410354 -838.0286520580388 1112.1015830831514
6895.683685595254 403.0917564911375 -534.9208280894403
6391.902724105599 1608.395693537042 -2134.4131762249003
5320.173155176065 2670.786614883948 -3544.253546934848
3775.722854213802 3495.8664249443973 -4639.171436299118
1895.7830081678005 4010.32316179142 -5321.878584879693
-152.605477660577 4168.445086699948 -5531.713466514206
-2550.629382721678 3742.6175324289984 -5242.726438239122
-4330.659575450865 3016.329169049858 -4488.45438138278
-5725.891660114714 2022.0267220581102 -3335.3634554829646
-6612.353143115698 848.0583272933858 -1885.91084956205
-6911.278031517038 -401.2637714940349 -268.8867884740894
-6596.105537174002 -1614.9318232671517 1372.0290437600277
-5694.840119320684 -2685.1060955314015 2891.0340744057753
-4287.563165471483 -3516.6969078136726 4153.158040446508
-2499.317408709108 -4035.813767066507 5046.255688759697
-488.9963321091434 -4196.330862238481 5490.971373998248
1564.7742145237767 -3983.985545005898 5447.790155926082
3479.5077052977454 -3417.64562866694 4920.548875266553
5085.07166688794 -2547.6329001301137 3956.095233566514
6238.804695405679 -1451.2518083138968 2640.125169326116
6838.19254819317 -225.92062461532836 1089.5683977926199
6829.976984159977 1019.4845980166405 -557.8013073769046
6214.887992223855 2174.3041401803716 -2155.607918515285
5047.5789285919045 3135.9272177125185 -3561.8793063640414
3431.770326219293 3818.909400160975 -4651.662086792464
1511.033870286062 4162.564723397268 -5328.124277326545
-543.9645760849834 4136.3579038453 -5531.159243731892
-2892.9925320503735 3495.8518506276014 -5235.331011141883
-4598.2715716123785 2613.353284540342 -4474.97038114703
-5894.974002854191 1498.6468106096872 -3316.9889947032084
-6667.882124275108 250.7789908531354 -1864.2785797135348
-6848.319657435429 -1019.3716427661572 -245.91883166456122
-6420.2539356768075 -2198.9466324869263 1394.2918837748539
-5421.720476912971 -3183.135563992872 2910.613646591714
-3941.4433609469893 -3884.4889316777144 4168.3146138913025
-2110.9517056215777 -4240.688410984088 5055.642535399251
-92.8927274927127 -4220.0841150199585 5493.75443131514
1933.4201771269054 -3824.5068259022 5443.722137064455
3787.940214334096 -3089.1053217312697 4909.991241554477
5305.885140395879 -2079.22325340909 3939.9860770907153
6352.378887240057 -884.5930745005611 2619.8958593333386
6834.435892997372 388.63708105011017 1067.016397250587
6709.22327723396 1627.335126443738 -580.6721542522093
5987.866730346907 2721.4373044102726 -2176.7654366119327
4734.461947148195 3573.7278350490515 -3579.443557350905
3060.379443101333 4108.476964497428 -4664.072409889916
1114.3687952809298 4278.169885896017 -5334.27796086557
-930.6584103270967 4067.728638493432 -5530.509505925053
-3211.501438792349 3217.913929327283 -5227.845177540712
-4828.35478770399 2186.7545798773267 -4461.409104722527
-6016.18762484212 961.2924895908784 -3298.5572543783846
-6669.455789908514 -349.58465695835616 -1842.6141165026042
-6730.1135396168675 -1629.3996726098192 -222.94662819672914
-6192.771166713464 -2764.43537684721 1416.5306464095836
-5105.173899118919 -3653.838866326903 2930.142956740068
-3563.9595269010183 -4218.582737925686 4183.3992066436185
-1706.0717105391818 -4408.487020314354 5064.942078491851
303.40806427643355 -4206.677884621455 5496.442619533869
2285.9287010967405 -3631.0869581781085 5439.560113089163
4065.334541191721 -2732.8580207379828 4899.348819480108
5483.517566875042 -1591.802655205392 3923.8088828220784
6414.4659927210205 -309.30863824691545 2599.62130757365
6775.460965693377 1000.6688085984018 1044.4459708970994
6534.426498243173 2221.7324404370124 -603.532973769304
5712.779560565689 3245.3853950305784 -2197.8853651554864
4383.527088811763 3980.671615136452 -3596.945996586547
2664.778998425148 4362.25769334779 -4676.402191283364
709.253599838423 4356.238032052604 -5340.339529231663
-1309.2920936020814 3963.1475045738184 -5529.764264313711
-3503.330901446988 2911.1063557398948 -5220.26906670499
-5018.835437106497 1740.0294928836684 -4447.770786292679
-6088.394419382556 414.34337359106206 -3280.0685527976534
-6616.972839017638 -948.1589727610525 -1820.9178340428016
-6557.604183798984 -2226.413233456224 -199.97057476695838
-5915.563619277829 -3306.840907905262 1438.7449476333375
-4747.899267160472 -4093.441255854628 2949.6216676082213
-3158.3632293431688 -4516.321384450232 4198.411558214617
-1288.1927583499787 -4537.906538487487 5074.154157447993
696.4392923634041 -4156.278782305292 5499.035892233362
2619.1896556768147 -3405.3474167862573 5435.304155872263
4309.213523958851 -2351.8359891647706 4888.6217928225
5616.344859965077 -1089.3536130437428 3907.563930117071
6424.439308239941 269.92261214581254 2579.3018641588747
6661.694130790148 1605.215028710328 1021.85750849038
6307.028195456474 2797.8770456038137 -626.38337115531
5391.955127019133 3741.9354087142206 -2218.967339435705
3997.7831833408136 4353.506389547297 -3614.38632182945
2248.3906598401395 4578.249222620983 -4688.651218055524
299.2187593127592 4396.194520949008 -5346.308877750408
-1676.5400410794439 3823.5186437088237 -5528.9235317670955
-3765.877558666537 2577.9866004634273 -5212.6028094630765
-5167.965497786502 1276.8554161725572 -4434.055661371277
-6110.857023185105 -137.72997523295368 -3261.5232092338647
-6510.772085019361 -1540.0774539209617 -1799.1901069971805
-6332.176475046962 -2805.582292309519 -176.99106813804593
-5590.939196967885 -3821.798831931266 1460.9344038376473
-4352.922435805657 -4498.431773648002 2969.049442827351
-2728.1294137366176 -4775.359311233422 4213.351409362968
-860.9301210583637 -4627.975217696586 5083.278613188561
1082.7665910055428 -4069.375216532685 5501.534204631592
2930.2547398156867 -3149.1933692208586 5430.954338907909
4517.376895782089 -1949.1918710462835 4877.810346821699
5703.110290376268 -575.9961212416104 3891.2514995022484
6382.097307983236 848.3794116527283 2558.937879976078
6494.006972403159 2197.3727107699956 999.2514001001088
6028.895618844862 3351.119801524028 -649.2229518172846
5028.090432179551 4207.10519176563 -2240.010995397723
3580.517345203666 4689.270823141816 -3631.7642319107285
1814.7995792648842 4754.774163355795 -4700.819278683638
-112.17109340838141 4397.794953172876 -5352.185903339896
-2029.1748721775762 3650.0523619952733 -5527.9873228034285
-3996.782778610878 2221.3456918378333 -5204.846538200005
-5274.33839657015 801.0603538738944 -4420.263966798456
-6083.245901941354 -690.402711927211 -3242.921543937942
-6351.630313040129 -2120.5204669911877 -1777.4313105717445
-6055.644497154767 -3362.2206728121846 -154.0085051324375
-5221.588092939046 -4305.172816991429 1483.0986318430816
-3923.570672103757 -4865.591463441269 2988.425946908216
-2276.926778745753 -4993.680956067905 4228.218502099292
-427.9679489676227 -4678.059981339983 5092.315288147559
1459.017711182712 -3946.7728479419093 5503.937513586363
3216.3632449007014 -2864.7976268768252 5426.510737311067
4687.920789531619 -1528.2725647064437 4866.9146681755565
5742.93599941114 -55.95377844819062 3874.8718726694055
6287.666143283449 1421.3367465742886 2538.5297066814524
6273.709557356636 2772.3352642300733 976.6280361007143
5702.306345537768 3876.9996274660875 -672.051321349104
4624.228190758641 4637.175559869116 -2261.0159696484156
3135.2670681394497 4985.31809386801 -3649.0794267393044
1367.7237076231631 4890.493237518626 -4712.906163043106
-521.3479064721065 4361.126595439622 -5357.9705045125
-2364.0954711796885 3444.2547168669826 -5526.955653589667
-4193.953503213041 1844.1848443616545 -5197.000386855229
-5336.901868628037 316.5912291176206 -4406.395940736593
-6005.643082407346 -1239.1329061712493 -3224.2638781334176
-6140.756552984188 -2684.754644901612 -1755.6418205091095
-5730.236855562118 -3891.824151580747 -131.02328262536062
-4810.5604667931075 -4753.088003402961 1505.2372489058637
-3463.4446697526246 -5192.019127539684 3007.7508452469515
-1808.5866147280267 -5169.616567393848 4243.012579690665
6.972297866775379 -4687.870888746428 5101.264026274839
1821.9116911986791 -3789.587309251349 5506.245777596043
3474.966235439825 -2554.5822669992945 5421.973427816248
4819.254780024003 -1092.5913797247147 4855.934945036497
5735.331388451787 466.48104639670714 3858.4253324707342
6141.798633928381 1984.1045844274095 2518.077696694281
6002.540117941076 3325.4317230321876 953.987807164576
5329.92957076127 4371.279659628811 -694.8680855382433
4183.731391208658 5028.720215422588 -2281.981899462621
2665.790317544344 5239.336911900885 -3666.331607307129
910.9820755381145 4984.41553130546 -4724.911662411134
-924.7709216586899 4286.606957006259 -5363.662581376613
-2678.353964175754 3207.9145431122747 -5525.828541941231
-4355.580865359483 1449.6902367898963 -5189.0644909203
-5354.967877093139 -172.51889495510352 -4392.451822666201
-5878.542493057609 -1779.398965796652 -3205.550534010873
-5879.782810955086 -3228.1716297634243 -1733.8220130818574
-5358.578623097342 -4390.107077827839 -108.03579753796095
-4361.24120884243 -5161.962246359678 1527.3498727244933
-2976.388374190072 -5475.15441640425 3027.0238041308453
-1327.0703708256651 -5301.855089231901 4257.733386665021
440.1636587389824 -4657.462670573467 5110.124673038783
2168.287215598271 -3599.234254696304 5508.458956800295
3703.7489379799613 -2221.1980803099823 5417.342488776127
4910.116313587598 -645.798708920928 4844.871367008268
5680.198307042463 986.9827117967333 3841.912162913912
5945.569753776901 2532.066387268946 2497.582203190841
5682.651236185153 3852.164852442006 931.331104255281
4914.8042183541575 4829.98156552857 -717.6728503725807
3710.255277459313 5378.633220492949 -2302.9084227894355
2176.033872975129 5449.369710073406 -3683.5204756942644
448.46230950974206 5035.905786748764 -4736.835569470305
-1318.9570982000196 4174.979534562953 -5369.262035638403
-2969.181379586832 2943.088029135303 -5524.606007321687
-4480.156415651568 1041.2061516426006 -5181.038987436522
-5328.219502154164 -662.1844081638975 -4378.431853381782
-5702.846903384203 -2306.7369773566065 -3186.781834722371
-5570.751330717131 -3746.325843162706 -1711.972265086128
-4943.670055476294 -4853.03721732361 -85.04644683045818
-3877.3220008676813 -5528.5349375222795 1549.4361214462938
-2466.4568711346283 -5712.7980669461285 3046.244490744123
-836.436224533577 -5389.454017920429 4272.3806688155655
867.9054512571993 -4587.2333281731 5118.897075428998
2495.129918963439 -3377.4168264757 5510.577012980752
3900.6511436724863 -1867.5020181963057 5412.618000160256
4959.582396540614 -191.6514602025769 4833.724125142667
5577.832988707263 1501.2281710787597 3825.3326491572043
5700.468641910371 3060.7170913284117 2477.0435800983078
5316.592640185144 4348.247866277827 908.6583186209571
4460.314050896961 5249.417736336982 -740.4652220472052
3207.7169844207483 5684.153803832304 -2323.7951782583946
1670.100187044649 5613.827861359011 -3700.6457350741243
-15.912341064318783 5044.688677526182 -4748.6776783122
-1700.5109878395833 4027.306766443519 -5374.768770603499
-3234.011770775737 2652.0809756177086 -5523.288070842419
-4566.485815496078 622.2067021862971 -5172.924014992597
-5256.714734198317 -1148.3012803042313 -4364.336274987703
-5479.861480054384 -2816.7776548025454 -3167.958104375878
-5216.098485431605 -4234.970973446532 -1690.0929538350847
-4488.862249907062 -5276.868536235771 -62.05562749530568
-3362.770904430743 -5849.893172424322 1571.4956136740905
-1937.8826068187025 -5903.1291284096205 3065.412573173632
-340.80493533308663 -5431.846155880233 4286.95417320518
1286.5547502547122 -4477.919815136648 5127.581081958935
2799.5984003298477 -3126.110647790735 5512.599909561685
4063.8854467004585 -1496.5328306779923 5407.800043553634
4967.078437064188 266.0184958666371 4822.493411936236
5428.92471063007 2004.9329116505687 3808.6870775045477
5408.387199212792 3565.7002397311994 2456.462182088628
4907.290750829163 4809.639453693933 885.9698417874171
3970.1599839436126 5626.221095440872 -763.2448069712182
2680.2630797245292 5942.888302593287 -2344.6418051858195
1152.2130387311552 5731.50380412453 -3717.707089718544
-478.2161871571182 5010.850040369151 -4760.437784440938
-2066.1538061993424 3844.9602607737406 -5380.182691178643
-3470.504592394092 2337.4288886784184 -5521.874755262261
-4613.699874603585 196.26638538343536 -5164.71971372222
-5140.887131410034 -1626.7814371483635 -4350.165330893962
-5211.284006179113 -3305.2825899767636 -3149.0796680296658
-4818.635427655998 -4690.094879692 -1668.184457152427
-3997.829945152374 -5658.171657204229 -39.06373655028838
-2821.799727834206 -6123.495052496532 1593.527968472744
-1395.0402214338317 -6044.719039859087 3084.527720414656
155.6747306741055 -5428.843213717583 4301.453648170772
1692.557299794358 -4330.590843951227 5136.176542668504
3079.048725162508 -2847.546473214908 5514.52761161063
4191.953159117199 -1111.4851020815656 5402.888702155323
4932.384158800881 723.3365980437386 4811.179421326979
5234.551180563748 2493.886667122486 3791.9757354006015
5071.605358484031 4042.8439615860325 2435.8383645724475
4458.025143929479 5232.576828334146 863.2660655514485
3448.329831615674 5957.372281099587 -786.011211774543
2132.235281016598 6152.829063191677 -2365.4479435809753
626.6822685387986 5801.579981773577 -3734.704245002905
-934.5542136485024 4934.835059160503 -4772.115684776695
-2412.7514527295393 3629.6083853740442 -5385.503703873342
-3676.565137050196 2001.8750782730613 -5520.366084987105
-4621.262833374894 -232.97029027035737 -5156.426225301663
-4981.543328449825 -2093.5870976380997 -4335.919265812023
-4899.191837649167 -3768.179503825058 -3130.146851686687
-4381.525652324126 -5107.952624713761 -1646.247153365798
-3474.54168478146 -5993.861739015777 -16.07117103170374
-2258.829440770924 -6347.189934177242 1615.532805375725
-842.4102882381608 -6136.542449502816 3103.5896023765804
648.8607152612135 -5380.636238417091 4315.878843327631
2082.4775967312935 -4146.636885014785 5144.683309126685
3331.0572049293846 -2544.1906471626735 5516.360085838993
4283.657762365731 -715.6819053133951 5397.884060776997
4855.636529093417 1176.418314541279 4799.782348690933
4996.170681601219 2963.98860452221 3775.198911425787
4692.773143714847 4488.195499741618 2415.172483692897
3972.4021181136773 5613.606528687428 840.5473819740413
2899.06573171853 6240.223982652882 -808.7640433146619
1568.1346327197773 6312.370150987723 -2386.213234152305
97.86788995839896 5823.634530027169 -3751.636907411202
-1381.0948443119696 4817.443424474491 -4783.711177659239
-2737.3412408302916 3383.2013296550267 -5390.731716801505
-3850.3628554766833 1648.3469497612052 -5518.762086069478
-4588.977813939085 -661.8198447761654 -5148.043692947339
-4779.857409221555 -2544.764784147869 -4321.59832575058
-4546.025697635944 -4201.596204931733 -3111.159982288993
-3908.259652910201 -5485.097364506154 -1624.2814213003332
-2923.2275869083974 -6281.223552290892 6.921672012469957
-1678.453921436811 -6519.235462759045 1637.5097443917125
-284.54225927184837 -6177.9846931674465 3122.5978898886024
1134.6522313225466 -5287.792871948655 4330.229509573748
2453.0278918246436 -3927.7574489604076 5153.10123443407
3553.4412592025265 -2218.7235399523593 5518.097300602627
4338.115776680137 -312.54630771167524 5392.786205841489
4737.3296698921995 1621.4020355560708 4788.302390838871
4715.611032505507 3411.2816925590205 3758.356895291289
4274.889660762532 4898.054001014981 2394.46489631949
3454.3255826165355 5949.6127167248005 817.8141833735999
2326.8295173969127 6472.522233108273 -831.5029086834853
992.5844384334189 6420.319744884093 -2406.9373183136327
-429.85612376992856 5797.643672217835 -3768.5047845411495
-1814.102082983804 4659.821516734823 -4795.2240628513455
-3037.1571110687014 3107.9537702000102 -5395.866639683001
-3990.3474014906856 1279.9306921524656 -5517.062786208093
-4516.989387575536 -1086.5912711320773 -5139.57226141331
-4537.362183065465 -2976.478719783959 -4307.202758011306
-4154.570436704053 -4601.8929721213335 -3092.1193877120163
-3402.62687500942 -5818.408838811047 -1602.2876402720824
-2348.3449832881192 -6517.933546505762 29.914395529498822
-1085.4023342594442 -6638.311255113208 1659.4584060111356
273.98307537787446 -6168.845876954727 3141.5522547054184
1609.0238864129499 -5151.251471094578 4344.505399094134
2801.095864055214 -3675.945766132925 5161.430173225417
3744.278181769428 -1874.0161482280882 5519.739225902375
4354.764951539273 94.42802843122831 5387.595225381293
4578.311744793635 2054.481860373864 4776.739746012857
4395.05544793292 3831.985963077114 3741.449977834087
3821.2791871402105 5269.001296567569 2373.7159600419536
2907.965501162585 6237.842742226654 795.0668623191758
1736.2663190102658 6652.4244859169 -854.2274152140999
410.29225493462684 6475.909120349424 -2427.6198381903578
-952.138076529857 5723.980810379806 -3785.30758510921
-2229.966761505518 4463.45168613191 -4806.6541415423635
-3309.6531136734807 2806.3252920360796 -5400.908383845222
-4095.262262518086 899.8445803871566 -5515.268214747372
-4405.7832307039325 -1503.6176169833682 -5131.012076988792
-4255.9374297677505 -3385.0433311762363 -4292.732811184586
-3727.932911322915 -4965.693090376153 -3073.025396758957
-2868.685193942916 -6105.119226910943 -1580.2661900814621
-1754.5422080634746 -6702.078728260249 52.90660246871057
-484.50044731592794 -6703.529123015573 1681.378411212747
828.5913043708339 -6109.341537237941 3160.452369512907
2068.059082451185 -4972.312145472988 4358.706265365049
3123.7707355279645 -3393.470998950296 5169.66998167213
3901.9216503109906 -1513.1050621686952 5521.285833384591
4333.3697031627635 501.70689953879406 5382.311209037042
4379.7788412088075 2471.940001517797 4765.094613882855
4037.0254088705788 4222.530386431933 3724.4784510118843
3335.564552759999 5597.9304162421895 2352.926033164047
2337.7241482527465 6475.929762456331 772.3058116237488
1132.1666942397992 6778.514330126552 -876.9371704875332
-173.98873898807446 6478.79815254485 -2448.2604366256337
-1464.68450921985 5603.412327372137 -3802.0450189555786
-2625.236633145336 4230.138726742439 -4818.001216351565
-3552.5249615546472 2480.9987365836405 -5405.856862224628
-4164.155857130819 511.4111209957606 -5513.378402676939
-4256.18286635464 -1909.2874344439213 -5122.363287495657
-3937.7952043364467 -3766.9545820783437 -4278.188735145214
-3269.5171576833377 -5289.911284087206 -3053.878339155092
-2310.728163530338 -6342.836154111624 -1558.2174510066766
-1146.6208315841516 -6832.172196765222 75.89789578832394
119.36879311093296 -6714.439757242389 1703.2693814701115
1374.7519766967782 -6000.09987945503 3179.297907933699
2507.982414153449 -4752.624796373457 4372.831863158331
3418.3676080130413 -3082.858143583703 5177.820517484784
4025.015838641502 -1139.1660158364327 5522.737096341628
4274.023748515598 905.7460115656406 5376.934248055966
4143.265892089792 2870.178531039209 4753.367195543234
3644.3606787289245 4579.58309245891 3707.4426078981314
2821.6380260495766 5882.071598944252 2332.0954746973803
1748.2004522011914 6661.912230817362 749.5314243373311
519.4275963234211 6849.812725662053 -899.6317823395507
-755.498680958164 6429.077299923636 -2468.858757186535
-1963.2955849852608 5437.090142545971 -3818.7167970492883
-2996.645060505645 3961.9936657260114 -4829.265091331562
-3763.729471839859 2134.856664783467 -5410.711989368242
-4196.390002746357 118.02828051077391 -5511.393382631081
-4069.3435128267884 -2300.0758297347957 -5113.626042285834
-3585.4623173425557 -4118.919872268565 -4263.570781048115
-2782.997060420223 -5571.779808569122 -3034.6785455420813
-1733.2503016981068 -6529.562657525367 -1536.1418037971785
-529.4966474264455 -6907.165209846723 98.88787846237636
721.3051076268185 -6671.0358216779305 1725.1309387582398
1908.015738472105 -5842.155625394546 3198.088544532995
2925.1907977649903 -4494.17426391718 4386.881948545579
3682.449817688082 -2746.8657967318586 5185.881639915552
4112.507011144737 -755.4862490849115 5524.092989712298
4177.149909221423 1303.0215671900385 5371.46443529031
3870.6347067433367 3245.7501990041837 4741.557693509359
3220.1966245704716 4900.079681896661 3690.3427426768926
2283.6299407043985 6119.01558140712 2311.2246443552085
1144.1527150618 6794.250093651979 726.7440937402578
-96.98750034552657 6865.785669000417 -922.310858867437
-1329.5099507245138 6327.266057654029 -2489.414444170216
-2443.899607523316 5226.541090335323 -3835.3226314931308
-3341.1380593168856 3661.415010842536 -4840.445571971727
-3941.50173219728 1770.956139781268 -5415.473681435119
-4191.645679176491 -276.85995601256434 -5509.313188888188
-3846.743085893251 -2672.5748471896927 -5104.800492238754
-3201.760130555189 -4437.886247663806 -4248.87920132395
-2272.286736924398 -5808.871979689959 -3015.4263474722597
-1140.910694951767 -6663.7139445058565 -1514.0396296670838
91.84026907144776 -6926.455682125421 121.87615348749152
1316.4308221532801 -6573.751436138033 1746.9627055600106
2424.0507196252775 -5636.940526616766 3216.823954823954
3316.2830728872 -4199.262713999553 4400.85627890238
3913.8491218545396 -2388.4619810825843 5193.853209760656
4163.652500701132 -365.43591955366696 5525.353490082307
4043.497082972385 1690.0607271167244 5365.901865195736
3564.0592048268604 3595.388061473447 4729.66631171404
2767.9390257162563 5181.249388467638 3673.179150637799
1725.8753172704282 6306.733969758027 2290.313902546202
530.4600130060415 6871.837561189252 703.944213336361
-712.0889912993499 6826.348228746384 -944.9740084367049
-1891.3657637767333 6174.307899243621 -2509.9271426100468
-2902.5863880206166 4973.653217389128 -3851.8622355286498
-3655.899473898303 3331.0676206519715 -4851.5424652015245
-4084.369847869537 1392.502047670411 -5420.14185619781
-4149.926036895711 -669.7934431412358 -5507.137857370162
-3590.170425210984 -3023.5229273419222 -5095.886789758743
-2789.7818304080697 -4721.066681131012 -4234.114249674798
-1741.5088772174765 -5999.122942241742 -2996.1220774029
-538.4952178002877 -6744.13080321688 -1491.911310288588
712.3661048658017 -6889.893046195646 144.8623238898185
1899.9305729474024 -6423.4580562223055 1768.7643048727748
2918.677871914637 -5386.270629072229 3235.5038152734815
3678.0878335553753 -3870.489419269772 4414.754612912504
4110.683550162125 -2010.79823920213 5201.735089362747
4178.026993899337 27.56118866135577 5526.51857568466
3874.1344042591245 2063.471683961978 5360.246633829686
3226.0079714416825 3916.0336647462573 4717.693255504038
2291.236573258835 5420.63886918716 3655.952128170993
1152.8787506158624 6443.596522018901 2269.3636103683107
-87.91740834439416 6894.012346611678 681.132176846234
-1320.901719754057 6731.86492033314 -967.6208396879518
-2436.518116681852 5971.561753580393 -2530.396498281749
-3335.639186458833 4680.659119254898 -3868.3353235410937
-3938.3740763074793 2973.859381449382 -4862.55557939385
-4191.167146206241 1002.8191870351606 -5424.716433043772
-4071.556622530502 -1057.3258929466585 -5504.867425641795
-3301.7108393353105 -3349.8331861900447 -5086.885088772415
-2352.8673633283715 -4965.964199095792 -4219.276181069764
-1194.9612967013416 -6140.8475001369525 -2976.76606869051
69.12232513887314 -6770.089552125553 -1469.757227785384
1327.0641250521785 -6797.779437359152 167.84599273184034
2467.0904537296046 -6221.45678801968 1790.5353602148311
3387.90496894502 -5092.330400651245 3254.1278033077224
4007.6892600936003 -3510.7281098610547 4428.576710572078
4271.3727730282235 -1617.1822199331825 5209.527142613303
4155.526070468621 420.05740712304936 5527.588226400032
3670.4426403220864 2419.973090164829 5354.498838849728
2859.224274110712 4204.863544268476 4705.638731636501
1793.951283645553 5616.1334197241285 3638.6619727619377
569.2778490029351 6528.385194841737 2248.374129602404
-705.9784207582859 6860.561296051106 658.3083782003438
-1918.5054096998529 6583.146419028977 -990.2509615435391
-2960.564773767271 5720.79009301391 -2550.82215770951
-3739.5649654609597 4350.116461960732 -3884.741611064342
-4186.28839916289 2592.9158930906788 -4873.484724368339
-4261.041737375145 605.3233682955552 -5429.1973329767525
-3957.182817947951 -1436.0547941904836 -5502.50193291012
-2983.7290867154984 -3648.6202722822018 -5077.79554472596
-1894.5762369556155 -5170.393646578476 -4204.365251740576
-637.0819743313417 -6232.754855477471 -2957.358655585022
677.0198175004691 -6741.308443473118 -1447.5777647260365
1930.965427494819 -6650.867192521344 190.82676311923098
3013.3362853540584 -5969.467204664104 1812.2754956319125
3827.958990451098 -4757.653859097126 3272.69559731766
4302.450740525231 -3123.1020895292672 4442.322333193685
4394.650861309602 -1211.048993799007 5217.229234954964
4096.366967458965 808.6111196313054 5528.562423757121
3434.102891939253 2756.4225865509193 5348.658579511872
2466.703704158419 4459.313810294201 4693.502948275425
1280.1270673121965 5765.975432616515 3621.3089829862674
-20.194477209805573 6560.304834184428 2227.345822706076
-1318.7216538097275 6771.722361811486 635.4732115322869
-2500.074624353987 6381.442640377481 -1012.8639832143892
-3459.2849931276232 5424.1437358461635 -2571.2037681721004
-4111.122709439717 3984.885856922191 -3901.0808147858324
-4397.669131653237 2191.553382227146 -4884.329711394655
-4293.463352666256 203.49177204760906 -5433.584478618173
-3807.7645132412945 -1802.6509750872888 -5500.041420023734
-2638.8499320708297 -3917.2255698833806 -5068.618314582502
-1418.6584096075999 -5332.500902590964 -4189.381719177158
-72.41286177083472 -6273.960128808581 -2937.900173224054
1280.2668866128718 -6657.950464761019 -1425.3733041174457
2519.1893037623395 -6450.35268398507 213.80423820772384
3534.2706959923507 -5669.612760330532 1833.9843357036896
4235.31662699195 -4385.102862234846 3291.2068766646776
4560.036089302436 -2710.9573311226363 4455.991243410533
4479.57633368963 -795.9313442998955 5224.841233383871
4001.0865625315478 1189.8166353510805 5529.441150932966
3167.0826918133625 3069.8441855268043 5342.725956668848
2051.669625414088 4677.102608029156 4681.286114988022
753.9567091929138 5868.77993868139 3603.8934585047596
-610.748569324556 6538.99041706522 2206.2790528074174
-1921.186157231608 6628.182901006011 612.6270711719646
-3060.91792408203 6128.432246890857 -1035.4595142067153
-3928.673700760713 5084.143493457498 -2591.540977708913
-4447.349578426239 3588.1062792342063 -3917.352652551411
-4570.8589291764265 1773.2500759559175 -4895.090353195743
-4288.227405185268 -199.16717835084796 -5437.877794208449
-3624.5680576673835 -2153.887554830392 -5497.48592947209
-2269.9364384225146 -4153.240530101819 -5059.353556819373
-929.0235068557118 -5450.77937874499 -4174.3258421231885
494.4372402477435 -6263.992559235367 -2918.3909576271167
1873.9650687530977 -6520.622511759101 -1403.1442293980995
3086.9828771394773 -6197.866538832467 236.7780212099548
4025.7087098907973 -5324.402925041246 1855.6615055502868
4606.732657236625 -3977.842745602736 3309.661321686078
4778.4281916736945 -2277.8337817420647 4469.5832051805755
4525.539411493831 -375.4292902646962 5232.363006451958
3870.5365946001452 1560.3337411969949 5530.224392753234
2871.6196157061613 3357.4542723414875 5336.701072768368
1617.5466320615642 4856.250257443052 4668.98844274112
219.7475316718158 5923.547095867565 3586.415700058019
-1197.5771012531322 6464.510779765972 2185.1741836986926
-2508.491753251182 6431.0743118438795 589.7703516387925
-3596.5159046381227 5826.208669009695 -1058.037164328769
-4364.973834847891 4703.658818038374 -2611.8334351261174
-4745.584684459253 3163.168239417606 -3933.556843370265
-4704.529509201041 1341.6162813894234 -4905.76646395107
-4245.4562415626115 -599.1441708263179 -5442.077205608303
-3409.1555559834933 -2486.6680341632436 -5494.835505384775
-1880.066174609154 -4354.527927336291 -5050.001431425379
-429.70861861167515 -5524.083656281737 -4159.197880571614
1058.8304338946666 -6202.800310324709 -2898.8313456897895
2453.287755748622 -6330.370936254512 -1380.8909244316183
3629.759694428331 -5895.460324122822 259.74771540231677
4483.7115553200365 -4936.712190391313 1877.3066308386958
4939.26596807748 -3539.315514138926 3328.058613700592
4955.944923959554 -1827.4351224249774 4483.097983790527
4532.266424541749 46.820899483358055 5239.794424269208
3705.8761637798048 1916.916679002469 5530.912135692483
2550.2025428963516 3616.685999341918 5330.584031851359
1167.932234697028 4995.096897074756 4656.610143897523
-318.113977941331 5929.67151488083 3568.876009461352
-1775.8943676194008 6337.368796654897 2164.0315798301363
-3075.878749350406 6181.963049761286 566.9034476348576
-4102.557805930066 5477.262756798389 -1080.5965436975775
-4764.706597674458 4285.883631322244 -2632.0807900026757
-5003.490298644967 2713.684936912588 -3949.6931074197378
-4797.691929125356 900.3634270480726 -4916.357859299833
-4165.597577378706 -992.9593244895094 -5446.182640300043
-3163.3716004580797 -2798.0532825159758 -5492.090193530732
-1472.5055361741684 -4519.240855637977 -5040.562099898037
75.1550574229556 -5551.640140349429 -4143.998095760214
1616.13779435553 -6090.751835619359 -2879.2216751779674
3013.519595955674 -6088.673501470316 -1358.6137734999963
4143.136956842261 -5545.589807012076 282.7129241318226
4904.618417256344 -4509.7561217807925 1898.919337789287
5230.303007733792 -3073.2108143905075 3346.398435013925
5091.2522231673975 -1363.5972395781232 4496.535345859911
4499.821335980199 467.17793401872063 5247.135358505908
3508.5615759504885 2256.4422980013906 5531.504367874401
2205.5507228286992 3845.2118615727213 5324.374939550164
706.567009083662 5092.317476808992 4644.1514322123285
-855.1982841367327 5886.948336963632 3551.2746895995365
-2340.9754568357052 6158.498002931779 2142.851606303551
-3618.7466869932323 5882.8380952161015 544.0267540381235
-4574.976393403151 5084.462206330716 -1103.1372627456835
-5124.699370305991 3834.3095376179513 -2652.2826926964167
-5219.070318784371 2243.461639897593 -3965.7611660501657
-4849.7039659259135 453.2723302030957 -4926.864356344132
-4049.4201331196214 -1377.1922151828298 -5450.194027388827
-2889.3275508980832 -3085.287188541276 -5489.250041317476
-1050.6823939269862 -4645.839298415561 -5031.035725240781
581.3764498437689 -5533.054635034971 -4128.726750167009
2161.777444717401 -5928.633785921201 -2859.5622847219656
3550.0950268237902 -5797.427807547491 -1336.3131612970244
4622.971086461495 -5151.094926880298 305.67325082290574
5285.0758774926335 -4047.0646567520375 1920.4992531822447
5477.578483635076 -2583.4349316206312 3364.680468924193
5183.374203549292 -890.2556755972723 4509.895059345188
4428.604378615129 882.0267040255773 5254.385682394874
3280.333620030806 2575.9371402853185 5532.001079072007
1840.5908237997546 4040.964257316771 5318.07390308672
237.30345557430525 5146.933966606072 4631.612522829251
-1387.0693660679974 5795.576006014742 3533.612044421615
-2888.1949874814763 5929.255683822604 2121.634628866097
-4132.691809622299 5536.094974012839 521.1406658956051
-5009.98082845889 4651.027931009401 -1125.6589322278505
-5442.111064748177 3352.6966456358687 -2672.4387943500233
-5390.685850623542 1756.463550230718 -3981.7607417896934
-4860.274542035792 4.160960274222777 -4937.285773652151
-3898.0065114246513 -1748.5113492626945 -5454.111297603867
-2589.383496153587 -3345.8207522019766 -5486.3150977902815
-618.1572991048115 -4733.104125192727 -5021.422471960171
1084.739441104224 -5468.31676819213 -4113.384107505793
2691.252321670543 -5717.6454690247865 -2839.8535138106704
4058.635623090113 -5458.9362784607265 -1313.9894729216237
5065.3913383690715 -4715.176643408156 328.6282989843421
5622.064804130188 -3552.4528713768827 1942.0460043640269
5679.193140019313 -2074.0780720411344 3382.904399727438
5231.700242689129 -411.41233406282345 4523.176893543636
4319.34781985766 1287.80919525025 5261.545270733623
3023.2023880861298 2872.6032261077844 5532.402260707822
1458.4321570280072 4202.153854114005 5311.681031270704
-235.92617140618125 5158.324671333761 4618.993632276907
-1909.3214241659705 5656.155704570537 3515.888378935622
-3413.0650894695436 5651.412481825748 2100.381013903898
-4613.542943584311 5144.5164592555575 498.2455784165481
-5404.0872609618855 4180.507572941867 -1148.1611632278439
-5714.454709756655 2845.0422429170026 -2692.548746897134
-5517.067780118107 1256.782424346723 -3997.6915583490663
-4829.465166962892 -443.14802792560414 -4947.62193126125
-3712.7433799642126 -2103.702833193655 -5457.934383299644
-2266.1280505497584 -3577.334409784615 -5483.285413631327
-178.59348677096403 -4780.1483906845415 -5011.7225060630135
1581.0379988865425 -5357.801221291846 -4097.970432721544
3200.187320072025 -5459.38990106398 -2820.0957027857094
4534.985954078335 -5075.887829988612 -1291.6430938712424
5466.831184606733 -4241.370850051909 351.57767221604786
5912.9244735893235 -3029.9894571386812 1963.5592192537542
5833.628474651844 -1549.3802040689727 3401.0699127230455
5235.988985284649 68.89827947530442 4536.380619097424
4173.108896815708 1681.054848533091 5268.613999886547
2739.4297694779552 3143.842317110997 5532.707905854029
1062.3402853325556 4327.285599288827 5305.196434497655
-709.1427951682209 5126.23056598979 4606.294978465074
-2417.6154262963914 5469.687450810247 3498.103999203309
-3911.2723172675696 5327.138602298193 2079.091128435786
-5057.395498513684 4711.250111209239 475.3418869655931
-5754.146895702266 3676.7463727587633 -1170.6435671650067
-5939.617089549964 2315.5475839529854 -2712.6122030683023
-5597.326239410879 748.602230699787 -4013.5533406264
-4757.688389438514 -884.8597159378805 -4957.872650681121
-3495.309047292928 -2439.6979936715647 -5461.663218457058
-1922.3561573842621 -3777.7583982292217 -5480.1610411588235
264.274070230271 -4786.425834111649 -5001.9359950535245
2066.1113184280034 -5202.265746130471 -4082.4859919858673
3684.365509003251 -5155.8615168383985 -2800.2891928355593
4975.247655531803 -4651.336365649645 -1269.2744100351276
5824.0572143516465 -3733.5195663194872 374.5209742159368
6155.373731222237 -2483.96316924108 1985.0385263497049
5939.75827966103 -1013.6957438827898 3419.176694219196
5196.369238752065 546.6429968499922 4549.506007997539
3991.259987089171 2058.4101084093772 5275.591747787031
2431.5097702174558 3387.278448652601 5532.918009232582
655.7092397570217 4415.172233906423 5298.620224747061
-1178.3539341883902 5050.758590513429 4593.5167806809095
-2907.715189960118 5237.562881464328 3480.2592123348863
-4378.713190805944 4958.986725730997 2057.7653401069224
-5460.643308982336 4239.78283726166 452.42998705598836
-6057.371305517185 3143.8556377210966 -1193.1057558011676
-6115.875279220691 1768.583068185802 -2732.628816397005
-5630.956895288845 236.16413174324197 -4029.3458147119286
-4645.703280163258 -1317.2390241939408 -4968.037754896846
-3247.6585412621143 -2753.599712223247 -5465.297738684586
-1561.0450888550743 -3945.2909818482067 -5476.94203432611
706.6702958791279 -4751.736500230388 -4992.063107930421
2535.878682199512 -5002.845977048667 -4066.931052692386
4139.763119086181 -4809.430634178211 -2780.4343259896586
5375.811435790801 -4188.6762736223245 -1246.8838076877093
6134.1953150655045 -3195.7396444520305 397.45780878676413
6347.52902112389 -1918.847523599728 2006.4835547356802
5996.856917983114 -471.45737955192857 3437.224431538282
5113.337760906416 1017.8238216256831 4562.552833587728
3775.476104260017 2416.6669096055866 5282.478393939587
2102.1468273461387 3600.7785372989742 5533.032567215304
242.03257970315792 4464.945190197008 5291.952515580464
-1639.587324788956 4932.3818688568135 4580.659259585188
-3375.5227002630972 4961.554773067374 3462.3543264837067
-4811.528070581473 4549.871762266408 2036.4040171824581
-5820.008056785544 3733.9126786047073 429.51027434269594
-6311.354786459535 2586.179067443071 -1215.547341247215
-6241.909946432305 1208.6520968792436 -2752.598241225628
-5617.844015493939 -276.26891657469383 -4045.068707892752
-4494.6079902765505 -1736.6422244047817 -4978.117068371952
-2972.0063208607876 -3042.707249467646 -5468.837881219384
-1185.3288474016322 -4078.4143827144694 -5473.628448720723
1144.8120668945833 -4676.229427823168 -4982.104015184018
2986.37374503737 -4761.047074112698 -4051.3058834521426
4562.583010448279 -4422.82479435636 -2760.531445112497
5733.386752815084 -3691.6151223745483 -1224.471673481919
6394.753921640933 -2632.389246383628 420.387779842968
6487.9191416136255 -1339.2640338015776 2027.8939340874333
6004.604274089745 72.86066544715092 3455.2128130222777
4987.753966041156 1478.5113748271335 4575.520870568406
3527.7198297120513 2752.7898602134246 5289.2738194219155
1754.2323053695516 3782.4708861004237 5533.051577823947
-175.1264576267117 4476.062774657323 5285.1934221394085
-2088.9244663330396 4771.936842807967 4567.7226372084715
-3817.1123691116345 4643.803381175215 3444.3896508409407
-5206.133086772948 4103.047610129565 2015.0075285411665
-6132.566032935743 3197.7180529960424 406.583144615618
-6514.09357474943 2008.257213899267 -1237.9679359697857
-6316.815315817822 640.3539082559371 -2772.5201327114446
-5558.260295188376 -784.4476522827791 -4060.721748657498
-4305.829455307892 -2139.5475964243556 -4988.110417051457
-2670.80677250196 -3304.5393473736517 -5472.283584928375
-798.4711873167871 -4175.908275576715 -5470.220341563437
1574.9404185909038 -4560.402376163767 -4972.058888793267
3413.7779569766676 -4478.732259267294 -4035.610754088934
4949.286342767251 -3999.107126542127 -2740.5808938976966
6045.0289174175805 -3164.1437758311326 -1202.0383944424984
6603.644144582896 -2048.032365021301 443.31049141751186
6575.496609887022 -749.944290937315 2049.2692946790467
5963.087345311097 614.7796244727674 3473.1415280381734
4820.831601526481 1924.8776723324995 4588.409895000555
3250.2238140752183 3063.9418918189494 5295.977906886963
1390.8193773710966 3930.7614283297607 5532.975040730224
-592.165464522754 4448.315562071067 5278.343061143571
-2522.5338062184305 4570.617337011047 4554.707136947311
-4228.763949274303 4286.7997037337855 3426.365495630245
-5559.2498578122395 3622.081104469132 1993.5762436691073
-6395.772020117387 2635.524703831277 383.64899379272305
-6664.001771051889 1414.790367448338 -1260.367152798039
-6340.10572013834 68.34569821236789 -2792.3941468325215
-5452.863452894821 -1284.1717862399298 -4076.3046667010644
-4081.1103383644636 -2522.5849719897597 -4998.017628364838
-2346.7326606127144 -3536.8554127964694 -5475.634790309288
-403.8374874988484 -4236.860728941896 -5466.717771707273
1993.352627486438 -4405.09858503703 -4961.9279022228075
3814.4528425948197 -4158.108333562426 -4019.8459356346675
5296.622183188033 -3541.651909092937 -2720.5830168620764
6308.163398961388 -2610.5041702171334 -1179.584357959367
6759.196613817915 -1447.4016798086802 466.2255476687223
6609.645547290949 -155.69119833157555 2070.6092673893295
5872.798467935448 1149.8531293568692 3491.010266983302
4614.127472352293 2353.2279604546143 4601.219684309587
2945.4710020857556 3347.508160295143 5302.590540564952
1015.0965072973006 4044.3475697958565 5532.802957255818
-1005.4737668421577 4381.828949393228 5271.401550888649
-2936.703284348759 4329.965597497393 4541.612983560336
-4606.993827530859 3893.365800522871 3408.282172102397
-5867.932751677452 3110.823366417486 1972.1105326531847
-6607.480099838756 2051.870624582418 360.70821791321373
-6759.923844680564 810.60017326728 -1282.7446049302846
-6311.718690485331 -502.69566070291626 -2812.2199403937366
-5302.6896321192235 -1771.324779176093 -4091.8171929292766
-3822.493329469137 -2882.563917688727 -5007.83853122907
-2002.6517197600847 -3737.674602191294 -5478.891439491723
-4.86571625799391 -4260.676495774356 -5463.1207996364865
2396.43389796215 -4211.500589040755 -4951.711230419931
4184.97086459688 -3801.7082889666285 -4004.0117003247155
5601.654804470052 -3054.1175238957767 -2700.5381593397033
6520.607132508826 -2035.1550140528027 -1157.1099517808696
6860.174901611118 -835.360050080543 489.13255288710747
6590.186025323573 438.6603202585518 2091.913483708186
5734.630200130996 1673.7037961135827 3508.818721290696
4369.527315646659 2760.031344755782 4613.950017289182
2616.1727538123255 3601.1179962183746 5309.111606265379
630.3597619167303 4122.229510470933 5532.535330372361
-1411.4634611133945 4277.0628426119 5264.369011244365
-3327.871961518241 4051.8603716056687 4528.440403164413
-4948.584434016621 3466.6323252859092 3390.1399925299197
-6129.593463047531 2573.3787837991085 1950.6107661748274
-6765.961213608813 1451.4692442849678 337.761213130742
-6801.143618409213 200.59029274824516 -1305.0999059406765
-6232.014566386783 -1068.1119865751555 -2831.9971710326577
-5109.143671395428 -2241.9078285591036 -4107.259059463502
-3532.3029400928604 -3216.5003215251318 -5017.572956051524
-1641.6015913069384 -3905.2926455444685 -5482.053476238113
394.96326291653617 -4247.08257991269 -5459.429487465522
2780.6883830644783 -3981.1211319161894 -4941.40904981162
4522.144610589845 -3412.371152792817 -3988.1083215931085
5861.788444359571 -2540.417021799639 -2680.4466674759283
6680.586650813047 -1442.7356899830963 -1134.615564007071
6905.785416070149 -216.8609607702598 512.0311115022098
6517.374841569282 1028.2828164856655 2113.1815757429968
5549.866911366579 2182.05915295202 3526.5665834344113
4089.2289508991616 3141.949957869724 4626.60067410514
2265.245052858687 3822.6647208104137 5315.540991378982
239.98419100752568 4163.71894781928 5532.172164701377
-1806.600319367906 4134.808474134762 5257.245563652386
-3692.6604632326057 3738.5021222152495 4515.189623230723
-5250.611519965537 3010.013450590581 3371.939270201724
-6342.022701220416 2014.071874654468 1929.077315503526
-6869.91733396364 839.1711740464647 314.80837570647964
-6787.389663448542 -410.2935680175948 -1327.4326697858721
-6101.772635367099 -1623.301926019641 -2851.725497225448
-4873.986331445121 -2692.07278415167 -4122.629999645319
-3213.1249528375256 -3521.6411614449944 -5027.220734732937
-1266.7633216037218 -4038.2962670762386 -5485.120845944707
792.1557898538529 -4196.131027606487 -5455.643898937934
