5105.576077368912 -2818.407743058623 -3740.1534006408124
6259.1410300162 -1787.5253953853164 -2372.1263194610597
6856.5538343585495 -597.813571906047 -793.3254048923201
6844.731741027248 645.0166108987415 855.9659533523218
6224.725194895176 1830.534237216397 2429.2009802968864
5051.624498440085 2853.4008633901863 3786.590839769153
3429.66479660961 3622.7303009083216 4807.525485947737
1502.9643267643228 4070.164253100679 5401.290395221759
-557.2811191642979 4155.946249783415 5515.126949707842
-2568.009692067243 3872.4541841031755 5138.920271976408
-4350.559334305116 3244.877570180085 4306.097976299699
-5746.542687574788 2328.9793442358327 3090.6599784290597
-6631.920504766241 1206.1410829987053 1600.603278337065
-6928.023081405438 -23.868106525820053 -31.674047166973814
-6608.540404133237 -1251.7565100420545 -1661.1369945809447
-5701.859910851904 -2368.4208543980967 -3143.000630246781
-4288.544142291313 -3274.640612197132 -4345.594867084093
-2494.1724067221317 -3889.894181078832 -5162.0639296520285
-478.1825073203506 -4159.5135814522255 -5519.860958725941
1580.2960063261812 -4059.541946388889 -5387.194118106214
3498.358284795837 -3598.8621943825 -4775.851438780761
5350.016423938827 -2348.2662702883695 -3723.1769412251037
6401.992656689485 -1218.5231323109253 -2351.3332702908465
6885.123747211248 19.491133373034135 -770.5633196351483
6756.481377925395 1255.7735263213553 878.6745635315448
6027.495987880712 2380.474930584684 2449.8383557286643
4762.941128082364 3293.6606907233922 3803.323259080742
3075.1780472310215 3914.1902444994607 4818.86620025429
1114.1719016866127 4186.926817910784 5406.231732289235
-945.8333067854795 4087.636569525031 5513.2298500530915
-2921.797075228605 3625.141873639352 5130.353301229039
-4638.146351442385 2840.537413607737 4291.622347406155
-5942.375970160508 1803.5387388839451 3071.5619145417572
-6718.599406242433 606.2877325109413 1578.579726242904
-6897.845800991865 -644.8345995455692 -54.666198215681405
-6464.1883256254605 -1838.6605476224138 -1683.0547910641285
-5456.159349904001 -2869.113437214104 -3161.8965797622436
-3963.3266719826574 -3644.633007012378 -4359.789981593878
-2118.3350264830083 -4096.310939929097 -5170.296910937706
-85.12001772020724 -4184.01366946864 -5521.400270270436
1955.6582781600937 -3899.9484232343284 -5381.9029853236425
3822.667753760853 -3269.3556449538887 -4764.200002038606
5551.127931628675 -1857.0433465593078 -3706.1361879930037
6493.1017536413465 -638.3399565370253 -2330.499617036556
6858.134990335263 637.0827399323292 -747.7879278772941
6613.792836708202 1855.8978391671292 901.3680002871197
5781.7861653878 2909.8082709184255 2470.4334260377286
4436.0424203220255 3705.1694683153387 3819.990000566349
2696.1368389591184 4171.310098584037 4830.123699794646
716.6676676530634 4266.811521100684 5411.079711647459
-1326.4805709682123 3983.188015373591 5511.237544988204
-3251.7651896948796 3345.6407745478546 5121.69773678914
-4888.116201180653 2410.8186688008354 4277.072608476052
-6090.136637046902 1261.784744627388 3052.410809275874
-6751.021706587103 0.6357086426560771 1556.5289143873395
-6812.048871126255 -1260.5698128447632 -77.65740525917698
-6267.795599281761 -2409.768174541379 -1704.943523654453
-5166.6211826731305 -3344.8480588365633 -3180.737927951646
-3606.369800640377 -3982.723514480183 -4373.909808911847
-1725.6766355275313 -4266.716507967968 -5178.44060876318
308.35047165909486 -4171.593015545809 -5522.844235313595
2314.9792862650766 -3705.805176957983 -5376.518914953673
4115.912032167124 -2910.7402857392867 -4752.466294535483
5707.104310627164 -1348.7342977354838 -3689.0314352133655
6531.618083540645 -51.68166996816597 -2309.625719464887
6775.768926197698 1249.9631009771056 -724.9996229164161
6417.862964789913 2440.5431650278388 924.0458717366176
5489.701714632815 3414.2702587185718 2490.9858355773317
4073.7563759714153 4084.62445664392 3836.5907764157173
2295.839905919565 4392.041846517267 4841.297790168252
313.927985099281 4309.207044169377 5415.834249578922
-1695.877814847334 3843.4802853034053 5509.150068917369
-3554.997428707576 3036.2434362527993 5112.953728125639
-5098.239920177896 1959.2230335562715 4262.449010762076
-6188.48142148301 708.117066419619 3033.20699334293
-6728.849190785964 -605.9082095889939 1534.4512235556042
-6671.329180419281 -1866.0958821912325 -100.64727127290674
-6021.032295726448 -2960.472746433895 -1726.8028143655579
-4835.7402686933065 -3791.7986153352367 -3199.5243494524807
-3220.7714974901173 -4286.206537229903 -4387.954105209223
-1319.623044612017 -4399.766198584113 -5186.494882498697
698.7797068502105 -4122.387325138182 -5524.192828920255
2655.092814814539 -3478.7162470549247 -5371.041999971316
4375.489274499709 -2525.94596432603 -4740.650518895336
5816.507764145827 -827.4880342171635 -3671.8629782602584
6517.119359901607 536.6839495828763 -2288.7119380374984
6638.656300622887 1853.169209263766 -702.1987982731872
6170.319495770497 3004.9922522024435 946.7077862663649
5153.722725717794 3889.8085463416355 2511.495229437455
3679.195074745392 4428.998280994731 3853.1252999577528
1877.7547955002124 4574.65208204262 4852.388278414933
-90.5322377163313 4313.827970071025 5420.495263979716
-2050.775084317615 3669.701312036382 5506.967457888243
-3828.797564999044 2699.5055882083548 5104.121426234766
-5266.614579628963 1489.4469462828538 4247.751806792376
-6236.469776701428 147.0444068498742 3013.9507983647277
-6652.187265817146 -1208.4236734254828 1512.3470349971333
-6476.82872372202 -2456.518007237041 -123.63539925560717
-5725.975526429499 -3486.3399358538645 -1748.6322857194587
-4466.344275584006 -4206.3852616192635 -3218.255519850745
-2809.8587356238386 -4552.674797472119 -4401.922627961578
-903.7049161415342 -4494.439198485299 -5194.459593058744
1082.7470509836498 -4036.852953191499 -5525.446027802176
2972.9921910717444 -3220.574607569248 -5365.47233495488
4599.073928221801 -2118.134074805579 -4728.752879159321
5878.281929489295 -297.5730652277834 -3654.63111360779
6449.6154685200745 1121.966057791614 -2267.7586339047825
6447.872369501552 2441.813572909289 -679.3858476844767
5873.207514430981 3544.695236351611 969.353352538288
4776.68239755657 4332.6151724052515 2531.9612534508856
3255.728087533812 4735.563237022175 3869.5932856654385
1445.48804940629 4717.735726352702 4863.394973018179
-493.18994533077614 4280.716692954567 5425.062674360941
-2388.0458490968263 3463.3371957716113 5504.6897495913245
-4070.7133994039696 2338.2249901394302 5095.200983637446
-5391.680200142591 1005.3512330019754 4232.9812503661415
-6233.572554099696 -416.8523930989204 2994.642556867553
-6521.584631042458 -1802.016854746367 1490.2167304188918
-6230.125294014335 -3027.0642108288953 -146.62139223590515
-5385.091984158513 -3983.14362772678 -1770.4315607531491
-4061.5696194232823 -4585.303253563241 -3236.931115686543
-2377.1589700975815 -4780.038563048716 -4415.815135952967
-481.5273142883915 -4550.046469353584 -5202.334602904426
1456.8901565431343 -3915.7627793063366 -5526.603810318449
3265.8565435086552 -2933.5463822757974 -5359.810016084324
4784.6372446080295 -1690.6715155238155 -4716.773580782276
5891.761685450646 236.65756550884845 -3637.336138825054
6329.549152637774 1699.389906669476 -2246.766168899628
6204.928400844086 3011.123996972738 -656.5611650965493
5528.972530755611 4055.3065060449694 991.9821794965876
4361.743187813191 4739.157235635621 2552.3835541993526
2806.953821438868 5001.913047391071 3885.9944491607635
1002.7542899157422 4820.226934351963 4874.31768390849
-890.5443607811073 4210.242504978198 5429.53640185011
-2704.714236933009 3226.159552692206 5502.316983359308
-4278.558383690484 1955.4181663815066 5086.192554376665
-5472.233841912853 510.9292947765267 4218.137596549266
-6179.6773087785905 -978.9578868456314 2975.2826022765107
-6338.029327692155 -2381.8603641356126 1468.0606919788627
-5933.21962685668 -3573.1240954501304 -169.6048532793795
-5001.217324669531 -4446.900070487055 -1792.2002630250704
-3624.834915704758 -4925.54945936168 -3255.550814459683
-1926.3700171536088 -4966.542163354248 -4429.6313892801145
-56.73868884276149 -4566.235800821494 -5210.119776045849
1817.9341209653992 -3760.199348789991 -5527.666156475865
3531.075506253295 -2620.0526832554438 -5354.055141139615
4930.465336940932 -1247.1028389018597 -4704.712830629137
5856.679737322786 770.802133890505 -3619.978352570923
6157.7931508119955 2264.235939643316 -2225.7349055311997
5911.759619821418 3556.482445723068 -633.7251446582708
5140.44030327992 4532.71987913419 1014.5938763745503
3912.3703073412917 5106.205259770674 2572.7617790195945
2336.66904044109 5225.981894863836 3902.32850721964
553.3444749945087 4881.407104754541 4885.156222466637
-1279.1471753675573 4103.097871685567 5433.916369192493
-2997.9809857533055 2960.2103865688946 5499.849200166386
-4450.431029132012 1554.2952179362662 5077.096294014819
-5507.440745177456 10.274098277774737 4203.221101669924
-6075.090182008256 -1534.659920099835 2955.8712689096633
-6102.941196073472 -2943.232669832433 1445.8793022793782
-5588.51910255125 -4090.286280686594 -192.5853854952434
-4577.532561955225 -4873.900005576054 -1813.9380166215537
-3159.812165058688 -5224.446326212207 -3274.114294635185
-1461.3285906894023 -5110.777663659332 -4443.37114935655
367.0004418975319 -4542.993977411963 -5217.81497804447
2162.7198746669646 -3571.5453396708403 -5528.633047929259
3766.272155632373 -2282.7492250314117 -5348.207809499022
5035.174627556742 -791.12082406795 -4692.570836971397
5773.169917417329 1300.4465833716822 -3602.558054588998
5935.643805626256 2811.8784977534347 -2204.6652069786223
5570.70969356149 4073.4626678842656 -610.8781807142833
4710.793578566954 4973.1018038771 1037.1880527012634
3432.3027811396237 5430.859020497649 2593.0955760095044
1848.836819195387 5406.060580214722 3918.5951777767896
101.09359237888071 4900.909933273616 4895.910401526921
-1655.632243762412 3960.291931472148 5438.202500752468
-3265.2478894229653 2667.784612104509 5497.286442627565
-4584.7319308039605 1138.2329225714307 5067.912359631
-5496.842420368329 -492.45575718501823 4188.232023314149
-5920.534338387332 -2079.387581809093 2936.4088919723267
-5818.1607986036215 -3481.5566945473147 1423.6729443606014
-5198.818139285857 -4574.374216415118 -215.56259204338983
-4117.537673654917 -5260.738514843826 -1835.6444461634655
-2670.3959162032884 -5479.663109857941 -3292.6212356489405
-985.9777627575338 -5211.695590455701 -4457.034178916717
786.0488418013733 -4480.646046692082 -5225.420076015411
2488.2315572477087 -3351.4714386885576 -5529.504467981832
3969.3239794082474 -1924.503885667394 -5342.268122137388
5097.72454690698 -326.53571685849505 -4680.347809483532
5641.767166151609 1821.2010660002607 -3585.0755457023092
5664.811190423918 3337.8238186068743 -2183.5574370847526
5184.511880812615 4557.866277131716 -588.0206677982243
4243.545938735466 5372.922315066696 1059.7643183083762
2925.5223175070455 5710.570626626783 2613.38459403417
1347.5531999249054 5540.809677584656 3934.7941799306263
-350.1519331103909 4878.723473246356 4906.580035380411
-2016.7445302723804 3783.1412783847923 5442.394722514812
-3504.140525582053 2351.410378896707 5494.628754997915
-4680.178257526365 710.7463482491478 5058.640909818321
-5440.36161266546 -993.0706144993136 4173.170620321387
-5717.144963885531 -2608.64889513091 2916.895807551265
-5485.934895786939 -3992.4372735630045 1401.4420016937977
-4767.275437568914 -5021.480079716626 -238.5360761410919
-3625.02263587923 -5604.342344385049 -1857.3191768124973
-2160.670664841862 -5689.234197503579 -3311.0713179131617
-504.3336232862458 -5268.612625380864 -4470.6202420201025
1196.8156739300055 -4379.851700567374 -5232.934938629765
2791.6226463784883 -3101.921731495873 -5530.280401585436
4138.381695862048 -1548.3724040216491 -5336.236181624436
5117.427370679316 142.7566064702659 -4668.043959239334
5463.404186275564 2328.7363736081757 -3567.531127808199
5347.405829942064 3837.7470150984495 -2162.411960349861
4756.266998914251 5005.75699262183 -565.1530006258743
3742.5129724989724 5728.983493948034 1082.3222833368256
2396.2202447294862 5943.164670606993 2633.628482731949
837.0128325764452 5629.269585133941 3950.9252339481013
-796.5668429213096 4815.189193379066 4917.164939778143
-2359.3680587495187 3573.2581106827197 5446.492962085992
-3712.5290686416433 2013.8273638672713 5491.876183171811
-4735.8155786194675 275.45921823642044 5049.28210468115
-5338.3040916526115 -1487.3846877676299 4158.037152780015
-5466.4608593807725 -3118.0679369833247 2897.3323526088866
-5108.898590584596 -4471.697166582289 1379.1868581748524
-4297.38826198279 -5427.996479210626 -261.50544106986007
-3104.036127526047 -5901.994484290892 -1878.961834277788
-1634.8767613004418 -5851.5743789657245 -3329.464222821931
-20.451420294783247 -5281.216210858246 -4484.129104055273
1595.791119153646 -4241.598806180404 -5240.359436116848
3070.2406146512903 -2825.0967336236595 -5530.960835340832
4271.885758008147 -1157.5724185516451 -5330.112092122944
5093.955104904108 612.8072858315658 -4655.659498708287
5239.4047904364415 2818.819956489394 -3549.9251038730895
4985.9221188298325 4307.527728870973 -2141.22914192542
4289.418386606376 5413.492759268255 -542.2755740883902
3211.7810069303946 6038.445201282888 1104.8615582435675
1848.7627901198446 6126.85528788324 2653.8268925205057
321.4738862452766 5670.86739489359 3966.988061269496
-1234.3793831870942 4710.998047675983 4927.664931934322
-2680.5526274385948 3332.5358500479483 5450.497148695412
-3888.5470073307306 1657.963217550445 5489.028774682143
-4751.026921014043 -163.9267226781245 5039.83610583235
-5191.357243227038 -1971.2510542161956 4142.831882022882
-5170.412692483286 -3603.4210788943856 2877.718864977419
-4690.054284030016 -4915.411327359864 1356.9078981174778
-3792.9639704764627 -5790.645708462099 -284.47029018242495
-2558.8521629978477 -6151.355806537344 -1900.5720448223208
-1097.3751114991242 -5965.4909464214215 -3347.7996327567025
461.6085344076682 -5249.566036590127 -4497.560531743959
1979.57623629665 -4067.194147066691 -5247.6934402664565
3321.649902363446 -2523.4342089888482 -5531.5457574979255
4368.580397784742 -755.4560675337233 -5323.895959386974
5027.343353663554 1079.647660786109 -4643.194641751898
4971.473989789798 3287.3512296947556 -3532.2577779272365
4583.2185693216325 4743.284163967085 -2120.0093476076936
3787.7240658458363 5777.755484711228 -519.3887832454365
2655.673656966348 6298.847875376465 1127.3817538083251
1287.6549894335108 6260.2599902758875 2673.9794746028783
-194.77747469132817 5665.420532340834 3982.9823845133083
-1659.9031054229788 4567.183597818798 4938.079830529438
-2977.5390608730045 3063.132357875462 5454.407213196626
-4030.6076040495227 1286.908365599929 5486.086578699488
-4725.53897357609 -603.6630824634578 5030.303076390499
-5000.585467614218 -2440.596416518196 4127.555070622753
-4831.307998146943 -4060.6720485843252 2858.0556833530914
-4232.74761119838 -5319.939149167955 1334.6055062467333
-3258.0890238879006 -6106.50631017959 -307.4302269094398
-1993.9349289167872 -6350.483587570217 -1922.1494352693974
-552.6109652721298 -6030.192529567033 -3366.0772310917823
937.8149077302545 -5174.092402247767 -4510.91429314506
2344.9118106478686 -3858.2514588582662 -5254.9368244310745
3543.6530087134292 -2199.5879416915627 -5532.0351579559665
4427.52508588971 -345.4813831728768 -5317.587890760043
4917.992129310878 1539.322712360791 -4630.649603619998
4661.684898531745 3730.395872367942 -3514.529455059505
4142.495045575479 5141.405219042843 -2098.7529438314514
3255.226328779756 6095.578149320602 -496.4930233183933
2078.7164673464868 6508.132211027123 1149.8824811402706
717.5035254925268 6342.410165316088 2694.0858809734536
-707.4627533137968 5613.137143208151 3998.9079274809847
-2069.5678618390457 4385.112253079535 4948.409455713447
-3247.7827836909137 2767.450895516654 5458.223088068546
-4137.417952551867 903.8893811288729 5483.049646031262
-4659.425379568948 -1039.986671425402 5020.683180977051
-4767.4224140598435 -2891.455344317184 4112.2069823878
-4451.813045572854 -4486.005520923625 2838.3431472902753
-3740.6405515269516 -5681.954420485019 1312.2800676922755
-2697.0957289471917 -6373.036734940051 -330.3848547664172
-1413.9021148408244 -6497.8467678845955 -1943.6936330090487
-5.077093023632004 -6045.2946001717355 -3384.2967021997993
1404.1990507891874 -5055.591477895221 -4524.190157658663
2688.7059467133495 -3616.6768667099363 -5262.08946352806
3734.3095200803236 -1856.4046443924638 -5532.429028263726
4448.10330484075 68.81727727687121 -5311.18799517326
4766.663590786239 1987.9244818605205 -4618.02460094703
4312.46255582304 4144.218833299832 -3496.740441412079
3667.2671671624066 5498.580451766009 -2077.460297663683
2696.2189971625044 6364.36906696991 -473.58868968351123
1485.5999371025307 6664.655560999904 1172.3633516847713
142.9788031830567 6372.758161075861 2714.1457644240304
-1212.346624851369 5514.613232151674 4014.7644151617046
-2459.949734972229 4166.470717069238 4958.65362910883
-3488.9755158291964 2448.1189945196247 5461.944707416597
-4207.990510987883 512.2411559136716 5479.918029120849
-4553.107082783091 -1469.1515573284812 5010.976585713537
-4493.660109291698 -3320.0037074365728 4096.787882357042
-4034.9317149871526 -4875.858958542653 2818.581597195607
-3217.681930799828 -5998.472743827595 1289.931967981756
-2114.52698649635 -6588.095901959412 -353.33377736050187
-823.4870399938421 -6592.337827819459 -1965.2042660045213
540.7233438254592 -6010.821607679702 -3402.4577314571548
1856.8880856205772 -4895.217509641443 -4537.38789603002
3008.0601721891608 -3344.6518535633304 -5269.151234041804
3891.9529118040946 -1496.8992025332147 -5532.72736161964
4430.028555651195 483.8595116759249 -5304.696383143458
4574.476721468581 2421.6251848901757 -4605.319851748329
3926.5647923783285 4525.315766029172 -3478.8910441751837
3161.3380876971883 5811.827626485438 -2056.1317767972187
2115.212620620458 6581.933097543028 -450.67617786513284
881.1412297439053 6767.204928546275 1194.823977230101
-431.2234262199919 6351.180904258499 2734.1587785497823
-1705.2719883713983 5370.826584929037 4030.551573737137
-2827.7996508931587 3913.2507540443576 4968.812173813713
-3699.0649048386863 2107.965420644759 5465.572006973862
-4241.652008910331 115.37810896700286 5476.691782046688
-4407.349717807045 -1887.4610540209633 5001.183458218645
-4181.435062940939 -3722.591019372755 4081.2980367957666
-3583.981552806997 -5226.952436331674 2798.771374322148
-2668.075553662157 -6266.876191219572 1267.5615930341191
-1515.0993329177336 -6749.9604947844155 -376.2765983973993
-227.499887539652 -6633.281186673934 -1986.6809627986677
1080.3139212131377 -5927.20573545245 -3420.5600052494665
2292.1370971865776 -4694.4720435220825 -4550.507280353506
3300.2938331970295 -3044.613909173523 -5276.122014025864
4015.2049790269875 -1124.2284679268196 -5532.930152871927
4373.347542033566 896.049606290532 -5298.113166771272
4342.89898381089 2836.709740740042 -4592.535575416316
3507.0602937877798 4870.442629286159 -3460.9815715818045
2628.767876438559 6078.517615790734 -2034.7677495444061
1516.8978971099548 6746.489636997114 -427.75588352878935
270.2448828263537 6815.006447474177 1217.2639699141364
-1000.420575246513 6277.980027929957 2754.1245777552554
-2182.194274935327 5183.127532442602 4046.2691305861636
-3170.070436894306 3627.7314099171763 4978.884914404894
-3876.271928910249 1749.9954315835387 5469.104924102182
-4238.049649303337 -283.2353205747565 5473.370960521344
-4223.25805998127 -2291.299371542247 4991.3039676053495
-3833.211458567138 -4095.7714181465312 4065.7377131909416
-3102.5671972878977 -5536.3162002516865 2778.912820763437
-2096.2462251377465 -6484.934992241004 1245.1693291530596
-903.6645766590572 -6857.33885150124 -399.21292168817996
369.21163512246187 -6620.4380608696965 -2008.1233525203675
1609.2817728647747 -5795.282295215986 -3438.6032109769358
2706.360162871325 -4455.190265454856 -4563.54808407657
3562.966575740787 -2719.235029327631 -5283.001683105078
4102.987772534401 -741.6638276782696 -5533.037398518681
4278.440500073068 1301.8074597984182 -5291.438459739211
4073.7350135533584 3229.607441584063 -4579.671992716708
3057.3040362154784 5176.6432032623925 -3443.0123329023068
2073.8407506762833 6296.396448025705 -2013.368584830722
906.107613539259 6856.687237101243 -404.82820247441225
-342.1371614484997 6807.731275084003 1239.682942231059
-1559.9815481973405 6153.878514038927 2774.042817260295
-2639.2147285225947 4953.226641170436 4061.9168142895787
-3483.9420982155452 3312.4588443568614 4988.871676940893
-4019.105923453965 1377.364542735985 5472.543397793252
-4197.154549837665 -680.1146429717319 5469.955621890545
-4002.2675755589216 -2677.162658017465 4981.338284477991
-3451.7615635298102 -4436.333022363506 4050.107180246577
-2594.551388774947 -5801.315729145767 2759.0062794476335
-1506.8039371261902 -6650.8260747386785 1222.7555630201246
-285.17034316362367 -6909.381336921555 -422.1423511561062
961.8018872384865 -6554.007745998373 -2029.5310648909444
2123.3137991613794 -5616.281805053984 -3456.5870370598213
3096.15996201967 -4179.524579083777 -4576.510082003588
3793.8987249783004 -2371.398252720485 -5289.790122477623
4154.532936972285 -352.5627848931545 -5533.049096707925
4146.018665648786 1697.5994335682437 -5284.672377309704
3769.112441379159 3596.9224925646827 -4566.729325784775
2580.910292281621 5441.274288976666 -3424.983638439143
1501.0304246966857 6463.604315999351 -1991.9346521884208
287.77741671391954 6911.614734485159 -381.8935306295051
-951.0458776342833 6745.497852690271 1262.0805070380143
-2105.3645721585567 5980.013884554116 2793.913153106083
-3072.6123852063183 4683.179439916626 4077.494354634781
-3766.8451038911367 2970.2239502480747 4998.772288964928
-4126.377104567758 993.3510279868849 5475.887368669663
-4119.2623911958735 -1071.7854923601421 5466.44582513219
-3746.1331372809764 -3041.689168257801 4971.286580929339
-3040.143514484177 -4741.325413322679 4034.4067078791004
-2064.0237989753846 -6019.674088449992 2739.0520941315694
-904.5065111083707 -6763.148303913898 1200.3206816883064
335.3801496320617 -6905.687112987566 -445.06449084350623
1545.4668122861362 -6434.6253169635465 -2050.9037302305196
2618.2319664991865 -5391.818823639225 -3474.5111729437685
3458.355720567064 -3869.9255662273554 -4589.393050299844
3991.189392118441 -2004.172439367585 -5296.487214917089
4169.388371133939 39.660203895881715 -5532.965247237649
3977.118896314686 2079.96886399729 -5277.815036323083
3431.4649542590773 3935.4631627394797 -4553.707798121424
2081.723425496535 5662.028376756993 -3406.8957995214796
914.9638569267825 6578.691386866064 -1970.4663217501331
-333.0942655836559 6910.808797140446 -358.9522640422755
-1551.5555008368976 6628.870518204012 1284.4562775618292
-2632.154220951585 5757.928003406046 2813.7352421609935
-3478.874487516204 4375.36831725458 4093.0014826204565
-4016.481489075772 2604.037955127449 5008.586579507924
-4197.206484292259 601.3273930549137 5479.136778985934
-4004.991264242103 -1454.813746772368 5462.841630855332
-3456.9149947493593 -3381.6883008539467 4961.149030537597
-2601.6766575515626 -5008.085009109959 4018.6365672126885
-1515.2679320603418 -6189.491386687503 2719.0506093948206
-294.2210011617579 -6820.934292422297 1177.8650725751506
952.9687568576429 -6846.307253098249 -467.9789449185528
2115.483058795723 -6263.355769811903 -2072.2409794644536
3090.0274073153196 -5123.877640093691 -3492.375309105198
3790.0092603330168 -3529.1204962865095 -4602.196766495323
4153.2321583884395 -1620.7855090940468 -5303.092844774492
4147.422153011924 431.56338328146256 -5532.78585155581
3773.0954886779605 2445.5659751677135 -5270.866555195604
3063.51273221813 4242.269297970801 -4540.6076345893725
1563.7867104010008 5836.953590420647 -3388.7491284998196
320.3836903679419 6640.630279219723 -1948.9639642425293
-951.4868265349618 6854.257825784136 -336.00479887482436
-2138.8135633690918 6458.85448511259 1306.8098674057098
-3136.097329069124 5489.55357922276 2833.508742126561
-3854.7250845449385 4032.4817473098747 4108.437930461195
-4230.843600076521 2217.10621589384 5018.314379091449
-4231.033094989978 204.73106758527658 5482.291572629504
-3855.276731830662 -1825.8353345257483 5459.143101299132
-3136.9621124449136 -3694.1682546177726 4950.92580836342
-2139.914643036948 -5234.258113696634 4002.7970305745657
-952.7263667344431 -6309.2611692101345 2699.002170633753
319.115828223244 -6823.658682102744 1155.389123456159
1562.6031814265434 -6731.744175957616 -490.8853176821625
2667.2463845889756 -6041.684658005919 -2093.5424441296836
3534.893041462716 -4814.794944693971 -3510.1791370565984
4088.448938979886 -3160.0895711663707 -4614.9210094886075
4278.728206406042 -1224.5963714159736 -5309.606897980275
4088.8236958035636 819.7075899873794 -5532.510912760311
3535.6092563216935 2791.176934792865 -5263.827053917352
2668.2404186499757 4514.637960063776 -4527.429061409284
1031.3094324195508 5964.470735939695 -3370.543938740603
-277.8903074714936 6648.825100651589 -1927.4279509798428
-1562.3982740421748 6742.402177282222 -313.0515313962689
-2708.0802974923113 6236.887231916724 1329.1408905558767
-3613.137502295613 5177.197485866619 2853.2333115434044
-4197.15158402718 3657.491023440327 4123.80343159214
-4408.230328621589 1812.8004329463624 5027.955519730642
-4227.618463317808 -192.9654313585427 5485.351695121704
-3671.364144950186 -2181.585470272417 5455.350300331779
-2788.8930107875603 -3976.3620664224313 4940.617090946899
-1658.6164937610795 -5417.821442993283 3986.888371490408
-380.96462254532577 -6377.883608636401 2678.907124055552
930.5376272192931 -6771.242826770962 1132.8932224580767
2159.3575252083656 -6562.947404637211 -513.7832135748241
3196.309030898246 -5771.505304581142 -2114.8077563810907
3949.254452421678 -4467.239630379175 -3527.922349351934
4351.291284829733 -2766.0401108597994 -4627.565559550625
4366.69679125338 -819.0657889234411 -5316.0292620462715
3994.1021248409315 1200.6861227697627 -5532.140435598941
3266.613956807887 3113.7518033306305 -5256.696654050215
2248.872803413225 4750.14697169085 -4514.1723061558205
488.63253620862525 6043.387307046815 -3352.2805446208295
-875.000490341746 6603.11696713588 -1905.8586538574996
-2160.885883448866 6576.130707393392 -290.09285797596266
-3254.767082920011 5964.826375424736 1351.4489613882279
-4059.4479437636564 4823.521043790176 2872.9086097970317
-4503.429040210014 3253.624699741423 4139.097720673578
-4547.260703460887 1394.6295228238182 5037.5098349371165
-4187.048297884343 -588.2846074275438 5488.3170936187
-3454.798276481968 -2518.92706866448 5451.463293449398
-2415.5742670816467 -4225.751805721217 4930.223056304491
-1161.7158834780646 -5557.099950433253 3970.9108646794216
195.36605447873376 -6394.675377617848 2658.765816672276
1535.0888611452922 -6664.055834930423 1110.377758052188
2738.412285872586 -6341.30568658208 -536.6722371833748
3698.415761675718 -5455.1026996192695 -2136.0365489978717
4329.798766823713 -4084.189898471402 -3545.6046395918956
4576.460150530501 -2350.3789016721803 -4640.130198328511
4416.482966398075 -407.7264249914762 -5322.359826067653
3864.0818892849134 1571.154333827672 -5531.674426469297
2968.3401790647135 3410.431135189009 -5249.475478725759
1808.8484175883016 4946.676163758264 -4500.8375977537435
-59.8068961471558 6072.908325171775 -3333.9592615225747
-1466.090943898964 6503.785954399961 -1884.2564453456955
-2742.1063774512368 6356.77366018515 -267.1291750766073
-3774.4736258312987 5644.934130021173 1373.7336946750647
-4471.462328551591 4431.51743001939 2892.5342971238706
-4771.141980690843 2824.340958966456 4154.320533595531
-4646.884730033998 966.2093992932305 5046.9771597218305
-4109.731378595875 -977.7741056473338 5491.187716912395
-3207.4103589104125 -2834.8780904101395 5447.4821477749065
-2020.0968533472346 -4440.0907161824125 4919.743883925962
-653.2888773151252 -5650.781796804709 3954.8647860497636
771.566682377434 -6359.3761167334305 2638.5785962948084
2127.865156376158 -6502.911961027969 1087.8431190475944
3295.0934732484184 -6068.635540026074 -559.5519932478832
4169.538274743031 -5095.134219524439 -2157.2284553898216
4673.501302809382 -3668.9078639898303 -3563.225702429213
4762.203230798462 -1916.6829440027345 -4652.614708849344
4427.76250314644 5.84766678353227 -5328.598480724845
3699.895646174157 1927.8586867140352 -5531.112893418676
2643.2768243146857 3678.5710020615033 -5242.163652643121
1351.7912567855797 5102.426140732845 -4487.425166473949
-609.5120454769052 6052.643917096917 -3315.5804058275826
-2046.3471370354102 6351.549460670765 -1862.6216984829332
-3301.3553052218167 6086.091961348306 -244.16087924738846
-4263.023566780139 5279.858482885382 1395.9947055916664
-4845.903476459252 4004.4864079407907 2912.110034617021
-4998.20359635783 2373.2981422514977 4169.471607482273
-4706.391392464811 531.2319215758215 5056.3573305979435
-3996.3956596928488 -1358.0365866047737 5493.96351543133
-2931.3026346636902 -3126.6375844201298 5443.406932056863
-1605.75050673493 -4617.423111836716 4909.179754771282
-137.52039956273236 -5697.930332539039 3938.7504126937547
1342.928998608929 -6272.151438239851 2618.345811526915
2704.0532619073674 -6289.064363769831 1065.2896945845523
3824.9105263430315 -5747.166321474488 -582.4220866684497
4605.907705169754 -4694.607330492141 -2178.3831096037484
4977.649771699097 -3224.9118762506473 -3580.7852335739185
4907.105811956746 -1468.6688495115923 -4665.0188755238905
4400.543966342873 418.071849653646 -5334.7451182854165
3502.9744778503086 2267.6650302990793 -5530.455846143932
2294.150334450467 3915.7662215183323 -5234.76130206683
881.4808661217799 5215.934399898669 -4473.935243929495
-1155.9633349307455 5982.613560567485 -3297.144294911791
-2611.0352889729425 6147.556989625981 -1840.9547868696511
-3834.1052992502487 5766.263002046713 -221.1883671171359
-4716.4982279952055 4872.611241907197 1418.2316097229098
-5179.8095911712235 3546.006589822007 2931.6354842321475
-5182.872140951696 1904.3236908375068 4184.550680696956
-4725.413756348841 93.43327493522324 5065.65018558364
-3848.0816223576885 -1725.7590974702139 5496.644441241528
-2628.8305491919996 -3391.610200696369 5439.237716668283
-1175.9963452977486 -4756.1018537544405 4898.530851267497
381.3302946511708 -5697.992985297226 3922.5680228830224
1904.7740644798982 -6133.59243486599 2598.0678117591488
3258.970299716272 -6024.195279769856 1042.7178741276887
4323.59272206727 -5379.521937320619 -605.2821225120539
5004.044957288436 -4256.854463097275 -2199.5001463297367
5239.865838164937 -2755.9467889296257 -3598.2829297986164
5010.101644547998 -1010.1611482922804 -4677.342484150356
4335.167933344034 825.3817433900242 -5340.799632605928
3275.0355266913266 2587.585845043999 -5529.70329599131
1923.901841235409 4119.871588932364 -5227.26855482464
401.8210342815736 5286.088662385397 -4460.368063071591
-1694.6556835897597 5863.246955566922 -3278.6512471398514
-3155.5411291506102 5893.381391775 -1819.2560846616957
-4336.042897522268 5399.863028645615 -198.21203538752292
-5131.268226038234 4426.5431385124675 1440.4440230700304
-5470.557854470984 3059.905464957898 2951.1103087933147
-5323.764410386266 1421.3817626678447 4199.557492846049
-4703.931135483417 -343.43794686637375 5074.855564204902
-3666.1329363310942 -2077.7416876688944 5499.230448047319
-2302.5827372263507 -3627.4289615028297 5434.9745736054065
-734.4379572011414 -4854.803253397434 4887.797357305586
898.9648583492865 -5650.8069712745155 3906.3178960637542
2452.4907011930827 -5944.711691595908 2577.7449471629175
3788.1019826576808 -5710.402690181438 1020.1280474592994
4787.123779151408 -4968.699350054903 -628.1317060192771
5360.788619920857 -3785.50526789803 -2220.579200907469
5458.123866376964 -2265.952430272183 -3615.7184889437035
5070.4808547234115 -545.0597752481893 -4689.585321918058
4232.303367688951 1224.2638327620366 -5346.761919133779
3018.067153277905 2884.8062266380243 -5528.855255956249
1535.6624277285903 4289.0209275135885 -5219.685540305351
-83.19264366798004 5312.137296921259 -4446.72385818562
-2221.135726545121 5695.3815068422555 -3260.1015818596316
-3675.4077315441987 5591.006631608774 -1797.5259665638805
-4803.103630334399 4989.846281428371 -175.23228082615717
-5504.0226934962775 3945.3161915633295 1462.6315620571615
-5715.885186335262 2550.227444342951 2970.534171998815
-5419.866196619373 928.5397972039015 4214.4917847838715
-4642.268310642801 -775.6526857465107 5083.973307498321
-3452.184513006694 -2410.9250236725843 5501.7214911921565
-1955.3589717277289 -3831.9760930751577 5430.61757648648
-284.7912048592485 -4912.5392702578965 4876.97945823728
1411.0815103466023 -5556.601774954723 3890.000312851855
2981.5734409289444 -5706.935827201569 2557.3775686843424
4287.1394868652005 -5350.183586726186 997.5206046726338
5211.7743755917445 -4518.044055676222 -650.9704426113339
5673.32023955182 -3284.456483169661 -2241.619909332539
5630.766703271921 -1759.0305385336137 -3633.091609922596
5087.894835193643 -77.30701117048893 -4701.747177411106
4092.941183149676 1611.2855833913877 -5352.631874909012
2734.3117454063095 3156.7083828586287 -5527.91174068316
1132.7267097541744 4421.64378952228 -5212.012389456503
-569.5060649489412 5293.696741422734 -4433.00286488699
-2731.0386933885184 5480.256431309251 -3241.4956193966837
-4166.3721122849865 5242.812176449663 -1775.7648078235595
-5231.505085182087 4539.521052010241 -152.2495002597904
-5831.795873178828 3432.8735607396993 1484.7938435379785
-5913.906005428973 2021.2001886799394 2989.9067384269483
-5470.5396363477175 429.9343099650531 4229.353298617061
-4541.091813509187 -1199.5331189258902 5093.003258013815
-3208.1480547871834 -2722.41676613587 5504.1175276593685
-1590.146262671491 -4003.4017365454815 5426.166800550465
169.1470031244982 -4928.666894023879 4866.077340871862
1913.4108154034886 -5415.998368869845 3873.6155550281055
3487.6596798688142 -5422.094620924356 2536.9660280382304
4752.014676435389 -4946.413971439407 974.8959361651102
5594.132315127743 -4031.222733611893 -673.797937896612
5939.186748175688 -2757.839665173387 -2262.6219082626676
5756.518374956474 -1239.4104399041798 -3650.401992726904
5062.358082057575 389.1458420136432 -4713.827840612064
3918.385057775342 1983.1248081301394 -5358.409398566079
2426.2463255601456 3400.894432244419 -5526.87276646517
718.5249599123194 4516.479661474371 -5204.249234782182
-1053.0405016185543 5230.755852537784 -4419.205320117207
-3220.124639285222 5219.503531948737 -3222.8336810487817
-4624.400289239534 4851.554130766032 -1753.972984224081
-5617.777679648517 4052.5228543701355 -129.2640905673923
-6111.990870009439 2893.407138159833 1506.9304848023182
-6063.126849539874 1477.199500215939 3009.227673541838
-5475.527400894768 -70.2637959053643 4244.1417777090255
-4401.403313723931 -1611.4838454129037 5101.9452598173575
-2936.1952268884347 -3009.5164833751146 5506.418516072913
-1210.0933088633774 -4140.140374743896 5421.622322655748
623.5307100612197 -4902.89462510991 4855.091193472937
2401.751289077426 -5230.00517203623 3857.1639055332835
3966.5657261471592 -5092.406807927466 2516.510677702009
5178.933391461739 -4502.32575127516 952.2544326317022
5931.130097570109 -3512.1932934909214 -696.6137976776989
6156.319866173642 -2209.9870485736174 -2283.5848350241267
5834.493598102907 -711.413756022134 -3667.649338431665
4994.246969587294 850.3717707397745 -4725.827102905543
3710.239580932009 2336.5980338764066 -5364.094390335609
2096.5611233927016 3615.2073077115324 -5525.738351243844
296.59400943300614 4572.58954718053 -5196.3962103407175
-1529.7267838461767 5123.677138903823 -4405.331462139657
-3684.3137275699974 4915.134707492338 -3204.11608908027
-5045.7205144931195 4420.34326656212 -1732.150872078347
-5958.792890923777 3532.7849280409346 -106.27644867334591
-6342.400369263963 2331.323145292006 1529.0411035827976
-6162.457741629461 922.7130702407862 3028.4966436992304
-5434.953700150817 -567.884110360947 4258.856966684377
-4224.5301715123 -2008.022295638747 5110.799158493661
-2638.73859808962 -3269.738887888335 5508.624416698087
-818.4835203130782 -4240.924830936275 5416.984221278811
1074.4974100990646 -4835.285991763454 4844.021205755201
2872.0045302696867 -5000.010772919373 3840.645648463311
4414.321444341553 -4720.462654715536 2496.0118709096364
5564.406526153083 -4021.4807142310665 929.5964850579645
6220.069669120078 -2965.172564309731 -719.4176279580904
6323.052325659608 -1645.3958196040023 -2304.508327617813
5864.204034806193 -179.4184356258443 -3684.8333492004613
4884.29548082471 1302.5010637225191 -4737.744757081853
3470.3958389942704 2668.6876276273665 -5369.686752046104
1748.1362972879024 3797.749584474757 -5524.50851460887
-129.45282600227094 4589.364824592019 -5188.453451742345
-1995.5394976077719 4973.194859948476 -4391.381530535572
-4119.720270077744 4569.526294357248 -3185.3431667165532
-5426.854405349508 3952.620126089502 -1710.2988482222677
-6251.788711347664 2984.506313830995 -83.28697154058115
-6521.224154819722 1751.2060182983557 1551.1253180613662
-6211.22021421521 362.303382998887 3047.7133161522074
-5349.322100086714 -1058.7914978222573 4273.498611433346
-4012.113242252146 -2385.8081076319204 5119.5648011488565
-2318.410515974505 -3500.8351971320653 5510.735191442217
-418.7068411755757 -4304.797716204803 5412.252576512875
1518.2007739265343 -4726.260066899132 4832.867568881135
3320.2095877509155 -4727.773469798785 3824.0610690643
4827.203209203827 -4309.203452414676 2475.469961645518
5905.278641686611 -3507.741797655651 906.9224847135418
6458.64415196707 -2394.6018907035827 -742.2090349490137
6438.130786052233 -1068.6910972251887 -2325.392024725646
5845.561246525061 352.1775901152902 -3701.953728290581
4733.587937421126 1741.7537530681361 -4749.580597340551
3201.014567068806 2976.567451500431 -5375.186387125668
1384.0170050113759 3946.900069415796 -5523.183277797731
-555.956541599896 4566.533295477899 -5180.421096146876
-2446.5309097149184 4780.409998335501 -4377.355766199844
-4522.685241141172 4185.400363699959 -3166.515238138548
-5764.645716398497 3452.1273973404823 -1688.4172900083777
-6494.39212202278 2412.1177623157446 -60.29605616371984
-6647.083287434937 1157.780878704796 1573.1827468759805
-6209.151932513956 -199.42991681676241 3066.8773590569635
-5219.510179974653 -1538.9204890453925 4288.066459116139
-3766.092042501462 -2741.671222380993 5128.242036413125
-1978.0400998292996 -3700.8124359820627 5512.75080385531
-14.230613801283047 -4331.120223898254 5407.427470066514
1950.8433247129578 -4576.588973113035 4821.6304754577195
3742.5762726915555 -4415.40770803682 3807.410453727675
5201.764894816053 -3861.8980914039594 2454.8853046383547
6198.753878466895 -2965.241881689225 884.2328231451996
6644.956377232611 -1805.1109180367362 -764.9876250762385
6500.725340970455 -484.5879277179043 -2346.235565716744
5778.876330199803 878.9928265577594 -3719.0101800581306
4543.5487973098225 2164.471210797291 -4761.334419294001
2904.5070147433767 3257.6268293320236 -5380.593200603652
1007.3870376978958 4061.328008220728 -5521.762663695324
-979.243698492236 4504.162370734614 -5172.299282261338
-2878.864334731141 4546.782140417736 -4363.254411336898
-4889.806993278523 3765.8031218972287 -3147.6326284770125
-6056.286514275306 2922.8797853746055 -1666.5065752990947
-6684.638400903118 1820.2457530747913 -37.30409956221774
-6719.030830558249 555.8748975973521 1595.2130091271258
-6156.407884937136 -757.887881948423 3085.9884414785392
-5046.761081788354 -2004.3089972468845 4302.56025816736
-3488.6874091764644 -3072.6384623747977 5136.830714443314
-1620.6285504067146 -3867.9505160689178 5514.671219130691
391.4302670779533 -4319.578192189061 5402.508985262266
2368.708787569265 -4387.392389776529 4810.3101195331155
4135.51713737777 -4065.367519777979 3790.69408998518
5534.866641112225 -3382.116905075645 2434.258255355043
6442.41895442167 -2398.350361181766 861.5278921702081
6777.534071540836 -1201.4798627096704 -787.7530049868479
6510.43554368521 102.14739417169362 -2367.0385906536753
5664.85624719737 1396.6984068144375 -3736.0024099631546
4315.929613333853 2567.1466367017365 -4773.006019970897
2583.513693180473 3509.4926221806263 -5385.9070991123035
621.5412438249118 4140.004787024062 -5520.246696833575
-1395.657872633314 4402.6593584286475 -5164.088150337566
-3288.846662364364 4274.118325084486 -4349.077709456491
-5217.969916959251 3314.0805870170443 -3128.6956638069764
-6299.340537784336 2369.1316233113976 -1644.567082460428
-6820.987107626657 1213.6749181116536 -14.311498773508516
-6736.5590395474655 -49.622129686963326 1617.2157243844176
-6053.5581379020605 -1308.510033499773 3105.0462333964874
-4832.672030101739 -2451.1310785344167 4316.97975830031
-3182.3818045949683 -3375.958370629722 5145.330686925529
-1249.322990097445 -4000.8169463452746 5516.496404105599
794.7436546339095 -4270.185379082074 5397.497207035162
2768.1938379759513 -4160.129101487547 4798.906696593293
4495.677850795241 -3680.4270967999933 3773.912266503954
5823.701157614095 -2873.70299327347 2413.5891699945337
6634.26305968735 -1811.637767756731 838.8080838694884
6855.341574923482 -588.6005763333916 -810.5047815560318
6467.292907056671 686.736359328232 -2387.8007402986195
5504.5968831504215 1901.0537557706696 -3752.930124574724
4052.7932696507064 2946.4541833758954 -4784.595197819787
2240.8811887522197 3730.049226486956 -5391.12799088837
229.85698028797964 4182.2130267732355 -5518.635403391015
-1801.5910295856158 4262.768846291145 -5155.787842169794
-3672.959770328526 3964.558946963117 -4334.825905369498
-5504.370803360273 2833.8517367095105 -3109.7046711421044
-6491.763548916789 1795.3424856202703 -1622.5991903553024
-6902.33461451695 597.309175952944 8.681349153827847
-6699.602959220738 -653.7976752459455 1639.1905126931672
-5901.5821802744285 -1846.8117338554027 3124.05040571065
-4579.179925943926 -2875.7284653119914 4331.324710511332
-2849.8974397931715 -3649.1241026991124 5153.741807077678
-867.3890595478757 -4098.279049644052 5518.226327261764
1192.1906451124169 -4183.283918026736 5392.392221931272
3145.8389791120217 -3896.5856522536446 4787.420403558689
4819.965714530531 -3263.6586513933394 3757.065273081527
6065.8173441418785 -2340.741257026635 2392.87840548167
6772.694483325239 -1209.838729799312 816.073790580862
6877.787996184956 28.56327786051541 -833.2425618939236
6371.759862908152 1264.4273129345409 -2408.521656119659
5299.572903804368 2387.941432406459 -3769.793031575961
3756.495635404943 3299.2764763006967 -4796.101752712513
1879.637244690203 3917.4563266392834 -5396.255785774692
-164.23516386744976 4187.552990882037 -5516.928811192319
-2193.5145573813256 4085.567195111302 -5147.3985010921915
-4027.8905563917974 3620.560824838599 -4320.499245183754
-5746.542687574803 2328.979344235821 -3090.6599784290433
-6631.920504766245 1206.1410829986967 -1600.6032783370522
-6928.023081405438 -23.868106525816845 31.67404716697068
-6608.540404133237 -1251.7565100420532 1661.136994580944
-5701.859910851903 -2368.4208543980976 3143.0006302467827
-4288.544142291302 -3274.640612197137 4345.5948670841
-2494.17240672213 -3889.894181078832 5162.063929652029
-478.18250732036574 -4159.5135814522255 5519.86095872594
1580.296006326171 -4059.54194638889 5387.194118106216
3498.3582847958305 -3598.862194382503 4775.8514387807645
5105.576077368907 -2818.407743058627 3740.153400640817
6259.141030016199 -1787.5253953853178 2372.1263194610606
6856.553834358553 -597.8135719060318 793.3254048922989
6844.731741027245 645.0166108987522 -855.965953352337
6224.72519489517 1830.5342372164034 -2429.200980296896
5051.624498440082 2853.4008633901876 -3786.590839769156
3429.664796609623 3622.730300908316 -4807.525485947731
1502.9643267643255 4070.1642531006783 -5401.290395221758
-557.2811191642876 4155.946249783415 -5515.126949707843
-2568.0096920672518 3872.4541841031732 -5138.920271976404
-4350.559334305097 3244.877570180095 -4306.097976299712
-5942.3759701605 1803.5387388839547 -3071.5619145417672
-6718.599406242436 606.2877325109348 -1578.5797262428937
-6897.845800991865 -644.8345995455671 54.66619821568072
-6464.188325625461 -1838.6605476224117 1683.0547910641276
-5456.159349904001 -2869.113437214104 3161.8965797622454
-3963.326671982641 -3644.6330070123827 4359.789981593888
-2118.335026483007 -4096.310939929097 5170.296910937707
-85.12001772019833 -4184.01366946864 5521.4002702704365
1955.6582781600832 -3899.948423234331 5381.902985323644
3822.667753760846 -3269.355644953893 4764.2000020386095
5350.016423938821 -2348.266270288374 3723.1769412251074
6401.992656689484 -1218.5231323109274 2351.3332702908474
6885.123747211247 19.491133373032 770.563319635149
6756.481377925391 1255.773526321365 -878.67456353156
6027.4959878807085 2380.4749305846863 -2449.8383557286697
4762.9411280823615 3293.660690723393 -3803.3232590807447
3075.178047231019 3914.1902444994607 -4818.8662002542915
1114.171901686617 4186.926817910784 -5406.231732289235
-945.8333067854842 4087.6365695250306 -5513.2298500530915
-2921.7970752286074 3625.141873639351 -5130.353301229037
-4638.146351442377 2840.537413607742 -4291.622347406159
-6090.136637046902 1261.7847446273884 -3052.4108092758756
-6751.021706587107 0.635708642646939 -1556.5289143873292
-6812.048871126258 -1260.5698128447493 77.65740525915665
-6267.795599281746 -2409.768174541398 1704.9435236544803
-5166.621182673129 -3344.848058836565 3180.7379279516476
-3606.3698006403797 -3982.7235144801825 4373.909808911844
-1725.676635527545 -4266.716507967967 5178.440608763176
308.3504716591052 -4171.593015545807 5522.844235313595
2314.979286265075 -3705.805176957983 5376.518914953673
4115.912032167126 -2910.7402857392854 4752.466294535483
5551.127931628688 -1857.0433465592953 3706.1361879929914
6493.101753641346 -638.3399565370252 2330.499617036557
6858.134990335263 637.0827399323296 747.7879278772948
6613.792836708199 1855.8978391671392 -901.3680002871323
5781.786165387806 2909.808270918421 -2470.4334260377204
4436.04242032204 3705.1694683153332 -3819.9900005663376
2696.1368389591316 4171.310098584036 -4830.123699794641
716.6676676530666 4266.811521100684 -5411.079711647459
-1326.4805709682182 3983.188015373589 -5511.237544988203
-3251.7651896948837 3345.640774547853 -5121.6977367891395
-4888.116201180666 2410.818668800826 -4277.072608476044
-6188.481421483009 708.1170664196201 -3033.2069933429316
-6728.849190785965 -605.9082095890004 -1534.4512235555967
-6671.329180419282 -1866.0958821912325 100.64727127290607
-6021.03229572644 -2960.4727464339035 1726.802814365571
-4835.740268693291 -3791.798615335245 3199.5243494524957
-3220.77149749012 -4286.206537229903 4387.954105209221
-1319.6230446120192 -4399.766198584114 5186.494882498697
698.7797068501962 -4122.387325138185 5524.192828920254
2655.0928148145426 -3478.7162470549233 5371.041999971316
4375.489274499703 -2525.9459643260334 4740.650518895339
5707.1043106271645 -1348.734297735482 3689.031435213364
6531.618083540645 -51.68166996816604 2309.625719464888
6775.768926197698 1249.9631009771053 724.9996229164167
6417.862964789913 2440.543165027838 -924.0458717366158
5489.701714632823 3414.2702587185677 -2490.9858355773235
4073.7563759714353 4084.624456643914 -3836.5907764157023
2295.839905919578 4392.041846517267 -4841.297790168246
313.92798509927667 4309.207044169377 -5415.834249578924
-1695.8778148473396 3843.480285303403 -5509.150068917369
-3554.9974287075793 3036.2434362527983 -5112.953728125639
-5098.239920177879 1959.2230335562874 -4262.44901076209
-6236.469776701435 147.0444068498598 -3013.9507983647127
-6652.187265817147 -1208.4236734254887 -1512.3470349971255
-6476.828723722018 -2456.518007237045 123.63539925561385
-5725.975526429491 -3486.339935853871 1748.6322857194718
-4466.34427558399 -4206.385261619269 3218.2555198507603
-2809.858735623842 -4552.674797472118 4401.922627961576
-903.7049161415371 -4494.439198485299 5194.459593058743
1082.7470509836355 -4036.8529531915037 5525.446027802175
2972.9921910717476 -3220.5746075692464 5365.472334954879
4599.073928221787 -2118.1340748055904 4728.7528791593295
5816.507764145828 -827.4880342171623 3671.862978260257
6517.119359901606 536.6839495828754 2288.711938037499
6638.656300622887 1853.1692092637657 702.1987982731878
6170.319495770496 3004.9922522024444 -946.7077862663681
5153.7227257177965 3889.808546341634 -2511.495229437451
3679.195074745401 4428.998280994729 -3853.1252999577464
1877.7547955002233 4574.65208204262 -4852.388278414928
-90.53223771633475 4313.8279700710245 -5420.495263979717
-2050.7750843176 3669.701312036388 -5506.967457888244
-3828.7975649990417 2699.5055882083566 -5104.121426234767
-5266.614579628946 1489.4469462828704 -4247.751806792388
-6233.572554099697 -416.8523930989174 -2994.642556867555
-6521.584631042459 -1802.0168547463688 -1490.2167304188886
-6230.125294014333 -3027.0642108288985 146.62139223591186
-5385.091984158511 -3983.1436277267812 1770.4315607531532
-4061.569619423266 -4585.303253563246 3236.9311156865583
-2377.1589700975833 -4780.038563048717 4415.815135952967
-481.52731428839473 -4550.046469353585 5202.334602904425
1456.8901565431368 -3915.7627793063357 5526.603810318449
3265.8565435086375 -2933.5463822758093 5359.810016084328
4784.637244608032 -1690.6715155238128 4716.773580782273
5878.281929489293 -297.5730652277877 3654.631113607793
6449.6154685200745 1121.966057791614 2267.7586339047807
6447.872369501553 2441.8135729092874 679.3858476844774
5873.207514430983 3544.6952363516075 -969.3533525382838
4776.682397556563 4332.615172405254 -2531.961253450895
3255.7280875338183 4735.563237022174 -3869.593285665435
1445.488049406302 4717.735726352704 -4863.394973018176
-493.1899453307852 4280.716692954565 -5425.062674360944
-2388.04584909679 3463.3371957716317 -5504.689749591328
-4070.7133994039714 2338.224990139429 -5095.200983637445
-5391.68020014259 1005.3512330019776 -4232.981250366142
-6179.6773087785905 -978.9578868456312 -2975.2826022765125
-6338.029327692155 -2381.860364135619 -1468.0606919788572
-5933.219626856685 -3573.1240954501236 169.60485327936658
-5001.217324669524 -4446.90007048706 1792.200263025079
-3624.8349157047564 -4925.54945936168 3255.550814459682
-1926.3700171536082 -4966.542163354248 4429.631389280114
-56.738688842762635 -4566.235800821494 5210.119776045849
1817.934120965403 -3760.199348789988 5527.666156475865
3531.07550625328 -2620.0526832554556 5354.055141139619
4930.465336940944 -1247.1028389018434 4704.712830629128
5891.761685450654 236.65756550886894 3637.3361388250382
6329.549152637773 1699.3899066694776 2246.7661688996286
6204.928400844083 3011.123996972748 656.5611650965377
5528.972530755612 4055.306506044968 -991.9821794965836
4361.74318781319 4739.157235635622 -2552.383554199353
2806.9538214388717 5001.913047391071 -3885.99444916076
1002.7542899157461 4820.226934351964 -4874.317683908487
-890.5443607811048 4210.242504978199 -5429.5364018501095
-2704.7142369329963 3226.159552692214 -5502.316983359309
-4278.5583836904925 1955.4181663814977 -5086.192554376661
-5472.233841912852 510.92929477652706 -4218.137596549267
-6075.090182008256 -1534.659920099834 -2955.871268909665
-6102.941196073473 -2943.232669832431 -1445.8793022793823
-5588.5191025512495 -4090.2862806865965 192.58538549524522
-4577.532561955207 -4873.9000055760625 1813.9380166215758
-3159.8121650586886 -5224.446326212208 3274.1142946351843
-1461.3285906894102 -5110.777663659334 4443.371149356544
367.0004418975308 -4542.993977411964 5217.814978044469
2162.7198746669683 -3571.5453396708385 5528.633047929259
3766.272155632385 -2282.749225031401 5348.207809499018
5035.17462755674 -791.1208240679546 4692.570836971399
5856.67973732278 770.8021338904865 3619.9783525709386
6157.793150811996 2264.2359396433158 2225.7349055312
5911.759619821414 3556.482445723077 633.7251446582593
5140.440303279922 4532.719879134188 -1014.5938763745461
3912.370307341294 5106.205259770674 -2572.761779019591
2336.6690404410942 5225.981894863836 -3902.3285072196372
553.3444749945126 4881.407104754543 -4885.156222466634
-1279.1471753675735 4103.097871685559 -5433.916369192496
-2997.9809857533082 2960.210386568893 -5499.849200166385
-4450.431029132022 1554.2952179362528 -5077.096294014813
-5507.440745177455 10.274098277775641 -4203.221101669925
-5920.534338387333 -2079.3875818090914 -2936.408891972328
-5818.160798603622 -3481.556694547316 -1423.6729443606005
-5198.818139285856 -4574.374216415119 215.5625920433916
-4117.53767365491 -5260.738514843828 1835.6444461634744
-2670.3959162032897 -5479.663109857941 3292.6212356489395
-985.9777627575266 -5211.695590455699 4457.034178916721
786.0488418013717 -4480.646046692083 5225.420076015411
2488.231557247712 -3351.4714386885553 5529.504467981833
3969.3239794082383 -1924.5038856674046 5342.268122137391
5097.724546906974 -326.5357168585053 4680.347809483537
5773.169917417329 1300.4465833716813 3602.5580545889984
5935.643805626256 2811.8784977534347 2204.6652069786232
5570.709693561488 4073.4626678842706 610.8781807142767
4710.793578566955 4973.101803877099 -1037.1880527012615
3432.302781139623 5430.859020497649 -2593.0955760095053
1848.836819195386 5406.060580214722 -3918.5951777767905
101.09359237886436 4900.909933273609 -4895.910401526928
-1655.6322437624115 3960.2919314721485 -5438.202500752468
-3265.247889422967 2667.7846121045077 -5497.286442627565
-4584.731930803954 1138.2329225714395 -5067.912359631004
-5496.84242036833 -492.4557571850187 -4188.232023314149
-5717.144963885532 -2608.64889513091 -2916.8958075512646
-5485.934895786939 -3992.4372735630045 -1401.442001693797
-4767.275437568921 -5021.480079716621 238.53607614107898
-3625.022635879224 -5604.342344385051 1857.319176812506
-2160.670664841859 -5689.234197503578 3311.0713179131644
-504.3336232862463 -5268.612625380864 4470.6202420201025
1196.8156739300046 -4379.851700567375 5232.934938629765
2791.622646378484 -3101.921731495877 5530.280401585436
4138.38169586204 -1548.372404021661 5336.236181624438
5117.427370679314 142.75660647025992 4668.043959239337
5641.767166151611 1821.20106600026 3585.0755457023097
5664.8111904239195 3337.823818606874 2183.557437084753
5184.5118808126135 4557.8662771317195 588.0206677982176
4243.545938735469 5372.922315066696 -1059.7643183083744
2925.5223175070455 5710.570626626784 -2613.3845940341707
1347.553199924905 5540.809677584655 -3934.794179930627
-350.1519331104071 4878.723473246348 -4906.580035380418
-2016.7445302723797 3783.141278384793 -5442.394722514812
-3504.140525582055 2351.410378896705 -5494.628754997914
-4680.178257526369 710.7463482491437 -5058.64090981832
-5440.361612665463 -993.0706144993222 -4173.170620321381
-5466.4608593807725 -3118.0679369833233 -2897.332352608886
-5108.898590584592 -4471.697166582295 -1379.1868581748424
-4297.388261982789 -5427.996479210626 261.50544106986183
-3104.0361275260393 -5901.994484290893 1878.961834277797
-1634.876761300443 -5851.574378965724 3329.4642228219304
-20.451420294785343 -5281.216210858247 4484.129104055272
1595.7911191536448 -4241.598806180405 5240.359436116848
3070.2406146512794 -2825.096733623672 5530.960835340832
4271.885758008144 -1157.5724185516501 5330.112092122944
5093.955104904108 612.8072858315692 4655.6594987082835
5463.404186275566 2328.7363736081847 3567.5311278081927
5347.405829942066 3837.7470150984423 2162.4119603498684
4756.266998914253 5005.756992621829 565.1530006258748
3742.5129724989656 5728.983493948037 -1082.3222833368359
2396.2202447294912 5943.164670606992 -2633.6284827319455
837.0128325764622 5629.269585133947 -3950.9252339480895
-796.5668429213295 4815.189193379054 -4917.164939778153
-2359.368058749518 3573.2581106827206 -5446.492962085992
-3712.529068641626 2013.8273638672943 -5491.876183171813
-4735.815578619477 275.4592182364001 -5049.282104681142
-5338.304091652613 -1487.384687767635 -4158.037152780012
-5170.412692483287 -3603.42107889438 -2877.7188649774225
-4690.054284030017 -4915.411327359865 -1356.9078981174746
-3792.963970476465 -5790.645708462096 284.47029018242426
-2558.8521629978504 -6151.355806537343 1900.57204482232
-1097.375111499126 -5965.490946421421 3347.7996327567016
461.6085344076703 -5249.566036590125 4497.560531743961
1979.5762362966486 -4067.194147066692 5247.6934402664565
3321.649902363436 -2523.4342089888623 5531.5457574979255
4368.580397784739 -755.4560675337292 5323.895959386976
5027.343353663556 1079.6476607861177 4643.194641751893
5239.4047904364415 2818.8199564894076 3549.925103873078
4985.922118829839 4307.527728870958 2141.2291419254348
4289.418386606378 5413.492759268253 542.2755740883907
3211.781006930389 6038.445201282889 -1104.8615582435775
1848.7627901198505 6126.855287883239 -2653.826892520502
321.47388624527446 5670.8673948935875 -3966.988061269499
-1234.3793831871023 4710.998047675976 -4927.664931934327
-2680.552627438597 3332.535850047945 -5450.497148695412
-3888.547007330716 1657.9632175504705 -5489.028774682147
-4751.026921014045 -163.92672267812804 -5039.836105832349
-5191.357243227039 -1971.2510542161917 -4142.831882022884
-4831.307998146945 -4060.6720485843284 -2858.055683353087
-4232.747611198381 -5319.939149167956 -1334.6055062467303
-3258.0890238878933 -6106.506310179594 307.4302269094539
-1993.934928916798 -6350.4835875702165 1922.1494352693876
-552.6109652721194 -6030.192529567027 3366.0772310917932
937.814907730256 -5174.092402247764 4510.914293145062
2344.911810647867 -3858.251458858268 5254.9368244310745
3543.65300871342 -2199.587941691578 5532.0351579559665
4427.525085889707 -345.4813831728841 5317.587890760044
4917.992129310879 1539.3227123607944 4630.649603619995
4971.473989789797 3287.351229694766 3532.2577779272256
4583.218569321634 4743.284163967082 2120.0093476076945
3787.724065845839 5777.755484711226 519.3887832454371
2655.6736569663503 6298.847875376464 -1127.3817538083256
1287.65498943353 6260.25999027589 -2673.9794746028615
-194.77747469132908 5665.420532340834 -3982.982384513311
-1659.9031054229883 4567.183597818788 -4938.079830529445
-2977.5390608730017 3063.1323578754655 -5454.407213196626
-4030.607604049523 1286.9083655999284 -5486.086578699487
-4725.538973576092 -603.6630824634617 -5030.303076390496
-5000.585467614219 -2440.5964165181913 -4127.555070622754
-4451.813045572851 -4486.005520923632 -2838.3431472902703
-3740.640551526949 -5681.954420485024 -1312.2800676922725
-2697.095728947189 -6373.036734940052 330.384854766419
-1413.9021148408233 -6497.846767884596 1943.693633009048
-5.0770930236172305 -6045.29460017173 3384.2967021998106
1404.1990507891926 -5055.5914778952165 4524.190157658665
2688.7059467133504 -3616.676866709936 5262.08946352806
3734.3095200803177 -1856.4046443924772 5532.429028263726
4448.103304840749 68.81727727686709 5311.187995173262
4766.663590786238 1987.924481860521 4618.02460094703
4661.684898531741 3730.3958723679557 3514.529455059494
4142.495045575478 5141.405219042844 2098.752943831452
3255.2263287797546 6095.578149320603 496.493023318394
2078.71646734649 6508.132211027124 -1149.882481140264
717.5035254925415 6342.410165316093 -2694.085880973437
-707.4627533137975 5613.1371432081505 -3998.9079274809833
-2069.56786183905 4385.112253079531 -4948.409455713449
-3247.7827836909137 2767.450895516655 -5458.223088068546
-4137.417952551862 903.8893811288823 -5483.0496460312625
-4659.425379568947 -1039.9866714254013 -5020.683180977051
-4767.422414059842 -2891.4553443171917 -4112.2069823877955
-4034.9317149871513 -4875.858958542655 -2818.581597195607
-3217.6819307998217 -5998.4727438276 -1289.9319679817484
-2114.5269864963466 -6588.095901959412 353.33377736050363
-823.4870399938321 -6592.337827819457 1965.20426600453
540.7233438254726 -6010.821607679695 3402.4577314571657
1856.8880856205815 -4895.217509641439 4537.387896030023
3008.060172189161 -3344.65185356333 5269.151234041803
3891.952911804097 -1496.8992025332102 5532.72736161964
4430.028555651199 483.85951167594465 5304.696383143453
4574.47672146858 2421.6251848901825 4605.319851748326
4312.462555823036 4144.218833299842 3496.7404414120715
3667.267167162401 5498.580451766016 2077.4602976636743
2696.2189971625107 6364.369066969906 473.58868968352414
1485.5999371025337 6664.655560999906 -1172.363351684765
142.978803183054 6372.758161075862 -2714.1457644240313
-1212.3466248513696 5514.613232151675 -4014.764415161704
-2459.949734972233 4166.4707170692345 -4958.653629108831
-3488.975515829204 2448.1189945196093 -5461.944707416598
-4207.99051098788 512.2411559136814 -5479.9180291208495
-4553.107082783091 -1469.1515573284807 -5010.976585713538
-4493.660109291696 -3320.003707436579 -4096.787882357038
-3583.9815528069844 -5226.952436331695 -2798.771374322126
-2668.075553662165 -6266.876191219567 -1267.5615930341328
-1515.099332917728 -6749.9604947844155 376.27659839740596
-227.49988753964436 -6633.281186673932 1986.6809627986756
1080.3139212131439 -5927.205735452447 3420.5600052494724
2292.137097186591 -4694.472043522064 4550.507280353516
3300.29383319704 -3044.613909173502 5276.122014025869
4015.204979026986 -1124.2284679268244 5532.930152871927
4373.347542033567 896.0496062905505 5298.113166771267
4342.898983810886 2836.7097407400634 4592.535575416305
3926.5647923783304 4525.315766029167 3478.8910441751877
3161.3380876971905 5811.827626485435 2056.131776797224
2115.212620620456 6581.933097543029 450.676177865131
881.1412297439077 6767.204928546275 -1194.823977230097
-431.22342621999263 6351.180904258499 -2734.1587785497827
-1705.271988371398 5370.826584929037 -4030.5515737371366
-2827.799650893158 3913.2507540443585 -4968.812173813712
-3699.0649048386854 2107.965420644761 -5465.572006973862
-4241.652008910331 115.3781089670002 -5476.691782046688
-4407.349717807045 -1887.4610540209617 -5001.183458218646
-4181.435062940938 -3722.5910193727564 -4081.298036795766
-3102.5671972878877 -5536.3162002517 -2778.9128207634217
-2096.246225137732 -6484.934992241012 -1245.1693291530398
-903.6645766590515 -6857.33885150124 399.2129216881866
369.21163512246943 -6620.438060869695 2008.1233525203763
1609.2817728647797 -5795.282295215981 3438.6032109769408
2706.3601628713195 -4455.190265454867 4563.548084076565
3562.9665757407797 -2719.2350293276495 5283.001683105073
4102.9877725344 -741.6638276782746 5533.037398518681
4278.440500073067 1301.8074597984205 5291.43845973921
4073.7350135533597 3229.607441584057 4579.671992716711
3507.0602937877816 4870.442629286154 3460.9815715818086
2628.767876438556 6078.517615790735 2034.7677495444027
1516.897897109953 6746.489636997115 427.75588352878765
270.2448828263566 6815.006447474178 -1217.263969914132
-1000.4205752465066 6277.9800279299625 -2754.1245777552476
-2182.1942749353225 5183.127532442607 -4046.2691305861586
-3170.070436894306 3627.7314099171776 -4978.884914404894
-3876.2719289102492 1749.9954315835344 -5469.104924102182
-4238.049649303337 -283.2353205747577 -5473.3709605213435
-4223.258059981269 -2291.2993715422595 -4991.303967605345
-3833.211458567137 -4095.7714181465326 -4065.737713190941
-2594.551388774944 -5801.31572914577 -2759.0062794476285
-1506.8039371261907 -6650.826074738679 -1222.7555630201239
-285.1703431636193 -6909.381336921555 422.1423511561129
961.8018872384852 -6554.007745998374 2029.5310648909435
2123.313799161391 -5616.28180505397 3456.587037059836
3096.1599620196716 -4179.5245790837735 4576.510082003591
3793.898724978301 -2371.398252720482 5289.790122477623
4154.532936972285 -352.5627848931543 5533.049096707925
4146.018665648787 1697.5994335682335 5284.6723773097065
3769.1124413791617 3596.922492564675 4566.729325784779
3057.3040362154825 5176.643203262387 3443.0123329023118
2073.840750676281 6296.396448025707 2013.3685848307182
906.1076135392622 6856.687237101243 404.8282024744154
-342.13716144848456 6807.731275084007 -1239.6829422310407
-1559.98154819734 6153.878514038927 -2774.0428172602956
-2639.214728522592 4953.22664117044 -4061.9168142895765
-3483.9420982155393 3312.458844356874 -4988.8716769408875
-4019.105923453965 1377.3645427359816 -5472.543397793252
-4197.154549837665 -680.1146429717355 -5469.9556218905445
-4002.2675755589225 -2677.1626580174598 -4981.338284477993
-3451.7615635298102 -4436.333022363507 -4050.1071802465767
-2064.023798975382 -6019.674088449996 -2739.052094131565
-904.5065111083711 -6763.148303913898 -1200.320681688306
335.38014963205484 -6905.687112987567 445.0644908434983
1545.4668122861365 -6434.625316963546 2050.903730230521
2618.231966499196 -5391.818823639213 3474.5111729437813
3458.3557205670654 -3869.9255662273513 4589.393050299846
3991.1893921184414 -2004.1724393675815 5296.48721491709
4169.388371133939 39.66020389588189 5532.965247237649
3977.1188963146915 2079.9688639972637 5277.81503632309
3431.4649542590805 3935.463162739474 4553.707798121428
2580.9102922816255 5441.274288976661 3424.9836384391483
1501.0304246966834 6463.604315999353 1991.9346521884167
287.77741671390805 6911.614734485161 381.89353062948874
-951.0458776342812 6745.497852690271 -1262.0805070380125
-2105.364572158566 5980.013884554106 -2793.9131531060957
-3072.612385206315 4683.17943991663 -4077.494354634777
-3766.8451038911326 2970.2239502480884 -4998.772288964922
-4126.377104567758 993.3510279868816 -5475.887368669663
-4119.2623911958735 -1071.7854923601394 -5466.44582513219
-3746.133137280978 -3041.6891682577957 -4971.286580929341
-3040.1435144841776 -4741.325413322679 -4034.4067078790995
-1515.2679320603293 -6189.491386687514 -2719.050609394803
-294.2210011617597 -6820.934292422297 -1177.86507257515
952.96875685764 -6846.307253098249 467.97894491855214
2115.483058795722 -6263.355769811902 2072.2409794644554
3090.0274073153173 -5123.877640093693 3492.375309105197
3790.0092603330186 -3529.1204962864977 4602.196766495329
4153.23215838844 -1620.7855090940386 5303.092844774495
4147.422153011924 431.5633832814618 5532.78585155581
3773.095488677962 2445.5659751677085 5270.866555195605
3063.5127322181306 4242.269297970801 4540.607634589372
2081.7234254965406 5662.028376756988 3406.895799521484
914.9638569267925 6578.6913868660595 1970.466321750143
-333.09426558366414 6910.808797140446 358.95226404226145
-1551.555500836894 6628.870518204013 -1284.4562775618276
-2632.154220951592 5757.928003406036 -2813.735242161006
-3478.874487516202 4375.3683172545825 -4093.001482620455
-4016.4814890757684 2604.037955127464 -5008.586579507919
-4197.206484292259 601.3273930549112 -5479.136778985935
-4004.991264242103 -1454.8137467723689 -5462.841630855332
-3456.914994749362 -3381.6883008539407 -4961.149030537599
-2601.6766575515567 -5008.08500910997 -4018.63656721268
-952.7263667344303 -6309.261169210144 -2699.002170633735
319.11582822324215 -6823.658682102744 -1155.3891234561584
1562.603181426544 -6731.744175957616 490.8853176821668
2667.2463845889747 -6041.68465800592 2093.542444129685
3534.8930414627166 -4814.794944693968 3510.1791370566016
4088.4489389798864 -3160.0895711663675 4614.92100948861
4278.728206406042 -1224.5963714159727 5309.606897980276
4088.8236958035595 819.7075899874028 5532.51091276031
3535.609256321694 2791.1769347928657 5263.827053917351
2668.240418649976 4514.637960063777 4527.429061409282
1563.7867104010006 5836.95359042065 3388.749128499817
320.3836903679466 6640.630279219723 1948.9639642425323
-951.4868265349554 6854.257825784138 336.00479887482993
-2138.8135633690786 6458.854485112599 -1306.809867405694
-3136.097329069131 5489.553579222749 -2833.508742126575
-3854.725084544937 4032.4817473098788 -4108.437930461195
-4230.84360007652 2217.106215893855 -5018.314379091445
-4231.033094989978 204.73106758527408 -5482.291572629505
-3855.2767318306624 -1825.8353345257492 -5459.143101299132
-3136.9621124449227 -3694.168254617757 -4950.925808363426
-2139.9146430369647 -5234.258113696616 -4002.797030574581
-380.9646225453213 -6377.8836086364045 -2678.907124055542
930.5376272192894 -6771.242826770962 -1132.8932224580763
2159.357525208361 -6562.947404637212 513.7832135748233
3196.30903089825 -5771.505304581134 2114.8077563811034
3949.2544524216764 -4467.239630379172 3527.9223493519366
4351.291284829732 -2766.040110859792 4627.56555955063
4366.69679125338 -819.0657889234473 5316.02926204627
3994.1021248409224 1200.6861227697966 5532.14043559894
3266.6139568078906 3113.7518033306255 5256.696654050216
2248.872803413227 4750.14697169085 4514.17230615582
1031.3094324195606 5964.47073593969 3370.5439387406095
-277.8903074714869 6648.825100651588 1927.427950979846
-1562.3982740421686 6742.402177282223 313.05153139627197
-2708.0802974922976 6236.887231916732 -1329.1408905558608
-3613.137502295606 5177.197485866628 -2853.2333115433967
-4197.151584027179 3657.4910234403314 -4123.8034315921395
-4408.230328621588 1812.8004329463615 -5027.955519730644
-4227.6184633178045 -192.96543135856075 -5485.351695121706
-3671.3641449501883 -2181.585470272411 -5455.350300331779
-2788.893010787571 -3976.3620664224154 -4940.617090946905
-1658.6164937610897 -5417.821442993276 -3986.888371490415
195.36605447874464 -6394.675377617853 -2658.7658166722667
1535.0888611452945 -6664.055834930422 -1110.3777580521873
2738.4122858725873 -6341.305686582079 536.672237183374
3698.4157616757147 -5455.102699619276 2136.036548997862
4329.798766823715 -4084.189898471397 3545.6046395918984
4576.460150530501 -2350.3789016721803 4640.13019832851
4416.482966398075 -407.7264249914789 5322.359826067651
3864.0818892849134 1571.1543338276708 5531.674426469297
2968.3401790647226 3410.431135188993 5249.475478725764
1808.8484175882984 4946.676163758266 4500.837597753742
488.63253620862986 6043.387307046813 3352.280544620836
-875.0004903417456 6603.116967135879 1905.8586538575025
-2160.8858834488547 6576.130707393395 290.0928579759805
-3254.7670829200133 5964.8263754247355 -1351.4489613882288
-4059.447943763658 4823.521043790174 -2872.9086097970326
-4503.429040210015 3253.6246997414232 -4139.097720673577
-4547.260703460886 1394.6295228238146 -5037.5098349371165
-4187.048297884342 -588.2846074275473 -5488.3170936187
-3454.798276481969 -2518.9270686644777 -5451.463293449398
-2415.5742670816517 -4225.75180572121 -4930.223056304496
-1161.7158834780482 -5557.099950433266 -3970.910864679409
771.5666823774363 -6359.37611673343 -2638.578596294808
2127.86515637615 -6502.91196102797 -1087.843119047608
3295.09347324842 -6068.635540026073 559.5519932478825
4169.538274743033 -5095.134219524438 2157.228455389821
4673.501302809384 -3668.9078639898235 3563.2257024292167
4762.203230798462 -1916.6829440027377 4652.614708849342
4427.762503146436 5.847666783547494 5328.598480724848
3699.8956461741573 1927.8586867140343 5531.112893418676
2643.2768243146893 3678.571002061498 5242.163652643123
1351.7912567855767 5102.426140732847 4487.425166473949
-59.80689614715089 6072.908325171772 3333.959261522581
-1466.0909438989677 6503.785954399961 1884.2564453456937
-2742.1063774512277 6356.773660185154 267.12917507662263
-3774.473625831311 5644.934130021159 -1373.7336946750843
-4471.462328551592 4431.517430019388 -2892.5342971238715
-4771.141980690843 2824.3409589664766 -4154.320533595517
-4646.884730033998 966.209399293227 -5046.977159721831
-4109.731378595874 -977.7741056473374 -5491.187716912395
-3207.4103589104197 -2834.8780904101263 -5447.482147774908
-2020.0968533472328 -4440.090716182414 -4919.743883925962
-653.2888773151228 -5650.78179680471 -3954.864786049763
1342.9289986089316 -6272.15143823985 -2618.3458115269145
2704.053261907368 -6289.06436376983 -1065.2896945845544
3824.910526343046 -5747.166321474476 582.4220866684709
4605.907705169756 -4694.607330492141 2178.3831096037484
4977.649771699098 -3224.911876250637 3580.785233573925
4907.105811956745 -1468.668849511587 4665.018875523892
4400.5439663428715 418.0718496536519 5334.7451182854165
3502.974477850311 2267.6650302990756 5530.455846143932
2294.1503344504636 3915.766221518336 5234.761302066829
881.4808661217673 5215.934399898676 4473.935243929488
-609.5120454769004 6052.643917096914 3315.580405827589
-2046.3471370354 6351.549460670764 1862.6216984829477
-3301.355305221817 6086.0919613483065 244.16087924739162
-4263.023566780139 5279.858482885384 -1395.9947055916625
-4845.903476459254 4004.4864079407894 -2912.1100346170215
-4998.203596357831 2373.298142251511 -4169.4716074822645
-4706.39139246481 531.2319215758182 -5056.3573305979435
-3996.395659692847 -1358.036586604777 -5493.96351543133
-2931.302634663699 -3126.637584420118 -5443.406932056867
-1605.7505067349314 -4617.423111836713 -4909.179754771283
-137.52039956272998 -5697.930332539039 -3938.750412693754
1904.7740644798807 -6133.592434865989 -2598.067811759166
3258.97029971627 -6024.195279769858 -1042.7178741276903
4323.592722067278 -5379.521937320611 605.2821225120703
5004.044957288435 -4256.8544630972765 2199.500146329736
5239.865838164937 -2755.946788929607 3598.282929798631
5010.101644547995 -1010.1611482922712 4677.34248415036
4335.1679333440325 825.3817433900268 5340.799632605929
3275.035526691341 2587.585845043979 5529.703295991311
1923.9018412354258 4119.871588932348 5227.268554824646
401.8210342815888 5286.088662385388 4460.368063071599
-1155.9633349307458 5982.613560567487 3297.14429491179
-2611.0352889729265 6147.556989625983 1840.954786869668
-3834.105299250255 5766.263002046709 221.18836711712433
-4716.4982279952055 4872.611241907198 -1418.2316097229104
-5179.8095911712235 3546.0065898220078 -2931.635484232148
-5182.872140951697 1904.3236908375204 -4184.550680696949
-4725.413756348842 93.43327493522898 -5065.650185583639
-3848.081622357691 -1725.7590974702096 -5496.644441241527
-2628.8305491920105 -3391.610200696356 -5439.2377166682845
-1175.9963452977536 -4756.101853754438 -4898.530851267499
381.3302946511773 -5697.992985297228 -3922.5680228830165
2452.4907011930736 -5944.711691595907 -2577.7449471629257
3788.1019826576803 -5710.402690181438 -1020.1280474592988
4787.123779151424 -4968.699350054883 628.131706019313
5360.788619920856 -3785.505267898032 2220.5792009074685
5458.123866376963 -2265.9524302721707 3615.7184889437135
5070.480854723408 -545.0597752481802 4689.5853219180635
4232.303367688945 1224.2638327620452 5346.761919133782
3018.0671532779097 2884.80622663802 5528.8552559562495
1535.662427728589 4289.02092751359 5219.685540305351
-83.19264366798056 5312.137296921259 4446.723858185618
-1694.6556835897597 5863.246955566922 3278.6512471398505
-3155.5411291506057 5893.381391775002 1819.2560846617007
-4336.042897522274 5399.863028645611 198.21203538751135
-5131.268226038231 4426.543138512475 -1440.444023070022
-5470.557854470984 3059.905464957899 -2951.110308793315
-5323.764410386268 1421.381762667858 -4199.557492846041
-4703.93113548342 -343.4379468663687 -5074.855564204901
-3666.132936331097 -2077.7416876688903 -5499.2304480473185
-2302.5827372263493 -3627.4289615028306 -5434.974573605406
-734.4379572011468 -4854.80325339743 -4887.797357305588
898.9648583492941 -5650.806971274517 -3906.317896063748
2981.5734409289403 -5706.93582720157 -2557.377568684346
4287.139486865204 -5350.183586726185 -997.5206046726283
5211.774375591751 -4518.044055676212 650.9704426113502
5673.320239551818 -3284.4564831696653 2241.6199093325363
5630.766703271921 -1759.0305385336158 3633.091609922595
5087.8948351936315 -77.30701117046533 4701.747177411118
4092.9411831496723 1611.2855833913925 5352.631874909013
2734.3117454063204 3156.7083828586183 5527.91174068316
1132.7267097541721 4421.643789522282 5212.012389456502
-569.5060649489387 5293.696741422733 4433.002864886991
-2221.1357265451215 5695.381506842256 3260.10158185963
-3675.407731544195 5591.006631608774 1797.5259665638832
-4803.103630334397 4989.846281428373 175.23228082615782
-5504.022693496274 3945.316191563337 -1462.6315620571527
-5715.885186335262 2550.227444342963 -2970.5341719988055
-5419.866196619368 928.5397972038842 -4214.491784783883
-4642.268310642804 -775.6526857465053 -5083.97330749832
-3452.1845130066968 -2410.925023672581 -5501.7214911921565
-1955.3589717277275 -3831.9760930751586 -5430.617576486479
-284.79120485923363 -4912.539270257905 -4876.979458237272
1411.0815103466098 -5556.601774954725 -3890.0003128518492
3487.6596798688142 -5422.094620924357 -2536.9660280382295
4752.01467643538 -4946.413971439414 -974.895936165124
5594.132315127748 -4031.222733611884 673.797937896626
5939.186748175688 -2757.8396651733756 2262.6219082626803
5756.518374956474 -1239.4104399041792 3650.4019927269055
5062.358082057573 389.14584201364687 4713.827840612067
3918.3850577753374 1983.124808130144 5358.409398566081
2426.2463255601574 3400.8944322444095 5526.872766465171
718.5249599123144 4516.479661474374 5204.249234782179
-1053.0405016185532 5230.755852537784 4419.205320117207
-2731.038693388498 5480.256431309252 3241.4956193967
-4166.372112284986 5242.812176449664 1775.7648078235597
-5231.505085182086 4539.521052010242 152.2495002597911
-5831.795873178826 3432.873560739707 -1484.7938435379697
-5913.906005428973 2021.2001886799492 -2989.90673842694
-5470.539636347712 429.93430996504065 -4229.353298617069
-4541.09181350919 -1199.5331189258854 -5093.003258013813
-3208.148054787191 -2722.416766135863 -5504.1175276593685
-1590.14626267149 -4003.4017365454824 -5426.166800550465
169.14700312451413 -4928.666894023886 -4866.077340871855
1913.4108154034957 -5415.998368869846 -3873.6155550280987
3966.5657261471556 -5092.406807927468 -2516.5106777020087
5178.93339146174 -4502.325751275162 -952.2544326316968
5931.130097570111 -3512.1932934909155 696.6137976777129
6156.3198661736415 -2209.987048573622 2283.584835024126
5834.493598102907 -711.4137560221368 3667.649338431667
4994.246969587292 850.3717707397751 4725.827102905545
3710.2395809320224 2336.598033876393 5364.094390335606
2096.561123392716 3615.207307711523 5525.738351243845
296.5940094330137 4572.589547180528 5196.396210340718
-1529.7267838461673 5123.677138903823 4405.33146213966
-3220.1246392852267 5219.503531948738 3222.8336810487745
-4624.40028923953 4851.554130766036 1753.9729842240822
-5617.777679648515 4052.5228543701396 129.26409056739297
-6111.990870009436 2893.4071381598437 -1506.9304848023094
-6063.1268495398745 1477.199500215947 -3009.2276735418345
-5475.527400894761 -70.26379590537306 -4244.141777709033
-4401.403313723939 -1611.4838454128926 -5101.945259817354
-2936.1952268884443 -3009.516483375106 -5506.418516072911
-1210.0933088633783 -4140.140374743897 -5421.622322655748
623.530710061223 -4902.894625109911 -4855.091193472935
2401.751289077421 -5230.005172036232 -3857.163905533284
4414.321444341548 -4720.462654715539 -2496.0118709096378
5564.406526153081 -4021.4807142310697 -929.596485057964
6220.06966912008 -2965.172564309725 719.4176279581044
6323.052325659608 -1645.395819604007 2304.508327617812
5864.204034806193 -179.41843562584617 3684.8333492004635
4884.2954808247105 1302.5010637225157 4737.744757081853
3470.395838994275 2668.6876276273615 5369.686752046103
1748.1362972879124 3797.749584474752 5524.508514608871
-129.45282600226878 4589.364824592019 5188.453451742345
-1995.5394976077675 4973.194859948477 4391.381530535573
-3684.313727569974 4915.134707492343 3204.116089080286
-5045.720514493116 4420.343266562123 1732.1508720783477
-5958.792890923774 3532.7849280409387 106.27644867334656
-6342.400369263959 2331.323145292027 -1529.0411035827772
-6162.45774162946 922.7130702407898 -3028.4966436992304
-5434.953700150806 -567.8841103609612 -4258.85696668439
-4224.53017151231 -2008.0222956387365 -5110.799158493657
-2638.7385980896192 -3269.7388878883353 -5508.624416698088
-818.4835203130788 -4240.924830936276 -5416.984221278811
1074.4974100990678 -4835.285991763456 -4844.021205755199
2872.0045302696817 -5000.010772919375 -3840.645648463312
4827.203209203827 -4309.203452414675 -2475.46996164552
5905.2786416866165 -3507.7417976556467 -906.9224847135363
6458.644151967073 -2394.60189070357 742.2090349490277
6438.130786052233 -1068.6910972251871 2325.3920247256456
5845.561246525061 352.1775901152916 3701.953728290581
4733.587937421126 1741.753753068137 4749.58059734055
3201.0145670688084 2976.5674515004303 5375.186387125667
1384.0170050113768 3946.9000694157958 5523.183277797731
-555.9565415999095 4566.533295477901 5180.4210961468725
-2446.5309097149297 4780.409998335501 4377.355766199838
-4119.720270077732 4569.52629435725 3185.3431667165655
-5426.8544053495 3952.6201260895064 1710.2988482222804
-6251.7887113476645 2984.506313830994 83.28697154058182
-6521.2241548197235 1751.2060182983607 -1551.1253180613578
-6211.220214215209 362.3033829988843 -3047.7133161522083
-5349.32210008671 -1058.7914978222634 -4273.498611433349
-4012.1132422521373 -2385.808107631928 -5119.564801148859
-2318.410515974499 -3500.8351971320685 -5510.735191442217
-418.7068411755459 -4304.797716204812 -5412.252576512869
1518.20077392657 -4726.260066899135 -4832.867568881121
3320.2095877509178 -4727.773469798785 -3824.0610690643
5201.764894816055 -3861.898091403957 -2454.8853046383542
6198.753878466894 -2965.241881689224 -884.2328231452015
6644.956377232612 -1805.1109180367312 764.9876250762427
6500.7253409704535 -484.58792771789484 2346.2355657167527
5778.876330199802 878.992826557763 3719.010180058132
4543.548797309824 2164.47121079729 4761.334419293999
2904.5070147433794 3257.6268293320236 5380.593200603652
1007.3870376978911 4061.3280082207298 5521.762663695324
-979.2436984922431 4504.162370734614 5172.299282261336
-2878.8643347311527 4546.782140417734 4363.254411336892
-4522.6852411411555 4185.400363699965 3166.5152381385656
-5764.6457163985 3452.1273973404795 1688.4172900083759
-6494.39212202278 2412.117762315743 60.29605616372052
-6647.083287434937 1157.7808787048011 -1573.1827468759716
-6209.151932513956 -199.42991681676517 -3066.877359056964
-5219.510179974648 -1538.9204890453987 -4288.066459116143
-3766.0920425014538 -2741.671222381 -5128.2420364131285
-1978.0400998293005 -3700.812435982063 -5512.75080385531
-14.230613801288433 -4331.120223898253 -5407.427470066515
1950.8433247129597 -4576.588973113035 -4821.6304754577195
3742.576272691562 -4415.407708036818 -3807.4104537276703
5534.866641112219 -3382.116905075648 -2434.258255355051
6442.418954421677 -2398.3503611817537 -861.527892170193
6777.5340715408365 -1201.4798627096743 787.75300498684
6510.435543685214 102.14739417169189 2367.0385906536703
5664.856247197362 1396.6984068144486 3736.0024099631632
4315.929613333855 2567.1466367017365 4773.006019970896
2583.513693180476 3509.492622180626 5385.907099112303
621.5412438249007 4140.004787024065 5520.246696833574
-1395.6578726333162 4402.6593584286475 5164.088150337566
-3288.8466623643817 4274.118325084482 4349.077709456483
-4889.806993278507 3765.803121897235 3147.632628477029
-6056.286514275302 2922.87978537461 1666.506575299105
-6684.638400903118 1820.2457530747913 37.30409956222087
-6719.030830558248 555.874897597349 -1595.2130091271263
-6156.407884937135 -757.887881948426 -3085.98844147854
-5046.76108178835 -2004.3089972468906 -4302.560258167364
-3488.6874091764553 -3072.638462374804 -5136.8307144433165
-1620.6285504067023 -3867.9505160689223 -5514.6712191306915
391.43026707796605 -4319.578192189063 -5402.508985262264
2368.7087875692678 -4387.392389776528 -4810.3101195331155
4135.517137377778 -4065.3675197779758 -3790.6940899851757
5823.701157614095 -2873.7029932734704 -2413.589169994533
6634.26305968735 -1811.6377677567314 -838.808083869488
6855.341574923483 -588.6005763333986 810.5047815560239
6467.292907056678 686.7363593282194 2387.800740298606
5504.596883150421 1901.0537557706705 3752.930124574725
4052.7932696507255 2946.454183375885 4784.595197819779
2240.881188752218 3730.049226486956 5391.12799088837
229.85698028796878 4182.213026773237 5518.635403391014
-1801.5910295856158 4262.768846291146 5155.787842169794
-3672.959770328516 3964.558946963119 4334.825905369503
-5217.969916959235 3314.0805870170548 3128.6956638069933
-6299.34053778433 2369.131623311406 1644.5670824604401
-6820.987107626657 1213.6749181116568 14.311498773511651
-6736.559039547465 -49.62212968696305 -1617.215724384418
-6053.5581379020605 -1308.5100334997726 -3105.0462333964874
-4832.672030101729 -2451.131078534423 -4316.9797583003165
-3182.3818045949706 -3375.9583706297212 -5145.330686925528
-1249.322990097434 -4000.816946345277 -5516.4964041056
794.7436546339293 -4270.185379082075 -5397.497207035159
2768.193837975949 -4160.129101487547 -4798.906696593293
4495.677850795247 -3680.427096799992 -3773.9122665039504
6065.8173441418785 -2340.7412570266356 -2392.8784054816697
6772.694483325237 -1209.838729799316 -816.0737905808662
6877.787996184957 28.563277860508503 833.2425618939156
6371.7598629081585 1264.4273129345324 2408.52165611965
5299.572903804367 2387.94143240646 3769.7930315759627
3756.4956354049314 3299.2764763007012 4796.101752712518
1879.6372446902012 3917.4563266392834 5396.255785774692
-164.2351638674439 4187.552990882037 5516.92881119232
-2193.514557381315 4085.567195111304 5147.398501092194
-4027.890556391784 3620.5608248386043 4320.4992451837625
-5504.370803360259 2833.8517367095224 3109.704671142121
-6491.763548916784 1795.3424856202785 1622.5991903553124
-6902.334614516949 597.3091759529535 -8.68134915381624
-6699.602959220738 -653.7976752459452 -1639.1905126931679
-5901.582180274429 -1846.8117338554011 -3124.0504057106486
-4579.1799259439285 -2875.7284653119896 -4331.3247105113305
-2849.8974397931743 -3649.1241026991115 -5153.741807077677
-867.3890595478784 -4098.279049644051 -5518.226327261764
1192.1906451124369 -4183.283918026735 -5392.392221931268
3145.8389791120276 -3896.585652253643 -4787.420403558685
4819.9657145305455 -3263.658651393331 -3757.065273081514
