5827.134828359194 2255.287361306958 2992.867414088357
4463.663632903354 3188.755601381793 4231.621608226784
2703.576335198847 3838.888912650384 5094.377652308698
703.2644156625794 4147.92009734348 5504.475885674891
-1359.5356334303524 4088.3903785400776 5425.477280604317
-3301.53497526914 3665.5892329977282 4864.401209837165
-4950.178446007674 2917.084397930133 3871.1017445028738
-6158.97683831812 1909.383812692414 2533.837901119303
-6820.523110319319 732.0260965041308 971.4314406568092
-6876.035972595977 -510.3753508021541 -677.2909663646986
-6320.582863720626 -1707.4277084443409 -2265.833098782265
-5203.518229982672 -2752.7676212681527 -3653.0460169282355
-3624.0981662471086 -3553.5120506205685 -4715.669765341749
-1722.6610763476378 -4038.5113399445636 -5359.285560728736
331.84200995891956 -4164.671173999375 -5526.705315207664
2356.8594774159683 -3920.781697885924 -5203.053048883594
4172.459637397129 -3328.5135618482327 -4417.086685944003
5617.31844805805 -2440.492388899139 -3238.6427868926257
6563.053863413028 -1335.6227572719024 -1772.4312636760515
6925.633141516252 -112.07718237714191 -148.73144449539242
6672.839522355315 1121.426942014438 1488.1838162258716
5591.567538313188 2767.7099466572545 3012.1804168934254
4145.816190706403 3574.8260605979813 4246.398885833234
2331.6908809406614 4064.3031911888042 5103.306178752186
310.3846039464653 4192.649147341719 5506.76232219871
-1738.5007072087792 3948.4598276155916 5420.918467289467
-3632.9126012438323 3353.4325246752683 4853.4022172526975
-5204.524267884021 2460.438025621298 3854.6398814081995
-6313.691113644156 1348.8228105364394 2513.3758762920756
-6861.858796779907 117.35876952402214 948.7873947990549
-6800.320213050421 -1124.5331131810933 -700.1050104067792
-6134.543335677691 -2266.5052938477734 -2286.7900130777225
-4923.685361929967 -3207.0885327614365 -3670.2836876740503
-3275.3363365374807 -3862.7078814630163 -4727.656549845843
-1335.9593040668412 -4175.108683682283 -5364.956380584804
722.1235753309592 -4116.532757193701 -5525.556293185511
2716.0426060735053 -3692.1848301220034 -5195.186280632289
4468.629332109745 -2939.770078007721 -4403.2011683454175
5824.15873173123 -1926.1438534939448 -3219.972309120986
6662.186069138768 -741.3712948541597 -1750.6347796154255
6908.248937781315 509.275356787767 -125.74566740682981
6540.483571950866 1714.6706580609907 1510.3164991766116
5311.063197541054 3256.078542603985 3031.4414037514325
3794.7520831140973 3929.6228840803906 4261.102834346115
1941.260593107225 4254.002987440261 5112.146578567351
-84.72041967900377 4200.39625698144 5508.953664997128
-2103.1736513873384 3773.565885954451 5416.2660426469465
-3934.750674544346 3011.4376259392784 4842.319413515549
-5416.707832899167 1981.7299173830468 3838.111454324556
-6417.366729470088 775.9368089888408 2492.8704491421418
-6847.814429977564 -498.80169002661927 926.1269647716788
-6669.803767242878 -1729.2194699280708 -722.9069646600157
-5899.151769836936 -2805.988511371745 -2307.707437856686
-4604.334249679835 -3633.433159702286 -3687.457977992514
-2900.4014256506484 -4138.031326734484 -4739.561694640897
-938.7552067503457 -4274.947250934952 -5370.534555496537
1106.303531929031 -4032.015351592838 -5524.311852893589
3053.0623468634685 -3430.8211940537667 -5187.229799117788
4728.543174135656 -2524.7835175121895 -4389.239613907335
5983.872189515952 -1394.4077456096827 -3201.246227140429
6707.507901067168 -140.13272625216726 -1728.808064654434
6835.152100194977 1126.593700795206 -102.75771887464704
6355.463039649525 2293.2173335518955 1532.4231011719671
4988.0363701963915 3716.46394288677 3050.6500420533453
3413.5161467428056 4250.304679418672 4275.7331998497575
1535.69003368223 4406.487193029361 5120.898699093437
-478.5888781357241 4171.133981988849 5511.049876228866
-2450.343067878609 3565.1572119286448 5411.520087017324
-4204.373522887055 2642.400578153843 4831.1529900095375
-5584.826939797665 1484.8550570261393 3821.5167486737146
-6469.043974497905 195.3736479025772 2472.321973768211
-6778.458063132124 -1111.4675672202566 903.4505418871305
-6485.576406083801 -2319.5500114005063 -745.6964353680415
-5616.422823871653 -3321.5302578902565 -2328.5850119058596
-4248.225426492926 -4028.3779646709945 -3704.5685913088105
-2502.554556940069 -4377.2866110452 -4751.384994142495
-534.5207327233195 -4337.254132622142 -5376.019989137004
1481.0076043015154 -3911.837590789348 -5522.972015821558
3364.9419163893203 -3138.837112198412 -5179.183741736884
4949.886372401573 -2086.9371816288503 -4375.202263725391
6095.011702007382 -849.6037240985911 -3182.464864323006
6698.568494371531 463.22075274236187 -1706.9514957084964
6706.928079827116 1734.8860328913477 -79.76799586704956
6119.347672520972 2852.3990755959944 1554.5032404632827
4625.244097828152 4145.1761006683255 3069.806000094067
3005.394707334457 4534.323922772111 4290.289729699165
1118.5028081366418 4520.577165784808 5129.56238919413
-867.7729740328421 4105.157289391384 5513.050919695422
-2776.943319300524 3324.976172649502 5406.680682356305
-4439.370064233332 2249.3563315501005 4819.903139562451
-5707.339297104359 973.871309254801 3804.8560510219327
-6468.186387181681 -388.14645263161606 2451.730805012377
-6654.306731589492 -1715.675698849082 880.7585177340289
-6249.162720951471 -2890.759630105001 -768.4730289900629
-5288.753178558 -3808.9868823364172 -2349.4223747000683
-3858.414706938621 -4388.768934608619 -3721.615232147682
-2085.2391562336807 -4578.589607245606 -4763.126244179544
-126.78095557606485 -4361.582500469275 -5381.412586780813
1842.9422893535311 -3757.029648036709 -5521.536805106444
3648.912024255038 -2818.648223923039 -5171.048247433208
5130.659912814832 -1629.817535679802 -4361.089360204062
6156.526152590846 -296.1704070549654 -3163.628544995353
6635.358026239141 1063.792761959127 -1685.065450208608
6524.609220467007 2329.2332756954956 -56.77689538291492
5834.1202526804145 3387.7111912144674 1576.5565357588769
4225.762464340944 4538.793877219654 3088.908947078255
2573.887426425897 4779.447332799685 4304.772172524373
693.3111953539736 4595.4259186013105 5138.137499260185
-1248.8687779712293 4003.080744840725 5514.956760841706
-3080.0812798033044 3055.0442796705497 5401.7479122333225
-4637.615043210811 1835.5537234106332 4808.570056442736
-5783.076358190625 452.9661636308469 3788.12964907509
-6414.685960132604 -969.8694275967885 2431.0972984539867
-6476.322564131135 -2306.5278639806047 858.0512841704376
-5962.50948743317 -3438.241177618892 -791.2363522076399
-4918.901276734847 -4264.451674152881 -2370.2191664085703
-3438.227101355921 -4711.746925200451 -3738.5976061386054
-1652.0513596104252 -4740.382784783149 -4774.785241997851
280.91639534444545 -4347.814831110655 -5386.712255305686
2188.9234957916597 -3568.924449622864 -5520.0062455322395
3902.435137705241 -2472.919468819104 -5162.823456694841
5269.198292079195 -1157.184740982416 -4346.901147052542
6167.770054706073 261.3709293121566 -3144.737594433134
6518.3083811592405 1656.7026455299083 -1663.1503060947173
6289.666402821228 2904.8290613725203 -33.784814444875714
5502.159962846181 3894.8486674797937 1598.5826062305784
3792.960586594187 4894.192514486309 3107.9585531259627
2122.6774436341093 4983.7735645446555 4319.180278234793
263.7850945906199 4630.524462463156 5146.623881212001
-1618.5457177090777 3865.832941169899 5516.767366756628
-3357.0616401194266 2757.6451981252635 5396.721861830098
-4797.287903582809 1404.4285775005712 4797.153936356152
-5811.254084261646 -73.57768546833906 3771.337831673664
-6308.864837285336 -1545.0462481930304 2410.4218104034985
-6245.9052635189 -2879.2306714420006 835.3292333170838
-5627.969597385022 -3957.5828142376586 -813.9860119315124
-4509.964134585708 -4684.286356422177 -2390.9750279012105
-2991.2285667768247 -4994.7704991864985 -3755.515420020809
-1206.7092140194882 -4861.447363908794 -4786.361786263577
685.0315479596842 -4296.163296237419 -5391.91890319411
2515.904250691164 -3349.14626629327 -5518.380363529462
4123.227819884797 -2104.5428931026504 -5154.509511551875
5364.184502794404 -672.9416482255056 -4332.637869280498
6128.509852294784 818.453415252277 -3125.7923388554163
6348.290206896257 2237.1253010612363 -1641.20644180929
6003.997117602284 3457.018786408226 -10.79215009256189
5126.222536301995 4369.74098170576 1620.581071520426
3330.472250066034 5208.568609683591 3126.9544892784083
1655.6000682689764 5145.748082110814 4333.513798023518
-166.3794450750242 4625.705255698977 5155.02138850218
-1973.5754145799503 3694.6482177451203 5518.482706173676
-3605.4105476063887 2435.305471947962 5391.602617939166
-4916.889131394414 959.5751478061907 4785.654976442384
-5791.480538445491 -601.4176392443327 3754.4808887877502
-6151.473484161961 -2108.9718297701543 2389.704697896329
-5964.881015513895 -3429.134618150476 812.5927575504708
-5248.282692188237 -4444.603747198708 -836.7216153083151
-4065.3514199524043 -5065.150328486061 -2411.6896007546407
-2521.1958335529393 -5235.636075041323 -3772.3683816484236
-753.0209332566238 -4940.912580118686 -4797.855677066766
1082.0631815374784 -4207.167319614783 -5397.032440534884
2821.001234095906 -3099.596779913433 -5516.659187174718
4309.28094724492 -1716.6134639603376 -5146.106555573988
5414.662137263261 -181.10150850026395 -4318.29977319386
6038.926834532353 1370.50211074094 -3106.7931054190344
6126.606381159332 2800.330603093362 -1619.234236290745
5669.910064651047 3981.337432312487 12.200700624366117
4709.417356908016 4808.584958859119 1642.5515517471351
2842.1654280387443 5479.462391087414 3145.8964275035323
1176.6102855369784 5264.1750928677275 4347.772484371647
-593.491844303949 4581.142736194852 5163.329876118066
-2310.859619282415 3491.055743397295 5520.102749471449
-3822.897376047231 2090.7731275530973 5386.390268962378
-4995.253924441434 504.71614411906944 4774.073375271644
-5723.760240338242 -1126.1870836302678 3737.5591115120883
-5943.685340572898 -2657.0236468084413 2368.9463186866756
-5635.487914864156 -3951.771998811452 789.8422494962762
-4826.552656988354 -4895.388066654298 -859.4427697275033
-3588.7570145616837 -5404.0274217182205 -2432.362527258506
-2032.0845623904374 -5432.495225178751 -3789.156199995467
-294.85247919459266 -4978.261987769525 -4809.266715924724
1468.5785407164979 -4081.688326004073 -5402.052779024713
3101.519912534145 -2822.4387442789744 -5514.842746190201
4458.877629327174 -1312.4030940562761 -5137.614733867921
5420.044501292308 314.2453304594431 -4303.887106390571
5899.616633844096 1912.971678320925 -3087.7402222129417
5854.981938437671 3341.7220976256585 -1597.234068966909
5290.106403636023 4473.545843650468 35.19334065309598
4255.181699621746 5207.875409634346 1664.4936675126278
2332.109939788996 5704.777116830775 3164.7840407018066
689.7493519096612 5338.226450753983 4361.956091052533
-1013.8984928020318 4497.350938106775 5171.549200584234
-2627.4570070080194 3256.8660583092606 5521.62746867417
-4007.554435736185 1726.9943367096823 5381.084904909369
-5031.563065986216 43.6715895036414 4762.409332841222
-5608.495237172553 -1643.531570079426 3720.572792061003
-5687.087994060146 -3184.6997371414373 2348.1470312413912
-5260.358025300907 -4442.893356733819 767.0781020224761
-4366.222161292708 -5306.316404264052 -882.1490828279568
-3084.1282974033047 -5698.249952889428 -2452.9934504216235
-1527.9960998154975 -5583.868986842539 -3805.87858516089
163.9052567413551 -4973.336756909248 -4820.594705785533
1841.2429119503684 -3920.901730995689 -5406.979831969702
3354.9780542711405 -2520.0773796893404 -5512.931071943191
4570.608673391242 -895.3330940201655 -5129.034193075006
5380.120654094748 808.9654661572813 -4289.400117756281
5711.585304411322 2441.3838945801776 -3068.6340182525355
5535.550535551684 3856.8746501328624 -1575.2063197484747
4867.657809244869 4929.665167405626 58.185372944320946
3767.252325222199 5564.43330107513 1686.4070399086984
1804.5435181554024 5882.795442592514 3183.617002711796
199.11076122534786 5367.447461800916 4376.064373136063
-1424.0138606227385 4375.178219373102 5179.679219964986
-2920.608601772613 2994.155192000612 5523.05683745217
-4157.6944517752545 1347.08833618522 5375.686617396011
-5025.3509039960845 -419.6732299000235 4750.663050572055
-5446.482875007654 -2149.1449878029957 3703.52222376337
-5383.670941078381 -3687.655782172255 2327.3071947337144
-4842.496218183503 -4898.502177284659 744.3007082325588
-3871.044455358399 -5674.095157222575 -904.8401625048964
-2555.6334048759027 -5945.519882084805 -2473.5820139781595
-1013.1431111577233 -5688.65907393955 -3822.535248373576
619.3693940921409 -4926.335942805604 -4831.83945103137
2196.8482106190986 -3726.2862442841774 -5411.813514286846
3579.1274229229703 -2195.1396604202605 -5510.9241974455035
4643.38545695814 -468.9452845162793 -5120.365081368627
5295.0583159811395 1298.916937849473 -4274.839057460092
5476.242006648526 2951.3646900842027 -3049.4748234740127
5170.837562932972 4341.570737754338 -1553.1513690224224
4405.981509903936 5346.009172705622 81.17640045931994
3249.6346643885568 5875.431232087178 1708.291290523479
1263.8365694822357 6012.192629374806 3202.394988315807
-291.1941322814156 5351.759551059959 4390.097086992831
-1820.3509575074356 4215.799150823496 5187.719793866782
-3187.7616116803356 2705.24649530651 5524.390831122342
-4271.9256573940265 954.3208169028248 5370.195499642829
-4976.5103614112895 -881.4004540506025 4738.834731305264
-5238.910280761144 -2638.80542669944 3686.4077010575406
-5035.810031086282 -4161.740956979154 2306.4271690371193
-4385.255960861072 -5314.887539731907 721.5104614588166
-3345.0526541345553 -5995.783040579668 -927.5156169165881
-2007.6267395663851 -6143.926906211441 -2494.1278623937287
-491.81437886291485 -5746.155904047192 -3839.125901997334
1067.6978476943787 -4837.813733218505 -4843.000757481955
2532.3404349691923 -3499.610581797475 -5416.553742505537
3771.9734616040414 -1850.451672395654 -5508.822157352924
4676.450093142475 -36.87201132807634 -5111.607548451652
5165.403611641993 1779.983889756172 -4260.204176950196
5195.38835124673 3438.680410904943 -3030.262968728615
4763.740036256942 4791.835087144375 -1531.0695976454901
3908.8125137169077 5719.214187269106 104.16602617669342
2706.5698457919566 6138.416008496909 1730.1460414479875
714.45591920584 6092.04648889654 3221.1176732455197
-777.0705456069763 5291.459776464929 4404.053990298412
-2199.5508823246837 4020.703641705661 5195.670783440681
-3426.5914705777946 2392.690343813524 5525.629426648568
-4349.164369321076 552.0760087249275 5364.61164647339
-4885.294927856705 -1337.5927024845284 4726.924579298601
-4987.345593288591 -3108.410432149342 3669.2295194862872
-4646.248716151145 -4603.032253883187 2285.5073147190888
-3892.3122508570023 -5688.654459785196 698.7077552554205
-2792.5267609432717 -6268.81475268635 -950.1750544911224
-1444.613013517869 -6291.963344570913 -2514.6306408716146
31.66093973838882 -5756.043381464001 -3855.650259535855
1505.1216795571327 -4708.673703933695 -4854.078432397854
2844.84575302953 -3242.917704134682 -5421.200434768968
3931.792796945308 -1489.0142350133422 -5506.624987964605
4669.382796463986 397.1946833202406 -5102.761745553858
4992.077643267958 2248.1111109806902 -4245.4957289495605
4871.204484095665 3899.273000757391 -3010.998785776955
4317.50342958269 5203.967372739075 -1508.9613869375357
3380.1732482995685 6046.266406418221 127.15385309925614
2142.499840259063 6351.328136284019 1751.9709152826763
160.92784417493164 6121.843991262272 3239.7847341875663
-1254.4744650417997 5187.217201576246 4417.934842037527
-2558.411212869045 3791.683399802431 5203.53205138473
-3635.0218970302103 2059.2418884276144 5526.772602642118
-4388.644933609377 143.82769843184104 5358.935154312664
-4752.317608586281 -1784.3662137470599 4714.9328002229595
-4693.72600883797 -3554.0113572723917 3651.9879756916475
-4218.076255127092 -5007.866995182102 2264.547993034889
-3367.631915425396 -6016.751673907576 675.8929833917608
-2217.9587014289295 -6491.0215623265185 -972.8180839331925
-871.2101234590591 -6388.535699553812 -2535.0899953588414
552.9492972228147 -5718.400404248602 -3872.108035637665
1927.9767462684076 -4540.160138239072 -4865.07228448384
3131.6950006214715 -2958.506719782388 -5425.753510835568
4057.1484109521616 -1113.9769960801566 -5504.33272722245
4622.106380467206 829.5344723313045 -5093.827825429314
4776.369914297988 2699.3381625240872 -4230.713967451554
4506.232020489266 4329.293811126188 -2991.682607283277
3835.6956363865656 5574.572705816761 -1486.8271186750019
2824.34086231787 6324.52635198613 150.13948426088302
1562.0310082164967 6512.518077054781 1773.7655351439234
-392.19930188217364 6101.48448727492 3258.395848789124
-1719.4463250575714 5040.066165415097 4431.739402508177
-2893.912996585698 3530.815846792068 5211.303461946345
-3811.2427986391644 1707.837045451445 5527.8203393620115
-4389.926952670004 -266.89057209696693 5353.166121185365
-4578.546832078993 -2217.9037910845736 4702.859601158815
-4360.342732835934 -3971.8465251238626 3634.683367409864
-3754.7030467314958 -5372.873265244493 2243.549565921322
-2815.441517682023 -6296.496637282202 653.0665398455407
-1626.0156544249255 -6660.648651376999 -995.4443142307917
-292.11116462000354 -6432.97280302179 -2555.505572552302
1067.7486840701486 -5633.699090481932 -3888.498946101063
2332.734376442732 -4333.846490671521 -4875.982123892175
3390.4463824321997 -2648.912611392852 -5430.212892080371
4146.902348613672 -728.6112220304188 -5501.945414710446
4534.887842739607 1256.4304718670805 -5084.805942353743
4519.928651010623 3129.832804584911 -4215.859147715562
4103.353963259165 4725.135757570336 -2972.3147668097104
3322.178268599858 5900.589662578899 -1464.667175084305
2245.812455636255 6551.7502817560935 173.12252273336657
969.8963504037316 6620.759136516716 1795.5295246705105
-940.3925605513933 6031.27952581454 3276.9506956635014
-2168.143887398925 4851.396513482883 4445.46743332581
-3203.2461151083426 3240.445630925326 5218.984880924627
-3953.725868276336 1341.5669335986415 5528.772618715372
-4352.899727407789 -676.5158731478108 5347.304646714249
-4365.299343373242 -2634.4872757240587 4690.705190592639
-3989.8229558793405 -4358.37292259526 3617.315993466185
-3259.8332897059004 -5694.99800888933 2222.5123959904786
-2240.1931301993327 -6525.5975300064465 630.2288187960302
-1021.5019801489342 -6776.369073469413 -1018.0533546620545
287.9541036253024 -6425.030487148756 -2575.8770199048595
1571.8242016266722 -5502.799746263044 -3904.822707879016
2716.0308214766164 -4091.621099282921 -4886.8077622259125
3618.906183733413 -2316.883961848081 -5434.578501496392
4200.225850257294 -336.2815169252284 -5499.463091653986
4408.337017598268 1674.201016523555 -5075.696252121857
4224.74809525728 3535.9234425440673 -4200.931526262582
3665.7717646510328 5083.46355355011 -2952.895598810514
2781.075525781116 6179.315619410858 -1442.4819388352316
1649.2685218966312 6726.108375006998 196.10257163327117
370.91677214593835 6675.25688444334 1817.2625080301925
-1479.1716291787172 5911.949274872473 3295.4489543956165
-2596.874047092464 4622.940879359193 4459.118697427421
-3483.8328097280073 2923.1638992729368 5226.576175672718
-4061.237738670743 963.6509786428145 5529.62942425773
-4277.783872084322 -1081.4865603524108 5341.350832118401
-4114.230135717891 -3030.529272434697 4678.469778413313
-3585.1089967913563 -4710.296159402522 3599.8861537697394
-2737.4351905082135 -5971.532561813197 2201.4368465235452
-1646.5282545119405 -6702.172090467756 607.3802146172457
-409.32005743206633 -6837.294216886472 -1040.6448148019435
864.258023022135 -6364.892747163371 -2596.2039856314336
2061.042985396966 -5326.942624983041 -3921.0790390840502
3074.6952337810985 -3815.6702736703146 -4897.5490125420965
3815.1473175660026 -1965.3588737487646 -5438.850263695947
4216.606819686925 59.58328694071334 -5496.885800919155
4243.402301604416 2079.2312111085553 -5066.498912044683
3893.1528671600686 3914.130317613546 -4185.931360870765
3196.9797156485993 5401.2417685205655 -2933.4254386262814
2216.7408866873557 6408.429185335443 -1420.271793034351
1039.534901936779 6846.1995461050055 219.07923412879916
-230.03832077465125 6675.655033151281 1838.9641099262124
-2004.1456025020461 5744.615582876601 3313.890305547635
-3002.123301691692 4356.75913076846 4472.692959075662
-3733.3491709249315 2581.7855105689887 5234.077215100071
-4132.850582788504 577.4089177763647 5530.390741193303
-4165.130083655262 -1478.2729912779655 5335.30478021149
-3827.319498216939 -3402.6038577631016 4666.153575908497
-3149.434779447065 -5024.598439404899 3582.3941493083407
-2191.708959456443 -6200.1353996184935 2180.323281464365
-1039.2401802617585 -6824.763120729946 584.5211218711445
205.56964957959462 -6842.980688584889 -1063.2183045290176
1432.1137139282373 -6253.169392332942 -2616.486118715079
2531.4081900668552 -5107.736553990313 -3937.2676589931193
3405.775939616164 -3508.4589078929707 -4908.20568935509
3977.525550929033 -1597.439291211033 -5443.028104911957
4195.854561958483 455.5198167418936 -5494.213587011992
4041.36348195346 2468.003989961483 -5057.214080946818
3527.7795213453383 4261.195178015913 -4170.8589105710535
2700.736868860254 5675.760474556568 -2913.90462247821
1633.7218935884048 6586.009545268283 -1398.037121218368
421.5435586007735 6911.062765656074 242.05211344659403
-828.0907714819666 6622.037730615918 1860.6339556036128
-2511.048893281149 5530.791744637584 3332.2744306644104
-3380.5866318704793 4055.220117498721 4486.189983862902
-3949.7444127580466 2219.3243868797113 5241.487869674712
-4167.950069404197 186.23194514176194 5531.056556375267
-4015.815071636171 -1863.408022187404 5329.166595399975
-3506.857281639096 -3747.4760093138448 4653.756795760989
-2686.2998325786857 -5298.564307485154 3564.8402821433183
-1627.0528547610218 -6378.851914569922 2159.172065413318
-423.235090593984 -6892.350535914605 561.6519353007909
818.1889687089298 -6793.433565561134 -1085.7734340321294
1986.913347578892 -6090.890210415403 -2636.7230689130424
2979.0917560908774 -4847.144530642823 -3953.388288052452
3706.5647885453477 -3172.7087879792116 -4918.777608639653
4104.693273545902 -1216.36394630046 -5447.111952999218
4138.101748042165 848.0601699323382 -5491.44649607772
3803.8217224644723 2837.130418415879 -5047.841919163705
3131.5554440491164 4574.109178681435 -4155.714435642582
2181.036721825294 5904.6582652736115 -2894.33348746221
1036.7233155452923 6710.5525528302305 -1375.7783073475216
-199.70750690626264 6920.184797293058 265.0208128786786
-1418.3934409672124 6514.928253785617 1882.2716708558942
-2995.7760371088616 5272.369063358401 3350.6010122790117
-3729.194555358122 3720.9808808497387 4499.609538715287
-4131.257772063057 1838.9672178219498 5248.808011425484
-4166.240605994071 -206.44675268406655 5531.6268583059655
-3831.0346788367597 -2233.517023237393 5322.936383681329
-3155.4245082460193 -4062.1295046481096 4641.279652045031
-2199.4410227452463 -5529.8039532091125 3547.224855404258
-1048.027550285616 -6506.131053382537 2137.9835636209473
196.5077692100531 -6904.359857777074 538.7730498235697
1423.582511051265 -6689.105989523935 -1108.3098138172147
2524.1656994966074 -5879.49569944347 -2656.914486762813
3400.4656884229707 -4547.466414725543 -3969.440647882378
3974.6193782350674 -2811.3747828315836 -4929.264587834225
4195.610693961125 -825.4801639680093 -5451.101737435649
4043.803587394472 1233.7619900241364 -5488.584575899951
3532.686786148065 3183.3789769273385 -5038.382588538852
2707.675261011798 4850.138771701987 -4140.498197608278
1642.0749064974545 6085.942452127506 -2874.7123715431376
430.5689904137871 6780.983437962939 -1353.4957357989485
-819.1948699890481 6873.504287479689 287.9849357891947
-1996.1696712158835 6355.284117177126 1903.8768820313956
-3454.415096383019 4971.6003264573255 3368.869733918197
-4045.1381320548076 3356.963505198269 4512.951391896732
-4276.432892897219 1444.0457447106699 5256.037513944253
-4127.747824389068 -597.1818172848848 5532.101637137119
-3612.2942473609924 -2585.34715412538 5316.614252642187
-2775.8724741626766 -4343.793050712767 4628.722360222636
-1692.8022499193028 -5716.273872322485 3529.5481732837984
-459.31911703029 -6580.838674921639 2116.7581419816665
814.9765350956197 -6860.667081719159 515.8848605243468
2016.8579456126704 -6530.895110764333 -1130.8270547139891
3039.5326768267164 -5620.824448856963 -2677.0600235881884
3792.1315909352447 -4211.318868086866 -3985.424461282141
4207.782971693805 -2427.619124818776 -4939.666445844024
4249.554369865942 -428.21476887947915 -5454.997389323511
3913.734213413303 1609.238348464313 -5485.627875899856
3230.1615969591817 3503.703576520888 -5028.836252421071
2259.574947284553 5086.84936605368 -4125.210459230274
1088.2151475623618 6218.006266141843 -2855.041613548943
-179.83734357425377 6796.666022212251 -1331.1897913600458
-1431.9104975311277 6771.412175531541 310.9440856213878
-2556.752119946643 6144.488641201963 1925.449216039717
-3883.279390557026 4631.08033824062 3387.080280107891
-4325.891715841683 2966.3298116222386 4526.215313012963
-4384.129578310694 1038.0078637172414 5263.176252388098
-4052.8182883110358 -982.5456381015082 5532.480884669993
-3361.3963078948286 -2915.7956481444203 5310.200311456493
-2371.299514277443 -4589.964419091249 4616.085137139853
-1170.502352539982 -5856.294708674751 3511.810541032366
134.29907988561814 -6602.267513466471 2095.4961670274406
1427.1674497015983 -6761.599876112938 492.98776264863636
2593.2257285903784 -6320.134416974446 -1153.3247678826403
3528.86452131023 -5317.0972794347235 -2697.159331505155
4150.948215144796 -3841.6127149201375 -4001.3394522346784
4404.201943927543 -2024.7840020451754 -4949.983003044186
4266.1230024704355 -28.044344970252908 -5458.798841390602
3748.9803106713985 1971.1871752258419 -5482.576447135316
2898.7242661400905 3795.2700644906986 -5019.203075661606
1790.9038497203214 5282.126553257197 -4109.8514845054615
523.953767000806 6299.642917536215 -2835.321553164833
-789.5519072499574 6757.408363064544 -1308.8608592218238
-2032.9024296500982 6614.748421136424 333.8978659043316
-3095.620649930457 5884.339053645008 1946.9883003582395
-4278.937294161964 4253.72367651814 3405.2323363785995
-4569.233267952553 2552.4541111646095 4539.401073015478
-4453.53281413563 624.3877967737034 5270.224103481446
-3942.116425775923 -1359.1581134411988 5532.764594355537
-3080.425693293018 -3221.9368607097626 5303.6946708836385
-1945.0256197355423 -4798.432378667217 4603.3682010230295
-636.8014842602147 -5948.566122206442 3494.0122649529085
728.005257648926 -6570.143660935171 2074.1980059214397
2028.1255376174997 -6607.935102789245 470.08215159583534
3148.03796328643 -6058.582512314931 -1175.8025648205999
3988.2334009803 -4970.898277970011 -2717.2120634281487
4474.056798923074 -3441.5279171996576 -4017.1853459113836
4562.340616206661 -1606.3626980896136 -4960.2140812828675
4245.2404482382635 371.53489615229336 -5462.506027991407
3550.932036513037 2316.419984417033 -5479.430342300039
2541.1077303350594 4055.4809916246363 -5009.48322461132
1305.4948508492052 5434.1947155412045 -4094.4215386608425
-46.11697520438332 6330.0563914112145 -2815.5525309273835
-1393.6311056300542 6663.464777909414 -1286.5093249722543
-2617.3149964711265 6404.795076756825 356.84588025984914
-3608.4389639780525 5577.031226054153 1968.493763038501
-4638.239860582576 3842.7398628850283 3423.325589270885
-4773.262067639918 2118.8942510958627 4552.508444205499
-4484.158992871884 206.77558648253094 5277.180945518221
-3796.618713179579 -1723.7159964094321 5532.9527612945
-2771.732199634456 -3501.0478486174043 5297.097443266505
-1500.5651166053897 -4967.296235380297 4590.571771475024
-96.06623784441543 -5992.178553009137 3476.153652395605
1316.968547728805 -6484.629509960679 2052.86402645177
2612.984898415032 -6400.8926776243225 447.1684229123063
3676.826073981726 -5748.408441026196 -1198.2600573692143
4413.965117389687 -4585.152887967945 -2737.2178730758374
4758.903989750701 -3014.4863792017313 -4032.961868676874
4680.993358516188 -1175.9695267878428 -4970.359503884329
4187.155925176511 767.0373787383963 -5466.118885108238
3321.27131285377 2641.889647075653 -5476.189615722655
2160.2771692248903 4281.998426528467 -4999.676867117814
807.332918890156 5541.632854543653 -4078.9208881489985
-617.3464042101083 6308.8688843774 -2795.7348882186743
-1987.171790116242 6515.5342278191365 -1264.1355745896356
-3180.428241910788 6143.265762168134 379.7877324092953
-4091.0896873320994 5225.141174270744 1989.9652327126364
-4958.346048032597 3401.606157411374 3441.3597263407546
-4936.413678068199 1669.3612013235652 4565.537200237919
-4475.8592897128265 -211.21382337281403 5284.046658363946
-3617.6051614814937 -2073.021572965926 5533.045382237515
-2437.9109390537783 -3750.632258495665 5290.408742529559
-1041.5976310951805 -5094.982808479517 4577.69606947148
447.26619736212274 -5986.621776966172 3458.235011752554
1896.3884613884452 -6346.3231287124445 2031.4945970250124
3177.008288456706 -6142.125820092283 424.24697228460616
4175.3369870243505 -5392.173678081723 -1220.6968577204566
4802.668671130316 -4163.103241609164 -2757.176414977138
5003.262167642031 -2564.122812641986 -4048.668748093682
4759.293864104373 -737.30881930392 -4980.419095651961
4092.441414923933 1155.018298255732 -5469.637350352343
3061.9575866441505 2944.7169713010694 -5472.854323365765
1759.405389611506 4472.764618768706 -4989.784172522533
300.522302688478 5603.387501454534 -4063.3498006434907
-1185.063509648816 6236.124814575087 -2775.8689672603828
-2565.3512285882694 6314.755071137649 -1241.7399944358565
-3717.6962330091915 5832.291627783445 402.7230261804747
-4539.70761228606 4831.603478710442 2011.4023385997916
-5236.745344456066 2934.038207716438 3459.334436165053
-5057.472048713465 1207.6874397861804 4578.487116125182
-4428.820167092149 -625.9716570181088 5290.821123457817
-3406.6481780675085 -2404.010425064978 5533.042455585153
-2081.7805485922922 -3968.442317018821 5283.6286841768715
-571.9375816311733 -5180.260693883295 4564.741317356899
988.7245493646132 -5931.790174896617 3440.2566524524377
2461.5341652031266 -6156.254067637948 2010.0900866599318
3715.625668198582 -5833.707770193654 401.3181955326385
4639.567524819921 -4992.810936562777 -1243.112578423624
5151.263446454285 -3708.280940628382 -2777.087344477259
5205.247004923889 -2094.2539095962848 -4064.3057129270087
4796.721524155768 -294.1432282146636 -4990.3926828713375
3961.9862859007067 1532.1033698201393 -5473.061362964977
2775.2111792529427 3222.2158599215086 -5469.424522824987
1341.8463805148965 4626.020330407459 -4979.805311657825
-210.7473577277653 5618.78259358088 -4047.708545034196
-1744.6152683867763 6112.291365693358 -2755.955111107893
-3123.4664563316132 6062.6962266151195 -1219.322971249855
-4224.7839425246075 5474.403922097953 425.65136551445687
-4950.710835265322 4399.686805076483 2032.8047105125374
-5471.277610008736 2443.958799699399 3477.249408346851
-5135.578659843551 737.7944051612019 4591.357968241195
-4343.561008635526 -1033.9262600329782 5297.50422381473
-3165.5989004067014 -2713.7780397125803 5532.943981387954
-1706.359437874798 -4152.498731344931 5276.757385290129
-95.50245105264574 -5222.251687756767 4551.707738840896
1523.8403476511376 -5827.9846642373495 3422.2188849552394
3007.7832442028875 -5915.875627610998 1988.6508649811033
4224.471400067854 -5478.1150800788255 378.3824886028138
5065.796733249401 -4553.599967369592 -1265.506832392029
5457.0037957989425 -3224.4775144152454 -2796.9503177435918
5363.332123425025 -1608.8460839185916 -4079.872493149337
4793.1048552894445 149.738381438951 -5000.280093313209
3796.9891865671993 1895.0179344895798 -5476.3908638184475
2463.494365805852 3471.9168279115997 -5465.900273327958
911.1072597757078 4740.320674917617 -4969.740456844014
-722.2357246138671 5587.526227402566 -4031.997391422705
-2291.404895392233 5938.2555541278225 -2735.9936636443686
-3656.9726855502477 5761.344815263543 -1196.8848921407873
-4697.602404236801 5072.513306317822 448.5723544723097
-5320.829534218323 3932.966729747766 2054.1719788631976
-5660.149979163339 1935.4649724138503 3495.1043335207987
-5170.238639689887 263.65929244088227 4604.149534325183
-4220.928907861432 -1431.5736727151964 5304.09584402733
-2896.5711193280745 -2999.6050346929383 5532.749961346423
-1314.8402754494248 -4301.108325788338 5269.794964526597
383.71989698440586 -5220.439267034441 4538.595558994294
2048.1848726441553 -5675.91126988416 3404.1220207467877
3530.6596340581937 -5627.053648078323 1967.1773022125017
4699.419792941563 -5078.207615722524 355.4402475612306
5450.615880157991 -4078.140551362723 -1287.8792329096823
5717.500826788573 -2715.712802389299 -2816.7649917716585
5476.360734119879 -1111.9820532142467 -4095.3688199451544
4748.621957611396 590.5531812417398 -5010.081156236466
3598.947281184906 2240.6151739444695 -5479.625795417159
2129.490345105136 3691.588675664486 -5462.281635733304
470.8188467483257 4814.548323281639 -4959.589781886411
-1229.6869722965444 5509.714224077905 -4016.2166111176475
-2820.9297074604947 5715.317837082235 -2715.9849695747675
-4161.520458670462 5413.090379002583 -1174.4261445814336
-5132.341854595802 4629.886085792703 471.48559724217023
-5647.132153829066 3435.296095939692 2075.503774670374
-5801.9506891376495 1412.7937725858724 3512.898903358491
-5161.323810491001 -210.7185281758492 4616.861593485516
-4062.090661185745 -1815.5075629861344 5310.5958702679745
-2601.922930442889 -3258.98078360138 5532.460398811001
-910.5629289794642 -4412.879259792046 5262.7415421171045
861.7045846633634 -5174.674048148517 4525.405004245251
2557.4058644305865 -5476.676338643971 3385.9663723334384
4025.87041015236 -5292.051902452658 1945.6697691711258
5136.618702690801 -4637.20543094117 332.49186858680787
5790.955881815266 -3570.3229068497144 -1310.229393637972
5930.741217649142 -2186.2015243806436 -2836.5310243910417
5543.554169665736 -607.826542482988 -4110.79442571559
4663.798006220745 1024.5564951171384 -5019.795702391109
3369.6429231826064 2565.9031919339673 -5482.766101898567
1776.080278985299 3879.258129866769 -5458.568672529607
24.7051078001993 4847.923959117019 -4949.353462072324
-1728.8652206295264 5385.83046983584 -4000.36647662999
-3328.8182872062457 5445.182307982022 -2695.9293744199626
-4632.991240686274 5020.705802275023 -1151.9471164015024
-5525.502590884129 4150.11755303138 494.3906981458727
-5927.048787613197 2910.7731467100084 2096.7997295651276
-5895.659727058601 880.2869349815334 3530.6328105737193
-5109.072645472063 -681.3511860950522 4629.493926203545
-3868.522038539311 -2182.4482642266794 5317.00419029073
-2284.236271753003 -3489.625236565301 5532.075298782011
-496.9860880156664 -4486.733692666983 5255.597239863929
1334.423490629376 -5085.1761704687 4512.1363023753365
3047.263686110989 -5231.778429596214 3367.7522532366606
4489.341130385187 -4913.514215972627 1924.128637260592
5532.52091407562 -4158.662701657891 309.53774796446237
6084.111935482301 -3034.2957563101745 -1332.556928622349
6095.102911735916 -1640.3183172266934 -2856.2480742713005
5564.517246363233 -100.59139723926722 -4126.149044083012
4539.499804169456 1448.07350983095 -5029.42356402112
3111.1278831084396 2868.0707307867724 -5485.811729034182
1406.3185966734088 4033.2272809910864 -5454.761447834299
-423.44826860355704 4840.013887752945 -4939.031674168008
-2215.589896942992 5216.744020536856 -3984.447261668382
-3810.8666399829262 5129.943553792003 -2675.8272245107087
-5067.531158347575 4587.325089906242 -1129.4481957809019
-5873.923294798839 3637.102660637735 517.2872616458048
-6158.391569219424 2363.7076988094427 2118.0594757975155
-5940.656214833829 342.3547831433844 3548.3057489278767
-5014.087144807436 -1144.295795711582 4642.046314337372
-3641.9944280058817 -2529.2706714582023 5323.320693433286
-1946.2945236466933 -3689.508748524244 5531.594667909564
-77.65780968869645 -4521.917782141426 5248.362181138709
1797.8791414558477 -4952.534576706019 4498.789682515608
3513.6666410193843 -4943.0969402902665 3349.4799779876466
4917.249440056258 -4494.443448306096 1902.5542784647114
5883.913047350392 -3646.4389323997257 286.57828207826066
6327.765159260339 -2474.4323152159454 -1354.8614522989353
6209.36756782998 -1082.561527957868 -2875.9158009278167
5539.240418637178 405.4996018022766 -4141.432409895638
4376.927449692273 1857.5303124365923 -5038.9645748674475
2825.705269012465 3144.51130317341 -5488.762624230475
1023.4067747775724 4152.088665162708 -5450.860027392586
-869.8259025429578 4790.734728111309 -4928.624596415633
-2685.770731254459 5003.7029866741495 -3968.4592411343524
-4263.07304418328 4772.070276482107 -2655.6788669817465
-5461.5826089484935 4116.418180339152 -1106.9297712430657
-6174.806591148123 3095.0042642694257 540.1748923518425
-6339.371910031846 1798.5856371168618 2139.2826462428197
-5936.722477882633 -196.56034912625526 3565.9174132352
-4877.326664475153 -1595.6874714607757 4654.518541125641
-3384.5589731335504 -2853.030759396862 5329.545270618882
-1591.058364136594 -3856.8697440412943 5531.018514493456
343.81476275850935 -4518.0089263335585 5241.036490880326
2248.1384391763067 -4777.703188565486 4485.365375142661
3952.7051494802317 -4612.8775558882635 3331.149862121838
5306.056661091997 -4038.1775090906426 1880.9470653411008
6187.94175311961 -3104.667669360209 263.61386740457425
6520.001065047444 -1895.294482597454 -1377.1425795012672
6272.729669792408 -517.516063693073 -2895.53386472775
5468.0987159555625 906.2459285522717 -4156.644259232095
4177.603194850098 2249.4839930509897 -5048.418570170782
2515.9092967725414 3392.845533069224 -5491.61873652981
630.6658167906486 4234.737858216877 -5446.864478576283
-1310.6150886444389 4700.355140820961 -4918.132408530198
-3135.4420919138947 4748.325241994318 -3952.402691117616
-4681.671305655818 4374.3858077343675 -2635.4846497657036
-5811.913478714086 3611.762997781288 -1084.3922316482247
-6425.741634026396 2528.2191955144954 563.0531950281169
-6468.614446252769 1220.032022819046 2160.4688744079626
-5884.044771454417 -732.0208718013444 3583.4674993679923
-4700.0987574375795 -2031.7715962146922 4666.91039119121
-3098.528342778744 -3150.990498021584 5335.677814358178
-1221.6400871963365 -3990.230066185224 5530.346848483008
763.7962512126695 -4474.920182132077 5233.620295592723
2681.3659408368117 -4561.99400203273 4471.863612074642
4360.684499636968 -4243.714634871845 3312.7622221735082
5652.5371040956525 -3548.362599167665 1859.3073710146978
6442.136981104939 -2537.722974794636 240.64490050520357
6659.324716490544 -1301.5955274972875 -1399.3999254668886
6284.8022268507975 50.18439437610605 -2915.1019268958526
5351.847478955059 1397.5052125785899 -4171.784329406015
3943.357596358343 2620.651559792855 -5057.785386674467
2184.483086185402 3610.9415153795812 -5494.380016611308
231.50766735877943 4280.38347096899 -5442.774870382673
-1742.0382236673424 4569.494571009339 -4907.555291696433
-3560.7963737118052 4452.586025518873 -3936.277888891289
-5063.162139654465 3940.045671809119 -2615.244921587155
-6115.643730167744 3077.414969553486 -1061.8359661867005
-6624.723537195153 1941.3424422398778 585.9217745998216
-6545.167585822381 632.7731194922762 2181.617794437789
-5783.210666004895 -1259.630563621711 3600.9557042619704
-4484.04711155595 -2448.935073593663 4679.221650545002
-2786.4562933286334 -3420.6409553022604 5341.718218751121
-841.2766052770187 -4088.407876896678 5529.579681476914
1178.6542010350383 -4392.901816946374 5226.113723342735
3093.856409146355 -4307.067152628284 4458.284626467232
4734.155898139796 -3838.5306705462954 3294.317375670285
5953.80486008255 -3028.923893271876 1837.6355691713497
6644.432132364699 -1950.1839358666634 217.6717780206476
6744.672451076091 -698.161577518487 -1421.6331058440126
6245.619024001839 615.8955008238465 -2934.6196495203317
5191.614938197379 1875.227561105088 -4186.852358970549
3676.3130821071827 2967.9374232815353 -5067.064862627289
1834.3546754375118 3796.93302082057 -5497.046416791701
-170.59419407765867 4288.554456893572 -5438.5912734333
-2160.3850208087224 4399.119009460333 -4896.893428565665
-3958.2161577474562 4118.802532820746 -3920.085112907107
-5404.342418724823 3472.5123760728316 -2594.960031956581
-6370.269139232413 2517.674255841283 -1039.2613643721836
-6770.169491253536 1339.1297293467471 608.7802361600587
-6568.510573577334 41.5976497257414 2202.7290411214035
-5635.203120778692 -1775.0707651650098 3618.38172592143
-4231.136692862125 -2843.7363039057554 4691.452106589573
-2451.115201747222 -3659.7233925132537 5347.666379488768
-453.30136841518714 -4150.527997264376 5528.717026723023
1584.7902807808446 -4272.539975166449 5218.516903757887
3482.0663587918852 -4014.91802654213 4444.628652809639
5069.945560027758 -3400.552992081982 3275.8156411276645
6207.33784916552 -2484.033901194352 1815.932034051355
6793.1809299514625 -1346.7974971823674 194.69489666309258
6775.4200737277215 -89.89222522225916 -1443.841736698168
6155.6334105120195 1175.0003654343675 -2954.086695558683
4988.8917052200395 2335.4890172179835 -4201.848087722879
3378.865078528622 3288.45922069704 -5076.256837786279
1468.6114617047338 3949.23539125158 -5499.61789102616
-572.1347283868315 4259.104666359347 -5434.313759972764
-2562.0442370893265 4190.533801088114 -4886.147003252658
-4324.304871980504 3749.6156177355138 -3903.8246427906006
-5702.332042096838 2975.5276318300057 -2574.6303311643355
-6573.681986000875 1937.0509579484722 -1016.6688160350184
-6860.931437320503 726.4588058450844 631.6281849766463
-6538.5570217325 -548.6823991696052 2223.802249898507
-5441.391302130768 -2274.135841334376 3635.7452634244837
-3943.6362260624237 -3212.9336347400726 4703.601548122845
-2095.471764945904 -3866.248174972098 5353.522193855088
-61.115441687570915 -4176.029598107195 5527.758899118118
1978.6712567654245 -4114.752465246427 5210.82996802413
3842.6443307989953 -3687.8615185547437 4430.895926920536
5365.181592874205 -2933.287892025754 3257.2573380435365
6410.998925710923 -1918.0787637683775 1794.1971404429714
6887.170869792819 -732.439920000193 171.71465320962034
6751.387458242085 518.2794249196774 -1466.0254345187784
6015.713643050686 1722.9473685036278 -2973.502728843516
4745.517271149724 2774.523877366054 -4216.771256708726
3053.660864347595 3579.571763927006 -5085.361153419486
1090.4732889781712 4066.558990571103 -5502.09439490909
-969.6076235801479 4192.214605102758 -5429.9424038674615
-2943.534643730389 3945.373554740261 -4875.316201332461
-4655.9156932961705 3347.9687500524274 -3887.4967593363185
-5954.59820136312 2453.0822296035644 -2554.2561702745993
-6724.188527915149 1340.2285878803743 -994.0587113154062
-6896.305195146593 108.28975462773136 654.465226498959
-6455.654881852383 -1133.271098545357 2244.8370568655646
-5203.518229982652 -2752.7676212681654 3653.046016928253
-3624.0981662470945 -3553.5120506205735 4715.669765341756
-1722.661076347642 -4038.5113399445627 5359.285560728735
331.8420099589136 -4164.671173999376 5526.705315207665
2356.8594774159687 -3920.7816978859237 5203.053048883593
4172.459637397139 -3328.513561848229 4417.0866859439975
5617.318448058049 -2440.49238889914 3238.642786892626
6563.053863413027 -1335.6227572719056 1772.4312636760546
6925.633141516252 -112.0771823771488 148.73144449540044
6672.839522355317 1121.4269420144324 -1488.183816225865
5827.134828359197 2255.2873613069546 -2992.867414088353
4463.66363290335 3188.7556013817943 -4231.6216082267865
2703.5763351988276 3838.8889126503886 -5094.3776523087045
703.2644156625637 4147.920097343482 -5504.475885674893
-1359.5356334303694 4088.3903785400753 -5425.477280604314
-3301.5349752691454 3665.5892329977273 -4864.401209837163
-4950.178446007667 2917.0843979301385 -3871.1017445028806
-6158.976838318116 1909.3838126924193 -2533.8379011193083
-6820.523110319318 732.0260965041347 -971.4314406568132
-6876.035972595976 -510.37535080216014 677.2909663647077
-6320.582863720636 -1707.4277084443263 2265.8330987822474
-4923.685361929982 -3207.0885327614283 3670.2836876740394
-3275.336336537471 -3862.707881463018 4727.656549845847
-1335.959304066846 -4175.108683682282 5364.956380584803
722.1235753309529 -4116.532757193703 5525.556293185512
2716.0426060735113 -3692.184830122002 5195.186280632287
4468.629332109757 -2939.7700780077143 4403.201168345409
5824.158731731229 -1926.1438534939466 3219.9723091209867
6662.186069138773 -741.3712948541506 1750.634779615412
6908.248937781314 509.2753567877594 125.74566740683787
6540.483571950867 1714.670658060986 -1510.3164991766073
5591.567538313196 2767.709946657248 -3012.180416893418
4145.8161907064 3574.8260605979817 -4246.398885833236
2331.690880940659 4064.303191188804 -5103.3061787521865
310.3846039464501 4192.649147341718 -5506.7623221987105
-1738.5007072087883 3948.4598276155903 -5420.918467289466
-3632.912601243837 3353.432524675266 -4853.402217252694
-5204.524267884025 2460.438025621296 -3854.639881408196
-6313.691113644155 1348.8228105364403 -2513.375876292075
-6861.858796779907 117.3587695240213 -948.7873947990519
-6800.320213050422 -1124.5331131810913 700.1050104067787
-6134.543335677696 -2266.5052938477666 2286.7900130777152
-4604.334249679838 -3633.4331597022865 3687.4579779925125
-2900.4014256506375 -4138.031326734486 4739.561694640902
-938.7552067503732 -4274.947250934952 5370.5345554965315
1106.3035319290623 -4032.015351592831 5524.3118528935875
3053.0623468634753 -3430.821194053764 5187.229799117787
4728.5431741356515 -2524.7835175121927 4389.239613907339
5983.872189515944 -1394.4077456096932 3201.246227140441
6707.507901067171 -140.13272625215546 1728.8080646544206
6835.152100194976 1126.5937007952084 102.75771887464525
6355.463039649526 2293.2173335518955 -1532.4231011719655
5311.0631975410415 3256.0785426039943 -3031.4414037514457
3794.752083114095 3929.622884080392 -4261.102834346117
1941.2605931072208 4254.002987440262 -5112.146578567353
-84.72041967902035 4200.396256981438 -5508.953664997129
-2103.173651387334 3773.5658859544524 -5416.266042646947
-3934.750674544333 3011.4376259392857 -4842.319413515556
-5416.7078328991565 1981.7299173830554 -3838.1114543245653
-6417.366729470089 775.9368089888393 -2492.8704491421413
-6847.814429977564 -498.8016900266263 -926.1269647716707
-6669.803767242878 -1729.2194699280712 722.906964660015
-5899.151769836927 -2805.988511371754 2307.707437856699
-4248.225426492927 -4028.3779646709936 3704.568591308808
-2502.5545569400615 -4377.2866110452005 4751.3849941425
-534.5207327233231 -4337.254132622143 5376.019989137003
1481.007604301528 -3911.8375907893437 5522.972015821557
3364.9419163893367 -3138.837112198403 5179.183741736879
4949.886372401569 -2086.937181628854 4375.202263725394
6095.011702007379 -849.6037240985947 3182.4648643230107
6698.5684943715305 463.2207527423577 1706.9514957085014
6706.928079827115 1734.8860328913495 79.76799586704777
6119.347672520975 2852.399075595992 -1554.5032404632786
4988.0363701963915 3716.463942886771 -3050.650042053346
3413.516146742802 4250.304679418674 -4275.73319984976
1535.690033682226 4406.487193029361 -5120.898699093438
-478.58887813572227 4171.133981988849 -5511.049876228866
-2450.3430678786044 3565.1572119286466 -5411.520087017324
-4204.373522887032 2642.400578153858 -4831.152990009548
-5584.826939797655 1484.8550570261498 -3821.5167486737246
-6469.043974497908 195.37364790257263 -2472.321973768206
-6778.458063132123 -1111.467567220263 -903.4505418871227
-6485.5764060838 -2319.5500114005094 745.6964353680456
-5616.422823871667 -3321.530257890246 2328.585011905841
-3858.414706938602 -4388.768934608623 3721.6152321476957
-2085.239156233674 -4578.589607245606 4763.126244179548
-126.7809555760558 -4361.582500469273 5381.412586780816
1842.9422893535427 -3757.029648036704 5521.536805106444
3648.912024255054 -2818.648223923029 5171.048247433203
5130.659912814826 -1629.8175356798076 4361.089360204067
6156.526152590844 -296.17040705497055 3163.628544995358
6635.358026239141 1063.7927619591246 1685.0654502086104
6524.609220467006 2329.233275695497 56.77689538291313
5834.120252680425 3387.711191214457 -1576.556535758859
4625.244097828153 4145.1761006683255 -3069.8060000940673
3005.3947073344543 4534.323922772111 -4290.289729699167
1118.502808136638 4520.577165784807 -5129.562389194131
-867.7729740328455 4105.1572893913835 -5513.050919695423
-2776.9433193005225 3324.976172649502 -5406.680682356305
-4439.370064233322 2249.35633155011 -4819.903139562457
-5707.33929710435 973.8713092548109 -3804.8560510219418
-6468.186387181683 -388.1464526316203 -2451.7308050123725
-6654.306731589493 -1715.675698849071 -880.7585177340429
-6249.162720951471 -2890.7596301050007 768.4730289900623
-5288.753178558015 -3808.986882336408 2349.42237470005
-3438.227101355924 -4711.74692520045 3738.597606138605
-1652.0513596104245 -4740.382784783148 4774.785241997851
280.91639534445403 -4347.814831110652 5386.712255305687
2188.923495791659 -3568.9244496228644 5520.0062455322395
3902.4351377052544 -2472.9194688190946 5162.823456694837
5269.198292079194 -1157.1847409824204 4346.901147052544
6167.770054706072 261.3709293121497 3144.737594433139
6518.308381159242 1656.7026455299128 1663.1503060947107
6289.666402821235 2904.8290613725053 33.78481444489605
5502.1599628461745 3894.848667479798 -1598.5826062305887
4225.762464340948 4538.793877219652 -3088.908947078251
2573.887426425892 4779.447332799685 -4304.772172524376
693.3111953539709 4595.42591860131 -5138.137499260186
-1248.8687779712263 4003.0807448407268 -5514.956760841706
-3080.0812798033185 3055.044279670541 -5401.74791223332
-4637.615043210807 1835.5537234106384 -4808.570056442739
-5783.076358190619 452.9661636308584 -3788.1296490750988
-6414.685960132607 -969.8694275967919 -2431.097298453982
-6476.322564131142 -2306.5278639805783 -858.0512841704708
-5962.509487433168 -3438.2411776188933 791.2363522076441
-4918.901276734847 -4264.451674152881 2370.2191664085717
-2991.228566776827 -4994.7704991864985 3755.5154200208067
-1206.709214019486 -4861.447363908794 4786.361786263578
685.0315479596718 -4296.163296237423 5391.918903194107
2515.9042506911733 -3349.1462662932636 5518.380363529461
4123.2278198847935 -2104.5428931026527 5154.509511551877
5364.184502794403 -672.9416482255069 4332.6378692805
6128.509852294782 818.4534152522737 3125.792338855421
6348.290206896257 2237.125301061243 1641.206441809284
6003.997117602291 3457.018786408214 10.792150092582224
5126.222536301983 4369.740981705768 -1620.5810715204407
3792.9605865941667 4894.1925144863135 -3107.9585531259795
2122.6774436341057 4983.7735645446555 -4319.180278234794
263.78509459060524 4630.524462463152 -5146.623881212005
-1618.5457177090766 3865.8329411698996 -5516.767366756628
-3357.0616401194316 2757.6451981252585 -5396.721861830096
-4797.287903582806 1404.4285775005742 -4797.153936356156
-5811.254084261645 -73.57768546833957 -3771.337831673665
-6308.864837285335 -1545.0462481930324 -2410.4218104034976
-6245.905263518903 -2879.2306714419897 -835.3292333171
-5627.9695973850185 -3957.5828142376618 813.9860119315166
-4509.964134585705 -4684.286356422178 2390.9750279012123
-2521.1958335529416 -5235.636075041323 3772.3683816484213
-753.0209332566349 -4940.912580118689 4797.85567706676
1082.0631815374813 -4207.167319614782 5397.032440534884
2821.0012340959265 -3099.596779913417 5516.659187174716
4309.280947244917 -1716.6134639603397 5146.106555573989
5414.662137263255 -181.10150850027347 4318.299773193867
6038.926834532352 1370.5021107409357 3106.793105419039
6126.606381159332 2800.330603093368 1619.2342362907386
5669.910064651039 3981.3374323124985 -12.200700624383993
4709.4173569080185 4808.584958859118 -1642.5515517471313
3330.472250066057 5208.568609683589 -3126.9544892783883
1655.600068268973 5145.748082110813 -4333.513798023519
-166.37944507503815 4625.705255698972 -5155.021388502185
-1973.5754145799492 3694.6482177451217 -5518.482706173676
-3605.410547606388 2435.3054719479637 -5391.6026179391665
-4916.889131394412 959.5751478061947 -4785.654976442387
-5791.48053844549 -601.4176392443313 -3754.4808887877516
-6151.473484161963 -2108.971829770171 -2389.7046978963126
-5964.881015513894 -3429.134618150477 -812.59275755047
-5248.282692188228 -4444.6037471987165 836.7216153083291
-4065.3514199524025 -5065.150328486062 2411.689600754642
-2032.0845623904374 -5432.495225178751 3789.156199995467
-294.8524791945956 -4978.261987769526 4809.266715924723
1468.5785407164992 -4081.6883260040718 5402.052779024713
3101.519912534152 -2822.4387442789675 5514.8427461902
4458.877629327172 -1312.4030940562786 5137.614733867922
5420.044501292312 314.2453304594519 4303.887106390565
5899.616633844096 1912.9716783209196 3087.7402222129467
5854.98193843767 3341.7220976256613 1597.2340689669052
5290.106403636025 4473.545843650465 -35.19334065309174
4255.181699621749 5207.875409634345 -1664.493667512624
2842.165428038749 5479.462391087414 -3145.8964275035287
1176.6102855369797 5264.1750928677275 -4347.772484371646
-593.4918443039563 4581.142736194848 -5163.329876118069
-2310.8596192824134 3491.0557433972967 -5520.102749471449
-3822.8973760472336 2090.773127553094 -5386.390268962377
-4995.2539244414365 504.7161441190641 -4774.073375271641
-5723.760240338246 -1126.1870836302858 -3737.559111512074
-5943.685340572899 -2657.023646808444 -2368.9463186866724
-5635.487914864156 -3951.771998811452 -789.8422494962755
-4826.552656988364 -4895.388066654294 859.4427697274906
-3588.757014561682 -5404.0274217182205 2432.3625272585073
-1527.996099815499 -5583.868986842539 3805.8785851608895
163.90525674135463 -4973.336756909249 4820.594705785533
1841.2429119503563 -3920.901730995698 5406.979831969698
3354.978054271147 -2520.0773796893336 5512.931071943191
4570.608673391243 -895.333094020164 5129.034193075006
5380.120654094749 808.9654661572828 4289.40011775628
5711.585304411323 2441.3838945801795 3068.6340182525337
5535.550535551684 3856.874650132864 1575.2063197484729
4867.657809244873 4929.665167405623 -58.18537294431671
3767.252325222204 5564.43330107513 -1686.407039908694
2332.109939789001 5704.777116830777 -3164.7840407018034
689.7493519096633 5338.226450753984 -4361.956091052532
-1013.8984928020387 4497.350938106771 -5171.549200584238
-2627.457007008018 3256.866058309263 -5521.62746867417
-4007.5544357361878 1726.9943367096796 -5381.084904909369
-5031.563065986219 43.67158950363609 -4762.409332841219
-5608.495237172557 -1643.531570079444 -3720.5727920609893
-5687.087994060146 -3184.6997371414404 -2348.147031241388
-5260.358025300908 -4442.893356733819 -767.0781020224753
-4366.222161292707 -5306.316404264053 882.1490828279584
-3084.1282974032974 -5698.249952889429 2452.993450421631
-1013.1431111577249 -5688.65907393955 3822.535248373575
619.369394092144 -4926.3359428056 4831.839451031371
2196.8482106191 -3726.2862442841765 5411.813514286847
3579.1274229229757 -2195.139660420253 5510.924197445503
4643.385456958138 -468.9452845162829 5120.365081368628
5295.05831598114 1298.9169378494735 4274.839057460091
5476.2420066485265 2951.3646900842036 3049.474823474011
5170.837562932975 4341.5707377543295 1553.1513690224301
4405.981509903938 5346.009172705621 -81.17640045931817
3249.6346643885495 5875.4312320871795 -1708.2912905234887
1804.543518155393 5882.795442592511 -3183.6170027118046
199.11076122535786 5367.447461800921 -4376.064373136058
-1424.01386062274 4375.1782193731015 -5179.679219964987
-2920.608601772622 2994.1551920006013 -5523.05683745217
-4157.694451775253 1347.0883361852223 -5375.686617396011
-5025.350903996079 -419.6732299000078 -4750.663050572062
-5446.482875007656 -2149.1449878030126 -3703.522223763356
-5383.6709410783815 -3687.655782172257 -2327.3071947337116
-4842.496218183513 -4898.502177284648 -744.3007082325777
-3871.0444553583898 -5674.095157222578 904.8401625049104
-2555.633404875904 -5945.5198820848045 2473.5820139781586
-491.81437886292395 -5746.155904047196 3839.125901997329
1067.6978476943812 -4837.813733218502 4843.0007574819565
2532.3404349691887 -3499.6105817974785 5416.553742505536
3771.9734616040396 -1850.451672395657 5508.822157352924
4676.4500931424745 -36.87201132808132 5111.607548451654
5165.403611641995 1779.9838897561729 4260.204176950195
5195.38835124673 3438.6804109049426 3030.262968728613
4763.740036256946 4791.83508714437 1531.0695976454956
3908.81251371691 5719.2141872691045 -104.16602617669163
2706.5698457919457 6138.416008496909 -1730.1460414480016
1263.8365694822237 6012.192629374801 -3202.3949883158193
-291.1941322814059 5351.759551059964 -4390.097086992825
-1820.3509575074363 4215.799150823495 -5187.719793866783
-3187.761611680343 2705.2464953064987 -5524.390831122342
-4271.925657394026 954.3208169028276 -5370.195499642829
-4976.51036141129 -881.4004540506022 -4738.834731305264
-5238.910280761144 -2638.805426699446 -3686.4077010575343
-5035.810031086282 -4161.740956979157 -2306.4271690371143
-4385.255960861083 -5314.887539731894 -721.5104614588355
-3345.052654134556 -5995.783040579668 927.5156169165898
-2007.6267395663915 -6143.926906211441 2494.1278623937237
31.660939738386464 -5756.043381464001 3855.650259535855
1505.1216795571352 -4708.673703933692 4854.078432397858
2844.8457530295377 -3242.917704134672 5421.200434768971
3931.7927969452994 -1489.01423501336 5506.624987964607
4669.382796463991 397.19468332025684 5102.761745553852
4992.077643267959 2248.1111109806902 4245.495728949559
4871.204484095667 3899.273000757391 3010.9987857769534
4317.5034295826945 5203.967372739068 1508.961386937541
3380.173248299572 6046.26640641822 -127.15385309925435
2142.4998402590563 6351.328136284018 -1751.970915282686
714.4559192058286 6092.046488896535 -3221.117673245533
-777.0705456069753 5291.459776464928 -4404.053990298413
-2199.5508823246837 4020.70364170566 -5195.670783440682
-3426.591470577795 2392.6903438135237 -5525.629426648568
-4349.164369321068 552.0760087249492 -5364.611646473393
-4885.294927856706 -1337.592702484527 -4726.924579298601
-4987.345593288592 -3108.41043214935 -3669.229519486279
-4646.248716151147 -4603.032253883185 -2285.5073147190883
-3892.312250857007 -5688.654459785192 -698.7077552554248
-2792.5267609432713 -6268.81475268635 950.1750544911266
-1444.613013517876 -6291.963344570914 2514.6306408716096
552.9492972228165 -5718.400404248601 3872.108035637665
1927.9767462684124 -4540.160138239067 4865.072284483842
3131.695000621473 -2958.5067197823864 5425.753510835568
4057.1484109521602 -1113.9769960801607 5504.332727222451
4622.106380467209 829.5344723313254 5093.827825429307
4776.369914297988 2699.3381625240904 4230.713967451553
4506.232020489264 4329.293811126191 2991.682607283275
3835.695636386572 5574.572705816752 1486.8271186750167
2824.340862317869 6324.52635198613 -150.13948426088126
1562.0310082164983 6512.518077054782 -1773.7655351439194
160.92784417491708 6121.843991262264 -3239.784734187578
-1254.4744650418017 5187.217201576245 -4417.934842037527
-2558.4112128690476 3791.683399802428 -5203.532051384731
-3635.0218970302067 2059.2418884276217 -5526.772602642117
-4388.644933609372 143.82769843186063 -5358.935154312669
-4752.31760858628 -1784.3662137470565 -4714.932800222962
-4693.72600883797 -3554.011357272394 -3651.9879756916475
-4218.07625512709 -5007.866995182104 -2264.5479930348883
-3367.6319154254047 -6016.751673907569 -675.8929833917773
-2217.9587014289264 -6491.021562326519 972.8180839331943
-871.210123459058 -6388.535699553812 2535.089995358841
1067.74868407015 -5633.69909048193 3888.4989461010623
2332.73437644274 -4333.846490671512 4875.982123892179
3390.446382432202 -2648.9126113928505 5430.212892080372
4146.902348613675 -728.611222030411 5501.945414710445
4534.8878427396085 1256.4304718671015 5084.805942353737
4519.928651010623 3129.832804584914 4215.859147715562
4103.353963259164 4725.13575757034 2972.314766809709
3322.1782685998537 5900.589662578904 1464.6671750843009
2245.8124556362436 6551.750281756097 -173.1225227333795
969.8963504037213 6620.7591365167145 -1795.5295246705202
-392.19930188218785 6101.484487274914 -3258.3958487891364
-1719.4463250575834 5040.066165415086 -4431.739402508184
-2893.912996585688 3530.815846792085 -5211.30346194634
-3811.2427986391617 1707.8370454514532 -5527.8203393620115
-4389.9269526700045 -266.8905720969703 -5353.166121185365
-4578.546832078992 -2217.903791084576 -4702.859601158815
-4360.342732835933 -3971.8465251238645 -3634.683367409864
-3754.703046731486 -5372.873265244507 -2243.549565921306
-2815.4415176820316 -6296.4966372821955 -653.066539845557
-1626.015654424922 -6660.648651376999 995.4443142307938
-292.11116462000234 -6432.972803021791 2555.505572552301
1571.824201626691 -5502.7997462630265 3904.8227078790333
2716.0308214766105 -4091.6210992829315 4886.807762225909
3618.906183733415 -2316.8839618480743 5434.578501496393
4200.225850257296 -336.28151692522147 5499.463091653986
4408.337017598268 1674.2010165235617 5075.696252121854
4224.748095257275 3535.9234425440845 4200.931526262571
3665.771764651025 5083.463553550123 2952.8955988105004
2781.075525781116 6179.315619410858 1442.4819388352325
1649.268521896621 6726.108375007 -196.10257163328413
370.9167721459134 6675.256884443334 -1817.2625080302212
-940.3925605513907 6031.279525814542 -3276.9506956634978
-2168.1438873989223 4851.396513482887 -4445.467433325807
-3203.2461151083407 3240.4456309253305 -5218.984880924625
-3953.725868276335 1341.5669335986447 -5528.772618715372
-4352.899727407789 -676.5158731478134 -5347.304646714249
-4365.299343373241 -2634.48727572406 -4690.705190592639
-3989.8229558793396 -4358.372922595261 -3617.3159934661844
-3259.8332897059036 -5694.998008889325 -2222.5123959904845
-2240.193130199335 -6525.597530006445 -630.2288187960343
-1021.5019801489324 -6776.369073469413 1018.0533546620561
287.9541036253029 -6425.030487148755 2575.877019904859
2061.042985396976 -5326.942624983029 3921.0790390840602
3074.695233781109 -3815.670273670295 4897.549012542105
3815.1473175660053 -1965.3588737487576 5438.850263695949
4216.606819686925 59.58328694072053 5496.8858009191545
4243.402301604416 2079.2312111085616 5066.498912044681
3893.152867160072 3914.1303176135334 4185.931360870774
3196.9797156486065 5401.241768520555 2933.425438626294
2216.7408866873557 6408.429185335443 1420.2717930343517
1039.5349019367782 6846.1995461050055 -219.07923412879978
-230.03832077464457 6675.655033151284 -1838.9641099262037
-1479.1716291787113 5911.949274872479 -3295.4489543956092
-2596.874047092469 4622.940879359186 -4459.118697427425
-3483.8328097280055 2923.1638992729413 -5226.576175672716
-4061.237738670742 963.6509786428178 -5529.629424257729
-4277.783872084322 -1081.4865603524013 -5341.350832118403
-4114.230135717892 -3030.5292724346923 -4678.469778413317
-3585.1089967913554 -4710.296159402523 -3599.886153769739
-2737.435190508208 -5971.532561813203 -2201.4368465235375
-1646.5282545119433 -6702.172090467755 -607.38021461725
-409.32005743205497 -6837.294216886471 1040.6448148019572
864.2580230221349 -6364.8927471633715 2596.2039856314336
2531.408190066858 -5107.736553990311 3937.267658993123
3405.775939616163 -3508.4589078929716 4908.205689355089
3977.525550929034 -1597.4392912110266 5443.028104911958
4195.854561958484 455.51981674188767 5494.213587011993
4041.3634819534545 2468.003989961512 5057.214080946807
3527.7795213453373 4261.195178015914 4170.858910571052
2700.7368688602555 5675.760474556567 2913.9046224782105
1633.721893588406 6586.009545268283 1398.0371212183684
421.5435586007813 6911.062765656074 -242.05211344658488
-828.0907714819589 6622.037730615922 -1860.6339556036041
-2004.1456025020389 5744.615582876609 -3313.8903055476267
-3002.123301691696 4356.759130768451 -4472.692959075665
-3733.3491709249297 2581.785510568994 -5234.077215100069
-4132.850582788501 577.4089177763872 -5530.390741193302
-4165.130083655262 -1478.2729912779675 -5335.30478021149
-3827.3194982169393 -3402.603857763102 -4666.153575908497
-3149.43477944707 -5024.598439404891 -3582.394149308347
-2191.7089594564386 -6200.135399618497 -2180.323281464358
-1039.2401802617587 -6824.763120729947 -584.5211218711438
205.5696495795895 -6842.98068858489 1063.2183045290121
1432.1137139282364 -6253.169392332942 2616.4861187150786
2979.091756090879 -4847.14453064282 3953.388288052455
3706.564788545347 -3172.708787979213 4918.7776086396525
4104.693273545901 -1216.3639463004704 5447.111952999217
4138.101748042165 848.0601699323383 5491.44649607772
3803.8217224644677 2837.1304184158957 5047.841919163699
3131.5554440491164 4574.109178681436 4155.7144356425815
2181.0367218252954 5904.6582652736115 2894.333487462211
1036.7233155452934 6710.5525528302305 1375.7783073475223
-199.70750690624564 6920.18479729306 -265.0208128786572
-1418.3934409672052 6514.928253785621 -1882.2716708558855
-2511.0488932811427 5530.791744637592 -3332.274430664403
-3380.586631870482 4055.2201174987135 -4486.189983862907
-3949.7444127580507 2219.32438687969 -5241.487869674718
-4167.950069404197 186.2319451417647 -5531.056556375267
-4015.815071636168 -1863.4080221874249 -5329.166595399971
-3506.857281639096 -3747.476009313846 -4653.756795760988
-2686.2998325786916 -5298.564307485146 -3564.8402821433256
-1627.052854761017 -6378.851914569926 -2159.1720654133105
-423.23509059398435 -6892.350535914605 -561.6519353007902
818.188968708925 -6793.433565561134 1085.773434032124
1986.9133475788908 -6090.890210415403 2636.723068913042
3400.465688422976 -4547.466414725528 3969.44064788239
3974.619378235066 -2811.3747828315854 4929.264587834225
4195.610693961125 -825.4801639680144 5451.101737435648
4043.803587394472 1233.761990024136 5488.584575899951
3532.6867861480678 3183.378976927332 5038.382588538854
2707.675261011791 4850.138771701998 4140.498197608268
1642.0749064974534 6085.942452127509 2874.712371543134
430.56899041379006 6780.983437962938 1353.4957357989492
-819.1948699890463 6873.504287479689 -287.98493578919545
-1996.1696712158798 6355.284117177127 -1903.8768820313937
-2995.7760371088552 5272.36906335841 -3350.601012279005
-3729.1945553581186 3720.9808808497464 -4499.609538715284
-4131.257772063059 1838.9672178219298 -5248.80801142549
-4166.240605994071 -206.4467526840629 -5531.6268583059655
-3831.0346788367547 -2233.517023237413 -5322.936383681324
-3155.42450824602 -4062.129504648109 -4641.27965204503
-2199.441022745254 -5529.803953209106 -3547.2248554042653
-1048.0275502856123 -6506.13105338254 -2137.98356362094
196.50776921005507 -6904.3598577770745 -538.7730498235642
1423.5825110512587 -6689.105989523938 1108.309813817209
2524.1656994966143 -5879.495699443462 2656.914486762825
3792.1315909352493 -4211.318868086854 3985.424461282151
4207.782971693805 -2427.619124818779 4939.666445844023
4249.554369865943 -428.2147688794785 5454.997389323512
3913.734213413304 1609.2383484643126 5485.627875899856
3230.1615969591817 3503.7035765208916 5028.83625242107
2259.574947284554 5086.84936605368 4125.210459230272
1088.2151475623646 6218.006266141843 2855.041613548943
-179.83734357427363 6796.666022212256 1331.1897913600178
-1431.9104975311259 6771.412175531542 -310.94408562138847
-2556.752119946641 6144.488641201963 -1925.4492160397174
-3454.4150963830225 4971.600326457318 -3368.869733918206
-4045.138132054806 3356.9635051982714 -4512.951391896731
-4276.432892897219 1444.0457447106767 -5256.037513944252
-4127.747824389072 -597.181817284863 -5532.101637137119
-3612.2942473609864 -2585.3471541253994 -5316.614252642182
-2775.8724741626784 -4343.793050712768 -4628.722360222636
-1692.8022499193112 -5716.273872322478 -3529.548173283805
-459.3191170302863 -6580.838674921642 -2116.7581419816593
814.9765350956195 -6860.667081719159 -515.8848605243436
2016.8579456126595 -6530.89511076434 1130.8270547139764
3039.5326768267037 -5620.824448856978 2677.0600235881707
4150.948215144797 -3841.6127149201307 4001.339452234685
4404.201943927541 -2024.7840020451818 4949.983003044184
4266.123002470436 -28.04434497025905 5458.798841390602
3748.9803106713957 1971.187175225852 5482.576447135316
2898.72426614009 3795.2700644907013 5019.203075661604
1790.903849720316 5282.126553257204 4109.851484505453
523.9537670008142 6299.642917536212 2835.3215531648375
-789.551907249978 6757.4083630645455 1308.8608592217934
-2032.9024296500947 6614.748421136425 -333.89786590433226
-3095.620649930454 5884.33905364501 -1946.98830035824
-3883.279390557022 4631.080338240626 -3387.0802801078876
-4325.891715841682 2966.3298116222422 -4526.215313012962
-4384.129578310693 1038.007863717246 -5263.176252388097
-4052.818288311041 -982.5456381014874 -5532.480884669993
-3361.3963078948336 -2915.7956481444107 -5310.200311456495
-2371.2995142774457 -4589.964419091248 -4616.085137139853
-1170.5023525399808 -5856.2947086747545 -3511.8105410323615
134.2990798856302 -6602.267513466477 -2095.496167027422
1427.1674497015856 -6761.5998761129395 -492.98776264864796
2593.2257285903665 -6320.134416974453 1153.3247678826276
3528.8645213102245 -5317.09727943473 2697.15933150515
4474.056798923075 -3441.5279171996526 4017.1853459113863
4562.340616206661 -1606.3626980896154 4960.214081282867
4245.240448238263 371.53489615229654 5462.506027991407
3550.932036513044 2316.419984417018 5479.430342300042
2541.1077303350553 4055.480991624641 5009.483224611318
1305.4948508492055 5434.194715541204 4094.421538660844
-46.11697520438083 6330.056391411213 2815.552530927388
-1393.6311056300576 6663.464777909413 1286.5093249722522
-2617.3149964711197 6404.79507675683 -356.8458802598375
-3608.438963978054 5577.031226054151 -1968.4937630385016
-4278.937294161963 4253.723676518142 -3405.232336378596
-4569.233267952553 2552.45411116461 -4539.401073015476
-4453.532814135633 624.3877967737218 -5270.224103481441
-3942.1164257759206 -1359.158113441205 -5532.764594355537
-3080.4256932930143 -3221.936860709768 -5303.6946708836385
-1945.0256197355404 -4798.432378667218 -4603.3682010230295
-636.8014842602081 -5948.5661222064455 -3494.0122649529044
728.005257648929 -6570.143660935171 -2074.1980059214393
2028.125537617493 -6607.935102789247 -470.08215159584694
3148.037963286425 -6058.582512314934 1175.8025648205894
3988.233400980309 -4970.898277969994 2717.212063428165
4758.903989750701 -3014.486379201733 4032.9618686768717
4680.993358516192 -1175.9695267878622 4970.359503884321
4187.155925176509 767.0373787383996 5466.118885108238
3321.2713128537716 2641.8896470756495 5476.189615722656
2160.2771692248857 4281.99842652847 4999.6768671178115
807.3329188901545 5541.632854543654 4078.920888148999
-617.3464042101175 6308.868884377402 2795.7348882186666
-1987.1717901162456 6515.534227819136 1264.1355745896337
-3180.4282419107885 6143.265762168133 -379.78773240929354
-4091.089687332101 5225.141174270743 -1989.965232712637
-4638.239860582576 3842.7398628850306 -3423.325589270881
-4773.262067639918 2118.8942510958573 -4552.5084442055
-4484.158992871887 206.7755864825435 -5277.180945518217
-3796.6187131795677 -1723.715996409458 -5532.952761294501
-2771.7321996344513 -3501.0478486174093 -5297.097443266504
-1500.5651166054079 -4967.2962353802795 -4590.571771475038
-96.06623784440924 -5992.178553009139 -3476.1536523956006
1316.9685477288076 -6484.629509960679 -2052.864026451769
2612.9848984150226 -6400.892677624324 -447.16842291232274
3676.8260739817297 -5748.408441026191 1198.2600573692182
4413.96511738969 -4585.152887967941 2737.217873075841
5003.262167642033 -2564.122812641988 4048.6687480936807
4759.293864104374 -737.3088193039223 4980.41909565196
4092.441414923921 1155.0182982557571 5469.6373503523455
3061.9575866441523 2944.716971301066 5472.854323365766
1759.405389611494 4472.764618768716 4989.784172522527
300.5223026884696 5603.387501454537 4063.3498006434857
-1185.063509648819 6236.124814575087 2775.868967260382
-2565.35122858827 6314.755071137648 1241.7399944358594
-3717.696233009195 5832.291627783442 -402.7230261804777
-4539.707612286068 4831.60347871043 -2011.4023385998062
-4958.346048032597 3401.606157411379 -3441.3597263407487
-4936.413678068202 1669.3612013235766 -4565.537200237913
-4475.8592897128265 -211.21382337281304 -5284.046658363946
-3617.6051614814946 -2073.0215729659244 -5533.045382237515
-2437.9109390537737 -3750.63225849567 -5290.408742529558
-1041.5976310951908 -5094.982808479508 -4577.696069471488
447.26619736213064 -5986.6217769661735 -3458.235011752549
1896.3884613884481 -6346.323128712444 -2031.4945970250117
3177.0082884566964 -6142.125820092287 -424.2469722846226
4175.336987024352 -5392.173678081723 1220.696857720456
4802.668671130319 -4163.103241609159 2757.1764149771416
5205.24700492389 -2094.2539095963066 4064.3057129269946
4796.721524155769 -294.14322821466817 4990.392682871337
3961.986285900697 1532.1033698201563 5473.061362964981
2775.2111792529467 3222.2158599215036 5469.424522824988
1341.846380514878 4626.020330407475 4979.805311657817
-210.74735772777584 5618.782593580885 4047.7085450341883
-1744.6152683867751 6112.291365693359 2755.955111107894
-3123.4664563315955 6062.696226615124 1219.3229712498771
-4224.783942524595 5474.403922097967 -425.65136551443544
-4950.710835265321 4399.68680507649 -2032.8047105125336
-5236.745344456066 2934.0382077164386 -3459.334436165053
-5057.472048713469 1207.687439786199 -4578.487116125173
-4428.820167092143 -625.9716570181204 -5290.821123457819
-3406.648178067505 -2404.010425064983 -5533.042455585153
-2081.78054859229 -3968.4423170188243 -5283.628684176871
-571.9375816311826 -5180.26069388329 -4564.741317356905
988.7245493646102 -5931.790174896617 -3440.25665245244
2461.534165203122 -6156.254067637948 -2010.0900866599359
3715.6256681985706 -5833.707770193661 -401.31819553265507
4639.56752481992 -4992.810936562778 1243.1125784236235
5151.263446454287 -3708.280940628375 2777.087344477267
5363.332123425027 -1608.846083918606 4079.8724931493284
4793.104855289446 149.73838143894642 5000.2800933132075
3796.989186567174 1895.0179344896158 5476.390863818453
2463.4943658058564 3471.916827911595 5465.9002733279585
911.1072597756945 4740.320674917626 4969.740456844008
-722.2357246138773 5587.52622740257 4031.997391422697
-2291.404895392238 5938.255554127823 2735.9936636443626
-3656.972685550244 5761.344815263544 1196.8848921407905
-4697.602404236801 5072.513306317822 -448.57235447231034
-5320.829534218325 3932.9667297477604 -2054.1719788632054
-5471.277610008736 2443.958799699399 -3477.2494083468514
-5135.5786598435525 737.7944051612077 -4591.357968241192
-4343.561008635519 -1033.9262600329898 -5297.504223814733
-3165.5989004067083 -2713.7780397125716 -5532.943981387954
-1706.3594378747937 -4152.498731344934 -5276.757385290126
-95.50245105265536 -5222.251687756762 -4551.707738840902
1523.8403476511348 -5827.9846642373495 -3422.2188849552413
3007.783244202883 -5915.875627610999 -1988.6508649811074
4224.471400067854 -5478.115080078826 -378.38248860281305
5065.7967332494 -4553.599967369593 1265.5068323920284
5457.0037957989425 -3224.4775144152377 2796.950317743599
5476.360734119881 -1111.982053214253 4095.368819945151
4748.621957611395 590.5531812417412 5010.081156236467
3598.9472811848927 2240.615173944485 5479.625795417161
2129.490345105138 3691.588675664484 5462.281635733304
470.81884674832475 4814.54832328164 4959.5897818864105
-1229.6869722965655 5509.714224077911 4016.216611117633
-2820.9297074604965 5715.317837082236 2715.984969574764
-4161.520458670455 5413.090379002586 1174.4261445814416
-5132.341854595802 4629.886085792704 -471.48559724217097
-5647.132153829064 3435.296095939697 -2075.50377467037
-5660.149979163338 1935.4649724138476 -3495.1043335208014
-5170.238639689887 263.65929244088437 -4604.149534325182
-4220.928907861431 -1431.5736727151977 -5304.09584402733
-2896.5711193280817 -2999.605034692931 -5532.749961346423
-1314.8402754494361 -4301.108325788331 -5269.794964526601
383.7198969844259 -5220.4392670344505 -4538.595558994283
2048.184872644152 -5675.91126988416 -3404.122020746789
3530.6596340581887 -5627.053648078324 -1967.1773022125055
4699.419792941562 -5078.207615722525 -355.44024756122997
5450.615880157996 -4078.140551362712 1287.8792329096984
5717.500826788573 -2715.7128023892915 2816.7649917716662
5543.5541696657365 -607.8265424829896 4110.79442571559
4663.798006220755 1024.556495117123 5019.795702391102
3369.642923182597 2565.9031919339777 5482.766101898569
1776.080278985286 3879.2581298667774 5458.568672529605
24.70510780019828 4847.923959117021 4949.353462072324
-1728.8652206295274 5385.830469835841 4000.366476629989
-3328.8182872062494 5445.1823079820215 2695.929374419959
-4632.991240686263 5020.705802275029 1151.9471164015151
-5525.502590884129 4150.117553031379 -494.39069814587566
-5927.048787613197 2910.7731467100093 -2096.7997295651276
-5801.950689137653 1412.7937725858887 -3512.898903358479
-5161.323810491 -210.71852817585062 -4616.861593485517
-4062.0906611857436 -1815.5075629861353 -5310.5958702679745
-2601.9229304428973 -3258.9807836013733 -5532.460398811001
-910.5629289794732 -4412.879259792041 -5262.741542117106
861.7045846633795 -5174.674048148521 -4525.405004245241
2557.4058644305846 -5476.676338643972 -3385.9663723334397
4025.8704101523563 -5292.05190245266 -1945.66976917113
5136.618702690801 -4637.205430941171 -332.4918685868072
5790.955881815271 -3570.3229068497026 1310.229393637988
5930.74121764914 -2186.2015243806363 2836.53102439105
5564.517246363233 -100.59139723927154 4126.149044083011
4539.499804169455 1448.0735098309483 5029.423564021121
3111.1278831084305 2868.0707307867797 5485.8117290341825
1406.3185966734134 4033.227280991084 5454.761447834299
-423.4482686035565 4840.013887752945 4939.031674168007
-2215.589896942991 5216.7440205368575 3984.4472616683806
-3810.8666399829094 5129.943553792008 2675.8272245107223
-5067.531158347562 4587.325089906253 1129.4481957809169
-5873.923294798835 3637.1026606377436 -517.2872616457984
-6158.391569219422 2363.7076988094504 -2118.059475797512
-5895.659727058594 880.2869349815209 -3530.632810573733
-5109.072645472062 -681.3511860950514 -4629.493926203547
-3868.522038539311 -2182.4482642266785 -5317.004190290731
-2284.2362717530136 -3489.625236565294 -5532.075298782011
-496.9860880156723 -4486.733692666981 -5255.597239863929
1334.42349062939 -5085.176170468703 -4512.136302375327
3047.2636861109745 -5231.7784295962165 -3367.7522532366697
4489.341130385182 -4913.514215972633 -1924.1286372605962
5532.520914075618 -4158.662701657895 -309.5377479644617
6084.1119354822995 -3034.2957563101786 1332.5569286223486
6095.102911735915 -1640.318317226702 2856.2480742712955
5539.24041863718 405.4996018022703 4141.432409895636
4376.92744969227 1857.5303124365928 5038.964574867449
2825.705269012455 3144.5113031734168 5488.762624230477
1023.406774777577 4152.088665162706 5450.860027392586
-869.8259025429564 4790.734728111309 4928.624596415632
-2685.7707312544576 5003.702986674151 3968.459241134351
-4263.073044183276 4772.07027648211 2655.6788669817474
-5461.582608948485 4116.418180339161 1106.9297712430762
-6174.806591148121 3095.004264269429 -540.1748923518431
-6339.371910031844 1798.585637116865 -2139.28264624282
-5940.656214833835 342.35478314340486 -3548.305748927862
-5014.087144807436 -1144.2957957115793 -4642.046314337372
-3641.994428005881 -2529.2706714582014 -5323.320693433287
-1946.2945236467258 -3689.5087485242257 -5531.594667909565
-77.6578096886959 -4521.917782141428 -5248.362181138709
1797.8791414558661 -4952.534576706023 -4498.789682515597
3513.66664101937 -4943.096940290269 -3349.4799779876553
4917.2494400562555 -4494.443448306099 -1902.554278464711
5883.91304735039 -3646.438932399729 -286.57828207826
6327.765159260339 -2474.43231521595 1354.8614522989349
6209.3675678299805 -1082.561527957877 2875.9158009278117
5468.098715955564 906.2459285522701 4156.644259232092
4177.603194850093 2249.4839930509943 5048.418570170783
2515.909296772528 3392.845533069232 5491.618736529811
630.6658167906497 4234.737858216877 5446.864478576283
-1310.6150886444395 4700.355140820961 4918.132408530198
-3135.442091913898 4748.3252419943165 3952.4026911176147
-4681.671305655818 4374.385807734367 2635.4846497657045
-5811.913478714089 3611.762997781284 1084.3922316482203
-6425.7416340264 2528.219195514486 -563.0531950281273
-6468.614446252767 1220.0320228190312 -2160.468874407977
-5936.722477882642 -196.56034912624034 -3565.9174132351845
-4877.326664475164 -1595.6874714607652 -4654.5185411256325
-3384.5589731335476 -2853.0307593968646 -5329.545270618882
-1591.058364136599 -3856.869744041292 -5531.018514493456
343.814762758515 -4518.008926333559 -5241.036490880324
2248.138439176319 -4777.703188565485 -4485.3653751426555
3952.7051494802377 -4612.877555888262 -3331.149862121834
5306.056661092002 -4038.1775090906385 -1880.9470653410958
6187.9417531196195 -3104.667669360194 -263.6138674045539
6520.001065047445 -1895.294482597433 1377.1425795012901
6272.729669792408 -517.516063693071 2895.53386472775
5351.847478955063 1397.5052125785894 4171.784329406013
3943.357596358344 2620.651559792855 5057.785386674466
2184.4830861854007 3610.9415153795826 5494.380016611308
231.50766735876877 4280.383470968993 5442.774870382672
-1742.038223667343 4569.494571009339 4907.555291696434
-3560.7963737118052 4452.586025518873 3936.2778888912894
-5063.162139654465 3940.0456718091177 2615.2449215871557
-6115.643730167746 3077.4149695534816 1061.8359661866964
-6624.723537195154 1941.342442239873 -585.9217745998247
-6545.167585822376 632.7731194922613 -2181.6177944378032
-5884.044771454431 -732.0208718013266 -3583.467499367974
-4700.098757437578 -2031.7715962146942 -4666.91039119121
-3098.528342778741 -3150.9904980215865 -5335.677814358179
-1221.6400871963417 -3990.230066185223 -5530.346848483009
763.7962512126746 -4474.920182132077 -5233.620295592721
2681.3659408368253 -4561.994002032729 -4471.863612074636
4360.6844996369755 -4243.7146348718425 -3312.7622221735032
5652.537104095654 -3548.362599167663 -1859.307371014697
6442.136981104937 -2537.7229747946403 -240.6449005052127
6659.324716490546 -1301.5955274972864 1399.3999254668881
6284.8022268507975 50.18439437610778 2915.1019268958526
5191.614938197386 1875.2275611050823 4186.852358970542
3676.313082107169 2967.9374232815444 5067.064862627294
1834.35467543752 3796.933020820568 5497.0464167917
-170.59419407764895 4288.55445689357 5438.591273433301
-2160.3850208087347 4399.119009460332 4896.893428565661
-3958.216157747457 4118.802532820745 3920.085112907108
-5404.342418724824 3472.51237607283 2594.960031956582
-6370.269139232415 2517.674255841278 1039.2613643721795
-6770.169491253537 1339.129729346746 -608.7802361600569
-6568.5105735773295 41.59764972572692 -2202.7290411214176
-5783.210666004909 -1259.630563621695 -3600.955704261952
-4484.0471115559585 -2448.9350735936596 -4679.221650544998
-2786.456293328635 -3420.640955302261 -5341.718218751121
-841.2766052770149 -4088.407876896679 -5529.579681476914
1178.6542010350424 -4392.901816946373 -5226.113723342734
3093.8564091463686 -4307.067152628282 -4458.284626467225
4734.155898139801 -3838.5306705462917 -3294.3173756702804
5953.804860082554 -3028.923893271871 -1837.6355691713443
6644.432132364702 -1950.1839358666557 -217.67177802063955
6744.672451076091 -698.1615775184852 1421.6331058440117
6245.619024001838 615.8955008238482 2934.6196495203308
4988.891705220043 2335.4890172179807 4201.848087722877
3378.8650785286177 3288.4592206970415 5076.25683778628
1468.6114617047442 3949.2353912515778 5499.61789102616
-572.1347283868074 4259.104666359345 5434.313759972768
-2562.0442370893256 4190.533801088115 4886.147003252659
-4324.304871980488 3749.61561773552 3903.824642790611
-5702.332042096835 2975.527631830008 2574.6303311643387
-6573.681986000881 1937.0509579484612 1016.668816035002
-6860.931437320503 726.4588058450865 -631.6281849766444
-6538.557021732499 -548.6823991696053 -2223.802249898508
-5635.203120778709 -1775.0707651649925 -3618.381725921412
-4231.136692862139 -2843.7363039057473 -4691.452106589566
-2451.1152017472214 -3659.723392513254 -5347.666379488769
-453.30136841518214 -4150.527997264376 -5528.717026723022
1584.7902807808464 -4272.53997516645 -5218.516903757887
3482.066358791901 -4014.918026542127 -4444.62865280963
5069.945560027759 -3400.552992081982 -3275.8156411276636
6207.337849165523 -2484.0339011943493 -1815.9320340513495
6793.180929951465 -1346.7974971823548 -194.69489666307476
6775.4200737277215 -89.89222522226048 1443.8417366981676
6155.63341051202 1175.0003654343666 2954.086695558683
4745.517271149728 2774.523877366051 4216.771256708722
3053.6608643475975 3579.5717639270047 5085.361153419485
1090.4732889781817 4066.5589905711017 5502.094394909089
-969.6076235801302 4192.2146051027585 5429.942403867464
-2943.534643730388 3945.373554740261 4875.316201332461
-4655.91569329618 3347.968750052424 3887.4967593363126
-5954.598201363117 2453.082229603567 2554.256170274602
-6724.188527915149 1340.2285878803755 994.0587113154068
-6896.305195146593 108.28975462773724 -654.4652264989525
-6455.65488185239 -1133.271098545346 -2244.837056865552
-5441.391302130787 -2274.1358413343605 -3635.7452634244664
-3943.6362260624337 -3212.933634740068 -4703.601548122841
-2095.4717649459167 -3866.2481749720946 -5353.522193855084
-61.115441687566 -4176.029598107195 -5527.758899118118
1978.671256765423 -4114.752465246427 -5210.82996802413
3842.6443307989957 -3687.861518554744 -4430.895926920536
5365.181592874205 -2933.287892025755 -3257.2573380435365
6410.998925710918 -1918.0787637683843 -1794.1971404429798
6887.170869792822 -732.4399200001805 -171.71465320960246
6751.387458242083 518.2794249196814 1466.0254345187848
6015.713643050677 1722.9473685036373 2973.502728843528
