2326.0297116043453 3927.444219955207 5211.894514294567
299.1187738718143 4165.56886556914 5527.896592156732
-1754.370179580334 4033.564437179383 5352.720799031143
-3651.975643650063 3543.160107540255 4701.932272883309
-5225.087045350334 2737.930453444148 3633.356430199877
-6333.926533154403 1689.4236633496387 2241.9409239711204
-6879.968852508942 490.80416685287435 651.3191280518265
-6814.695747072043 -751.4254337273794 -997.1752306617893
-6143.907018708085 -1926.8875869447422 -2557.0661940996674
-4927.205189640059 -2931.1373220551695 -3889.750604691628
-3272.6995567886715 -3674.9426430167314 -4876.813604167375
-1327.4002063111823 -4092.2131829260934 -5430.550313368847
735.8444776969358 -4145.8726231507135 -5501.758795649979
2733.7061506613813 -3831.153086946052 -5084.111864866806
4488.666035467699 -3176.018786227837 -4214.71928363279
5844.788244836274 -2238.6812786243972 -2970.830398057064
6681.575369220394 -1102.4271151242156 -1462.9701943395178
6924.675200438736 131.7825354764807 174.88133128407165
6552.487251661494 1354.2827294819635 1797.193883168994
5598.082055457449 2456.4489598010887 3259.817871678877
4146.262701847555 3340.348920093182 4432.792736814985
1947.3392907844902 4118.621791967356 5219.569040596945
-93.79115528513185 4173.9898074974335 5528.8415653152315
-2126.58784561197 3858.4805113787934 5346.85225403368
-3970.427873479121 3200.1282891613246 4689.771655706602
-5461.477960851928 2257.4306249201813 3615.9842650460614
-6467.251764101771 1114.1503430837556 2220.9008039506034
-6898.38186704427 -128.12708610391616 628.4805601614777
-6716.560468049683 -1359.0198614148 -1019.7829394395083
-5937.943196328754 -2469.1577580785383 -2577.4342496275603
-4631.713613379492 -3359.900152216661 -3906.0692158523143
-2913.935949941073 -3952.100673151366 -4887.63279074616
-937.2422897530647 -4193.139705768437 -5434.908743159004
1122.7294608994957 -4061.59987423747 -5499.269203037988
3082.941771934089 -3569.1690698430307 -5074.995461081645
4769.2211772651945 -2759.601930552566 -4199.7861011574505
6031.73435161389 -1704.8320494188947 -2951.4073156876707
6758.301458991462 -498.58035916214635 -1440.7830381813844
6884.363823420196 751.9723839900456 197.86113503956307
6398.720250605015 1935.7090808482578 1818.9244781129423
5344.522303202255 2947.4495311537266 3278.368399087403
3815.4400951101784 3697.296155946949 4446.5149009201705
1553.2092079429492 4273.579869017509 5227.15343258155
-485.66601661641755 4145.566548871225 5529.69106347212
-2481.387684289206 3649.201448338578 5340.89137672365
-4256.627166822388 2828.5887848642674 4677.530053037528
-5653.646645682771 1756.6435947973278 3598.5496571364724
-6548.31480945458 528.6129124292074 2199.8223322237836
-6861.136465600128 -746.3873469878087 605.631139331708
-6564.31603717566 -1955.0678151580264 -1042.3730380584561
-5684.2273218216915 -2990.0319282776595 -2597.7577966383883
-4299.070064103111 -3759.318583030843 -3922.3203749147015
-2531.921565030757 -4194.573284183854 -4898.3675750603725
-539.8007237506281 -4257.121741455467 -5439.173320029896
1500.2837807111866 -3941.406249927711 -5496.684646095798
3407.0614873699255 -3275.4795165174264 -5065.791419552817
5011.106829232721 -2318.512053859493 -4184.780394523109
6169.89333843811 -1155.5346205935614 -2931.9332668337256
6780.457748392322 110.11713469226824 -1418.5710018089453
6788.548731853143 1365.9844993196007 220.83752202286175
6193.447369433398 2500.4781466581353 1840.6236628934182
5048.031028743375 3412.793337498498 3296.862313872011
3454.074978230222 4021.866863505236 4460.1602802211055
1147.0795503485238 4391.098972192122 5234.64755927704
-873.0691102647419 4080.5642236115714 5530.445071957807
-2815.641749030319 3407.4534365019813 5334.838270036674
-4508.032262154253 2431.5754581960778 4665.20767627064
-5799.864325612038 1239.6413296363185 3581.0529075412855
-6576.352991453829 -62.44037113801556 2178.705872785029
-6768.503834155184 -1358.9739709216624 582.7712601386016
-6359.243408102018 -2534.756769629879 -1064.9451364206932
-5384.936298158956 -3485.3153057596114 -2618.0364841742494
-3932.153966720742 -4126.188281918318 -3938.5038012450673
-2129.9824993659236 -4400.431321749551 -4909.0177717360075
-138.5527396682293 -4283.676727668549 -5443.343970338533
1865.1880389776964 -3786.2986577285046 -5494.005169454924
3703.1986751175423 -2952.4913361513095 -5056.499899220676
5212.163857753498 -1856.342202562243 -4169.702422856348
6258.005408423697 -595.2489178519554 -2912.4085877835523
6747.795715751063 718.7348454163421 -1396.3344687916003
6638.01476152018 1968.855863553477 243.8100954653714
5938.417065280253 3044.0353980322375 1862.2910627972612
4711.164952476132 3848.7390288665088 3315.2992966698803
3065.305159037641 4311.465307072962 4473.728639082062
732.4839100551252 4470.2843678513345 5242.051291270805
-1252.6039530403532 3979.566973587694 5531.10357775167
-3126.392457946305 3135.2475896787673 5328.6930385010455
-4722.387273016405 2012.3476986194526 4652.804738195366
-5898.7772550237805 710.6418834953868 3563.4943184037497
-6551.034991564689 -654.2075815778002 2157.551790284702
-6621.204520361523 -1960.9278320851063 559.9013173387839
-6103.050970846796 -3093.411039321579 -1087.4988447391186
-5042.614559774277 -3951.0311005035996 -2638.2699620519033
-3534.1197159163185 -4457.5847095914705 -3954.6192153793318
-1711.6028260702517 -4568.062355443846 -4919.583196859741
262.9974861174145 -4272.647614403577 -5447.420622063887
2214.229317518116 -3597.589382618323 -5491.23081938601
3968.7171570720143 -2602.869546426463 -5047.121060536144
5370.567060791675 -1376.8733285297537 -4154.552446531687
6295.218512814646 -28.535873084098938 -2892.833615699779
6660.512173862624 1322.3371199127084 -1374.0738231217072
6433.99009908666 2555.7146568243975 266.7784586643796
5635.779768906352 3562.0057309081963 1883.9263036601512
4336.805674046574 4251.796964196111 3333.6790291012926
2652.487363289508 4563.797378511558 4487.219743197347
313.0188937123753 4510.5729413358695 5249.364500711236
-1620.943756680602 3843.47278512674 5531.666569482278
-3410.8784408980073 2834.86320515659 5322.455788235919
-4897.741607248141 1574.3635888159977 4640.321452992278
-5949.418938409227 173.97485862831402 3545.8741929350003
-6472.464288297689 -1241.8723012246119 2136.360450022831
-6420.402782229199 -2547.3736572468915 537.0217058627234
-5797.860313486124 -3626.529684857601 -1110.0337735441994
-4660.152512398872 -4383.452635205346 -2658.4578808687843
-3108.3697098425687 -4750.886582450032 -3970.6663390278777
-1280.3946177109196 -4696.183407921674 -4930.063667982154
661.3491551235708 -4224.203728738033 -5451.403204808153
2544.3291532423527 -3376.8850106432915 -5488.361643798016
4201.23434049098 -2229.515240137108 -5037.6550654580615
5484.841419773746 -884.0432564782685 -4139.330727167035
6281.0962690795 539.9798500785939 -2873.208688613523
6519.2481507405755 1916.0233772934432 -1351.7894492080377
6178.136224959057 3121.819819105673 289.74221498987373
5288.069783285665 4050.228870109732 1905.5290118731625
3928.1351350553205 4618.7573118679 3352.0011937751897
2219.168441738236 4776.888897383989 4500.6333595953165
-107.68684081194908 4511.737221896329 5256.587061309905
-1974.8602965440566 3673.4856130558915 5532.134037427588
-3666.5587483965533 2508.828686669351 5316.126626949475
-5032.467365025976 1121.2513216588843 4627.758036229453
-5951.219171653554 -365.95414381134503 3528.192835408807
-6341.179038384548 -1820.6429776406371 2115.1322179428457
-6167.697319749212 -3113.5596931464374 514.1328208078223
-5446.188627760285 -4129.82296628452 -1132.549533690699
-4240.762175989717 -4779.133345438652 -2678.599892009048
-2658.525394604182 -5003.796753969312 -3986.644895080375
-840.0669651615375 -4783.850862109426 -4940.459004120847
1053.035100708874 -4138.83882756739 -5455.291649797948
2852.57037671286 -3126.072800200966 -5485.39769223741
4398.6422564470295 -1835.541485992135 -5028.102077450292
5553.875468572246 -381.9142556117958 -4124.037527619198
6215.622472533778 1105.6477323827676 -2853.534145418535
6325.0841430007395 2494.968067299956 -1329.4817318691082
5872.534330187509 3662.599540450538 312.7009678913926
4898.184070944683 4504.792971378739 1927.0988143891432
3488.6086616716693 4946.715777841595 3370.265474294568
1769.0550633022167 4949.101179138592 4513.969256642468
-526.003756008586 4473.886529910533 5263.718848343774
-2311.251922147992 3471.104860652638 5532.505973515112
-3891.135212242567 2159.900291832966 5309.705663937072
-5125.274062763778 656.7791035176116 4615.114704858704
-5904.009820913655 -904.6997903728926 3510.4505511563502
-6158.148397155005 -2385.792137679136 2093.8674606252443
-5865.108463720016 -3654.89638367623 491.2350574315955
-5050.927904678951 -4599.247046735095 -1155.0457363643939
-3787.9502356751323 -5134.93442622833 -2698.695647649694
-2188.3965650857776 -5214.360347662605 -4002.5546076105243
-394.39425606839495 -4830.467469363573 -4950.769025763582
1434.6517133713512 -4017.3663582542486 -5459.085889885522
3136.222582212701 -2847.304616292153 -5482.3390158872935
4559.126311538339 -1424.2473639819996 -5018.462261478979
5576.931660687513 125.3605168245528 -4108.673111979372
6099.202157823127 1663.8295655756942 -2833.810325865418
6079.531777328343 3054.4600558296443 -1307.151056326542
5519.6683188321695 4173.688365845957 335.654320904877
4469.358107542305 4922.066148627145 1948.635338729174
3021.9258149423204 5233.096753971288 3388.471555262036
1305.9821521816768 5079.143747658235 4527.227204047388
-938.3325481843981 4397.465242003231 5270.7597386573025
-2627.170468366742 3238.1123065744778 5532.782371322059
-4082.572763287007 1791.038882484776 5303.193010079336
-5175.220552113751 184.82379384161612 4602.391677211859
-5808.027283803864 -1437.8136999702222 3492.647646560905
-5924.765303220081 -2932.695136798208 2072.566545281276
-5515.061925040912 -4166.993740801056 468.32881114491727
-4615.321092371231 -5031.036664382893 -1177.521993088805
-3305.488726641366 -5448.049901993553 -2718.7448007664184
-1701.949181651049 -5380.979997438886 -4018.395201880906
52.81601700991106 -4835.786406070002 -4960.993554871376
1802.8882807802822 -3860.9119710226887 -5462.785859549903
3392.7660089584074 -2542.978564016905 -5479.185667566532
4681.181588332194 -999.0903519205895 -5008.735784009616
5553.653640555621 633.5714223796566 -4093.237745568497
5932.659195008106 2209.937595419075 -2814.03757055564
5784.521944938066 3589.9411149541133 -1284.7978081984359
5122.404535103837 4650.962612228383 358.60187765951576
4005.1390030235816 5298.725670992915 1970.1382129890017
2531.9992942616605 5475.673700815118 3406.619122285273
833.8803367087181 5166.084092721652 4540.406972864704
-1341.1349374212678 4283.248194231316 5277.709610664629
-2919.8468355811856 2976.5565917521085 5532.963226075442
-4239.117528862938 1405.3848736922682 5296.588777840272
-5181.72402664436 -290.6614578250753 4589.589172996983
-5663.911605037076 -1960.881243267853 3474.7844290525727
-5642.835781655568 -3456.868125060677 2051.229839746543
-5120.369235897006 -4645.697103725974 445.4144775051342
-4142.935413158706 -5421.735507419272 -1199.9779157318467
-2797.3835979886626 -5716.0289183839795 -2738.747005139691
-1203.271974021592 -5502.428075570526 -4034.166404347616
497.7556453093651 -4799.91235123475 -4971.132414881576
2154.5554911899285 -3670.9033504233494 -5466.39149489803
3619.9136265672255 -2215.718477432818 -5475.937701728834
4763.626550494727 -563.6572942019943 -4998.922813004233
5484.070350579966 1138.4873131879492 -4077.731694932781
5717.230433569846 2739.4723266318697 -2794.2162209357507
5442.389502884538 4097.043201878268 -1262.4223734926536
4683.968381334985 5090.573809059826 381.5432418846029
3509.3561138471455 5631.784593691207 1991.6070658454646
2022.9221550883392 5672.58660249351 3424.707861982309
356.74268540228593 5209.354397927986 4553.50833549911
-1730.9638718471847 4132.333267839854 5284.568344351634
-3186.7150185261958 2688.735400172851 5533.048534652166
-4359.31255114062 1006.2315928795573 5289.893081265301
-5144.566033058181 -765.6803072157173 4576.707413294585
-5472.702246382343 -2469.5581518821914 3456.861207102974
-5314.5648485571965 -3954.004917276495 2029.8577124747126
-4684.20504135406 -5087.120993905982 422.4924522092502
-3637.6330599313615 -5768.224045764163 -1222.4131165126166
-2267.8414176440047 -5936.795077721901 -2758.7019153607357
-696.5421131408591 -5577.855813827973 -4049.8679426650824
936.6480148395844 -4723.299582858361 -4981.185430710912
2486.6128562894064 -3449.057456092981 -5469.902733665857
3815.6312331371396 -1868.3514384143893 -5472.59517446182
4805.61403029877 -121.63419630744126 -4989.023517918494
5368.596931778538 1635.8907779243013 -4062.155227839016
5454.556436170201 3248.0596775490317 -2774.3466192914466
5055.854664281483 4571.624220948421 -1240.0251386002176
4207.918018218601 5488.979890074088 404.4780174163315
2986.0893900929254 5918.6156079751745 2013.0415265628963
1498.9336154200519 5822.356355690874 3442.7374619871043
-121.40898894470917 5208.755190213429 4566.531065709249
-2104.4928894480895 3946.1312260215072 5291.335821278024
-3425.434376923805 2377.175487275515 5533.0382955790765
-4442.010987738653 596.9972744223227 5283.106035979305
-5063.895428848789 -1236.2267661427002 4563.746620553803
-5235.830538566647 -2959.606633444137 3438.8782902199246
-4942.539127868989 -4420.012463344283 2008.4505325311875
-4210.081425684465 -5487.680788971066 399.5631310870777
-3103.5395131898554 -6067.744594207288 -1244.8272080080349
-1721.234495289487 -6108.662664389627 -2778.609186837426
-185.990238969498 -5606.79924941639 -4065.499545690718
1365.7800662876675 -4606.747116099263 -4991.152428758507
2796.194819028064 -3197.365285139985 -5473.319515219431
3978.1553911989704 -1503.8835171895744 -5469.158143486038
4806.639399014458 323.22490094723753 -4979.038069698718
5208.032402637943 2121.6133681857764 -4046.50861326999
5146.668872213294 3731.4871771140924 -2754.4291087416664
4628.001226708153 5009.801974994071 -1217.606490288586
3698.1153625611255 5842.973882241973 427.4058082047087
2439.6357195385795 6156.971918584127 2034.441224999514
964.3837366700169 5923.895980533851 3460.7076109548484
-596.5579733299804 5164.455888023831 4579.474938611628
-2458.5443882405384 3726.3528934234314 5298.011924579383
-3633.909956102854 2044.610728153912 5532.932509032986
-4486.386677214248 181.1959270615353 5276.227759184621
-4940.228253871513 -1698.318927315509 4550.7070185885495
-4955.108870337683 -3426.930692050708 3420.835988942065
-4529.706318537234 -4851.044625959553 1987.0086695866091
-3701.8194820459903 -5844.121956393194 376.6269100944618
-2545.00973940774 -6317.923404494517 -1267.2198031595467
-1162.0647128318003 -6230.349632356307 -2798.468475800349
324.13486311619897 -5589.181953944228 -4081.06094348962
1781.5336340339327 -4451.390931203183 -5001.0332369088965
3080.6353234361686 -2918.074289617384 -5476.641780555937
4106.009045205648 -1125.4739416409968 -5465.626668153986
4766.545844384704 767.1297051112381 -4968.966640778986
5003.554127648276 2591.570511071094 -4030.792121419828
4795.974668934677 4185.738904202391 -2734.464033232665
4162.251814098052 5407.986026882698 -1195.1668156950016
3158.694619837581 6149.709858518691 450.3262183203455
1874.4735469015184 6345.004981668091 2055.8057916138664
423.6972733315837 5976.518567600543 3478.6179985673753
-1064.7263623387062 5076.992251281954 4592.339730684515
-2790.116565325932 3474.993792643324 5304.596538969175
-3810.310682559681 1693.9583747679164 5532.7311768406735
-4491.941974374982 -237.59267851949562 5269.2583696590245
-4774.444509204401 -2148.032579662187 4537.588832573673
-4632.716697086379 -3867.6103596161524 3402.7346148335523
-4079.3516760898683 -5243.533986389717 1965.5324939105687
-3163.5183567328017 -6153.5466076026705 353.68418530634904
-1966.5925485083912 -6516.789608335625 -1289.5905152798093
-594.9263620997283 -6300.9872539078015 -2818.279439308628
829.6016423728006 -5525.314530543159 -4096.551867339231
2180.4159002736706 -4258.693363696319 -5010.8276845349865
3337.4906368376583 -2613.6686025170484 -5479.86947230471
4198.014683982192 -736.407916108411 -5462.000809449072
4685.526703770913 1206.2858453193905 -4958.809405078132
4756.709113834321 3041.7958156923096 -4015.0060236893573
4405.237044659432 4607.028879139883 -2714.4517375320743
3662.3403320021944 5762.907209062668 -1172.7065023198018
2594.028608930732 6406.725943358495 473.23885196130647
1295.2260602487252 6481.2789621332 2077.1348574711524
-118.66300789232474 5979.941902498122 3496.468315538502
-1522.0083470381132 4947.260762283279 4605.125219771785
-3096.408797071152 3194.3163734502555 5311.089550740747
-3953.085277668 1328.293726740969 5532.434302478851
-4458.5127835150415 -655.7536467102733 5262.197987753662
-4567.781862685683 -2581.534430923816 4524.39228904105
-4271.183477976166 -4277.934552072521 3384.5744804786127
-3595.0716974685056 -5594.22141486301 1944.0223763651952
-2599.52201992847 -6413.437155106616 330.73535291002656
-1372.993403103314 -6662.790859213609 -1311.9389580593709
-24.468297130098573 -6320.126356303379 -2838.04173525593
1326.230924420452 -5415.890891217916 -4111.972049733952
2559.0887082677023 -4030.4297532020346 -5020.535602501001
3564.5602300095534 -2286.847244364495 -5483.002534728242
4253.304932500129 -340.0683222013562 -5458.2806299845715
4564.124826416816 1636.927162754657 -4948.566537996757
4469.402200174466 3468.4744857633627 -3999.150592681372
3977.5535747981216 4991.832629562409 -2694.3925672229507
3132.281859094597 6071.6445379281795 -1150.2259380197245
2008.6931544179827 6611.96418412584 496.14331345994435
706.623247966616 6564.781796437014 2098.428054249623
-658.2332350316321 5934.2897370643595 3514.2582536193836
-1964.6028064883496 4776.509992351959 4617.831185086734
-3374.8452463054864 2886.829990775108 5317.490847769295
-4060.9757523420067 950.8234339513594 5532.041891074106
-4386.270741484391 -1069.6679575989024 5255.046735391011
-4321.826326413784 -2995.11465695597 4511.1176158756725
-3873.3686762188645 -4654.432275198335 3366.3558994761866
-3080.745221143445 -5900.183160149702 1922.4786883987176
-2014.3840335416949 -6621.676878794458 307.78080919823606
-769.0359845810256 -6754.805548007961 -1334.264745573354
544.644286468477 -6287.740101305052 -2857.7550223763287
1809.9305225331686 -5261.981353308252 -4127.321224389813
2914.3964889215213 -3768.672470245189 -5030.156823165406
3759.9055376508686 -1940.5004996540983 -5486.040913723127
4271.330479286254 60.093456077441296 -5454.466194002534
4403.2289634119825 2055.3478445206933 -4938.238216414184
4143.8812308865245 3867.975557232842 -3983.2261021959603
3516.331465873544 5336.916667353699 -2674.2868686977936
2576.3402189512312 6331.649310907145 -1127.7255110012118
1407.4298374922637 6763.787127201159 519.0392072897328
113.46313856799672 6594.932774852433 2119.6850142469398
-1190.5852581428117 5840.089704072278 3531.9875056038263
-2388.8449298702767 4566.329034273777 4630.457407215938
-3623.0964978719758 2555.268806468781 5323.800319513777
-4133.028366228011 564.8576608849056 5531.553949402809
-4275.722526748449 -1475.7435667056327 5247.804736062724
-4038.4999770680347 -3385.218502200385 4497.765042311707
-3442.438981759877 -4993.901917987949 3348.0791864344947
-2540.50217602772 -6158.855232984657 1900.9018020390947
-1412.8306031453242 -6776.567232839671 284.82095056235033
-159.62283106848477 -6792.151495581399 -1356.5674922880141
1107.7681300420522 -6204.223291074822 -2877.41896025021
2276.7290314379684 -5065.022620370795 -4142.599126249032
3243.3925671298375 -3475.7724623611634 -5039.691180383805
3921.866439838383 -1577.6846678945108 -5488.984556821011
4251.865268539892 460.58733286967384 -5450.557567372695
4204.067209128233 2457.934127854197 -4927.824618685402
3782.7193289404595 4236.882689112606 -3967.2328272257637
3025.2602361859726 5639.365630189925 -2654.1349891526143
1998.9934953104705 6540.766187076433 -1105.2056098136768
795.1074099381847 6860.990964561547 541.9261380721141
-479.42745807850145 6571.586585882449 2140.905370386508
-1711.363092512179 5698.2679001149645 3549.655765333606
-2791.236605982911 4318.63310498547 4643.003668123053
-3839.0990409892725 2202.567807263813 5330.017857018857
-4168.601956769559 173.78135250734312 5530.970485890997
-4127.706295082499 -1870.4463380463324 5240.472114827532
-3720.0458149366364 -3748.476663146033 4484.334798928549
-2981.842938981491 -5293.438386806303 3329.7446569656445
-1978.6902322956266 -6368.054879927104 1879.292089887582
-799.722215131233 -6876.841751217828 261.85617348550846
450.3046303706933 -6774.59105438989 -1378.846813067625
1660.3199333348755 -6070.388212576244 -2897.0332093101433
2722.808524028234 -4826.804738615302 -4157.805491484614
3543.3636285132743 -3154.338481544708 -5049.138509511799
4049.0753248097585 -1201.5954078024142 -5491.833413189484
4195.008909422503 857.9146910377182 -5446.554817591304
3968.1975429396816 2841.19530468252 -4917.3259246380085
3388.7944106185737 4572.023247126074 -3951.171043951226
2508.2820234346927 5896.606860068908 -2633.937276580865
1404.8977710542606 6697.251076661647 -1082.66662334291
176.68218642335464 6902.815144690723 564.8037105832572
-1067.2323858282668 6495.0337946087175 2162.0887562238386
-2216.3186771268756 5510.140188889386 3567.262727703721
-3168.4753278084386 4035.6464465352983 4655.4697511524855
-4021.0724355195302 1831.8371471522364 5336.1433529167625
-4167.373566072454 -218.9751508466019 5530.291510614231
-3943.38526706217 -2250.3305457361216 5233.048998309069
-3369.009881812192 -4081.7341962240575 4470.827117646857
-2495.28318390687 -5550.457850981957 3311.3526276801003
-1399.8396247415185 -6525.998967897052 1857.6499251122893
-180.01417182287153 -6921.676437639727 238.8868745358278
1055.806330241406 -6702.332580621377 -1401.1023231809065
2197.8138065339826 -5887.457061112737 -2916.597430846763
3144.5358811689835 -4549.45514504447 -4172.940057504872
3811.8521431936883 -2807.2141743839647 -5058.498647407845
4140.46861425804 -815.5399050729225 -5494.587433632967
4101.186278798328 1248.5986637417745 -5442.458013779999
3697.4955447078373 3201.7937618980272 -4906.742315569071
2965.26610527812 4870.495433469137 -3935.0410297358494
1969.55975953848 6106.432211959347 -2613.694079767479
798.8493858931814 6799.785690780604 -1060.1089408041903
-442.8422613814959 6888.948370607989 587.6715297609867
-1645.1854303511695 6365.997756054879 2183.2348059528654
-2701.346654056817 5277.400304155265 3584.80808866772
-3517.481372884961 3719.882675741709 4667.855441033237
-4167.534019240024 1446.3350363744503 5342.1767014291445
-4129.341316697068 -609.9658964513663 5529.51703529742
-3724.238516849687 -2612.068682586221 5225.5355146936945
-2988.220781228661 -4382.07770339871 4457.242231724525
-1986.6865156045856 -5762.719889832926 3292.9034161812974
-808.6264346388532 -6631.319124775812 1835.9756814417171
441.283653643202 -6910.696554417704 215.91345035946773
1651.9837527576283 -6576.028268107273 -1423.333638307773
2715.897845828261 -5657.051011750776 -2936.111287014595
3538.492496775662 -4235.419947440755 -4188.00256295801
4046.6765609659847 -2437.453233966352 -5067.771432436061
4195.295654166899 -422.90810406667697 -5497.2465705935565
3971.1443177433457 1629.214266780969 -5438.267226684585
3394.139381608493 3536.573800336081 -4896.073974242044
2515.550266482391 5129.693231732818 -3918.843063121365
1413.4434708688032 6267.016908202142 -2593.40574828282
185.74602007402993 6847.488630026985 -1037.5329517356927
-1058.4557797373182 6819.530937365029 610.5292007115331
-2208.6091385623126 6185.627993899602 2204.343154412258
-3162.5178831044927 5002.10485799484 3602.2915452428683
-3835.4230352516975 3374.122754081622 4680.16052388258
-4277.311034407869 1049.4394112868024 5348.117798368904
-4054.8245111272986 -995.759243467268 5528.647073314621
-3472.049035728796 -2952.480319621784 5217.931793728273
-2580.7667666695447 -4646.860562631467 4443.580375752637
-1460.1720448833169 -5928.34685223961 3274.3973410601157
-209.8346290497113 -6683.073507904633 1814.2697331583297
1059.1475144190636 -6843.979754207298 192.9362976738391
2234.0197532393813 -6396.7683650381905 -1445.5403745459514
3210.3895331501835 -5381.176034879832 -2955.574440837903
3901.502114478177 -3887.4425991203166 -4202.99274773661
4245.949111474756 -2048.2928286681113 -5076.956704469035
4213.124896876031 -27.143251603757356 -5499.810778151851
3805.9460461957933 1996.418122481824 -5433.982528673819
3060.5921871919327 3842.5889852482696 -4885.321084883565
2043.291281168483 5347.328953751384 -3902.5774238229465
844.4349779771104 6376.935278347094 -2573.07263247671
-429.4530787493856 6839.922918742122 -1014.9390459916623
-1665.182344805203 6695.1533912995865 633.3763287163841
-2752.9528519927144 5955.490103843368 2225.413437091734
-3596.1114171460827 4686.655385422806 3619.7127955154906
-4119.739701610994 3001.390768959027 4692.384787209725
-4349.550074108154 644.6186294370615 5353.966541141997
-3944.4609535069576 -1372.9676706921632 5527.6816396888025
-3188.889167204878 -3268.5597681110225 5210.2379667179275
-2149.970584187038 -4873.725986294916 4429.841785651453
-920.0176797736757 -6045.840262602296 3255.834721889369
391.682832918657 -6680.755099844472 1792.5324550920845
1668.5806070343817 -6722.055528454613 169.95581326073852
2797.2176717697025 -6166.071824106758 -1467.7221484176087
3677.3096709807396 -5062.205578826489 -2974.9865562165255
4230.656568317431 -3508.540152744226 -4217.9103529821095
4408.09106362857 -1643.1255371157938 -5086.054304890525
4193.847323347302 368.28799322304945 -5502.280012027738
3606.961843990788 2346.9775191587796 -5429.603993738166
2699.5819759043507 4117.127792976063 -4874.483833180288
1552.3324023384496 5521.453194669681 -3886.24439272438
267.15128252622196 6435.1732495186625 -2552.6950834722857
-1041.767401112546 6777.099920855243 -992.3276137358251
-2258.1204794415235 6516.851523410693 656.212519239067
-3273.829643573616 5677.5522693792445 2246.445290138355
-3998.6446769094464 4333.7775806856935 3637.071538646083
-4368.162582938733 2604.9277354785536 4704.528019919549
-4383.723771895356 235.40144214492528 5359.72282874919
-3799.201516091566 -1738.2772109162945 5526.62075109159
-2877.103533061786 -3557.5023054837325 5202.454166523803
-1699.3622751586076 -5060.627708367164 4416.026698666328
-370.62522157904385 -6114.094131163303 3237.2158792183586
991.0435093997977 -6624.296459145415 1770.7642226139585
2264.653675445672 -6545.90097648626 146.97239395949666
3337.0394241592353 -5885.87346585301 -1489.8785768759953
4112.914575679941 -4702.860268048449 -2994.347297931609
4523.3392179231505 -3101.9772972654373 -4232.755121089307
4531.845320306688 -1225.470030817251 -5095.064076598321
4137.677078305358 759.9256257557203 -5504.654229581162
3375.858069999817 2677.798555601609 -5425.131697488514
2314.0792574656584 4357.737332456898 -4863.562406275691
1046.6843477361188 5650.472023708088 -3869.8442518731945
-313.7130595883709 6441.137478964754 -2532.273453159991
-1646.2356848613538 6659.479602749155 -969.6990454345023
-2832.4830451480884 6286.097739184414 679.0373779320025
-3767.0518567263116 5354.168505407578 2267.4383503628023
-4366.90157939962 3946.497903543794 3654.3674748745666
-4578.732932911332 2188.163644029366 4716.590012316195
-4379.634681879827 -174.65349730707928 5365.386561787823
-3620.301996532704 -2088.476258161582 5525.46442584298
-2539.2895913599996 -3816.7287383513576 5194.580527560737
-1232.6501625061667 -5205.8481207003815 4402.135353363568
183.515642682509 -6132.4050520370165 3218.5411345672223
1583.3752776737188 -6514.070882883844 1748.9654116294373
2842.545070715628 -6316.932929257218 123.98643666012549
3849.142259920896 -5558.507763462521 -1512.0092773119832
4513.726267649603 -4306.184789774633 -3013.656331651496
4777.245888336171 -2671.2384001345863 -4247.5267957107835
4616.286247245798 -798.9407561059309 -5103.9858640068505
4045.1493148491163 1144.3462801964733 -5506.933389812862
3114.583113982704 2985.9531276225093 -5420.565717154873
1907.2725353160686 4562.244936019799 -4852.556992766832
530.49242195893 5733.161260769604 -3853.37728447584
-893.4242711168993 6394.661047936231 -2511.808094191492
-2237.9562969761696 6487.967138485933 -947.0537318499504
-3383.636084739643 6004.788876806336 701.8505106432835
-4228.664957531625 4988.058771840544 2288.392255245639
-4697.958391656412 3528.117755261337 3671.600305525421
-4749.817606031698 1754.687993237423 4728.570556106707
-4337.416320473561 -581.988328164148 5370.957642453518
-3409.3123353908845 -2420.483499412424 5524.2126839110115
-2178.2759877879716 -4043.90808962103 5186.617185794947
-753.6902594633641 -5308.013699668461 4388.16798962637
737.8641559297632 -6100.478998665883 3199.81081042147
2163.8561030050387 -6350.88996712072 1727.136398572151
3397.5799394022033 -6036.996491575313 100.99833829646445
4329.413888149511 -5186.689384830692 -1534.1138675607856
4876.560413614818 -3875.5221648323977 -3032.913323937438
4990.403145897556 -2219.9977930398636 -4262.225121761339
4660.826658643804 -367.21687503587503 -5112.819513049887
3917.1152690686567 1518.1928738197428 -5509.117453365076
2825.3509978595225 3268.704523356814 -5415.906131585043
1482.5418916419535 4728.777431520076 -4841.467782701095
8.002432324050583 5768.677712994838 -3836.843774892731
-1467.2480782239222 6296.005664244826 -2491.29935997359
-2812.1271581095825 6263.905882660894 -924.3920640336105
-3907.136399180432 5675.2305747043365 724.6515234235079
-4654.979424998427 4582.286124846125 2309.3066429436244
-4989.207100864565 3082.185443763913 3688.769733012892
-4880.121831044159 1308.2190600552397 4740.469444404631
-4257.5313652872255 -983.076616295561 5376.435974541864
-3168.0632859628035 -2731.374729899346 5522.86554691144
-1797.0988808638524 -4236.978212310996 5178.564278741684
-266.4543537615924 -5366.107586886193 4374.1248486506975
1287.8658119880292 -6018.434753591264 3181.0252302263866
2727.7534486365107 -6135.997580973865 1705.2775603971495
3925.2682208247925 -5708.350095905069 78.00849583931128
4774.005685836924 -4773.4906541333185 -1556.1919659084922
5198.5517952835635 -3414.485619623126 -3052.1179422493615
5161.183764250465 -1752.0885535860846 -4276.849845422396
4665.221906281819 65.98926935106732 -5121.56487118325
3754.734608950904 1878.203656117237 -5511.206382522224
2510.6226642332767 3523.5314056763914 -5411.153021243247
1043.4308781124194 4855.777927078323 -4830.294967572896
-516.4743205496956 5756.567270428884 -3820.24400863338
-2030.4885093207452 6145.8603495224725 -2470.7476046620945
-3364.0848833866085 5989.0667658970815 -901.7144333192925
-4398.767552520223 5300.118317535123 747.4400225325503
-5042.600420938952 4140.23109747403 2330.181152295855
-5238.3761128697915 2612.4661752974557 3705.875460846116
-4968.699098937219 852.5721688267514 4752.286471733588
-4140.767030957004 -1374.4536656966902 5381.8214634500855
-2898.650650415154 -3018.4083205167567 5521.4230381073485
-1398.9764390650612 -4394.164149992165 5170.421945462868
225.00296820295804 -5379.479211269023 4360.0061729410245
1828.9898743368558 -5886.803937168935 3162.1847183814452
3270.4630037460847 -5871.060299437822 1683.389274574589
4421.341143081973 -5333.647189377901 55.01730628962588
5179.363719119 -4322.316120216584 -1578.2431910986393
5477.177099448992 -2926.9282956021584 -3071.269854951618
5288.31925829714 -1271.470047310222 -4291.400714146383
4629.571043638767 496.96389443963835 -5130.221787387403
3559.4651252151907 2221.2404132784122 -5513.200141211556
2173.085109960842 3748.1499736443784 -5406.306468208742
593.6169462595439 4942.019960366808 -4819.038740320429
-1038.5966881619922 5696.7697859132795 -3803.578272351454
-2578.5264490338277 5945.336616118919 -2450.153183155742
-3889.342819232073 5665.634197302391 -879.0212313164943
-4854.574011841718 4882.5153168293855 770.2156144463704
-5388.454999552068 3665.5635238905274 2351.0154228301294
-5443.548113706932 2122.9103257934507 3722.9171936341536
-5014.9580893415105 391.62722901109737 4764.021434030791
-3988.2276657684592 -1752.7462483057727 5387.114016178668
-2603.417217153631 -3279.049117459496 5519.8851824087515
-987.2817238864308 -4513.994082656895 5162.190326564678
716.5780831625625 -5347.850864273475 4345.812206306214
2356.766782871434 -5706.527627942388 3143.2896002346993
3787.5464114215 -5558.154369184604 1661.4719190831293
4881.78591994312 -4915.914703166067 32.02516667158628
5542.257326113142 -3836.8744426348794 -1600.2671623388526
5710.274847062337 -2416.911050029431 -3090.368731318707
5370.909388721628 -782.1945041894257 -4305.877476661091
4554.315061345362 922.0234559518661 -5138.790112170075
3333.0498544861025 2544.3155857985425 -5515.098695003777
1815.6285412074005 3940.534110301961 -5401.366556174407
136.88066428778123 4986.618886355952 -4807.699295322225
-1554.029660344695 5589.620690940665 -3786.8468538398165
-3106.857629908705 5695.9601674889245 -2429.516451090045
-4383.62766483518 5296.188586846318 -856.3128499035978
-5270.893144507917 4425.827408321609 792.9779058638554
-5689.816637357542 3162.2120421438385 2371.8090947690885
-5603.174952628901 1617.6202588826445 3739.894637091278
-5018.666584230907 -70.70418318988551 4775.674128650644
-3801.324636630608 -2114.701498358974 5392.313541332982
-2284.9325541423377 -3510.9905675535015 5518.2520063721695
-565.5141869571473 -4595.31271709259 5153.869564195128
1204.152597457314 -5271.321165520294 4331.543193855295
2866.825139251057 -5478.949595579603 3124.340202077203
4274.767686567427 -5199.749310097394 1639.5258724034195
5302.87836542329 -4458.528479689027 9.032474025791505
5859.805030212882 -3321.147827930324 -1622.263499307384
5896.06230273724 -1888.6686170428316 -3109.414241540986
5408.428565220158 -288.3729112453776 -4320.279882974024
4440.23221518543 1337.545993219919 -5147.269697568839
3077.5017471933484 2844.618066463707 -5516.902011113641
1441.3217435691552 4098.93334110143 -5396.333370445288
-322.9260221074328 4989.04040050959 -4796.276828393931
-2058.4803935822583 5435.849326289291 -3770.0500420256044
-3611.1297485949053 5399.659184596335 -2408.8377648311825
-4842.914378263008 4883.685628337956 -833.5896812210933
-5644.3848126427365 3933.775172300377 815.7265037135364
-5944.326886444399 2634.3315291158838 2392.5618090364464
-5716.089430136594 1100.815968995954 3756.8074980418896
-4979.9523433158665 -530.5119208205577 4787.244354368142
-3581.7635930359334 -2457.2147249785135 5397.419949124826
-1945.9708313565375 -3712.174877918968 5516.523538200158
-137.27002155875837 -4637.292002345206 5145.459802041603
1683.6278320540794 -5150.365381942306 4317.1993819932295
3354.927964309861 -5205.806195347629 3105.3368511373264
4728.128024077837 -4798.688282992114 1617.5515135115656
5681.213159858437 -3965.185857996062 -13.960374597625524
6129.497574792292 -2779.3592685855497 -1644.2318221596886
6033.149231348799 -1346.5744111439524 -3128.40605673037
5400.729102660645 205.85949207226687 -4334.607684376712
4288.430492491796 1740.0018760183611 -5155.660397153667
2795.0860135978246 3119.537457407746 -5518.610058400521
1053.3858763627445 4221.888445841813 -5391.206997937145
-781.9122186949634 4949.106118410565 -4784.771536784823
-2547.7339817563548 5236.573993564058 -3753.1881269651335
-4087.1783999922654 5058.749289062922 -2388.117481469788
-5263.4590811018925 4431.432510272942 -810.8521176648896
-5972.0583245458865 3410.363505923945 838.4610151604458
-6150.013977907684 2086.2687379398712 2413.273207263206
-5781.513900440574 576.7998371502799 3773.655484425597
-4899.300941163473 -983.9202604144938 4798.731911382438
-3331.529222924528 -2777.355906252285 5402.433151374018
-1589.4868625429826 -3880.81103541077 5514.699807740836
293.78838092373354 -4639.439073414302 5136.961185328386
2150.9592374763115 -4985.832589901943 4302.781018416644
3817.007926449944 -4889.213000810856 3086.2798755751164
5143.8987104951375 -4358.165380639869 1595.5492218725692
6013.731520485153 -3439.875640905268 -36.95298214579009
6349.21789405396 -2215.937854830632 -1666.1717515349894
6120.548394652281 -795.1042658711929 -3147.343848926008
5348.041310801514 696.3778263685175 -4348.860633448978
4100.337286993302 2125.983692731624 -5163.962066029452
2488.300301201936 3366.686578269754 -5520.222807368939
655.1669139227668 4308.244586867917 -5385.987527174917
-1236.1809288110906 4866.996157502905 -4773.183619174448
-3017.6886711294283 4993.293761082915 -3736.2613998390293
-4531.061532109303 4675.915301281963 -2367.3559588148273
-5641.829691725252 3943.0612470457872 -788.1005518794077
-6251.296524469607 2859.8488971703164 861.1810476128071
-6305.308227651889 1522.5264225410972 2433.9429317938343
-5799.065624417904 49.920793771953846 3790.4383053023466
-4777.550591674066 -1427.1205165976232 4810.136601320225
-3052.867634665701 -3072.39463963368 5407.353061509895
-1218.5905718300723 -4015.390529588446 5512.780846487354
723.963611009267 -4601.60134973817 5128.373860814149
2602.1904499485 -4778.939696168758 4288.2883521095955
4249.201247885083 -4531.648278563325 3067.169604476652
5518.651867634564 -3881.700024596616 1573.519377433822
6297.746050739875 -2886.8456888845203 -59.944951570038775
6517.257860033614 -1635.4824450013998 -1688.0829085628081
6157.682707948332 -238.79940868341214 -3166.2272910999463
5250.970424716358 1179.102003050053 -4363.038484063259
3877.6863757441693 2492.2350274086084 -5172.174560838528
2159.852875340744 3583.9220325886254 -5521.740230169081
250.10696860507113 4357.161837390355 -5380.675048291232
-1681.862039867522 4743.248691850172 -4761.513275669182
-3464.390225367889 4707.877084635065 -3719.270152947083
-4939.092136118225 4254.189938271842 -2346.5535553874074
-5974.934035725628 3422.4993466881174 -765.3353767508885
-6479.876825692668 2286.7046687601483 883.8862087289333
-6409.054123225836 947.7262459746944 2454.5706256924414
-5768.758836239629 -475.46181279373343 3807.1556708574003
-4615.884010872357 -1856.4030029656387 4821.458227239207
-2748.2665194960355 -3339.8233369695595 5412.179594572803
-836.520104344921 -4114.700642619561 5510.766687577373
1149.5547930852629 -4523.96873910647 5119.697976789419
3033.4867024117248 -4531.262360013958 4273.721633339205
4647.880005991752 -4135.933435116869 3048.006367848342
5849.288774153985 -3373.108674264707 1551.462360618498
6530.962565551632 -2310.5684050605287 -82.93588583271155
6632.331672342866 -1042.7239933042938 -1709.9649148695385
6144.38900453828 317.77102117592636 -3185.056057162803
5110.490409473467 1650.0306859094726 -4377.140991388831
3622.5023145091486 2835.6778831595884 -5180.297739763128
1812.6389918111347 3769.362656323544 -5523.162300597276
-158.2852599444985 4368.123015897591 -5375.269653024821
-2115.1451717306427 4578.756476317018 -4749.76070779877
-3884.0651528468047 4382.547330273841 -3702.21467970326
-5307.86890019336 3796.9296214436526 -2325.7106304145927
-6260.045202558735 2873.938053196995 -742.5569854005843
-6655.989016920874 1695.5844768543705 906.5761064239218
-6460.518997802895 366.570778793319 2475.155932748946
-5691.003514209485 -995.0143416328815 3823.807292406318
-4415.817393821005 -2268.1880712564766 4832.696593631474
-2420.433267540052 -3577.378467733644 5416.912667215583
-446.6138117362531 -4177.835190349952 5508.657365792461
1566.8892411727359 -4407.072922175919 5110.933683074011
3441.1673088233733 -4244.722884745588 4259.081113651388
5009.682559771049 -3705.210591346045 3028.7904966112214
6133.065530653252 -2836.4740768565453 1529.3785523189854
6711.498714622141 -1715.7043929768804 -105.92538791402409
6693.585784869864 -442.48684453651015 -1731.817392584958
6080.918383814495 870.0476018624856 -3203.8298219692956
4927.934698686442 2105.2745006949544 -4391.167911896031
3337.08238969485 3153.4385212957236 -5188.331462527843
1449.7156658340227 3921.405690642347 -5524.488994096449
-566.464656908574 4340.93875556997 -5369.771434718953
-2532.312108995661 4374.760362169241 -4737.926118512863
-4273.152517329802 4019.865312270138 -3685.0952746306075
-5634.304572078234 3307.787588487483 -2304.827543823189
-6494.823939859176 2301.7984214809635 -719.7657711779791
-6778.2496985182215 1091.2843634498652 929.2503488764539
-6459.398225605061 -216.19509929630132 2495.6984974852226
-5566.600873744673 -1504.4646787134252 3840.392882399966
-4179.186605626514 -2659.055969192351 4843.851506426887
-2072.27122783025 -3783.0596709709166 5421.552197704998
-52.28135327498225 -4204.202620602574 5506.452917557523
1972.3539489516897 -4251.783717554378 5102.081131014452
3821.7369472812766 -3921.57517255596 4244.36704586649
5331.5418464285785 -3242.917463926753 3009.5223225952923
6367.615855434668 -2276.112307318778 1507.26833389034
6837.899251863478 -1107.064583651173 -128.91306081892867
6700.6052921376 160.35068654672568 -1753.6399643487616
5967.9331470833 1413.5180945575642 -3222.5482613239974
4704.9839520673995 2541.088216744976 -4405.11900336048
3023.9762854283326 3442.871499492622 -5196.275590402038
1074.2750553276026 4038.7405407176334 -5525.720287756544
-970.8802278174117 4275.749761178948 -5364.180488319809
-2929.76854208318 4132.839851540738 -4726.009712177503
-4628.334064307339 3622.7089844241764 -3667.9122333562204
-5915.651793808298 2790.6845260450064 -2283.9046562335257
-6677.337901019094 1710.6955008094017 -696.96212765397
-6845.713232709609 478.7036730633358 951.9085445355493
-6405.816901756177 -795.8230767908705 2516.1979651612382
-5396.735627617249 -1999.6374538601756 3856.912154429475
-3908.130709780298 -3025.7752678895745 4854.922772996444
-1706.8543183894956 -3955.146574901102 5426.098105923148
343.0258390833683 -4193.53139741028 5504.153380940152
2362.4266454095805 -4059.3025522501334 5093.140473481361
4171.9154769525785 -3564.3868613667264 4229.579684074926
5610.711310218831 -2752.7597557967792 2990.202178533704
6550.970821371093 -1696.5378656370851 1485.1320871436537
6909.147826582608 -489.571140981724 -151.89850758395002
6653.416727106413 760.8961279974357 -1775.4322533171069
5806.500353388442 1943.7544368663298 -3241.2110519868825
4443.650941864796 2953.9016339938253 -4418.994024867231
2685.9636435155085 3701.581707957155 -5204.1299862022515
689.6166882825464 4120.360003044727 -5526.856160314926
-1368.0057360372878 4173.026229959723 -5358.496910374846
-3304.07484731595 3854.900763318818 -4714.011694571583
-4946.562408716921 3194.250446903676 -3650.6658526060537
-6149.5261924718025 2249.776960543949 -2262.942328953269
-6806.077587274375 1105.4009182563157 -674.1464486141407
-6857.879120468086 -137.19484659042965 974.5503021273273
-6300.32799850138 -1367.6002472479458 2536.6539817812204
-5182.965085333801 -2476.4883643226467 3873.364823231203
-3605.0729792666575 -3365.3296223371026 4865.910202155544
-1327.400206311155 -4092.2131829260966 5430.550313368852
735.8444776969574 -4145.872623150713 5501.758795649977
2733.706150661376 -3831.1530869460535 5084.111864866807
4488.666035467699 -3176.0187862278385 4214.719283632791
5844.788244836274 -2238.681278624398 2970.8303980570645
6681.575369220398 -1102.4271151242099 1462.9701943395091
6924.675200438737 131.78253547647847 -174.88133128406983
6552.487251661493 1354.2827294819633 -1797.1938831689947
5598.082055457457 2456.4489598010828 -3259.81787167887
4146.262701847564 3340.348920093177 -4432.792736814979
2326.02971160435 3927.444219955206 -5211.894514294566
299.1187738718093 4165.56886556914 -5527.896592156732
-1754.3701795803568 4033.5644371793796 -5352.720799031138
-3651.9756436500784 3543.1601075402486 -4701.932272883301
-5225.087045350343 2737.9304534441426 -3633.356430199869
-6333.926533154404 1689.423663349639 -2241.94092397112
-6879.968852508941 490.8041668528839 -651.319128051838
-6814.695747072045 -751.4254337273707 997.1752306617788
-6143.907018708088 -1926.8875869447377 2557.0661940996624
-4927.20518964005 -2931.1373220551736 3889.7506046916346
-3272.6995567886943 -3674.942643016724 4876.813604167367
-937.2422897530818 -4193.139705768436 5434.9087431590015
1122.7294608995046 -4061.5998742374686 5499.269203037987
3082.9417719340836 -3569.169069843033 5074.995461081646
4769.2211772651945 -2759.6019305525674 4199.7861011574505
6031.734351613895 -1704.8320494188895 2951.4073156876625
6758.301458991467 -498.58035916213373 1440.7830381813662
6884.363823420196 751.9723839900428 -197.86113503956133
6398.720250605006 1935.7090808482699 -1818.9244781129612
5344.522303202263 2947.4495311537203 -3278.3683990873956
3815.440095110184 3697.2961559469463 -4446.514900920167
1947.3392907845018 4118.6217919673545 -5219.569040596943
-93.79115528513634 4173.989807497433 -5528.8415653152315
-2126.5878456119744 3858.480511378792 -5346.852254033679
-3970.427873479136 3200.1282891613173 -4689.771655706594
-5461.477960851932 2257.4306249201786 -3615.9842650460573
-6467.251764101771 1114.150343083757 -2220.900803950603
-6898.38186704427 -128.12708610391525 -628.4805601614769
-6716.560468049683 -1359.0198614147982 1019.7829394395076
-5937.943196328752 -2469.1577580785392 2577.434249627564
-4631.713613379495 -3359.900152216658 3906.069215852312
-2913.9359499410803 -3952.1006731513635 4887.632790746157
-539.8007237506253 -4257.121741455467 5439.173320029896
1500.2837807111969 -3941.406249927709 5496.684646095797
3407.0614873699005 -3275.4795165174382 5065.791419552827
5011.1068292327445 -2318.512053859473 4184.780394523089
6169.893338438115 -1155.5346205935543 2931.9332668337183
6780.457748392322 110.11713469226686 1418.5710018089485
6788.548731853146 1365.9844993195914 -220.8375220228477
6193.4473694333865 2500.4781466581485 -1840.623662893437
5048.031028743375 3412.7933374984996 -3296.862313872012
3454.0749782302255 4021.8668635052354 -4460.160280221104
1553.2092079429299 4273.579869017511 -5227.1534325815555
-485.6660166164235 4145.566548871224 -5529.69106347212
-2481.3876842892114 3649.2014483385756 -5340.891376723648
-4256.627166822403 2828.588784864258 -4677.53005303752
-5653.646645682769 1756.6435947973296 -3598.5496571364756
-6548.314809454576 528.6129124292171 -2199.8223322237964
-6861.136465600129 -746.3873469877992 -605.631139331722
-6564.316037175661 -1955.0678151580269 1042.3730380584552
-5684.227321821686 -2990.0319282776636 2597.757796638394
-4299.0700641031135 -3759.3185830308425 3922.320374914699
-2531.9215650307406 -4194.573284183857 4898.367575060379
-138.55273966822682 -4283.676727668549 5443.343970338533
1865.1880389777014 -3786.2986577285023 5494.005169454923
3703.198675117538 -2952.4913361513113 5056.4998992206765
5212.16385775351 -1856.342202562232 4169.702422856338
6258.0054084237045 -595.2489178519435 2912.40858778354
6747.795715751061 718.7348454163398 1396.3344687916035
6638.01476152018 1968.8558635534762 -243.8100954653696
5938.417065280252 3044.0353980322384 -1862.291062797262
4711.164952476132 3848.739028866509 -3315.2992966698803
3065.3051590376454 4311.465307072961 -4473.728639082059
1147.0795503485226 4391.098972192122 -5234.64755927704
-873.0691102647473 4080.56422361157 -5530.445071957807
-2815.6417490303234 3407.4534365019786 -5334.838270036672
-4508.032262154254 2431.5754581960773 -4665.20767627064
-5799.864325612035 1239.6413296363212 -3581.0529075412883
-6576.352991453821 -62.440371137992855 -2178.705872785056
-6768.503834155185 -1358.973970921652 -582.7712601386156
-6359.243408102015 -2534.7567696298834 1064.9451364206998
-5384.936298158951 -3485.3153057596155 2618.0364841742553
-3932.15396672074 -4126.188281918319 3938.5038012450686
-2129.9824993659495 -4400.43132174955 4909.0177717359975
262.99748611743985 -4272.6476144035705 5447.420622063891
2214.2293175181208 -3597.5893826183205 5491.230819386009
3968.71715707202 -2602.869546426459 5047.121060536142
5370.567060791685 -1376.8733285297424 4154.552446531678
6295.21851281465 -28.535873084087466 2892.8336156997666
6660.512173862624 1322.3371199127016 1374.073823121715
6433.99009908666 2555.714656824396 -266.7784586643778
5635.779768906352 3562.0057309081963 -1883.926303660152
4336.805674046573 4251.796964196111 -3333.679029101293
2652.487363289528 4563.797378511557 -4487.219743197337
732.4839100551246 4470.2843678513345 -5242.051291270805
-1252.603953040358 3979.5669735876922 -5531.10357775167
-3126.3924579463096 3135.2475896787646 -5328.693038501044
-4722.387273016409 2012.3476986194487 -4652.804738195362
-5898.777255023781 710.6418834953863 -3563.494318403749
-6551.034991564685 -654.2075815777877 -2157.551790284715
-6621.204520361524 -1960.927832085093 -559.9013173388004
-6103.0509708467935 -3093.4110393215833 1087.4988447391252
-5042.614559774287 -3951.0311005035937 2638.269962051892
-3534.1197159163216 -4457.5847095914705 3954.6192153793304
-1711.6028260702788 -4568.062355443847 4919.58319685973
661.3491551235721 -4224.2037287380335 5451.403204808153
2544.3291532423527 -3376.885010643292 5488.361643798016
4201.234340490985 -2229.515240137104 5037.655065458058
5484.841419773746 -884.0432564782705 4139.330727167036
6281.096269079504 539.9798500786044 2873.2086886135107
6519.2481507405755 1916.0233772934375 1351.7894492080432
6178.136224959061 3121.8198191056676 -289.742214989867
5288.069783285659 4050.2288701097355 -1905.5290118731723
3928.1351350553414 4618.757311867895 -3352.001193775173
2219.1684417382216 4776.8888973839885 -4500.633359595324
313.01889371238127 4510.572941335871 -5249.3645007112345
-1620.9437566806107 3843.472785126737 -5531.666569482279
-3410.8784408980114 2834.8632051565887 -5322.455788235918
-4897.741607248137 1574.3635888160024 -4640.321452992281
-5949.418938409235 173.97485862830203 -3545.8741929349885
-6472.464288297687 -1241.872301224603 -2136.360450022839
-6420.402782229203 -2547.3736572468783 -537.0217058627397
-5797.860313486121 -3626.5296848576036 1110.033773544206
-4660.152512398901 -4383.4526352053335 2658.457880868754
-3108.3697098425678 -4750.886582450031 3970.6663390278795
-1280.3946177109183 -4696.183407921673 4930.063667982154
1053.0351007088716 -4138.838827567391 5455.291649797947
2852.5703767128593 -3126.0728002009655 5485.39769223741
4398.642256447023 -1835.541485992141 5028.102077450296
5553.875468572252 -381.91425561178414 4124.037527619191
6215.622472533776 1105.6477323827637 2853.53414541854
6325.084143000739 2494.9680672999534 1329.4817318691137
5872.534330187512 3662.5995404505356 -312.7009678913859
4898.184070944675 4504.7929713787435 -1927.098814389153
3488.608661671689 4946.715777841593 -3370.265474294551
1769.055063302196 4949.101179138589 -4513.969256642478
-107.6868408119767 4511.73722189632 -5256.587061309912
-1974.860296544061 3673.4856130558887 -5532.134037427588
-3666.558748396561 2508.828686669344 -5316.126626949473
-5032.467365025973 1121.2513216588866 -4627.758036229455
-5951.219171653557 -365.95414381135157 -3528.1928354088022
-6341.179038384546 -1820.642977640631 -2115.1322179428544
-6167.697319749212 -3113.559693146438 -514.132820807824
-5446.188627760283 -4129.8229662845215 1132.5495336907006
-4240.762175989729 -4779.133345438649 2678.5998920090346
-2658.5253946041767 -5003.796753969313 3986.644895080378
-840.0669651615344 -4783.850862109426 4940.4590041208485
1434.6517133713485 -4017.3663582542504 5459.085889885521
3136.2225822126898 -2847.304616292163 5482.339015887294
4559.126311538343 -1424.247363981995 5018.462261478976
5576.9316606875245 125.36051682457632 4108.673111979357
6099.202157823126 1663.82956557569 2833.8103258654223
6079.531777328346 3054.460055829635 1307.1510563265547
5519.668318832172 4173.688365845955 -335.6543209048703
4469.358107542297 4922.066148627149 -1948.6353387291838
3021.925814942305 5233.096753971289 -3388.4715552620482
1305.9821521816782 5079.143747658236 -4527.227204047387
-526.0037560085602 4473.8865299105455 -5263.718848343767
-2311.251922147997 3471.1048606526347 -5532.505973515112
-3891.1352122425787 2159.900291832955 -5309.7056639370685
-5125.274062763776 656.7791035176156 -4615.114704858706
-5904.009820913654 -904.6997903728908 -3510.4505511563525
-6158.148397155005 -2385.792137679129 -2093.867460625253
-5865.108463720016 -3654.896383676229 -491.23505743159745
-5050.927904678939 -4599.247046735105 1155.0457363644125
-3787.950235675132 -5134.93442622833 2698.6956476496935
-2188.396565085766 -5214.360347662605 4002.554607610532
-394.3942560683922 -4830.467469363573 4950.769025763583
1802.888280780279 -3860.9119710226905 5462.785859549902
3392.7660089584037 -2542.978564016909 5479.185667566533
4681.181588332198 -999.0903519205855 5008.735784009615
5553.653640555626 633.5714223796685 4093.237745568489
5932.659195008106 2209.9375954190696 2814.037570555645
5784.521944938065 3589.941114954118 1284.7978081984295
5122.40453510384 4650.962612228379 -358.60187765950906
4005.1390030235734 5298.725670992917 -1970.1382129890114
2531.9992942616636 5475.673700815118 -3406.6191222852694
833.8803367087194 5166.084092721652 -4540.406972864703
-938.3325481843959 4397.465242003232 -5270.759738657302
-2627.1704683667417 3238.112306574478 -5532.782371322059
-4082.572763287014 1791.0388824847685 -5303.193010079334
-5175.220552113749 184.8237938416201 -4602.391677211861
-5808.027283803864 -1437.813699970227 -3492.6476465609003
-5924.765303220081 -2932.695136798213 -2072.5665452812705
-5515.061925040903 -4166.993740801069 -468.328811144897
-4615.321092371229 -5031.036664382895 1177.521993088809
-3305.488726641366 -5448.049901993553 2718.7448007664175
-1701.9491816510622 -5380.979997438889 4018.395201880897
52.816017009913125 -4835.786406070002 4960.9935548713775
2154.5554911899258 -3670.9033504233525 5466.39149489803
3619.913626567224 -2215.7184774328202 5475.937701728835
4763.626550494722 -563.6572942020025 4998.922813004237
5484.07035057997 1138.4873131879608 4077.731694932773
5717.230433569847 2739.4723266318692 2794.216220935751
5442.389502884539 4097.043201878267 1262.4223734926545
4683.968381334985 5090.573809059826 -381.5432418846035
3509.356113847141 5631.784593691209 -1991.6070658454698
2022.9221550883444 5672.586602493512 -3424.7078619823064
356.74268540228945 5209.3543979279875 -4553.508335499108
-1341.134937421266 4283.248194231317 -5277.709610664628
-2919.8468355811847 2976.5565917521094 -5532.963226075442
-4239.117528862944 1405.3848736922603 -5296.588777840269
-5181.724026644358 -290.66145782507016 -4589.589172996985
-5663.911605037078 -1960.8812432678583 -3474.784429052568
-5642.835781655568 -3456.8681250606815 -2051.229839746538
-5120.369235896997 -4645.6971037259855 -445.41447750511395
-4142.935413158704 -5421.735507419273 1199.9779157318505
-2797.3835979886644 -5716.0289183839795 2738.7470051396904
-1203.2719740215907 -5502.428075570526 4034.166404347617
497.75564530937123 -4799.912351234746 4971.1324148815775
2486.612856289403 -3449.0574560929845 5469.902733665857
3815.6312331371405 -1868.3514384143882 5472.59517446182
4805.6140302987715 -121.63419630743736 4989.023517918492
5368.596931778541 1635.8907779243127 4062.1552278390077
5454.556436170202 3248.0596775490258 2774.3466192914516
5055.854664281483 4571.624220948419 1240.0251386002183
4207.918018218601 5488.979890074089 -404.4780174163322
2986.0893900929304 5918.615607975174 -2013.0415265628922
1498.9336154200569 5822.356355690876 -3442.737461987101
-121.40898894471947 5208.755190213424 -4566.531065709255
-1730.963871847195 4132.333267839844 -5284.568344351637
-3186.7150185261894 2688.735400172859 -5533.048534652166
-4359.3125511406215 1006.231592879555 -5289.8930812653
-5144.566033058184 -765.680307215725 -4576.707413294581
-5472.702246382343 -2469.558151882192 -3456.861207102973
-5314.564848557203 -3954.004917276478 -2029.8577124747303
-4684.205041354051 -5087.120993905994 -422.4924522092299
-3637.633059931359 -5768.224045764162 1222.413116512621
-2267.841417644024 -5936.795077721902 2758.701915360718
-696.5421131408484 -5577.855813827969 4049.86794266509
936.6480148395808 -4723.299582858363 4981.1854307109115
2796.1948190280564 -3197.3652851399934 5473.31951521943
3978.1553911989718 -1503.883517189572 5469.158143486038
4806.639399014457 323.22490094723014 4979.038069698721
5208.032402637944 2121.6133681857764 4046.5086132699894
5146.668872213295 3731.487177114086 2754.4291087416714
4628.001226708155 5009.80197499407 1217.6064902885864
3698.1153625611264 5842.973882241972 -427.40580820470933
2439.635719538581 6156.971918584127 -2034.4412249995148
964.3837366700224 5923.895980533853 -3460.7076109548457
-596.5579733299937 5164.455888023821 -4579.474938611636
-2104.492889448103 3946.131226021493 -5291.3358212780295
-3425.4343769237985 2377.175487275524 -5533.0382955790765
-4442.010987738654 596.9972744223203 -5283.106035979304
-5063.895428848792 -1236.2267661427077 -4563.7466205537985
-5235.830538566649 -2959.6066334441357 -3438.8782902199246
-4942.539127868991 -4420.012463344281 -2008.4505325311889
-4210.081425684464 -5487.680788971069 -399.5631310870721
-3103.539513189854 -6067.744594207287 1244.827208008039
-1721.2344952895066 -6108.662664389628 2778.609186837408
-185.99023896949765 -5606.799249416388 4065.4995456907195
1365.7800662876587 -4606.747116099269 4991.152428758503
3080.635323436166 -2918.0742896173865 5476.641780555936
4106.009045205649 -1125.473941640995 5465.6266681539855
4766.545844384708 767.1297051112525 4968.966640778981
5003.554127648278 2591.5705110710815 4030.7921214198354
4795.974668934674 4185.738904202401 2734.4640332326526
4162.251814098055 5407.986026882695 1195.1668156950022
3158.6946198375826 6149.7098585186895 -450.3262183203462
1874.47354690152 6345.004981668091 -2055.805791613867
423.69727333159017 5976.518567600545 -3478.6179985673716
-1064.7263623387137 5076.9922512819485 -4592.339730684522
-2458.5443882405502 3726.352893423417 -5298.011924579388
-3633.9099561028543 2044.6107281539116 -5532.932509032986
-4486.386677214249 181.19592706153398 -5276.227759184621
-4940.2282538715135 -1698.3189273155042 -4550.707018588551
-4955.108870337686 -3426.930692050685 -3420.8359889420817
-4529.706318537237 -4851.04462595955 -1987.008669586611
-3701.819482045988 -5844.121956393196 -376.62691009445376
-2545.009739407743 -6317.923404494515 1267.219803159546
-1162.0647128318078 -6230.349632356308 2798.4684758003445
324.1348631161975 -5589.181953944227 4081.060943489621
1781.5336340339238 -4451.39093120319 5001.033236908893
3337.4906368376583 -2613.6686025170497 5479.86947230471
4198.014683982194 -736.4079161084062 5462.000809449072
4685.526703770913 1206.285845319391 4958.809405078132
4756.709113834319 3041.7958156923105 4015.0060236893573
4405.237044659426 4607.028879139897 2714.451737532062
3662.340332002193 5762.907209062669 1172.7065023198022
2594.028608930729 6406.725943358496 -473.23885196130715
1295.2260602487352 6481.278962133203 -2077.134857471139
-118.66300789232325 5979.941902498124 -3496.468315538499
-1522.0083470381114 4947.260762283282 -4605.125219771783
-2790.1165653259454 3474.9937926433067 -5304.596538969179
-3810.3106825596824 1693.958374767913 -5532.7311768406735
-4491.941974374983 -237.5926785195006 -5269.258369659023
-4774.444509204401 -2148.032579662176 -4537.58883257368
-4632.716697086383 -3867.6103596161333 -3402.734614833569
-4079.3516760898697 -5243.533986389713 -1965.5324939105749
-3163.518356732798 -6153.546607602673 -353.68418530634597
-1966.5925485083897 -6516.789608335625 1289.5905152798084
-594.9263620997399 -6300.987253907807 2818.2794393086147
829.6016423728032 -5525.314530543158 4096.551867339231
2180.415900273669 -4258.69336369632 5010.827684534985
3564.5602300095534 -2286.8472443644964 5483.002534728241
4253.304932500133 -340.06832220134555 5458.280629984571
4564.124826416817 1636.927162754658 4948.566537996758
4469.402200174463 3468.474485763373 3999.150592681366
3977.5535747981144 4991.832629562422 2694.3925672229384
3132.281859094596 6071.64453792818 1150.225938019725
2008.6931544179804 6611.964184125841 -496.143313459945
706.6232479666098 6564.781796437014 -2098.428054249628
-658.2332350316424 5934.289737064354 -3514.2582536193913
-1964.602806488359 4776.509992351949 -4617.831185086739
-3096.408797071163 3194.316373450237 -5311.089550740751
-3953.0852776680063 1328.2937267409511 -5532.434302478851
-4458.512783515038 -655.7536467102547 -5262.197987753668
-4567.781862685683 -2581.534430923804 -4524.392289041057
-4271.183477976165 -4277.93455207252 -3384.5744804786145
-3595.071697468502 -5594.221414863013 -1944.0223763651923
-2599.5220199284654 -6413.437155106618 -330.7353529100234
-1372.9934031032985 -6662.79085921361 1311.938958059387
-24.468297130109057 -6320.1263563033845 2838.0417352559166
1326.2309244204557 -5415.890891217913 4111.972049733954
2559.088708267702 -4030.429753202036 5020.535602501
3759.905537650878 -1940.5004996540713 5486.04091372313
4271.330479286252 60.09345607742738 5454.466194002536
4403.2289634119825 2055.347844520699 4938.238216414182
4143.881230886522 3867.9755572328527 3983.226102195954
3516.3314658735417 5336.916667353704 2674.28686869779
2576.3402189512212 6331.649310907152 1127.725511001198
1407.4298374922512 6763.78712720116 -519.0392072897482
113.46313856799551 6594.932774852433 -2119.6850142469407
-1190.5852581428205 5840.089704072271 -3531.9875056038345
-2388.8449298702976 4566.32903427375 -4630.457407215954
-3374.845246305485 2886.8299907751107 -5317.490847769294
-4060.9757523420058 950.8234339513627 -5532.041891074106
-4386.270741484391 -1069.6679575988999 -5255.046735391012
-4321.826326413784 -2995.1146569559687 -4511.117615875674
-3873.368676218865 -4654.4322751983345 -3366.355899476188
-3080.7452211434424 -5900.183160149704 -1922.4786883987147
-2014.384033541692 -6621.676878794459 -307.78080919823293
-769.035984581033 -6754.805548007962 1334.264745573344
544.6442864684732 -6287.740101305055 2857.755022376324
1809.930522533172 -5261.981353308249 4127.321224389816
2914.39648892152 -3768.6724702451907 5030.1568231654055
3921.8664398383894 -1577.684667894489 5488.984556821014
4251.865268539893 460.58733286969624 5450.557567372693
4204.067209128232 2457.9341278542024 4927.8246186854
3782.7193289404554 4236.882689112616 3967.2328272257573
3025.26023618597 5639.365630189927 2654.1349891526106
1998.9934953104803 6540.766187076426 1105.205609813692
795.1074099381966 6860.990964561546 -541.9261380720976
-479.42745807850264 6571.586585882449 -2140.905370386509
-1711.3630925121802 5698.267900114964 -3549.6557653336063
-2791.236605982906 4318.633104985477 -4643.003668123048
-3623.0964978719726 2555.2688064687914 -5323.800319513774
-4133.0283662280135 564.8576608848937 -5531.553949402809
-4275.722526748448 -1475.7435667056297 -5247.804736062725
-4038.4999770680347 -3385.2185022003837 -4497.7650423117075
-3442.438981759882 -4993.901917987939 -3348.079186434504
-2540.5021760277236 -6158.855232984653 -1900.9018020391009
-1412.830603145321 -6776.567232839672 -284.8209505623472
-159.622831068477 -6792.151495581398 1356.5674922880232
1107.7681300420481 -6204.223291074824 2877.418960250205
2276.729031437977 -5065.022620370783 4142.599126249042
3243.392567129836 -3475.772462361165 5039.691180383803
4049.075324809759 -1201.5954078024108 5491.833413189485
4195.008909422503 857.9146910377156 5446.554817591304
3968.1975429396803 2841.1953046825247 4917.325924638005
3388.7944106185764 4572.023247126069 3951.1710439512294
2508.282023434676 5896.606860068926 2633.9372765808394
1404.8977710542586 6697.251076661648 1082.6666233429062
176.68218642335685 6902.815144690723 -564.8037105832555
-1067.2323858282668 6495.0337946087175 -2162.08875622384
-2216.31867712687 5510.1401888893915 -3567.262727703715
-3168.4753278084336 4035.6464465353083 -4655.46975115248
-3839.099040989269 2202.5678072638243 -5330.017857018855
-4168.601956769559 173.78135250733192 -5530.970485890996
-4127.706295082499 -1870.4463380463278 -5240.472114827532
-3720.0458149366427 -3748.476663146016 -4484.334798928559
-2981.8429389814924 -5293.438386806302 -3329.744656965646
-1978.6902322956303 -6368.054879927102 -1879.2920898875861
-799.7222151312425 -6876.841751217827 -261.85617348552
450.3046303706995 -6774.591054389888 1378.8468130676338
1660.3199333348743 -6070.388212576244 2897.033209310143
2722.8085240282294 -4826.80473861531 4157.80549148461
3543.3636285132734 -3154.33848154471 5049.1385095117985
4140.46861425804 -815.5399050729193 5494.587433632967
4101.186278798329 1248.5986637417716 5442.45801378
3697.495544707841 3201.793761898015 4906.742315569076
2965.266105278121 4870.495433469136 3935.0410297358503
1969.5597595384716 6106.432211959354 2613.6940797674665
798.849385893179 6799.785690780605 1060.1089408041862
-442.8422613814937 6888.948370607989 -587.6715297609849
-1645.185430351169 6365.997756054879 -2183.234805952866
-2701.3466540568043 5277.400304155283 -3584.808088667704
-3517.4813728849563 3719.8826757417196 -4667.855441033232
-4021.0724355195284 1831.837147152248 -5336.14335291676
-4167.373566072454 -218.97515084661302 -5530.291510614231
-3943.3852670621654 -2250.3305457361434 -5233.048998309063
-3369.009881812193 -4081.734196224056 -4470.827117646858
-2495.283183906862 -5550.457850981968 -3311.3526276800885
-1399.8396247415208 -6525.998967897051 -1857.6499251122912
-180.0141718228811 -6921.676437639727 -238.88687453583935
1055.8063302414118 -6702.332580621373 1401.1023231809154
2197.8138065339817 -5887.457061112737 2916.597430846763
3144.5358811689784 -4549.455145044479 4172.940057504867
3811.8521431936874 -2807.2141743839675 5058.498647407844
4195.295654166899 -422.90810406665634 5497.246570593558
3971.1443177433466 1629.214266780965 5438.267226684585
3394.1393816084974 3536.573800336074 4896.073974242047
2515.550266482393 5129.6932317328165 3918.843063121365
1413.4434708688093 6267.016908202139 2593.405748282825
185.74602007402171 6847.488630026987 1037.5329517356788
-1058.4557797373197 6819.530937365028 -610.5292007115387
-2208.609138562311 6185.627993899602 -2204.3431544122586
-3162.5178831044905 5002.104857994843 -3602.2915452428674
-3835.423035251695 3374.1227540816276 -4680.160523882577
-4167.534019240023 1446.335036374463 -5342.176701429142
-4129.341316697069 -609.965896451358 -5529.51703529742
-3724.2385168496808 -2612.068682586241 -5225.535514693687
-2988.220781228663 -4382.077703398707 -4457.242231724525
-1986.6865156045778 -5762.719889832936 -3292.9034161812856
-808.6264346388527 -6631.319124775813 -1835.975681441714
441.2836536431909 -6910.696554417705 -215.91345035947936
1651.9837527576321 -6576.0282681072695 1423.333638307782
2715.8978458282613 -5657.051011750773 2936.1112870145985
3538.492496775657 -4235.419947440765 4188.002562958004
4046.6765609659865 -2437.4532339663388 5067.771432436066
4213.12489687603 -27.14325160373986 5499.810778151853
3805.946046195795 1996.4181224818205 5433.98252867382
3060.5921871919345 3842.588985248268 4885.321084883565
2043.291281168486 5347.328953751382 3902.5774238229474
844.4349779771078 6376.935278347097 2573.0726324767043
-429.45307874938266 6839.922918742123 1014.939045991663
-1665.182344805201 6695.153391299587 -633.3763287163849
-2752.952851992733 5955.490103843348 -2225.413437091766
-3596.1114171460804 4686.655385422809 -3619.7127955154892
-4119.7397016109935 3001.390768959028 -4692.384787209725
-4277.311034407869 1049.439411286791 -5348.117798368907
-4054.8245111273 -995.759243467266 -5528.647073314621
-3472.0490357287986 -2952.4803196217795 -5217.931793728273
-2580.766766669555 -4646.860562631453 -4443.5803757526455
-1460.172044883308 -5928.346852239618 -3274.3973410601034
-209.83462904971307 -6683.073507904633 -1814.269733158329
1059.1475144190524 -6843.979754207299 -192.93629767385073
2234.0197532393854 -6396.768365038187 1445.5403745459603
3210.389533150184 -5381.176034879829 2955.574440837907
3901.502114478172 -3887.4425991203334 4202.992747736601
4245.949111474753 -2048.292828668139 5076.956704469026
4193.847323347301 368.28799322305537 5502.280012027739
3606.9618439907913 2346.977519158773 5429.6039937381665
2699.581975904356 4117.127792976055 4874.483833180289
1552.332402338446 5521.453194669686 3886.2443927243735
267.15128252622037 6435.173249518664 2552.6950834722797
-1041.767401112553 6777.099920855243 992.3276137358112
-2258.1204794415166 6516.851523410694 -656.2125192390629
-3273.829643573629 5677.552269379225 -2246.445290138383
-3998.6446769094428 4333.777580685696 -3637.0715386460806
-4368.162582938732 2604.927735478555 -4704.5280199195495
-4349.550074108154 644.6186294370664 -5353.9665411419965
-3944.4609535069585 -1372.9676706921603 -5527.6816396888025
-3188.8891672048826 -3268.559768111015 -5210.237966717928
-2149.970584187051 -4873.725986294902 -4429.841785651462
-920.017679773683 -6045.840262602292 -3255.8347218893728
391.6828329186539 -6680.755099844473 -1792.5324550920839
1668.5806070343783 -6722.0555284546135 -169.95581326073784
2797.2176717697107 -6166.071824106751 1467.7221484176266
3677.30967098073 -5062.2055788265025 2974.986556216513
4230.656568317426 -3508.540152744241 4217.910352982101
4408.091063628569 -1643.1255371158027 5086.054304890523
4137.677078305357 759.9256257557238 5504.654229581163
3375.858069999819 2677.7985556016056 5425.131697488516
2314.079257465657 4357.737332456899 4863.562406275691
1046.684347736129 5650.472023708078 3869.8442518732054
-313.7130595883781 6441.137478964756 2532.2734531599854
-1646.235684861352 6659.479602749155 969.6990454345078
-2832.4830451480857 6286.097739184416 -679.0373779319958
-3767.051856726313 5354.168505407576 -2267.4383503628032
-4366.901579399617 3946.4979035438027 -3654.367474874558
-4578.732932911333 2188.1636440293637 -4716.5900123161955
-4383.723771895356 235.40144214492594 -5359.722828749189
-3799.2015160915657 -1738.277210916295 -5526.62075109159
-2877.1035330617947 -3557.5023054837184 -5202.454166523808
-1699.3622751586015 -5060.627708367169 -4416.026698666325
-370.62522157903743 -6114.094131163307 -3237.2158792183545
991.0435093998002 -6624.296459145415 -1770.7642226139576
2264.6536754456743 -6545.900976486259 -146.972393959496
3337.0394241592367 -5885.873465853009 1489.8785768759944
4112.914575679936 -4702.860268048461 2994.3472979315957
4523.33921792315 -3101.9772972654505 4232.755121089299
4531.845320306686 -1225.4700308172278 5095.064076598328
4045.1493148491177 1144.346280196471 5506.933389812862
3114.5831139827155 2985.95312762249 5420.565717154876
1907.272535316068 4562.244936019799 4852.556992766833
530.4924219589328 5733.161260769601 3853.3772844758437
-893.4242711169076 6394.661047936233 2511.808094191486
-2237.9562969761732 6487.967138485933 947.0537318499488
-3383.63608473965 6004.788876806331 -701.8505106432915
-4228.664957531627 4988.058771840543 -2288.3922552456393
-4697.9583916564125 3528.11775526134 -3671.6003055254178
-4749.817606031698 1754.6879932374175 -4728.570556106709
-4379.634681879827 -174.65349730707857 -5365.386561787823
-3620.3019965327007 -2088.4762581615882 -5525.46442584298
-2539.289591360006 -3816.7287383513485 -5194.580527560741
-1232.6501625061462 -5205.848120700398 -4402.135353363555
183.51564268251605 -6132.405052037019 -3218.541134567218
1583.3752776736999 -6514.070882883842 -1748.9654116294619
2842.54507071563 -6316.932929257217 -123.98643666012481
3849.1422599208972 -5558.50776346252 1512.0092773119825
4513.726267649598 -4306.18478977465 3013.656331651479
4777.245888336172 -2671.2384001345827 4247.526795710785
4616.286247245798 -798.9407561059278 5103.985864006851
3917.115269068658 1518.1928738197405 5509.117453365076
2825.350997859525 3268.704523356811 5415.906131585044
1482.5418916419308 4728.777431520095 4841.467782701083
8.002432324053803 5768.677712994836 3836.8437748927354
-1467.2480782239372 6296.005664244828 2491.2993599735773
-2812.127158109593 6263.905882660891 924.392064033599
-3907.136399180434 5675.230574704335 -724.6515234235087
-4654.979424998429 4582.286124846125 -2309.306642943623
-4989.207100864566 3082.185443763909 -3688.7697330128944
-4880.121831044155 1308.2190600552178 -4740.46944440464
-4337.416320473563 -581.9883281641418 -5370.957642453516
-3409.31233539089 -2420.4834994124153 -5524.212683911012
-2178.2759877879703 -4043.9080896210307 -5186.617185794947
-753.6902594633682 -5308.013699668457 -4388.167989626374
737.8641559297702 -6100.478998665885 -3199.8108104214657
2163.8561030050314 -6350.88996712072 -1727.1363985721623
3397.579939402208 -6036.99649157531 -100.99833829646131
4329.413888149513 -5186.689384830691 1534.1138675607851
4876.560413614815 -3875.5221648324145 3032.913323937421
4990.403145897557 -2219.9977930398654 4262.225121761338
4660.826658643803 -367.21687503587185 5112.819513049888
3754.7346089509197 1878.203656117212 5511.206382522222
2510.622664233281 3523.531405676387 5411.153021243248
1043.4308781124068 4855.777927078333 4830.294967572889
-516.4743205496894 5756.567270428882 3820.244008633384
-2030.488509320761 6145.860349522474 2470.7476046620777
-3364.0848833866175 5989.066765897079 901.7144333192786
-4398.767552520221 5300.118317535124 -747.4400225325486
-5042.600420938946 4140.231097474049 -2330.181152295836
-5238.3761128697915 2612.4661752974775 -3705.8754608461
-4968.69909893722 852.5721688267574 -4752.286471733585
-4257.531365287226 -983.0766162955582 -5376.435974541863
-3168.0632859628145 -2731.3747298993317 -5522.865546911441
-1797.0988808638417 -4236.978212311006 -5178.564278741679
-266.45435376159276 -5366.1075868861935 -4374.1248486506975
1287.865811988034 -6018.434753591266 -3181.025230226382
2727.753448636505 -6135.997580973866 -1705.277560397156
3925.2682208247907 -5708.35009590507 -78.00849583931304
4774.00568583692 -4773.490654133327 1556.191965908482
5198.551795283561 -3414.4856196231453 3052.117942249344
5161.183764250465 -1752.0885535860884 4276.849845422395
4665.221906281817 65.98926935107346 5121.564871183253
3559.4651252152003 2221.2404132783986 5513.200141211554
2173.0851099608462 3748.149973644374 5406.306468208743
593.6169462595118 4942.019960366828 4819.038740320412
-1038.5966881619863 5696.769785913279 3803.578272351458
-2578.526449033839 5945.336616118917 2450.1531831557295
-3889.3428192320835 5665.6341973023855 879.0212313164781
-4854.574011841721 4882.515316829384 -770.215614446376
-5388.454999552067 3665.5635238905325 -2351.0154228301253
-5443.548113706932 2122.9103257934494 -3722.917193634156
-5014.958089341508 391.6272290110921 -4764.021434030795
-4140.767030957005 -1374.4536656966873 -5381.821463450085
-2898.650650415157 -3018.408320516753 -5521.4230381073485
-1398.9764390650498 -4394.164149992174 -5170.421945462864
225.00296820294625 -5379.4792112690175 -4360.006172941031
1828.9898743368603 -5886.8039371689365 -3162.1847183814407
3270.463003746079 -5871.060299437824 -1683.3892745745957
4421.3411430819715 -5333.647189377902 -55.01730628962766
5179.3637191189955 -4322.316120216593 1578.243191098629
5477.177099448992 -2926.9282956021584 3071.2698549516194
5288.319258297141 -1271.4700473102268 4291.400714146381
4629.5710436387635 496.9638944396446 5130.221787387405
3333.04985448611 2544.3155857985344 5515.098695003776
1815.6285412074003 3940.534110301961 5401.366556174407
136.88066428776722 4986.618886355959 4807.699295322218
-1554.0296603446964 5589.620690940666 3786.8468538398147
-3106.857629908708 5695.9601674889245 2429.516451090041
-4383.627664835194 5296.18858684631 856.3128499035765
-5270.893144507918 4425.827408321608 -792.9779058638585
-5689.8166373575405 3162.2120421438467 -2371.8090947690803
-5603.174952628901 1617.6202588826427 -3739.8946370912804
-5018.666584230908 -70.70418318988297 -4775.674128650644
-3988.227665768458 -1752.7462483057752 -5387.114016178669
-2603.4172171536325 -3279.0491174594954 -5519.885182408752
-987.2817238864283 -4513.994082656896 -5162.190326564676
716.57808316255 -5347.8508642734705 -4345.81220630622
2356.7667828714248 -5706.527627942387 -3143.2896002347065
3787.5464114215147 -5558.154369184599 -1661.4719190831097
4881.78591994312 -4915.914703166067 -32.0251666715856
5542.25732611314 -3836.8744426348885 1600.2671623388426
5710.274847062336 -2416.9110500294296 3090.3687313187083
5370.909388721621 -782.1945041894093 4305.877476661102
4554.315061345357 922.0234559518722 5138.790112170078
3077.50174719335 2844.618066463705 5516.902011113641
1441.3217435691731 4098.933341101419 5396.333370445292
-322.9260221074473 4989.040400509595 4796.276828393923
-2058.4803935822733 5435.849326289293 3770.050042025592
-3611.129748594909 5399.659184596335 2408.837764831179
-4842.914378263006 4883.685628337956 833.5896812210941
-5644.384812642737 3933.7751723003753 -815.7265037135395
-5944.3268864444 2634.3315291158974 -2392.5618090364337
-5716.089430136593 1100.8159689959518 -3756.8074980418914
-4979.952343315864 -530.5119208205609 -4787.244354368145
-3801.324636630622 -2114.7014983589584 -5392.313541332978
-2284.932554142334 -3510.9905675535047 -5518.2520063721695
-565.514186957145 -4595.312717092591 -5153.869564195126
1204.1525974573015 -5271.321165520291 -4331.543193855302
2866.825139251049 -5478.949595579604 -3124.3402020772082
4274.767686567439 -5199.74931009739 -1639.5258724034024
5302.878365423289 -4458.528479689027 -9.032474025790828
5859.80503021288 -3321.147827930333 1622.2634993073739
5896.062302737239 -1888.6686170428306 3109.4142415409874
5408.428565220151 -288.37291124536114 4320.279882974035
4440.232215185425 1337.5459932199244 5147.2696975688405
2795.0860135978287 3119.5374574077427 5518.610058400521
1053.3858763627466 4221.888445841813 5391.2069979371445
-781.9122186949751 4949.106118410569 4784.771536784817
-2547.733981756353 5236.573993564059 3753.188126965132
-4087.178399992266 5058.749289062923 2388.117481469784
-5263.45908110189 4431.432510272946 810.8521176648903
-5972.058324545879 3410.3635059239614 -838.4610151604294
-6150.0139779076835 2086.268737939887 -2413.2732072631934
-5781.513900440577 576.7998371502923 -3773.65548442559
-4899.300941163474 -983.920260414489 -4798.731911382437
-3581.7635930359183 -2457.214724978527 -5397.419949124831
-1945.9708313565354 -3712.17487791897 -5516.523538200158
-137.27002155875763 -4637.292002345208 -5145.4598020416015
1683.6278320540637 -5150.365381942306 -4317.199381993237
3354.927964309856 -5205.806195347633 -3105.3368511373287
4728.128024077847 -4798.688282992111 -1617.5515135115488
5681.213159858428 -3965.1858579960754 13.960374597610102
6129.497574792289 -2779.359268585562 1644.2318221596788
6033.149231348799 -1346.5744111439574 3128.406056730369
5400.729102660647 205.85949207226113 4334.6076843767105
4288.430492491803 1740.0018760183523 5155.660397153665
2488.3003012019412 3366.68657826975 5520.222807368939
655.1669139227662 4308.244586867917 5385.987527174916
-1236.1809288111035 4866.996157502908 4773.1836191744405
-3017.6886711294273 4993.293761082918 3736.2613998390284
-4531.061532109303 4675.915301281964 2367.355958814823
-5641.829691725249 3943.0612470457913 788.1005518794083
-6251.296524469606 2859.848897170322 -861.1810476128053
-6305.308227651889 1522.526422541109 -2433.942931793826
-5799.065624417904 49.9207937719567 -3790.4383053023475
-4777.550591674064 -1427.1205165976228 -4810.136601320227
-3331.5292229245456 -2777.3559062522695 -5402.433151374014
-1589.4868625429826 -3880.8110354107694 -5514.699807740836
293.78838092373377 -4639.439073414303 -5136.961185328385
2150.9592374762797 -4985.832589901942 -4302.781018416661
3817.0079264499464 -4889.213000810858 -3086.279875575112
5143.898710495146 -4358.165380639865 -1595.5492218725542
6013.731520485145 -3439.8756409052817 36.95298214577466
6349.217894053958 -2215.9378548306363 1666.171751534989
6120.548394652281 -795.1042658711972 3147.3438489260075
5348.041310801516 696.3778263685108 4348.860633448976
4100.337286993309 2125.983692731616 5163.96206602945
2159.852875340747 3583.9220325886245 5521.740230169081
250.10696860506616 4357.161837390356 5380.675048291232
-1681.8620398675341 4743.248691850172 4761.513275669176
-3464.390225367892 4707.877084635064 3719.2701529470814
-4939.092136118228 4254.18993827184 2346.5535553874056
-5974.934035725628 3422.4993466881156 765.3353767508892
-6479.876825692669 2286.7046687601473 -883.8862087289315
-6409.054123225836 947.7262459746869 -2454.5706256924464
-5768.758836239622 -475.4618127937458 -3807.155670857409
-4615.884010872344 -1856.4030029656528 -4821.458227239215
-3052.867634665717 -3072.39463963367 -5407.353061509892
-1218.5905718300917 -4015.3905295884388 -5512.780846487356
723.963611009272 -4601.601349738172 -5128.373860814148
2602.1904499484913 -4778.939696168758 -4288.288352109603
4249.201247885089 -4531.6482785633225 -3067.1696044766463
5518.65186763457 -3881.7000245966115 -1573.5193774338163
6297.746050739876 -2886.8456888845167 59.944951570040544
6517.257860033615 -1635.4824450013925 1688.0829085628147
6157.682707948325 -238.79940868339352 3166.2272910999623
5250.970424716341 1179.1020030500752 4363.038484063274
3877.6863757441706 2492.2350274086084 5172.174560838527
1812.6389918111374 3769.3626563235434 5523.162300597276
-158.28525994449586 4368.123015897592 5375.269653024823
-2115.1451717306436 4578.756476317018 4749.760707798771
-3884.0651528468175 4382.547330273837 3702.2146797032515
-5307.868900193363 3796.9296214436504 2325.7106304145914
-6260.045202558733 2873.9380531969955 742.5569854005872
-6655.989016920874 1695.5844768543682 -906.5761064239224
-6460.518997802894 366.57077879331257 -2475.1559327489504
-5691.003514209484 -995.0143416328843 -3823.807292406319
-4415.81739382099 -2268.188071256489 -4832.696593631481
-2748.2665194960596 -3339.823336969547 -5412.179594572797
-836.5201043449176 -4114.700642619562 -5510.766687577373
1149.554793085268 -4523.96873910647 -5119.697976789418
3033.486702411716 -4531.262360013959 -4273.721633339212
4647.880005991758 -4135.933435116865 -3048.006367848337
5849.288774153989 -3373.108674264702 -1551.4623606184928
6530.962565551633 -2310.5684050605255 82.93588583271331
6632.331672342866 -1042.7239933042924 1709.9649148695378
6144.389004538284 317.77102117591977 3185.056057162794
5110.490409473467 1650.0306859094737 4377.14099138883
3622.50231450915 2835.6778831595884 5180.2977397631275
1449.7156658340311 3921.4056906423452 5524.488994096449
-566.4646569085899 4340.938755569972 5369.77143471895
-2532.312108995651 4374.760362169241 4737.926118512867
-4273.152517329799 4019.865312270139 3685.0952746306116
-5634.304572078242 3307.787588487475 2304.827543823179
-6494.823939859176 2301.7984214809635 719.7657711779822
-6778.249698518222 1091.2843634498624 -929.2503488764545
-6459.39822560506 -216.1950992963081 -2495.6984974852276
-5566.600873744675 -1504.4646787134243 -3840.3928823999627
-4179.186605626499 -2659.0559691923627 -4843.851506426894
-2420.4332675400765 -3577.378467733635 -5416.912667215578
-446.6138117362615 -4177.8351903499515 -5508.657365792462
1566.8892411727354 -4407.072922175919 -5110.933683074012
3441.1673088233724 -4244.722884745588 -4259.081113651389
5009.682559771049 -3705.2105913460437 -3028.790496611223
6133.065530653257 -2836.4740768565384 -1529.3785523189777
6711.498714622142 -1715.7043929768768 105.92538791402586
6693.585784869864 -442.48684453650424 1731.8173925849621
6080.918383814489 870.0476018624951 3203.829821969303
4927.934698686441 2105.274500694956 4391.16791189603
3337.082389694851 3153.438521295724 5188.331462527842
1074.2750553276069 4038.740540717633 5525.720287756544
-970.8802278174147 4275.749761178948 5364.180488319808
-2929.7685420831667 4132.839851540741 4726.009712177509
-4628.334064307324 3622.708984424183 3667.9122333562314
-5915.651793808298 2790.6845260450073 2283.904656233526
-6677.337901019088 1710.695500809413 696.9621276539851
-6845.713232709609 478.7036730633382 -951.9085445355473
-6405.81690175617 -795.8230767908819 -2516.1979651612523
-5396.735627617253 -1999.6374538601722 -3856.912154429472
-3908.130709780298 -3025.7752678895745 -4854.922772996445
-2072.2712278302774 -3783.059670970908 -5421.552197704993
-52.281353275004655 -4204.20262060257 -5506.4529175575235
1972.3539489516916 -4251.783717554378 -5102.081131014451
3821.7369472812775 -3921.5751725559603 -4244.36704586649
5331.541846428578 -3242.9174639267553 -3009.522322595294
6367.615855434677 -2276.112307318767 -1507.2683338903228
6837.899251863478 -1107.0645836511726 128.91306081893043
6700.6052921375995 160.35068654672818 1753.6399643487657
5967.933147083289 1413.5180945575778 3222.5482613240133
4704.983952067401 2541.088216744975 4405.119003360479
3023.9762854283354 3442.8714994926213 5196.275590402037
689.6166882825523 4120.360003044726 5526.856160314926
-1368.0057360372834 4173.026229959724 5358.496910374847
-3304.0748473159383 3854.900763318821 4714.011694571587
-4946.562408716911 3194.250446903682 3650.665852606062
-6149.5261924718025 2249.7769605439503 2262.9423289532697
-6806.077587274379 1105.4009182563082 674.1464486141292
-6857.879120468086 -137.19484659042752 -974.5503021273256
-6300.327998501379 -1367.6002472479456 -2536.653981781221
-5182.965085333809 -2476.4883643226412 -3873.364823231197
-3605.0729792666725 -3365.3296223370958 -4865.910202155536
-1706.8543183895235 -3955.146574901096 -5426.0981059231435
343.025839083358 -4193.531397410279 -5504.153380940153
2362.426645409569 -4059.3025522501357 -5093.140473481365
4171.915476952579 -3564.3868613667264 -4229.579684074925
5610.711310218831 -2752.7597557967797 -2990.202178533703
6550.970821371094 -1696.5378656370858 -1485.1320871436533
6909.147826582609 -489.5711409817236 151.8985075839518
6653.416727106418 760.8961279974235 1775.4322533170923
5806.50035338843 1943.7544368663418 3241.2110519868975
4443.6509418647875 2953.90163399383 4418.9940248672365
2685.963643515494 3701.581707957159 5204.129986202256
