-2143.2034322677414 3964.9406074542394 5261.65390115463
-3989.9237504206394 3408.610653181976 4523.379116225304
-5482.121833856663 2549.4106839330307 3383.182246297076
-6487.209334459128 1463.6843875121147 1942.3747869345927
-6915.879817045635 247.9033099876084 328.97880378161494
-6730.044028048949 -989.9050645350441 -1313.6483897870478
-5946.214292848351 -2139.7560299469433 -2839.5521590721373
-4634.03732319655 -3099.4802819333827 -4113.149257854263
-2910.1058012409108 -3783.8021090248512 -5021.274994817814
-927.5986080560543 -4131.91651378741 -5483.238412989439
1137.329792154039 -4112.892003682997 -5457.992035371512
3101.2014492416406 -3728.4189899220823 -4947.779113407298
4789.517748165744 -3012.6595870093433 -3997.9343042458318
6052.264376712873 -2029.212158951983 -2692.8554875064006
6777.240755464303 -865.4603255208622 -1148.5046433003743
6900.029551661547 375.19145584287753 497.89587859251327
6409.720441912725 1582.5058298543775 2100.056166692361
5349.879542305087 2649.2076161708883 3515.6172484369276
3814.6783678039583 3480.515679934477 4618.800309625687
1940.5262798831786 4002.564651544392 5311.582694032885
-106.05008386453004 4168.968188898926 5532.407646578538
-2507.4004202520105 3755.302228277441 5254.495699405805
-4294.3612328900135 3035.8771570318813 4510.098473107095
-5699.749204491867 2046.7010776565714 3364.959205231665
-6598.68944633721 875.6666257317469 1920.8285450911685
-6911.307173003829 -373.1746486890491 306.02383930207577
-6609.8249275770895 -1588.8577179238414 -1335.9724275724927
-5721.030730596192 -2663.363806333859 -2859.261681438825
-4323.897846871983 -3501.218332571559 -4128.492987246099
-2542.5676643400498 -4027.9742451166917 -5030.889573543487
-535.3191869570676 -4196.826969509382 -5486.269543536288
1519.4947493965835 -3992.7732001893623 -5454.170388488554
3439.2949090735065 -3433.9440100359225 -4937.444259191087
5053.498622982092 -2569.993824975734 -3982.004539847269
6218.676807325318 -1477.6884103342954 -2672.746242398903
6831.298267124006 -254.08389570588568 -1126.0027121597125
6836.928897230059 992.097088084812 520.7911004363939
6235.068391448947 2150.125891852798 2121.310338304605
5079.1946969406235 3117.106574457621 3533.341843397392
3472.012263930342 3807.1186587249786 4631.420419889018
1556.3263045949686 4158.851542899577 5317.976967419767
-497.6460767291276 4141.052216668155 5532.007923837729
-2851.113465474752 3512.3539389910566 5247.24676020693
-4563.942724876733 2636.063997640291 4496.739947189407
-5871.245644640649 1525.5482019228705 3346.6780562458753
-6656.862623341102 279.4807537066025 1899.2491333501682
-6850.988144797252 -991.4197859576018 283.06359023873495
-6436.373304521889 -2174.2283268653973 -1358.2733950695074
-5449.858450580732 -3163.847139487347 -2878.9218285412103
-3979.0997569956035 -3872.3442494513547 -4143.765423606664
-2154.7805880097562 -4236.766579348773 -5040.417276169623
-138.99970768035027 -4224.733605927161 -5489.205934238032
1889.1319066665942 -3837.3145116808632 -5450.254556065915
3749.405860787407 -3108.9331832943485 -4927.024142539172
5276.528650180638 -2104.3094982435837 -3966.006012058516
6334.808713340756 -912.7086796637187 -2652.590842875715
6830.213222470375 359.9903104602975 -1103.4813366002718
6718.723312886481 1600.7025817084816 543.677328980217
6010.245352320998 2699.185404004292 2142.527877992159
4767.730716674496 3557.83375797427 3551.0054227157616
3101.5822840098485 4100.352969251948 4643.960552300433
1159.8446543412347 4278.5378251089705 5324.279407128013
-884.9502627600058 4076.5558191510736 5531.512671416932
-3171.308772839636 3238.093553219311 5239.907208736569
-4796.270068679381 2212.43248259365 4483.303769154432
-5995.061720832466 990.1870767894981 3328.3391150283805
-6661.165830194546 -320.040796151813 1877.636924356429
-6735.396123499073 -1601.831639879123 260.09845308149823
-6211.156913431652 -2741.2927128808246 -1380.5509071730144
-5135.029154392681 -3637.177898378117 -2898.5322608773035
-3602.6315202816454 -4209.883866112213 -4158.966303203335
-1750.1242657055711 -4408.523177571193 -5049.857938166745
257.8892101723074 -4215.445858217663 -5492.0475343875005
2242.9880979982195 -3647.8076751820377 -5446.244605724289
4028.7876501258224 -2756.0457720661857 -4916.518943391688
5456.6117394963685 -1619.3971073945825 -3949.938997150719
6399.591929866447 -338.8579031238284 -2632.389636991138
6773.940293121284 971.790312892904 -1080.9409055332328
6546.394334384949 2196.090694977547 566.5541690123204
5737.172510660151 3225.258781428166 2163.7084193591236
4418.1777321963245 3967.848471333852 3568.607681367862
2706.608473373232 4357.877411945308 4656.420490310195
754.545173935291 4360.6898202753955 5330.4899043237165
-1264.5627754737557 3976.0358015019387 5530.92189786843
-3465.1469331523385 2934.794051916546 5232.477171738045
-4989.250290284355 1768.4552909708277 4469.7901710252945
-6070.03686416035 444.9815166841226 3309.9426982658556
-6611.474024737666 -918.0308181291922 1855.9922913212054
-6565.452704241167 -2199.4720860398247 237.12882440466672
-5936.062098958196 -3285.48060688157 -1402.804579182962
-4779.226326203336 -4079.5597577077097 -2918.092639803669
-3197.7353210760575 -4511.152121208392 -4174.09536353917
-1332.1114996408228 -4541.9088218747065 -5059.211396508447
651.8762744125108 -4169.096991878888 -5494.794294914419
2577.941980772405 -3425.842598373821 -5442.140606709654
4274.946229028601 -2378.187055940635 -4905.928843158054
5592.102744543096 -1119.2191570851157 -3933.803772577734
6412.376390666245 239.19627548978872 -2612.1429735903644
6662.8822542284 1576.3580692918486 -1058.3818081988736
6321.361789925195 2773.4535309038847 589.4212254831524
5418.160589747836 3724.115475194768 2184.8515966485684
4033.5320439652587 4343.8734165030155 3586.148315388452
2290.5064752125477 4577.659141980458 4668.8000187533935
343.95935441510807 4404.699763966674 5336.6083517606785
-1633.150064462896 3840.3634822179133 5530.2356133940175
-3730.007777991099 2604.9847211571873 5224.956777517215
-5141.114133265929 1307.7879215537205 4456.199386162055
-6095.409936392325 -105.61157401256752 3291.4891236374856
-6508.101817404341 -1509.6270177590911 1834.3156080156068
-6342.520291605568 -2779.5054760886474 214.15510086010855
-5613.378004205775 -3802.4126752088746 -1425.0340268110251
-4385.4624472286705 -4487.458821523598 -2937.602627541159
-2767.8793065303703 -4773.774558657267 -4189.15234335744
-904.3579428085189 -4635.919476889645 -5068.4774896741865
1039.5195928412659 -4086.142605202858 -5497.446168386253
2891.0312508105576 -3173.2940313023114 -5437.942629892064
4485.662095063649 -1978.484356949068 -4895.254024713792
5681.722177166448 -607.8776650453195 -3917.600616971257
6372.936310000923 816.7416250249084 -2591.851202303681
6497.887084521468 2168.7898375000796 -1035.8044341597745
6045.4720760744885 3328.1315553359336 612.2781035121197
5055.890343551055 4191.754179215428 2205.9570447487727
3617.0705665937808 4682.9210490614005 3603.627021876456
1856.8581965419182 4757.989833037728 4681.0989238537
-68.34417296068408 4410.2903402541815 5342.634643782273
-1987.4738627722224 3670.717196498692 5529.453829844825
-3963.5134096445067 2251.430054192862 5217.346155940284
-5250.43192288155 834.2385251172396 4442.531649257674
-6070.82651862958 -657.078757910517 3272.9787098094866
-6351.801536814 -2090.0117097552857 1812.607248764236
-6068.391114030569 -3337.237949322974 191.1776791703941
-5245.777510069742 -4287.935951865806 -1447.2388661871792
-3957.0535536238044 -4857.6320277883615 -2957.0618871808415
-2316.7280236948927 -4995.706180674891 -4204.136982646143
-470.55104206720017 -4689.889916112979 -5077.656057652076
1417.436464627397 -3967.356351261523 -5500.0031090090315
3179.4785211223725 -2892.305764143902 -5433.650747764436
4659.00995810396 -1560.2611172073016 -4884.4946723974135
5724.567914579557 -89.58042291371547 -3901.32981013608
6281.472889992262 1389.0598850730003 -2571.5146735402486
6280.241433339399 2744.2761264820415 -1013.2091732941278
5720.982964948748 3855.6513909957466 635.1244083944123
4653.390054002193 4624.4351091720355 2227.024399199534
3172.3230156916247 4982.317473899185 3621.0434990001995
1409.38115592661 4897.499066530281 4693.316993227025
-478.79040450982734 4377.516374779502 5348.568676323247
-2324.419336368436 3468.572142715391 5528.57656072111
-4163.54920585673 1877.1065938030333 5209.645438431537
-5316.12662035887 351.73637025417247 4428.787196333976
-5996.342855204723 -1204.887173361422 3254.4117764296443
-6143.757712848442 -2654.451204063597 1790.8675884386794
-5745.27273626893 -3868.155596417467 168.19695612198515
-4836.295064357793 -4738.157388908412 -1469.4187138663426
-3497.591352247162 -5187.153104333619 -2976.470082689817
-1848.1112995625347 -5175.247502992324 -4219.049022642489
-34.418447608908004 -4703.498449810568 -5086.746941941709
1782.3326344576287 -3813.8229184001757 -5502.465072628127
3440.715640314679 -2585.2724840037113 -5429.2650344412905
4793.375962197881 -1127.0092441220856 -4873.650972007173
5720.123794455856 431.3937128983859 -3884.9916330452043
6138.613525226616 1951.4654453877092 -2551.1337384822004
6011.660505419247 3298.1409091892724 -990.5964157890539
5350.545067967777 4351.7620795564 657.9597456077395
4214.010220747089 5018.710091761601 2248.05329619849
2703.0420725337594 5239.723688067305 3638.3974460026097
951.8967740710506 4995.164840539558 4705.454015885192
-883.8287300980438 4306.763676010035 5354.410346911542
-2641.0221729794557 3235.6876589459134 5527.603821172022
-4328.282616046096 1485.1779088264282 5201.85475797111
-5337.483950656693 -135.70079576513967 4414.9662647375335
-5872.426413088936 -1744.521889139856 3235.788644121687
-5885.578017999381 -3198.3345569562816 1769.097002451052
-5375.770187576868 -4367.9611637271155 145.21332855832338
-4388.301584809255 -5149.47525261895 -1491.5731868350051
-3010.9131284870186 -5473.435867215662 -2995.8268789169383
-1365.9918275240746 -5311.057685232582 -4233.888205837386
400.3038418707629 -4676.768720723832 -5095.74998555681
2131.0307582109276 -3626.928331717273 -5504.832016729037
3672.406239809588 -2254.8194439248214 -5424.785565657478
4887.47231091184 -682.3599534274882 -4862.723110797906
5668.265018870605 950.730213419196 -3868.5863678350597
5945.407505131397 2499.343828592777 -2530.7087490784115
5694.274443570168 3825.879776406146 -967.9665521337296
4937.180108785926 4812.469516488972 680.7837208192798
3741.3956548780143 5371.450220857132 2269.0433726073475
2213.171778189791 5453.1540008811 3655.6885632064245
488.29787666502773 5050.321117154609 4717.509782239587
-1279.9634340613666 4198.74503919975 5360.159554670074
-2934.4943766443803 2974.0920386228886 5526.535627995355
-4456.179584176132 1078.9679149974259 5193.974249092646
-5314.159511295225 -624.0002197247528 4401.069093135614
-5699.953045030843 -2271.523196544541 3217.1096344798775
-5579.280736883534 -3717.2113689359867 1747.29586674751
-4962.864850993889 -4832.608998484061 122.22719337301714
-3905.4766439197665 -5518.608110961543 -1513.7019025178683
-2501.0696981314054 -5714.254674767296 -3015.131941598667
-874.4317339004741 -5402.164634126363 -4248.654275979836
829.9033272679529 -4610.06855873429 -5104.665033027994
2460.4978358378776 -3408.3476609460163 -5507.103900438097
3872.466313976687 -1903.7801161953519 -5420.212418766868
4940.349166080168 -230.05335351928437 -4851.711277477781
5569.2603144122 1464.114659189481 -3852.114297800539
5703.318243512371 3028.1896592679113 -2510.240058038554
5330.611318076605 4323.196719128931 -945.3199731128143
4484.2561840272665 5234.068778459042 703.5959398923824
3239.455209192967 5679.870857490562 2289.9942659582225
1706.814422906835 5620.991485131333 3672.9165520193633
22.515684913715802 5062.662352003348 4729.484084104772
-1663.7836704924466 4054.493451772068 5365.816200318424
-3202.2485453809704 2686.0650154994005 5525.371999637239
-4546.018453400143 661.9327646875302 5186.004047880995
-5246.18279499037 -1109.068169798082 4387.095921512012
-5480.200772751703 -2781.5235303316026 3198.3750700633636
-5227.278862389078 -4206.828318680225 1725.4645578017576
-4509.890285567732 -5258.337949552108 99.23894750297278
-3391.778165546142 -5842.621177770277 -1535.8044787844146
-1972.291670942492 -5907.761874422826 -3034.384937364825
-377.5584061161369 -5447.972002746943 -4263.34697808143
1250.7225799814144 -4504.105910595641 -5113.4919304054465
2767.8713761419563 -3160.0302423447074 -5509.280684523203
4039.0826539288346 -1535.1720194971226 -5415.545672741011
4951.40371269185 226.09297427420995 -4840.615662205042
5423.7708227049025 1967.26861508861 -3835.575707390208
5414.212093294405 3533.6438062362677 -2489.728018827003
4923.576859516278 4786.039238059406 -922.6570697995695
3995.460215008968 5613.174080393711 726.3960088934102
2712.329396609747 5941.553772676314 2310.905614459842
1188.1962084602426 5742.000338177356 3690.081114939262
-441.51342712413106 5032.244975277892 4741.376714702077
-2031.9926571587557 3875.3525626816568 5371.38018617461
-3441.920422351917 2374.1180681865617 5524.112956191833
-4596.901228807525 237.6315427380297 5177.944291969871
-5133.958084582035 -1586.8242332075504 4373.046991162981
-5214.840234537462 -3270.28371236915 3179.585274390652
-4832.360944704807 -4663.1641322830865 1703.6034526085473
-4020.505178468412 -5641.701955084935 76.24898792155984
-2851.409883428719 -6118.94980097625 -1557.8805339554458
-1428.9543070402315 -6052.502104481903 -3053.585533744368
120.47013039147032 -5448.263035036341 -4277.96605842071
1659.1902680634455 -4359.921885619269 -5122.2305252615515
3050.4840691814006 -2884.1825434628913 -5511.362331394478
4170.72897392376 -1152.1709252931971 -5410.785408167786
4920.386306390351 682.216135807612 -4829.436456584723
5232.845722774508 2455.985299385716 -3818.9708822012967
5080.343832724935 4011.5293911994318 -2469.1729856566135
4476.431098416057 5210.631492298309 -899.9782335491652
3474.767816518603 5946.746118826808 749.1835340985476
2164.356165356062 6154.466255832046 2331.7770570038288
661.631970781045 5815.335057576293 3707.181955559248
-899.8811279219445 4959.485819277325 4753.187468663172
-2381.435839345784 3662.964501590528 5376.851416156733
-3651.389525684689 2040.9727132824814 5522.758519400974
-4608.262096890803 -190.3039838404158 5169.795120539459
-4978.262204903365 -2053.235597016954 4358.922544692975
-4905.9218692664135 -3733.7282169225105 3160.740571934013
-4397.668846261621 -5082.462699558122 1681.7129286771592
-3498.6636474146194 -5979.598067317797 53.25771163171167
-2288.7868298623016 -6345.419905762379 -1579.9296868098281
-875.5412583011608 -6147.423339163373 -3072.733399171074
615.4999963095656 -5403.201231356726 -4292.511264547553
2051.8513751709684 -4178.88098258596 -5130.880666693582
3305.886754946941 -2583.248819795336 -5513.348805104928
4266.179588900834 -758.083662965141 -5405.9317072499925
4847.403644560124 1134.4405541148647 -4818.173853665344
4997.914613919727 2926.1647495513776 -3802.300108974844
4704.338936845541 4457.88636572776 -2448.5753134827373
3992.762100581233 5593.505215197148 -877.2838559918976
2926.4108297324237 6232.116579602925 771.9581220005846
1600.0351143194723 6316.977036717851 2352.6082331709185
131.48925736078593 5840.546362523264 3724.2187785728356
-1348.7399971454988 4845.1575132029375 4764.916142033629
-2709.12778405742 3419.2551562109975 5382.229795784662
-3828.79767854437 1689.5369734356211 5521.308712653805
-4579.873123540919 -618.2003060266654 5161.556674314023
-4780.23914257695 -2504.3510243530322 4344.722826010499
-4555.859936061067 -4167.979164002159 3141.8412881138775
-3926.672581164119 -5461.264064054434 1659.7933640249069
-2948.5831355119553 -6269.291685652847 30.265515659148367
-1708.4991386255856 -6520.265228647602 -1601.9515565909642
-316.60749564736074 -6191.884592364358 -3091.82820298935
1103.4161127282355 -5313.32783741157 -4306.98234528754
2425.3963572261023 -3962.658586949578 -5139.442205326243
3531.8694917077983 -2259.889731196366 -5515.240071351062
4324.520522497289 -356.3197554636141 -5400.984653803942
4732.918927017168 1578.9107942255837 -4806.828047935577
4720.776714798963 3373.848190911929 -3785.5636755906994
4289.172774683479 4869.00436994685 -2427.935357997009
3476.4570108126777 5931.52814343824 -854.5743290264751
2354.8427853508733 6467.009611302625 794.7193793157215
1023.9904443532758 6427.868895198546 2373.398783237187
-397.8479413331629 5817.5838195180395 3741.191289779022
-1784.3357915052086 4690.380891427269 4776.562532276425
-3012.277576173371 3146.4170377356695 5387.515232181653
-3972.5652790361205 1322.8802224175067 5519.763560986362
-4511.8470762685165 -1042.3735401985718 5153.229095559473
-4541.3915710256615 -2936.334240255271 4330.44808032392
-4167.413495128523 -4569.388757174716 3122.8877492931965
-3423.1424417963153 -5796.433030586906 1637.8451371706087
-2374.710160297337 -6508.438792004061 7.272797045427368
-1115.2744598120544 -6642.141204938462 -1623.945763013381
243.25827072889993 -6185.660223257505 -3110.869615459872
1580.17643639424 -5179.556185417343 -4321.379050746289
2776.688991195896 -3713.2258503948933 -5147.914993314303
3726.480543830841 -1916.959103341641 -5517.036097473478
4345.15794675591 49.63787247998708 -5395.944333258005
4577.748997700147 2011.8243054995658 -4795.399235320878
4403.586961078136 3795.251320229941 -3768.7618710625748
3838.1468981412436 5241.453599971821 -2407.2534756212817
2931.6706398742745 6221.9297256159225 -831.8500448131776
1764.7025798297898 6649.560090650182 817.4669129903593
440.93295129769496 6486.34786051636 2394.1483481802666
-922.0155049595876 5746.795158106911 3758.0991960873835
-2203.0388374028043 4496.614486504501 4788.126438275447
-3288.312501266084 2846.8898847085125 5392.707634075957
-4081.4051688701456 944.206623285684 5518.123091081156
-4404.63734073886 -1459.1609560738457 5144.8125280808945
-4263.569344028431 -3345.496445655755 4316.098554137203
-3743.664500735184 -4934.569894571837 3103.8802827718787
-2891.1186377505583 -6085.185153351896 1615.8686271280178
-1781.6841963366185 -6695.105006861447 -15.720047158855216
-513.939295285873 -6710.1353995269665 -1645.9119262693532
799.4713675364901 -6128.94081500033 -3129.857307765322
2041.845490930933 -5003.162942647139 -4335.70113231378
3102.792681964792 -3432.832086820832 -5156.29888434511
3888.0431268246693 -1557.4790353450207 -5518.736852457432
4327.823877469952 456.26286330537266 -5390.810832651141
4383.058484259766 2429.4638042744996 -4783.887613180112
4048.839109987754 4186.7962247075375 -3751.894985533022
3354.8626127555567 5572.113427122695 -2386.5300235013824
2362.7918498079434 6462.323898720992 -809.1113957671331
1160.77666206365 6778.328532476607 840.2003302078997
-144.3786260894745 6492.048929916861 2414.8565696855408
-1436.705239719395 5628.922290046523 3774.9422055231253
-2601.3742879231468 4265.641202586949 4799.607660338966
-3534.8998147018906 2523.339174819438 5397.80691180239
-4154.333980292042 556.8273878776562 5516.387331266705
-4259.034926391673 -1864.9523966121817 5136.307117220106
-3948.9550467165573 -3728.327684662977 4301.674495245659
-3287.9931814368847 -5260.424696434932 3084.8192167810344
-2334.8786928661366 -6325.109888935086 1593.8642133992685
-1174.2999859878362 -6827.781310515805 -38.71261990094521
90.62042797606703 -6723.774399432429 -1667.8496670353913
1347.4888192331061 -6022.330626161538 -3148.7909520160442
2484.6269155440027 -4785.776348193541 -4349.948342668582
3400.9950068031926 -3123.984839654954 -5164.593733641139
4015.1697666871496 -1184.61356873139 -5520.342306933376
4272.57907251866 860.0158163649853 -5385.584240631393
4150.350977852457 2828.2290220601003 -4772.293380302146
3659.3459852887945 4545.141667666521 -3734.9633102685134
2843.1920431568606 5858.198530075114 -2365.765359500988
1774.4080108476737 6650.728744805713 -786.3587745515301
547.9600399133741 6852.312524317952 862.9192383954719
-727.1765852502751 6445.038265166316 2435.5230901523537
-1937.7003796525357 5465.094072570087 3791.720027232138
-2976.0509918646076 3999.552288455704 4811.006000203074
-3749.9664132648563 2178.6327317658906 5402.8129773038945
-4190.680862389966 164.13209608641947 5514.556311517031
-4076.1625806853694 -2256.221321737574 5127.713009853097
-3600.046717778729 -4081.526799314073 4287.176152731677
-2804.0509054526387 -5544.170709286196 3065.7048804773735
-1758.9028648023616 -6514.190721545821 1571.8322759683797
-557.4685857963173 -6905.396301140968 -61.70452413272128
693.4992234683336 -6683.0271155472055 -1689.7586064787988
1882.8465833566074 -5866.841642755632 -3167.6702212557275
2904.8947615774982 -4529.361543794749 -4364.120435782268
3668.830292311549 -2789.4277948919407 -5172.799397962481
4106.774151177166 -801.6411452107307 -5521.852433177462
4179.813104429172 1257.374838166648 -5380.264647454353
3881.457320544963 3204.6675492743566 -4760.6167369024115
3238.217020235436 4867.211485177136 -3717.967137654241
2307.2469269966687 6097.28232121612 -2344.9598421954593
1171.2678191078662 6785.582865532317 -763.5925740708227
-68.78357453281411 6870.954594206028 885.6232452307981
-1302.7232457245354 6345.811854496932 2456.1475527001
-2420.910239626812 5256.815883379152 3808.4323714859725
-3323.988734748644 3700.728751866612 4822.321261035131
-3931.7162437037687 1815.8156303700723 5407.7257441330385
-4190.093510353265 -230.44067846048216 5512.630063451174
-3857.4660561478604 -2629.555210446396 5119.030354387523
-3219.6378806130133 -4402.029717196937 4272.60377696041
-2295.7307502375734 -5783.364565585321 3046.5376039375096
-1167.8378680550504 -6650.822092444086 1549.7731952946735
63.822533676198056 -6927.324889737155 -84.69536281769341
1289.8120232097642 -6588.304470512523 -1711.638366264262
2401.196054234308 -5663.8842867848925 -3186.4947894669995
3299.2232783648 -4236.2031286296415 -4378.21716692352
3904.100035809706 -2432.1167322243987 -5180.9157356093265
4162.080372212103 -411.92609099253616 -5523.267205112019
4050.2416025545845 1644.8659911318616 -5374.852144981611
3578.5210923175746 3555.504511568715 -4748.85788461945
2788.8332789469923 5150.220853078133 -3700.9067611892738
1751.3453901487064 6287.317470419605 -2324.1138308656164
558.2427777830555 6865.75833907603 -740.8131874639964
-684.4621551966884 6834.14644942135 908.3119586489111
-1866.3496219745386 6195.290656577861 2476.729601174521
-2882.4037344995195 5005.956101312197 3825.0789496869183
-3642.343625993771 3371.820378168442 4833.553247437141
-4078.6453021567586 1438.0836174343688 5412.545127453538
-4152.541444383012 -623.433183634699 5510.608620332614
-3604.7025987242437 -2981.6850608346926 5110.2593007601345
-2810.795044029043 -4687.0358307378765 4257.957619575451
-1767.1360147009848 -5975.922898362036 3027.317718152253
-566.4591955180508 -6733.822991561052 1527.6873523062102
684.5500090518593 -6893.393361064387 -107.684738937713
1874.7339412193016 -6440.455479278656 -1733.488568560359
2898.339535575015 -5415.254864685666 -3205.2643315771315
3664.4149430413236 -3908.8850909108196 -4392.238292662424
4104.89100179831 -2055.193722948848 -5188.942606424403
4180.629481028061 -18.889373633772134 -5524.586598306007
3884.900684478177 2019.093379423289 -5369.346826679162
3243.9814135065553 3877.6708250732677 -4737.017026511428
2314.820157966921 5391.700201037352 -3683.782475481328
1179.9769729709772 6426.653353052652 -2303.227685491582
-59.712344317083044 6890.570151745505 -718.0210080977048
-1294.0959577692724 6742.22955368672 930.9849868489598
-2413.493466327076 5994.812271995821 2497.268880153752
-3318.441488960107 4714.72961213774 3841.6594743729297
-3928.5314225584134 3015.7225359911213 4844.701765449139
-4189.554099186222 1048.7552782413065 5417.271044041685
-4078.3165085459923 -1011.3984883669885 5508.492017068714
-3319.926749678427 -3309.5137347651585 5101.4000004341915
-2376.8328546700222 -4934.032242393021 4243.237933494514
-1222.5469299650174 -6120.140332640394 3008.0455550209003
40.367654526238766 -6762.447096539206 1505.5751283931581
1299.6953957622727 -6803.880759400216 -130.6722554999026
2443.5394974655496 -6240.759758449602 -1755.3088360460763
3370.2643915225485 -5123.119865837627 -3223.978523463604
3997.5265042310866 -3550.2682907047715 -4406.18357087466
4269.590844182582 -1661.9597978470028 -5196.8798717954
4162.283300837644 374.02111643992686 -5525.8105899754355
3685.138620333868 2376.768613166524 -5363.7487876157875
2880.5532014489763 4168.329788335979 -4725.094367052636
1820.0179895158153 5589.516569397833 -3666.5945762417537
597.76619219678 6514.050274079241 -2282.3017667465197
-677.5997545526625 6859.782025469923 -695.216429559526
-1892.757989512563 6595.992040240014 953.641938300891
-2939.7363708726393 5746.119216200482 2517.765034954549
-3725.506274860105 4385.678483372699 3858.173659222623
-4180.248597211249 2635.550971064242 4855.766622552537
-4263.557486981364 651.2431890517713 5421.903412287828
-3968.030583719326 -1390.930408241612 5506.28029021012
-3005.473576328763 -3610.1429032451338 5092.452606396839
-1921.287103408426 -5140.815667347951 4228.444972905035
-666.385839920655 -6214.7043993089455 2988.721447345478
647.7267298301385 -6736.389372610276 1483.436905401251
1904.2859371335944 -6659.516587997344 -153.65751554351624
2991.6409821015336 -5990.9165297336685 -1777.098791917331
3813.1755972095543 -4789.997247098989 -3242.637041959713
4295.892826660012 -3163.4656885028908 -4420.052760745683
4396.9011262465765 -1255.8463208427547 -5204.727394657367
4107.225465283352 763.3605036150309 -5526.939158983762
3452.604797467629 2714.7393973742155 -5358.0581244614505
2491.2050418903054 4424.901782239105 -4713.090112129947
1308.4507858677755 5741.89222539041 -3649.343360280413
9.434935479189157 6548.690346436782 -2261.3364359904
-1290.4192503312463 6773.608591748008 -672.3998456511539
-2475.614022838154 6396.66198819072 976.2824217523316
-3440.839625362687 5451.343895693914 2538.2177116382722
-4100.331527297756 4021.649975236054 3874.6212190601873
-4395.4909790238935 2234.614805758251 4866.747627673451
-4300.09176796931 249.0243043432622 5426.442152197745
-3822.610532688745 -1758.69309933779 5503.973477950113
-2663.9394689809155 -3880.89836002433 5083.417273156484
-1447.8858064011565 -5305.51180447669 4213.5789932597845
-103.18113598042855 -6258.707242246243 2969.345728825085
1250.6916311750783 -6655.789075657857 1461.2730656252158
2493.4349583308863 -6461.47484124801 -176.64012214671084
3514.6256471798997 -5693.030211477987 -1798.8580598934789
4223.526423596376 -4418.734863966554 -3261.2395648601528
4557.148342635884 -2751.815532493132 -4433.845622774897
4485.847632716086 -840.3853148141345 -5212.485039495058
4015.959674811373 1145.716826056297 -5527.972285842249
3189.2360760509246 3030.016999036138 -5352.274935485555
2079.1348562013436 4645.0868646410545 -4701.004469039283
784.2933802452466 5847.420377694654 -3632.0291255005586
-580.2360043604582 6530.184929208421 -2240.3320552638124
-1893.2088736549713 6632.713892517465 -649.5716503815851
-3037.961826314934 6145.897119290836 998.9060462352728
-3912.778538830932 5112.990416189942 2558.62655701715
-4439.927707226004 3625.772076621709 3891.001869860345
-4572.5698145322285 1816.3879766069556 4877.644591185991
-4298.919027425144 -154.39016621668068 5430.887185394041
-3643.29041923592 -2111.4500652418633 5501.571620123967
-2298.1606623753682 -4119.35348435203 5074.294156740105
-960.5185981110924 -5426.592007082977 4198.640251272478
462.4697587618182 -6251.6540157778345 2949.9187340500116
1844.365648053596 -6521.229130239048 1439.0839918020981
3062.381555650504 -6211.3644185358535 -199.619678433538
4008.291422987765 -5349.59272012195 -1820.586264223837
4598.047007295359 -4012.486232224265 -3279.785770926582
4779.245936807833 -2318.852734087629 -4447.561918779737
4535.787891459585 -419.178994409692 -5220.152672345307
3889.3051869778474 1517.7406384582519 -5528.909952710309
2897.2406486984332 3319.802355104104 -5346.399320555311
1647.743564451007 4826.885063786265 -4688.837646482006
251.8372334985633 5905.077852114824 -3614.6521708936716
-1166.4459408197122 6458.578559275647 -2219.2889872816654
-2481.0852744324684 6438.206218439661 -626.7322379603638
-3575.2692933485023 5845.771001492684 1021.5124210728319
-4351.77494573966 4733.913377319574 2578.991218660297
-4741.606296752045 3201.4267751349566 3907.3153287532236
-4710.125120101513 1384.4793547495924 4888.457324915544
-4260.128656486323 -555.4851319928596 5435.238435117494
-3431.60106647565 -2446.0923270513795 5499.0747582082495
-1911.1896596135914 -4323.350649146125 5065.0834146905645
-463.2046882705085 -5502.887107171275 4183.629004913311
1025.9380523657062 -6193.467896701947 2930.440798496018
2423.9216947942496 -6333.731884024458 1416.870067104716
3606.5292574351497 -5911.2159983268375 -222.5957875806896
4468.680868559992 -4963.462630233735 -1842.283029694049
4933.7705740302845 -3574.683825647389 -3298.2753398931663
4960.4731125024455 -1868.2786759106714 -4461.201411899863
4546.415846251056 4.131232986633189 -5227.730160799318
3728.3895804429444 1876.1740637034482 -5529.752143395808
2579.0795386442906 3581.5105954059577 -5340.431381133998
1200.60696173297 4968.614193506261 -4676.589854561336
-284.5448125052148 5914.234616109299 -3597.212796534342
-1744.4135314479497 6334.349338879894 -2198.2075954269417
-3049.283452888853 6191.629325056796 -603.8820027907021
-4083.211157980546 5498.755874184656 1044.1011558859964
-4754.327632808651 4317.293832998501 2599.311344899789
-5003.001233438537 2752.221288618508 3923.561314029273
-4807.136219168115 942.6018048205528 4899.185642142036
-4184.136056054784 -950.7719858755588 5439.495826228394
-3189.35704258234 -2759.6655132325022 5496.482935320111
-1506.2697546965533 -4491.020387895308 5055.7852060639025
39.940352648769746 -5533.598270489523 4168.54551340455
1582.6015843858947 -6084.49166295471 2910.9122585185296
2984.641720217685 -6094.751269814503 1394.6316751350832
4121.483341323658 -5563.465479975873 -245.5680528243893
4892.113080721304 -4537.841367375255 -1863.9479816327873
5228.057104212212 -3109.0101352945044 -3316.707952472122
5099.465311043153 -1403.9297090265861 -4474.763866601191
4517.763646352989 425.8960329323928 -5235.217374004957
3534.6388558051553 2217.879043351366 -5530.498843355345
2237.445891411895 3812.7937677667132 -5334.37122027919
741.4460406971162 5068.925033746132 -4664.261304778702
-820.4345445159437 5874.660065866075 -3579.7113035750367
-2309.4159200310787 6158.405770612751 -2177.0882437444106
-3593.195556346602 5894.950096921902 -581.0213394627144
-4557.703999001755 5107.702237557144 1066.6718606003917
-5117.24044019105 3866.61261960335 2619.5865848368103
-5222.087611629576 2281.957502047787 3939.7395451441053
-4862.929382020787 494.5404462297301 4909.829357603113
-4071.678536205353 -1336.818698490841 5443.659285207833
-2918.6411841811405 -3049.3956353182443 5493.796196216538
-1086.8078663463557 -4620.798152297617 5046.399691426568
544.7387044931949 -5518.304784156216 4153.390037216017
2127.8828508920947 -5925.48581926086 2891.3334513468585
3521.9552679291605 -5806.161435757962 1372.3691999176565
4603.086503564579 -5170.934128768194 -268.53607746723935
5275.213303045896 -4076.2466321667016 -1885.5807459180278
5478.614250659302 -2619.366733983487 -3335.0832903591872
5195.21627959899 -929.7446065842623 -4488.2490486799725
4450.200543265182 842.489409226975 -5242.614182669008
3309.764959278851 2539.8645438245135 -5531.150039694506
1875.2422339962952 4011.5615676912903 -5328.218942640997
274.09600685816247 5126.813741820719 -4651.852210030131
-1351.4048533398072 5786.526016337831 -3562.14799424092
-2856.8274617760226 5932.080060552171 -2155.9312969344105
-4108.40841325263 5550.542758881883 -558.1506427466015
-4994.939247758374 4675.815374929253 1089.2241454529783
-5437.647810170946 3385.6212754363555 2639.81658834764
-5397.197501925454 1794.5998680666808 3955.8497427233315
-4877.182510422756 44.12038694746566 4920.388287497393
-3923.808449706097 -1710.279384171125 5447.728740158952
-2621.7867888832807 -3312.7133265686716 5491.014587293588
-656.3459105435533 -4711.438512778268 5036.927032852672
1046.9850219266916 -5456.968704126403 4138.162838060596
2657.2867405806473 -5717.62327860018 2871.7047150783387
4031.476871023225 -5470.241933393849 1350.0830258927988
5047.452589630539 -4736.805586644149 -291.4994648850859
5614.939995268327 -3582.4832763921895 -1907.1809489835935
5683.515341568214 -2109.8416055638613 -3353.4010362391814
5247.0854080735 -449.73124919380314 -4501.656725266855
4344.428909616409 1250.3397022802017 -5249.920459059413
3055.750837327659 2839.3124841811978 -5531.70572116808
1495.555893200659 4175.999891745099 -5321.974654460247
-197.52575517615787 5141.631382853769 -4639.362784602525
-1873.0563733780532 5650.406361918194 -3544.523171824641
-3382.157713032824 5657.117939326293 -2134.7371203463836
-4590.739497529962 5161.169761972077 -535.2703075858088
-5391.413931543101 4206.629001846202 1111.7576209988147
-5713.037577908299 2878.3107944189896 2660.0010060897275
-5527.032764223883 1294.2420416487546 3971.8916285674427
-4849.926834454381 -404.82579620962787 4930.862249487619
-3741.8836218902766 -2067.9230855260016 5451.704120808234
-2301.357628535392 -3547.276333762434 5488.13815658557
-218.53095207083518 -4762.026675459213 5027.367393921141
1542.481483515514 -5349.936315854531 4122.864178889741
3166.437670223033 -5462.48063677736 2852.0263886725343
4509.041974248393 -5089.659581421078 1327.7735379101118
5450.998111256991 -4264.59993665235 -314.45781853381374
5908.609144769201 -3060.6118726234995 -1928.7482178255925
5841.214326264524 -1584.675012438061 -3371.660873791445
5254.801981124381 32.06717683424604 -4514.986664830885
4201.47741964267 1645.9600567203406 -5257.136077007472
2774.833151545746 3113.602162390091 -5532.165878180264
1101.632780779254 4304.587052113458 -5315.638463566657
-669.4524969952994 5113.090491887404 -4626.793244169978
-2381.0539825679375 5467.273403029111 -3526.8371406810656
-3881.088372706101 5335.665079577534 -2113.5060799727858
-5036.271029053533 4729.959498624968 -512.3807290902682
-5743.958903158189 3703.976259134193 1134.2718981177325
-5941.2708217687705 2348.878474387259 2680.1394895077333
-5610.674755027642 785.0725293076273 3987.864925656534
-4781.54561426168 -848.4905552350632 4941.251062703791
-3527.5551622012626 -2406.6615304056304 5455.585358506676
-1960.1259535584295 -3750.990067139473 5485.1669537642365
222.91561380247114 -4771.987211691644 5017.720939712972
2027.072873178552 -5197.936388058604 4107.494323888894
3651.115812109956 -5162.026105578437 2832.2988119453307
4950.7410884775545 -4667.447150439177 1305.4411212218097
5810.471293164493 -3758.1450332289505 -337.410741956258
6153.91562462049 -2514.9152374685023 -1950.2821800088584
5950.55754681505 -1048.2241863352147 -3389.8624876953195
5218.466317383419 511.60618381000114 -4528.238637183521
4022.691454790033 2025.9780993769518 -5264.260911910024
2469.482803147861 3360.332969955818 -5532.530502784819
696.8497672992189 4396.107509575758 -5309.210479376968
-1137.7014284487736 5041.268604969835 -4614.143805790049
-2871.1628595586176 5238.490861569467 -3509.0902062221103
-4349.508870706016 4970.250216380149 -2092.238542442595
-5441.381931185885 4260.381027881637 -489.48230252944904
-6049.764327968592 3171.9582886816543 1156.766588021133
-6120.5986152578225 1801.6931356226198 2700.2316908394923
-5647.590855776774 271.3396408634131 4003.7693581551657
-4672.7698647157085 -1283.1235717408956 4951.554547746311
-3282.752765061853 -2723.575624100982 5459.3723862309735
-1601.0486761090392 -3922.026030044924 5482.101030137907
664.2295896285052 -4741.089919723273 5007.987836808301
2496.68140085492 -5002.07522625916 4092.0535384729565
4107.292113109533 -4818.604197696351 2812.5223255631054
5352.95189655981 -4206.979040071987 1283.0861614760274
6122.978412958248 -3221.545332713811 -360.35783878904067
6348.95142711717 -1949.8631850251654 -1971.7824636733963
6010.7922450623 -504.9271365133838 -3408.0055636355514
5138.547794106351 984.8739039138434 -4541.412413482598
3809.720821498484 2387.1645759303847 -5271.2948407316
2142.3834352160106 3577.3451994763295 -5532.799588685213
284.68587901974513 4449.663003127967 -5302.690812893065
-1598.3072668508198 4926.60872192722 -4601.414687900024
-3339.2837980057743 4965.803635716967 -3491.2826749113074
-4783.5503095023405 4563.765104402943 -2070.9348750150552
-5802.777383734855 3756.2160158094302 -466.5754233257047
-6306.40222235341 2614.910650328777 1179.2413022586459
-6249.67554832555 1241.2589982200216 2720.277263122112
-5637.637775579548 -242.68396305598165 4019.6046514170357
-4524.67114610743 -1705.0633892134174 4961.772526689075
-3009.667629111397 -3015.9404506917995 5463.065138584702
-1227.241935559972 -4058.837967889546 5478.9404386506
1101.6359476683315 -4669.452762255212 4998.16825328356
2947.3409707629803 -4763.8285595345 4076.542089281668
4531.161814412491 -4434.91728358186 2792.697271036831
5712.3690461753895 -3711.9441446690257 1260.7090447102241
6386.00721986693 -2659.1484789037863 -383.29871276938087
6492.220627542206 -1370.0758013070297 -1993.2486975407626
6021.571741819397 40.734123714456814 -3426.0897883077846
5015.8797816035985 1447.9246430851583 -4554.507766236272
3564.5048909664583 2726.460703805105 -5278.237742006543
1796.40809819487 3762.7387661162516 -5532.973131234725
-131.30743750842785 4464.68097655087 -5296.079576700044
-2047.3557311558945 4769.916689289186 -4588.606110313149
-3781.4874834175143 4651.324371749545 -3473.414854258692
-5179.617477993005 4119.441471779157 -2049.595445573323
-6117.515729271908 3221.528119170051 -443.6604870472969
-6511.845861729404 2037.3678557293938 1201.6956527248556
-6327.569912607364 672.1785174656061 2740.2758601978976
-5581.06160866696 -752.7368318818468 4035.3705319898218
-4338.651488711038 -2110.768210385407 4971.904823082541
-2710.7331441246943 -3281.248570442501 5466.663551799439
-841.9542638264063 -4160.175595493603 5475.685233881102
1531.3809746470884 -4557.541848347572 4988.2623587086
3375.2306095873114 -4485.030320476505 4060.960244175118
4919.176192910144 -4014.004166399731 2772.8239907161833
6026.031384043773 -3186.316126971185 1238.3101573444355
6597.447241901941 -2075.5099167432504 -406.23296774196206
6582.650959896779 -780.2855421874061 -2014.6805109205018
5982.957252616852 584.2706270184698 -3444.1148494239296
4851.651537666475 1896.9117869843415 -4567.5244693069735
3289.2552924723223 3041.004010216405 -5285.089495841117
1434.5942798829446 3914.8896819144275 -5533.051127436529
-547.5367300873671 4440.920225163973 -5289.376884964274
-2481.0166987640423 4572.355517750284 -4575.718294214807
-4194.047445993085 4297.516957132789 -3455.487052815359
-5534.418672371578 3640.8251555315082 -2028.2206226180995
-6383.032512313541 2660.63006136323 -420.7378894016361
-6664.485902059648 1444.0263102601168 1224.1292516659853
-6353.77047279309 99.11448448529772 2760.227136720354
-5478.494653956406 -1254.6040981927868 4051.0667276198374
-4116.4305431379 -2496.8456010070413 4981.95126195678
-2388.6035139036985 -3517.2314149453737 5470.167563735852
-448.5385802452972 -4225.095782549974 5472.335472042034
1949.7643166524415 -4406.1684531482015 4978.270324143716
3776.706773307033 -4167.858404426991 4045.3082722289064
5268.0722593486 -3559.215846127101 2752.902827783618
6291.346406592732 -2634.3213405373376 1215.8898861746673
6755.606816492141 -1475.3558233120361 -429.16020766578794
6619.60191425401 -185.2984666930745 -2036.0775337165803
5895.41633228989 1121.2234718604864 -3462.0804357175607
4647.397137593371 2328.1197845310835 -4580.462297915292
2986.4363124552383 3328.1524375607146 -5291.849983915549
1060.1175151956083 4032.4641411566463 -5533.033575943746
-960.3973755382733 4378.473709633412 -5282.582853431433
-2895.576744821105 4335.436674393854 -4562.751462158719
-4573.471413297338 3907.177064883928 -3437.499580168211
-5844.993076353388 3131.7476267949232 -2006.810775261304
-6597.161454245794 2078.0486686171066 -397.8080262284162
-6763.143085762276 839.7059668662952 1246.5417116866208
-6328.189774544202 -473.2482950295462 2780.1307481601275
-5330.949031054459 -1744.1523690960735 4066.6929672567653
-3860.030071671033 -2860.080851081812 4991.911669824498
-2046.1305009566743 -3721.8785981908472 5473.577113884784
-50.423255936532684 -4252.9710986554155 5468.891210978883
2353.170651745729 -4216.48309403511 4968.192322136719
4148.334260116319 -3814.8175195039867 4029.586443729704
5574.900164810512 -3074.1886673139948 2732.9341262484686
6506.111724814885 -2060.4046611783974 1193.448618366187
6859.226706468429 -863.5446589601632 -452.08003662094285
6602.869294031648 410.04507580998416 -2057.4393964337187
5759.8179686055155 1647.200506141256 -3479.986236949304
4404.98154012397 2737.994942881503 -4593.321028643864
2658.7431708593067 3585.506513453837 -5298.519089486105
676.263803161563 4114.430095569628 -5532.920477059463
-1366.304571181888 4277.768507814977 -5275.697599424502
-3287.4707884469844 4061.0084154630745 -4549.705838063094
-4916.5307993306305 3483.4099039553844 -3419.4527469345744
-6108.73547285373 2596.2951357886654 -1985.3662732196753
-6758.152191869681 1478.4881511535982 -374.87129349284726
-6807.077430975609 229.311006050153 1268.9326457563927
-6251.163967972074 -1040.2414282556329 2799.9863508109934
-5139.807153632994 -2217.3638466365824 4082.248981058318
-3571.7559180214544 -3197.4637565029007 5001.785874684026
-1686.3384947010081 -3893.4549797653704 5476.892143368294
348.9175042482233 -4243.495641929929 5465.3525101689875
2738.100720458737 -3989.966706767624 4958.028526719952
4486.915467924832 -3428.719263476554 4013.7950301704795
5837.048085561599 -2562.8150669389374 2712.9182309409944
6668.533365332603 -1469.1935049751237 1170.9867414468442
6907.490191217149 -245.02765264475832 -474.9920588155469
6532.686200590634 1000.9099819092212 -2078.76573018384
5577.424372820432 2157.9123721494757 -3497.8319439121706
4126.583913401403 3123.1747782817833 -4606.1004394412475
2309.078364061478 3810.929399536966 -5305.096697387104
286.40106885115864 4160.066219655092 -5532.711832736733
-1761.7242181769593 4139.562900006954 -5268.72124184174
-3653.3125772206818 3751.241250520621 -4536.581647206764
-5220.288081480149 3029.605353874455 -3401.3468647568275
-6323.418080843209 2038.7757263324186 -1963.8874868083656
-6864.684633860153 866.7919284858465 -351.9280872787107
-6795.9938319862995 -382.21013606040856 1291.3016672166184
-6123.449154412762 -1597.2511527161466 2819.7936017957295
-4906.809147155641 -2670.3693950318316 4097.734500394898
-3254.1776139964722 -3506.2135978758624 5011.57370602231
-1312.3981191104683 -4030.515335783683 5480.112594940674
745.9937080227854 -4196.688098481902 5461.719430720544
3101.2014492416647 -3728.4189899220755 4947.779113407289
4789.517748165758 -3012.659587009335 3997.93430424582
6052.264376712873 -2029.2121589519838 2692.855487506401
6777.240755464302 -865.4603255208652 1148.5046433003774
6900.029551661547 375.19145584287537 -497.8958785925115
6409.720441912717 1582.5058298543872 -2100.056166692375
5349.87954230509 2649.2076161708856 -3515.6172484369245
3814.678367803958 3480.5156799344763 -4618.800309625687
1940.5262798831898 4002.564651544389 -5311.5826940328825
-106.0500838645196 4168.968188898927 -5532.407646578539
-2143.203432267739 3964.94060745424 -5261.65390115463
-3989.923750420639 3408.6106531819764 -4523.379116225304
-5482.121833856679 2549.4106839330193 -3383.18224629706
-6487.209334459135 1463.6843875121044 -1942.3747869345782
-6915.879817045635 247.9033099876032 -328.9788037816069
-6730.044028048949 -989.9050645350446 1313.6483897870496
-5946.214292848358 -2139.756029946936 2839.5521590721287
-4634.03732319656 -3099.480281933377 4113.149257854256
-2910.1058012409176 -3783.8021090248494 5021.2749948178125
-927.5986080560403 -4131.91651378741 5483.238412989439
1137.3297921540118 -4112.892003683 5457.992035371516
3439.294909073489 -3433.9440100359298 4937.444259191094
5053.498622982101 -2569.993824975728 3982.004539847261
6218.676807325317 -1477.6884103342973 2672.746242398904
6831.298267124005 -254.08389570588943 1126.0027121597154
6836.928897230057 992.09708808482 -520.7911004364069
6235.068391448936 2150.1258918528097 -2121.3103383046237
5079.194696940628 3117.106574457617 -3533.3418433973884
3472.0122639303213 3807.1186587249845 -4631.42041988903
1556.3263045949811 4158.851542899575 -5317.976967419764
-497.646076729123 4141.052216668156 -5532.007923837729
-2507.400420252 3755.3022282774436 -5254.495699405807
-4294.3612328900135 3035.8771570318813 -4510.098473107094
-5699.749204491867 2046.7010776565721 -3364.9592052316643
-6598.689446337216 875.6666257317369 -1920.8285450911542
-6911.307173003829 -373.17464868905 -306.0238393020726
-6609.824927577089 -1588.857717923841 1335.9724275724943
-5721.030730596193 -2663.363806333857 2859.261681438825
-4323.897846871985 -3501.2183325715578 4128.492987246098
-2542.5676643400457 -4027.9742451166917 5030.889573543488
-535.3191869570738 -4196.826969509383 5486.269543536288
1519.4947493965744 -3992.7732001893637 5454.170388488555
3749.405860787407 -3108.933183294349 4927.024142539173
5276.528650180647 -2104.309498243575 3966.0060120585076
6334.808713340746 -912.7086796637335 2652.5908428757334
6830.213222470377 359.9903104603187 1103.4813366002459
6718.723312886477 1600.7025817084939 -543.6773289802325
6010.245352321 2699.185404004291 -2142.5278779921555
4767.730716674508 3557.8337579742642 -3551.00542271575
3101.582284009826 4100.352969251952 -4643.960552300444
1159.8446543412394 4278.5378251089705 -5324.279407128012
-884.9502627600026 4076.555819151074 -5531.512671416932
-2851.1134654747716 3512.353938991049 -5247.246760206925
-4563.942724876734 2636.0639976402904 -4496.739947189407
-5871.2456446406495 1525.5482019228696 -3346.6780562458753
-6656.862623341107 279.48075370658967 -1899.2491333501537
-6850.988144797252 -991.4197859576014 -283.0635902387367
-6436.373304521893 -2174.228326865389 1358.2733950694949
-5449.858450580743 -3163.84713948734 2878.9218285411976
-3979.099756995604 -3872.344249451355 4143.765423606663
-2154.780588009745 -4236.766579348774 5040.417276169626
-138.99970768035504 -4224.733605927162 5489.205934238032
1889.1319066666101 -3837.3145116808582 5450.254556065912
4028.787650125822 -2756.0457720661857 4916.518943391688
5456.611739496373 -1619.397107394579 3949.938997150716
6399.591929866446 -338.85790312382875 2632.3896369911386
6773.940293121284 971.7903128929153 1080.9409055332192
6546.394334384945 2196.0906949775563 -566.5541690123332
5737.172510660154 3225.2587814281637 -2163.7084193591195
4418.177732196326 3967.8484713338526 -3568.607681367861
2706.608473373228 4357.877411945309 -4656.420490310197
754.5451739352966 4360.689820275396 -5330.489904323715
-1264.5627754737523 3976.0358015019397 -5530.92189786843
-3171.308772839638 3238.0935532193103 -5239.9072087365685
-4796.270068679387 2212.432482593646 -4483.303769154429
-5995.061720832467 990.1870767894968 -3328.33911502838
-6661.165830194545 -320.0407961518099 -1877.636924356433
-6735.396123499073 -1601.8316398791221 -260.09845308150005
-6211.15691343167 -2741.2927128808033 1380.5509071729805
-5135.029154392693 -3637.17789837811 2898.53226087729
-3602.6315202816363 -4209.883866112215 4158.96630320334
-1750.12426570556 -4408.523177571193 5049.85793816675
257.8892101723083 -4215.445858217663 5492.0475343875005
2242.988097998192 -3647.8076751820486 5446.244605724292
4274.946229028618 -2378.187055940622 4905.928843158045
5592.102744543099 -1119.2191570851128 3933.8037725777313
6412.376390666246 239.19627548979173 2612.1429735903607
6662.882254228399 1576.3580692918588 1058.3818081988597
6321.361789925191 2773.4535309038934 -589.4212254831654
5418.16058974784 3724.115475194764 -2184.851596648562
4033.5320439652605 4343.873416503014 -3586.1483153884496
2290.5064752125445 4577.659141980458 -4668.800018753395
343.95935441511364 4404.699763966676 -5336.608351760678
-1633.1500644628748 3840.3634822179215 -5530.235613394018
-3465.1469331523404 2934.794051916545 -5232.4771717380445
-4989.250290284359 1768.4552909708239 -4469.790171025292
-6070.036864160352 444.98151668411856 -3309.9426982658515
-6611.474024737666 -918.0308181291944 -1855.9922913212024
-6565.452704241166 -2199.4720860398247 -237.1288244046661
-5936.062098958208 -3285.480606881558 1402.8045791829425
-4779.226326203353 -4079.559757707702 2918.0926398036518
-3197.735321076049 -4511.152121208393 4174.095363539175
-1332.1114996408355 -4541.908821874707 5059.211396508444
651.8762744125111 -4169.096991878887 5494.794294914419
2577.941980772378 -3425.8425983738343 5442.140606709659
4485.6620950636525 -1978.4843569490663 4895.254024713791
5681.722177166447 -607.8776650453216 3917.6006169712573
6372.936310000925 816.7416250249106 2591.8512023036774
6497.887084521468 2168.7898375000777 1035.8044341597752
6045.472076074483 3328.13155533594 -612.2781035121325
5055.890343551062 4191.754179215424 -2205.9570447487663
3617.070566593787 4682.921049061399 -3603.6270218764516
1856.8581965419078 4757.989833037727 -4681.098923853706
-68.3441729606551 4410.290340254191 -5342.634643782268
-1987.473862772239 3670.7171964986837 -5529.453829844825
-3730.0077779910953 2604.98472115719 -5224.956777517215
-5141.114133265937 1307.7879215537123 -4456.199386162048
-6095.409936392327 -105.61157401257094 -3291.489123637481
-6508.10181740434 -1509.6270177590886 -1834.3156080156082
-6342.520291605563 -2779.5054760886583 -214.15510086009064
-5613.378004205785 -3802.4126752088655 1425.0340268110103
-4385.462447228689 -4487.458821523591 2937.602627541142
-2767.879306530362 -4773.774558657266 4189.152343357446
-904.3579428085634 -4635.919476889653 5068.477489674172
1039.5195928412654 -4086.142605202858 5497.446168386253
2891.0312508105576 -3173.294031302312 5437.942629892064
4659.009958103957 -1560.2611172073048 4884.494672397416
5724.5679145795575 -89.58042291371402 3901.32981013608
6281.47288999226 1389.0598850729966 2571.5146735402536
6280.241433339396 2744.2761264820556 1013.2091732941116
5720.982964948752 3855.6513909957444 -635.1244083944056
4653.390054002196 4624.4351091720355 -2227.0243991995303
3172.323015691631 4982.317473899184 -3621.0434990001936
1409.3811559265973 4897.499066530279 -4693.31699322703
-478.7904045098004 4377.516374779512 -5348.56867632324
-2324.4193363684576 3468.5721427153762 -5528.576560721108
-3963.5134096445286 2251.430054192841 -5217.346155940277
-5250.431922881555 834.2385251172335 -4442.531649257671
-6070.826518629583 -657.0787579105234 -3272.978709809482
-6351.801536814 -2090.0117097552857 -1812.6072487642377
-6068.391114030566 -3337.2379493229814 -191.17767917038609
-5245.777510069751 -4287.935951865799 1447.2388661871641
-3957.053553623803 -4857.6320277883615 2957.061887180841
-2316.728023694887 -4995.706180674891 4204.136982646145
-470.5510420672167 -4689.889916112984 5077.656057652071
1417.4364646273996 -3967.356351261521 5500.0031090090315
3179.4785211223734 -2892.3057641439004 5433.650747764436
4793.375962197878 -1127.00924412209 4873.650972007175
5720.123794455851 431.39371289837464 3884.991633045213
6138.613525226618 1951.4654453877179 2551.1337384821923
6011.6605054192405 3298.1409091892947 990.5964157890256
5350.545067967778 4351.7620795564 -657.9597456077377
4214.010220747099 5018.710091761597 -2248.0532961984773
2703.0420725337653 5239.723688067305 -3638.3974460026047
951.8967740710384 4995.164840539555 -4705.454015885199
-883.8287300980646 4306.763676010025 -5354.410346911546
-2641.022172979457 3235.687658945913 -5527.603821172022
-4163.549205856712 1877.1065938030533 -5209.645438431545
-5316.126620358874 351.7363702541666 -4428.787196333972
-5996.342855204727 -1204.887173361437 -3254.4117764296316
-6143.757712848442 -2654.4512040635964 -1790.8675884386812
-5745.27273626893 -3868.155596417468 -168.19695612198447
-4836.295064357801 -4738.157388908409 1469.4187138663326
-3497.591352247163 -5187.15310433362 2976.4700826898165
-1848.1112995625147 -5175.247502992323 4219.049022642502
-34.41844760890775 -4703.498449810569 5086.746941941709
1782.3326344576406 -3813.8229184001693 5502.465072628129
3440.7156403146805 -2585.272484003711 5429.2650344412905
4887.472310911838 -682.3599534274931 4862.723110797908
5668.265018870603 950.7302134191908 3868.586367835064
5945.407505131396 2499.3438285927846 2530.7087490784033
5694.2744435701625 3825.879776406159 967.9665521337133
4937.180108785927 4812.469516488971 -680.7837208192781
3741.39565487801 5371.450220857134 -2269.043372607353
2213.171778189798 5453.154000881101 -3655.6885632064195
488.2978766650158 5050.321117154605 -4717.509782239594
-1279.9634340613652 4198.745039199751 -5360.159554670074
-2934.4943766443807 2974.0920386228877 -5526.535627995355
-4328.282616046095 1485.1779088264286 -5201.85475797111
-5337.483950656693 -135.700795765141 -4414.966264737533
-5872.426413088937 -1744.5218891398606 -3235.788644121683
-5885.578017999381 -3198.3345569562794 -1769.0970024510539
-5375.7701875768635 -4367.96116372712 -145.21332855831534
-4388.301584809251 -5149.475252618951 1491.5731868350092
-3010.9131284869986 -5473.435867215663 2995.826878916957
-1365.9918275240723 -5311.057685232582 4233.888205837387
400.3038418707621 -4676.768720723832 5095.749985556809
2131.0307582109153 -3626.928331717283 5504.832016729036
3672.406239809588 -2254.819443924821 5424.785565657478
4940.349166080166 -230.0533535192908 4851.711277477784
5569.2603144122 1464.1146591894778 3852.114297800541
5703.318243512373 3028.1896592679063 2510.2400580385593
5330.6113180766 4323.196719128941 945.3199731127982
4484.256184027269 5234.068778459041 -703.5959398923806
3239.455209192967 5679.870857490561 -2289.994265958223
1706.814422906833 5620.991485131333 -3672.916552019366
22.515684913711002 5062.662352003345 -4729.484084104774
-1663.7836704924448 4054.4934517720703 -5365.816200318424
-3202.24854538097 2686.0650154994014 -5525.371999637239
-4456.179584176132 1078.9679149974263 -5193.974249092646
-5314.159511295225 -624.0002197247528 -4401.069093135613
-5699.953045030844 -2271.523196544546 -3217.1096344798725
-5579.280736883535 -3717.2113689359853 -1747.2958667475118
-4962.864850993886 -4832.6089984840655 -122.2271933730091
-3905.476643919762 -5518.608110961546 1513.701902517875
-2501.0696981313877 -5714.254674767295 3015.1319415986827
-874.4317339004724 -5402.164634126363 4248.654275979838
829.9033272679525 -4610.0685587342905 5104.665033027994
2460.497835837879 -3408.3476609460154 5507.103900438097
3872.4663139766917 -1903.7801161953466 5420.212418766866
4951.403712691848 226.09297427420321 4840.615662205045
5423.7708227049025 1967.2686150886116 3835.575707390206
5414.212093294405 3533.643806236274 2489.728018826995
4923.576859516272 4786.039238059416 922.6570697995534
3995.4602150089686 5613.17408039371 -726.3960088934109
2712.3293966097476 5941.553772676314 -2310.905614459843
1188.1962084602412 5742.000338177356 -3690.0811149392644
-441.51342712412674 5032.244975277895 -4741.376714702075
-2031.9926571587532 3875.352562681658 -5371.380186174609
-3441.9204223519264 2374.1180681865494 -5524.112956191832
-4546.018453400149 661.9327646875164 -5186.004047880991
-5246.182794990366 -1109.0681697980685 -4387.095921512019
-5480.200772751703 -2781.5235303316067 -3198.3750700633586
-5227.278862389076 -4206.828318680232 -1725.4645578017478
-4509.890285567731 -5258.337949552109 -99.23894750296967
-3391.7781655461604 -5842.621177770272 1535.8044787843928
-1972.2916709424746 -5907.761874422823 3034.384937364841
-377.55840611613587 -5447.972002746942 4263.346978081432
1250.7225799813916 -4504.105910595657 5113.491930405437
2767.8713761419654 -3160.030242344697 5509.2806845232035
4039.0826539288314 -1535.1720194971276 5415.545672741012
4920.386306390347 682.2161358075991 4829.436456584728
5232.845722774508 2455.985299385717 3818.9708822012954
5080.343832724937 4011.529391199426 2469.1729856566185
4476.431098416057 5210.631492298308 899.9782335491636
3474.767816518605 5946.746118826808 -749.1835340985483
2164.356165356063 6154.466255832045 -2331.777057003829
661.6319707810433 5815.33505757629 -3707.18195555925
-899.8811279219441 4959.485819277325 -4753.187468663172
-2381.4358393457815 3662.9645015905303 -5376.851416156732
-3651.3895256847004 2040.9727132824632 -5522.7585194009735
-4596.901228807533 237.6315427380111 -5177.944291969866
-5133.958084582034 -1586.8242332075367 -4373.046991162988
-5214.840234537462 -3270.283712369154 -3179.5852743906476
-4832.360944704804 -4663.164132283092 -1703.6034526085373
-4020.5051784684115 -5641.7019550849345 -76.24898792155672
-2851.4098834287242 -6118.949800976247 1557.8805339554401
-1428.9543070402297 -6052.5021044819005 3053.585533744371
120.47013039147016 -5448.26303503634 4277.966058420711
1659.1902680634237 -4359.921885619287 5122.230525261542
3050.484069181401 -2884.18254346289 5511.362331394478
4170.728973923754 -1152.1709252932087 5410.785408167789
4847.403644560125 1134.4405541148649 4818.173853665343
4997.914613919729 2926.164749551377 3802.3001089748423
4704.338936845536 4457.8863657277725 2448.57531348272
3992.7621005812407 5593.5052151971395 877.2838559919081
2926.4108297324156 6232.116579602929 -771.9581220005998
1600.035114319474 6316.97703671785 -2352.6082331709194
131.48925736078826 5840.546362523264 -3724.2187785728356
-1348.7399971454975 4845.1575132029375 -4764.916142033629
-2709.127784057417 3419.2551562109998 -5382.229795784661
-3828.7976785443766 1689.5369734356084 -5521.308712653803
-4608.2620968908095 -190.30398384043457 -5169.795120539453
-4978.262204903366 -2053.2355970169497 -4358.922544692976
-4905.921869266414 -3733.728216922514 -3160.7405719340086
-4397.668846261624 -5082.462699558119 -1681.712928677161
-3498.6636474146358 -5979.598067317787 -53.25771163173311
-2288.786829862308 -6345.419905762377 1579.9296868098224
-875.5412583011556 -6147.423339163371 3072.733399171081
615.4999963095609 -5403.201231356728 4292.511264547551
2051.8513751709615 -4178.880982585966 5130.88066669358
3305.8867549469414 -2583.2488197953357 5513.348805104929
4266.17958890083 -758.0836629651533 5405.931707249995
4732.918927017168 1578.9107942255869 4806.828047935576
4720.7767147989625 3373.8481909119323 3785.5636755906976
4289.172774683477 4869.004369946852 2427.9353579970075
3476.4570108126736 5931.528143438242 854.5743290264709
2354.8427853508597 6467.009611302628 -794.7193793157369
1023.9904443532731 6427.868895198546 -2373.398783237188
-397.8479413331653 5817.5838195180395 -3741.1912897790226
-1784.3357915052 4690.380891427279 -4776.562532276419
-3012.2775761733706 3146.41703773567 -5387.515232181653
-3972.5652790361196 1322.880222417509 -5519.763560986362
-4579.873123540923 -618.2003060266877 -5161.556674314017
-4780.239142576949 -2504.351024353031 -4344.722826010501
-4555.859936061064 -4167.979164002168 -3141.8412881138725
-3926.6725811641245 -5461.264064054426 -1659.7933640249207
-2948.583135511968 -6269.291685652842 -30.2655156591698
-1708.499138625592 -6520.265228647603 1601.9515565909542
-316.6074956473551 -6191.884592364355 3091.8282029893526
1103.4161127282352 -5313.327837411571 4306.982345287538
2425.3963572260914 -3962.658586949593 5139.442205326238
3531.8694917078014 -2259.8897311963615 5515.240071351063
4324.520522497287 -356.31975546361775 5400.984653803943
4577.748997700146 2011.824305499569 4795.399235320877
4403.586961078133 3795.2513202299488 3768.7618710625698
3838.1468981412413 5241.453599971825 2407.2534756212804
2931.6706398742667 6221.929725615928 831.8500448131686
1764.7025798297761 6649.560090650184 -817.4669129903745
440.9329512976921 6486.34786051636 -2394.148348180267
-922.0155049595902 5746.795158106911 -3758.0991960873844
-2203.038837402812 4496.6144865044935 -4788.126438275452
-3288.3125012660917 2846.8898847084984 -5392.707634075959
-4081.4051688701506 944.2066232856688 -5518.1230910811555
-4511.847076268519 -1042.3735401985946 -5153.229095559466
-4541.39157102566 -2936.334240255284 -4330.448080323914
-4167.413495128527 -4569.3887571747055 -3122.8877492932083
-3423.142441796323 -5796.433030586898 -1637.8451371706244
-2374.710160297335 -6508.438792004062 -7.27279704542669
-1115.2744598120494 -6642.141204938463 1623.9457630133852
243.25827072890544 -6185.660223257504 3110.8696154598756
1580.1764363942552 -5179.55618541733 4321.3790507463
2776.6889911958865 -3713.2258503949092 5147.914993314296
3726.480543830843 -1916.9591033416364 5517.036097473478
4345.15794675591 49.63787247998328 5395.944333258007
4383.058484259765 2429.463804274525 4783.887613180102
4048.8391099877576 4186.796224707526 3751.8949855330316
3354.862612755552 5572.113427122698 2386.530023501376
2362.7918498079366 6462.323898720995 809.1113957671241
1160.776662063645 6778.328532476607 -840.2003302079053
-144.37862608948592 6492.048929916856 -2414.856569685552
-1436.7052397194047 5628.922290046515 -3774.9422055231344
-2601.374287923149 4265.641202586945 -4799.607660338967
-3534.8998147018965 2523.3391748194244 -5397.806911802393
-4154.33398029205 556.8273878776173 -5516.387331266702
-4404.63734073886 -1459.160956073844 -5144.812528080895
-4263.569344028431 -3345.496445655754 -4316.098554137204
-3743.6645007351844 -4934.569894571836 -3103.8802827718805
-2891.1186377505574 -6085.185153351896 -1615.8686271280171
-1781.6841963366185 -6695.105006861447 15.720047158854538
-513.9392952858689 -6710.1353995269665 1645.911926269357
799.4713675364943 -6128.940815000327 3129.8573077653255
2041.845490930926 -5003.162942647148 4335.701132313773
3102.7926819647882 -3432.832086820839 5156.298884345107
3888.0431268246703 -1557.4790353450169 5518.736852457432
4327.823877469951 456.26286330536726 5390.810832651143
4150.350977852453 2828.22902206012 4772.293380302138
3659.3459852887854 4545.141667666541 3734.9633102684975
2843.192043156856 5858.1985300751185 2365.765359500982
1774.4080108476667 6650.728744805716 786.358774551521
547.9600399133692 6852.312524317952 -862.9192383954775
-727.1765852502648 6445.038265166322 -2435.523090152341
-1937.7003796525253 5465.094072570098 -3791.720027232126
-2976.05099186461 3999.5522884557004 -4811.006000203076
-3749.9664132648572 2178.6327317658875 -5402.8129773038945
-4190.680862389965 164.13209608642873 -5514.556311517032
-4259.034926391674 -1864.952396612172 -5136.30711722011
-3948.955046716553 -3728.327684662988 -4301.674495245652
-3287.9931814368847 -5260.424696434931 -3084.8192167810353
-2334.8786928661357 -6325.109888935086 -1593.8642133992678
-1174.2999859878469 -6827.781310515803 38.71261990092979
90.62042797605926 -6723.774399432433 1667.8496670353813
1347.4888192331098 -6022.330626161534 3148.790952016048
2484.6269155440086 -4785.7763481935335 4349.948342668588
3400.99500680319 -3123.984839654962 5164.593733641137
4015.169766687154 -1184.6135687313679 5520.342306933377
4272.57907251866 860.0158163649819 5385.584240631394
3881.457320544963 3204.667549274359 4760.616736902411
3238.2170202354364 4867.211485177137 3717.96713765424
2307.246926996665 6097.282321216125 2344.9598421954533
1171.2678191078726 6785.582865532315 763.5925740708307
-68.78357453284003 6870.954594206023 -885.6232452308328
-1302.7232457245389 6345.81185449693 -2456.147552700105
-2420.9102396268095 5256.815883379156 -3808.4323714859697
-3323.988734748645 3700.7287518666094 -4822.321261035132
-3931.7162437037664 1815.8156303700805 -5407.725744133037
-4190.093510353265 -230.4406784604718 -5512.6300634511745
-4076.162580685371 -2256.221321737564 -5127.7130098531
-3600.0467177787255 -4081.5267993140837 -4287.17615273167
-2804.05090545264 -5544.170709286194 -3065.7048804773754
-1758.9028648023718 -6514.190721545815 -1571.832275968393
-557.4685857963184 -6905.396301140968 61.7045241327206
693.4992234683305 -6683.027115547206 1689.7586064787959
1882.8465833566 -5866.8416427556385 3167.6702212557193
2904.894761577503 -4529.361543794742 4364.120435782274
3668.8302923115484 -2789.427794891942 5172.799397962481
4106.774151177165 -801.641145210741 5521.8524331774615
4179.813104429173 1257.3748381666442 5380.2646474543535
3578.521092317574 3555.5045115687158 4748.857884619449
2788.833278946992 5150.220853078133 3700.9067611892724
1751.3453901487107 6287.317470419603 2324.1138308656214
558.2427777830587 6865.758339076029 740.8131874639996
-684.462155196699 6834.146449421346 -908.3119586489263
-1866.3496219745414 6195.2906565778585 -2476.729601174526
-2882.4037344995168 5005.9561013122 -3825.078949686915
-3642.343625993772 3371.820378168439 -4833.553247437142
-4078.6453021567545 1438.0836174344017 -5412.5451274535335
-4152.541444383013 -623.4331836346886 -5510.608620332614
-3857.466056147863 -2629.555210446386 -5119.030354387526
-3219.6378806130083 -4402.029717196946 -4272.603776960403
-2295.730750237561 -5783.364565585335 -3046.5376039374923
-1167.8378680550543 -6650.822092444085 -1549.7731952946776
63.82253367620966 -6927.324889737154 84.69536281770993
1289.8120232097633 -6588.304470512524 1711.6383662642618
2401.196054234301 -5663.8842867849 3186.494789466991
3299.223278364804 -4236.203128629632 4378.217166923526
3904.1000358097067 -2432.116732224394 5180.915735609328
4162.080372212102 -411.92609099254673 5523.267205112018
4050.2416025545854 1644.8659911318573 5374.852144981612
3243.981413506549 3877.670825073284 4737.01702651142
2314.8201579669217 5391.700201037352 3683.782475481327
1179.9769729709801 6426.653353052651 2303.2276854915826
-59.71234431707834 6890.570151745505 718.0210080977079
-1294.0959577692654 6742.229553686722 -930.9849868489532
-2413.4934663270833 5994.812271995813 -2497.268880153766
-3318.441488960108 4714.729612137737 -3841.6594743729333
-3928.531422558413 3015.7225359911217 -4844.70176544914
-4189.554099186221 1048.7552782413054 -5417.271044041685
-4078.3165085459937 -1011.3984883669835 -5508.492017068715
-3604.702598724248 -2981.685060834682 -5110.259300760138
-2810.7950440290465 -4687.035830737872 -4257.957619575453
-1767.136014700973 -5975.922898362049 -3027.317718152236
-566.4591955180562 -6733.822991561051 -1527.6873523062143
684.5500090518692 -6893.393361064386 107.6847389377295
1874.7339412193023 -6440.455479278655 1733.488568560363
2898.339535575007 -5415.254864685676 3205.264331577123
3664.4149430413254 -3908.8850909108114 4392.23829266243
4104.89100179831 -2055.1937229488444 5188.942606424404
4180.629481028061 -18.889373633783567 5524.586598306006
3884.9006844781748 2019.0933794233017 5369.346826679161
2880.55320144897 4168.329788335993 4725.0943670526285
1820.0179895158165 5589.516569397834 3666.5945762417527
597.7661921967792 6514.050274079243 2282.3017667465156
-677.5997545526578 6859.782025469924 695.2164295595292
-1892.7579895125682 6595.992040240012 -953.6419383009013
-2939.7363708726366 5746.1192162004845 -2517.765034954547
-3725.5062748601044 4385.678483372699 -3858.173659222624
-4180.2485972112545 2635.5509710642 -4855.766622552555
-4263.557486981364 651.2431890517704 -5421.903412287828
-3968.0305837193264 -1390.9304082416131 -5506.28029021012
-3319.926749678423 -3309.51373476517 -5101.400000434187
-2376.832854670024 -4934.032242393022 -4243.237933494514
-1222.5469299650213 -6120.1403326403915 -3008.045555020902
40.36765452622527 -6762.447096539203 -1505.5751283931718
1299.6953957622827 -6803.880759400215 130.67225549991915
2443.539497465547 -6240.7597584496025 1755.3088360460754
3370.2643915225417 -5123.119865837637 3223.978523463595
3997.5265042310884 -3550.2682907047624 4406.183570874666
4269.590844182583 -1661.959797847 5196.879871795401
4162.283300837647 374.0211164399079 5525.8105899754355
3685.138620333879 2376.768613166495 5363.748787615794
2491.2050418903054 4424.901782239108 4713.090112129944
1308.4507858677796 5741.8922253904075 3649.3433602804134
9.434935479193411 6548.690346436782 2261.3364359904003
-1290.4192503312513 6773.608591748006 672.3998456511423
-2475.6140228381573 6396.661988190716 -976.2824217523422
-3440.8396253626925 5451.3438956939035 -2538.217711638288
-4100.3315272977525 4021.64997523606 -3874.6212190601846
-4395.490979023894 2234.614805758215 -4866.747627673466
-4300.09176796931 249.0243043432624 -5426.442152197745
-3822.6105326887455 -1758.6930993377903 -5503.973477950113
-3005.4735763287654 -3610.1429032451306 -5092.452606396839
-1921.2871034084283 -5140.81566734795 -4228.444972905035
-666.3858399206657 -6214.704399308939 -2988.721447345485
647.7267298301258 -6736.389372610275 -1483.436905401262
1904.2859371335885 -6659.5165879973465 153.6575155435131
2991.64098210153 -5990.916529733669 1777.0987919173306
3813.175597209552 -4789.997247098988 3242.637041959714
4295.892826660014 -3163.465688502873 4420.052760745695
4396.901126246577 -1255.846320842776 5204.727394657362
4107.225465283355 763.3605036150111 5526.9391589837605
3452.604797467634 2714.739397374206 5358.058124461452
2079.1348562013427 4645.0868646410545 4701.004469039283
784.2933802452455 5847.420377694653 3632.0291255005595
-580.2360043604593 6530.184929208421 2240.3320552638133
-1893.2088736549615 6632.713892517466 649.5716503816003
-3037.9618263149428 6145.89711929083 -998.9060462352832
-3912.7785388309317 5112.990416189945 -2558.626557017146
-4439.927707226003 3625.772076621717 -3891.0018698603385
-4572.569814532229 1816.387976606954 -4877.644591185992
-4298.919027425146 -154.39016621666966 -5430.887185394039
-3643.2904192359183 -2111.4500652418665 -5501.571620123967
-2663.9394689809146 -3880.8983600243305 -5083.417273156485
-1447.8858064011538 -5305.5118044766905 -4213.5789932597845
-103.18113598043824 -6258.707242246238 -2969.3457288250975
1250.6916311750813 -6655.789075657856 -1461.2730656252154
2493.4349583308917 -6461.4748412480085 176.64012214671507
3514.625647179901 -5693.030211477986 1798.8580598934782
4223.526423596378 -4418.734863966552 3261.2395648601546
4557.148342635885 -2751.8155324931317 4433.845622774897
4485.847632716089 -840.3853148141517 5212.485039495052
4015.959674811378 1145.7168260562812 5527.972285842248
3189.236076050913 3030.016999036158 5352.2749354855505
1647.7435644510094 4826.8850637862615 4688.8376464820085
251.83723349857436 5905.077852114816 3614.652170893683
-1166.4459408197133 6458.578559275647 2219.2889872816663
-2481.0852744324698 6438.20621843966 626.7322379603646
-3575.2692933485105 5845.771001492678 -1021.5124210728425
-4351.774945739664 4733.913377319568 -2578.9912186603015
-4741.606296752047 3201.4267751349475 -3907.3153287532296
-4710.125120101513 1384.4793547495904 -4888.457324915544
-4260.128656486324 -555.4851319928589 -5435.238435117494
-3431.6010664756463 -2446.0923270513854 -5499.074758208249
-2298.160662375367 -4119.35348435203 -5074.294156740105
-960.5185981110861 -5426.592007082981 -4198.640251272474
462.46975876181176 -6251.654015777832 -2949.91873405002
1844.3656480536144 -6521.229130239049 -1439.0839918020786
3062.3815556505087 -6211.364418535852 199.61967843354228
4008.2914229877547 -5349.592720121966 1820.586264223813
4598.047007295359 -4012.486232224264 3279.7857709265813
4779.245936807834 -2318.852734087628 4447.561918779737
4535.787891459589 -419.17899440970865 5220.152672345303
3889.3051869778465 1517.7406384582537 5528.909952710309
2897.240648698432 3319.802355104106 5346.399320555311
1200.6069617329726 4968.614193506257 4676.589854561339
-284.54481250521195 5914.234616109296 3597.212796534346
-1744.4135314479745 6334.349338879896 2198.207595426917
-3049.2834528888548 6191.629325056796 603.8820027907029
-4083.2111579805573 5498.755874184643 -1044.1011558860139
-4754.327632808657 4317.293832998487 -2599.311344899803
-5003.001233438537 2752.221288618504 -3923.5613140292753
-4807.136219168116 942.6018048205534 -4899.185642142036
-4184.136056054782 -950.7719858755634 -5439.495826228395
-3189.3570425823254 -2759.665513232523 -5496.4829353201085
-1911.1896596135948 -4323.350649146121 -5065.083414690567
-463.2046882705149 -5502.887107171269 -4183.629004913317
1025.938052365709 -6193.467896701946 -2930.440798496017
2423.921694794248 -6333.731884024457 -1416.87006710472
3606.5292574351547 -5911.215998326836 222.5957875806938
4468.68086855999 -4963.462630233741 1842.283029694039
4933.770574030286 -3574.6838256473834 3298.275339893169
4960.473112502446 -1868.2786759106739 4461.201411899861
4546.415846251062 4.1312329866167214 5227.730160799313
3728.3895804429467 1876.1740637034447 5529.752143395808
2579.0795386442887 3581.510595405959 5340.431381133998
741.446040697141 5068.925033746114 4664.261304778715
-820.4345445159371 5874.660065866072 3579.711303575041
-2309.4159200310937 6158.405770612752 2177.088243744393
-3593.195556346599 5894.950096921904 581.0213394627176
-4557.703999001762 5107.702237557134 -1066.6718606004094
-5117.2404401910535 3866.6126196033338 -2619.5865848368285
-5222.087611629576 2281.9575020477896 -3939.7395451441043
-4862.929382020795 494.54044622975766 -4909.829357603101
-4071.6785362053656 -1336.8186984908166 -5443.659285207828
-2918.6411841811437 -3049.3956353182407 -5493.796196216539
-1506.2697546965542 -4491.020387895307 -5055.7852060639025
39.9403526487559 -5533.598270489517 -4168.545513404559
1582.6015843859075 -6084.491662954712 -2910.912258518517
2984.6417202176845 -6094.751269814503 -1394.6316751350826
4121.48334132366 -5563.465479975871 245.56805282439353
4892.113080721301 -4537.841367375261 1863.9479816327819
5228.057104212212 -3109.010135294506 3316.7079524721216
5099.465311043155 -1403.929709026599 4474.763866601184
4517.763646352998 425.89603293237184 5235.217374004951
3534.638855805159 2217.8790433513605 5530.498843355345
2237.445891411891 3812.793767766718 5334.371220279189
274.0960068581783 5126.813741820711 4651.852210030139
-1351.4048533398015 5786.52601633783 3562.1479942409237
-2856.8274617760517 5932.080060552168 2155.931296934377
-4108.408413252628 5550.542758881886 558.1506427466046
-4994.939247758381 4675.815374929243 -1089.2241454529933
-5437.647810170949 3385.6212754363373 -2639.8165883476595
-5397.197501925452 1794.5998680666735 -3955.8497427233374
-4877.182510422758 44.120386947468965 -4920.388287497393
-3923.808449706095 -1710.2793841711275 -5447.728740158953
-2621.786788883275 -3312.713326568677 -5491.014587293587
-1086.8078663463618 -4620.798152297614 -5046.399691426571
544.7387044931918 -5518.304784156214 -4153.390037216018
2127.8828508921088 -5925.485819260862 -2891.333451346845
3521.9552679291523 -5806.161435757965 -1372.3691999176656
4603.086503564581 -5170.934128768193 268.5360774672436
5275.2133030458945 -4076.246632166707 1885.5807459180223
5478.614250659301 -2619.3667339834888 3335.0832903591863
5195.2162795989925 -929.7446065842739 4488.249048679966
4450.20054326518 842.489409226976 5242.614182669008
3309.7649592788553 2539.8645438245085 5531.150039694506
1875.2422339962907 4011.561567691294 5328.218942640995
-197.525755176151 5141.631382853766 4639.362784602527
-1873.0563733780516 5650.406361918193 3544.523171824641
-3382.1577130328396 5657.11793932629 2134.737120346366
-4590.739497529962 5161.169761972077 535.270307585807
-5391.413931543104 4206.629001846197 -1111.757620998825
-5713.037577908299 2878.310794418971 -2660.0010060897457
-5527.032764223882 1294.2420416487523 -3971.8916285674445
-4849.926834454384 -404.8257962096205 -4930.862249487616
-3741.8836218902743 -2067.923085526004 -5451.704120808235
-2301.3576285353934 -3547.276333762434 -5488.13815658557
-656.3459105435496 -4711.438512778271 -5036.92703285267
1046.9850219266912 -5456.968704126404 -4138.162838060596
2657.2867405806514 -5717.62327860018 -2871.704715078334
4031.476871023216 -5470.241933393854 -1350.0830258928104
5047.452589630532 -4736.805586644157 291.49946488507544
5614.939995268331 -3582.483276392173 1907.1809489836137
5683.515341568213 -2109.8416055638622 3353.4010362391805
5247.085408073504 -449.73124919381513 4501.656725266847
4344.428909616408 1250.3397022802023 5249.920459059413
3055.750837327646 2839.312484181211 5531.70572116808
1495.5558932006545 4175.999891745102 5321.974654460245
-669.4524969953006 5113.090491887405 4626.793244169976
-2381.053982567919 5467.27340302911 3526.8371406810793
-3881.0883727061155 5335.66507957753 2113.5060799727685
-5036.271029053539 4729.959498624961 512.3807290902541
-5743.958903158191 3703.976259134186 -1134.2718981177427
-5941.27082176877 2348.878474387259 -2680.139489507734
-5610.67475502764 785.0725293076227 -3987.8649256565377
-4781.545614261689 -848.4905552350513 -4941.251062703786
-3527.55516220126 -2406.661530405632 -5455.585358506676
-1960.1259535584254 -3750.9900671394757 -5485.166953764236
-218.53095207085144 -4762.026675459206 -5027.367393921148
1542.4814835155194 -5349.936315854532 -4122.864178889738
3166.437670223038 -5462.480636777361 -2852.0263886725293
4509.04197424838 -5089.659581421084 -1327.773537910128
5450.998111256988 -4264.599936652356 314.45781853380566
5908.609144769203 -3060.611872623486 1928.7482178256103
5841.214326264523 -1584.6750124380621 3371.660873791444
5254.801981124386 32.06717683423555 4514.98666483088
4201.477419642669 1645.9600567203415 5257.1360770074725
2774.833151545732 3113.602162390103 5532.165878180264
1101.6327807792488 4304.587052113462 5315.638463566655
-1137.701428448772 5041.268604969836 4614.143805790049
-2871.162859558613 5238.4908615694685 3509.090206222111
-4349.508870706029 4970.250216380146 2092.238542442577
-5441.381931185882 4260.381027881642 489.4823025294496
-6049.764327968592 3171.9582886816506 -1156.7665880211434
-6120.5986152578225 1801.6931356226235 -2700.231690839493
-5647.590855776782 271.33964086343224 -4003.769358155155
-4672.7698647157185 -1283.1235717408822 -4951.5545477463065
-3282.752765061862 -2723.5756241009735 -5459.372386230972
-1601.0486761090426 -3922.0260300449227 -5482.101030137907
222.915613802491 -4771.987211691652 -5017.720939712964
2027.072873178555 -5197.936388058606 -4107.49432388889
3651.115812109959 -5162.0261055784395 -2832.2988119453257
4950.741088477541 -4667.447150439187 -1305.4411212218256
5810.471293164489 -3758.1450332289564 337.41074195625487
6153.915624620489 -2514.9152374684904 1950.2821800088761
5950.557546815053 -1048.2241863352333 3389.862487695307
5218.466317383425 511.60618380998767 4528.238637183515
4022.691454790038 2025.9780993769461 5264.260911910023
2469.482803147868 3360.332969955813 5532.530502784819
696.8497672992308 4396.107509575753 5309.210479376971
-1598.3072668508166 4926.60872192722 4601.414687900024
-3339.283798005772 4965.803635716968 3491.282674911305
-4783.550309502352 4563.765104402938 2070.9348750150375
-5802.777383734851 3756.2160158094343 466.57542332570523
-6306.40222235341 2614.910650328773 -1179.2413022586559
-6249.675548325548 1241.2589982200252 -2720.277263122113
-5637.637775579551 -242.68396305597548 -4019.6046514170343
-4524.6711461074365 -1705.0633892134085 -4961.772526689072
-3009.667629111397 -3015.940450691799 -5463.065138584703
-1227.2419355599698 -4058.837967889547 -5478.940438650599
664.2295896284857 -4741.089919723269 -5007.987836808307
2496.68140085492 -5002.075226259162 -4092.0535384729546
4107.292113109534 -4818.604197696352 -2812.5223255631
5352.951896559791 -4206.979040072003 -1283.086161476053
6122.978412958248 -3221.5453327138102 360.3578387890474
6348.951427117168 -1949.8631850251572 1971.7824636734097
6010.7922450623055 -504.92713651340097 3408.005563635539
5138.547794106354 984.8739039138361 4541.412413482595
3809.7208214984885 2387.1645759303797 5271.294840731599
2142.383435216018 3577.3451994763254 5532.799588685213
284.68587901975724 4449.663003127963 5302.690812893067
-2047.355731155895 4769.916689289185 4588.606110313149
-3781.487483417518 4651.324371749543 3473.4148542586904
-5179.6174779930125 4119.4414717791515 2049.5954455733145
-6117.515729271908 3221.528119170049 443.6604870472975
-6511.845861729404 2037.3678557293877 -1201.695652724861
-6327.569912607365 672.1785174656042 -2740.275860197898
-5581.06160866696 -752.736831881847 -4035.3705319898204
-4338.651488711031 -2110.768210385416 -4971.904823082546
-2710.7331441246793 -3281.24857044251 -5466.66355179944
-841.9542638263857 -4160.175595493611 -5475.6852338810995
1101.635947668317 -4669.452762255209 -4998.168253283565
2947.3409707629594 -4763.8285595345005 -4076.5420892816824
4531.161814412498 -4434.917283581856 -2792.697271036826
5712.369046175385 -3711.9441446690284 -1260.7090447102332
6386.007219866933 -2659.148478903782 383.29871276938513
6492.220627542207 -1370.075801307028 1993.2486975407617
6021.571741819396 40.7341237144625 3426.0897883077882
5015.879781603593 1447.9246430851656 4554.5077662362755
3564.504890966441 2726.460703805118 5278.237742006548
1796.4080981948434 3762.7387661162647 5532.973131234726
-131.30743750842578 4464.680976550869 5296.0795767000445
-2481.0166987640428 4572.355517750283 4575.718294214807
-4194.047445993081 4297.51695713279 3455.4870528153638
-5534.418672371577 3640.825155531508 2028.2206226181024
-6383.032512313546 2660.630061363219 420.7378894016221
-6664.485902059648 1444.0263102601102 -1224.1292516659908
-6353.770472793092 99.11448448529946 -2760.2271367203502
-5478.494653956403 -1254.604098192791 -4051.0667276198396
-4116.430543137892 -2496.845601007049 -4981.951261956785
-2388.603513903694 -3517.231414945377 -5470.167563735853
-448.53858024527585 -4225.095782549979 -5472.335472042032
1531.3809746470647 -4557.5418483475705 -4988.262358708609
3375.230609587311 -4485.030320476505 -4060.9602441751194
4919.176192910149 -4014.0041663997276 -2772.8239907161783
6026.031384043768 -3186.316126971188 -1238.3101573444444
6597.447241901943 -2075.509916743246 406.2329677419663
6582.650959896777 -780.2855421874021 2014.6805109205034
5982.95725261685 584.2706270184748 3444.1148494239324
4851.651537666478 1896.9117869843408 4567.524469306973
3289.255292472332 3041.0040102164 5285.0894958411145
1434.5942798829456 3914.8896819144275 5533.051127436529
-547.5367300873646 4440.920225163972 5289.376884964275
-2895.5767448210954 4335.436674393854 4562.751462158725
-4573.471413297351 3907.1770648839215 3437.4995801682003
-5844.993076353387 3131.747626794924 2006.810775261309
-6597.161454245794 2078.0486686171066 397.8080262284193
-6763.143085762276 839.7059668662847 -1246.5417116866308
-6328.189774544203 -473.24829502954583 -2780.130748160124
-5330.949031054458 -1744.1523690960764 -4066.692967256766
-3860.0300716710244 -2860.0808510818183 -4991.911669824502
-2046.130500956675 -3721.8785981908472 -5473.577113884783
-50.42325593651044 -4252.971098655419 -5468.89121097888
1949.7643166524183 -4406.1684531482015 -4978.270324143726
3776.7067733070235 -4167.858404426994 -4045.3082722289146
5268.072259348598 -3559.2158461271015 -2752.9028277836214
6291.346406592733 -2634.321340537335 -1215.8898861746666
6755.606816492141 -1475.3558233120343 429.1602076657872
6619.601914254008 -185.29846669306858 2036.0775337165844
5895.416332289887 1121.2234718604923 3462.0804357175643
4647.397137593367 2328.119784531088 4580.462297915295
2986.4363124552274 3328.15243756072 5291.849983915551
1060.1175151956093 4032.4641411566463 5533.033575943746
-960.3973755382713 4378.473709633411 5282.582853431434
-3287.470788446983 4061.0084154630754 4549.705838063095
-4916.530799330631 3483.409903955385 3419.4527469345735
-6108.735472853727 2596.2951357886695 1985.3662732196804
-6758.152191869677 1478.488151153612 374.87129349286505
-6807.077430975609 229.3110060501549 -1268.9326457563911
-6251.163967972082 -1040.2414282556215 -2799.986350810981
-5139.807153632998 -2217.3638466365787 -4082.2489810583143
-3571.7559180214375 -3197.4637565029084 -5001.785874684032
-1686.3384947010106 -3893.45497976537 -5476.892143368294
348.9175042482252 -4243.495641929929 -5465.352510168987
2353.1706517457046 -4216.483094035113 -4968.192322136729
4148.334260116302 -3814.817519503993 -4029.5864437297155
5574.900164810511 -3074.1886673139966 -2732.9341262484704
6506.111724814887 -2060.4046611783965 -1193.448618366184
6859.226706468429 -863.5446589601644 452.0800366209422
6602.869294031642 410.0450758099978 2057.439396433736
5759.817968605514 1647.200506141258 3479.9862369493067
4404.981540123969 2737.9949428815034 4593.321028643865
2658.743170859287 3585.506513453845 5298.519089486111
676.2638031615659 4114.430095569627 5532.920477059463
-1366.3045711818843 4277.768507814978 5275.697599424503
-3653.3125772206804 3751.2412505206216 4536.581647206764
-5220.288081480144 3029.6053538744586 3401.346864756832
-6323.418080843206 2038.7757263324231 1963.8874868083706
-6864.684633860151 866.7919284858532 351.9280872787187
-6795.9938319862995 -382.21013606040657 -1291.3016672166168
-6123.449154412756 -1597.2511527161535 -2819.793601795739
-4906.8091471556445 -2670.3693950318284 -4097.734500394895
-3254.1776139964722 -3506.213597875862 -5011.57370602231
-1312.3981191104829 -4030.5153357836803 -5480.112594940672
745.9937080227689 -4196.688098481901 -5461.7194307205455
2738.1007204587113 -3989.96670676763 -4958.028526719962
4486.915467924821 -3428.7192634765593 -4013.7950301704877
5837.048085561589 -2562.8150669389465 -2712.9182309410066
6668.533365332604 -1469.1935049751223 -1170.9867414468413
6907.490191217149 -245.02765264475786 474.9920588155487
6532.686200590634 1000.9099819092202 2078.7657301838394
5577.424372820429 2157.9123721494775 3497.8319439121733
4126.5839134014195 3123.174778281775 4606.100439441239
2309.0783640614573 3810.9293995369712 5305.096697387109
286.40106885114926 4160.066219655093 5532.711832736733
-1761.7242181769725 4139.562900006952 5268.721241841737
