-5720.403555133779 2352.169971801574 3121.434980650304
-6618.300897322586 1232.9381868828266 1636.164236280912
-6928.133160849173 4.154433399436327 5.513119329488853
-6622.370389422711 -1224.9984597229397 -1625.6278624683052
-5728.180947102258 -2345.304863881735 -3112.324674735416
-4325.017489923733 -3257.2206386837574 -4322.477781440404
-2537.557248738837 -3879.718065661397 -5148.559768383109
-524.6239101169253 -4157.48551664272 -5517.169625822575
1534.9245651929666 -4065.8421346456557 -5395.55475030759
3458.088256979961 -3612.9308363310042 -4794.521157225756
5073.9856315639345 -2838.9947781225133 -3767.4733189148656
6239.037115964254 -1812.801575154469 -2405.6689429340604
6849.722773047743 -625.5329968852584 -830.1103242692781
6851.780502232653 617.316933263552 819.2072395859888
6245.027465250716 1805.3155448411442 2395.734645172269
5083.376332129615 2832.9039477628307 3759.3905140266806
3470.044903869221 3608.7764029315704 4789.00803789627
1548.3847578587706 4063.993237845457 5393.101181383176
-510.8561688620245 4158.1064390361935 5517.993617669462
-2524.705283124033 3882.7536355690095 5152.588105709674
-4314.223253493827 3262.401132397841 4329.352528797116
-5918.522928145743 1828.970240733487 3102.4234004700243
-6707.554542526181 634.1874559617811 1614.1855773103302
-6900.590500184888 -616.9456673579442 -17.479718130123622
-6480.478709159544 -1813.2604607114338 -1647.591863906216
-5484.547945712974 -2848.4591047682593 -3131.3082422364555
-4001.291028747586 -3630.559657109528 -4336.794141724091
-2162.5018445015035 -4090.069051467986 -5156.936850011925
-131.5648813884241 -4186.157861631115 -5518.863088331584
1911.0621987989716 -3910.288175137127 -5390.414122121228
3783.8830160647744 -3286.9722242651837 -4783.003205717649
5320.48922205609 -2371.5943666272697 -3750.60146462222
6384.346612085364 -1245.4899419440487 -2384.942324151657
6880.926788387198 -8.718270176543946 -807.3705920332533
6766.1064230909915 1228.8280581556685 841.9395602748199
6050.087809534179 2357.1876208976278 2416.439687861557
4796.4923437272055 3276.100719175347 3776.2285448108996
3116.7074841201384 3903.917891623122 4800.482923847761
1159.9894871034487 4184.854827338707 5398.193328528441
-899.798666372379 4093.94904671232 5516.250566388127
-2879.6357596396347 3639.2779272860635 5144.164733757335
-4603.604578589489 2861.2409933123186 4314.997289737107
-6068.760474068882 1289.234262496726 3083.358245978451
-6742.638854235752 29.39255615041148 1592.1790437174113
-6817.404182620522 -1233.0608077969725 -40.47225374056695
-6286.41323169398 -2385.9513077733536 -1669.527413844116
-5196.846877661343 -3326.8395634792328 -3150.237736627257
-3645.51787256161 -3972.12352437502 -4351.035611920454
-1770.268606393092 -4264.466878753111 -5165.224878889236
262.27679414925814 -4177.893636649332 -5520.461248152673
2271.5177505486863 -3720.0962105450244 -5385.180409372591
4078.924386420436 -2931.751910760455 -4771.40265874477
5523.900690493865 -1882.9085879234835 -3733.6648429318025
6478.05417697802 -666.7605740412623 -2364.1745209060473
6856.604121365164 608.6320428751001 -784.6169176888021
6625.914699857427 1829.9450318443091 864.6573418997588
5806.483679919641 2888.6593741526135 2437.103002174229
4471.12110368706 3690.70365439461 3793.001365655178
2738.4797962000853 4164.8127185574285 4811.874912485338
762.5125412000982 4268.859895696838 5403.192256775924
-1281.2072993166712 3993.6001375204946 5514.412257533302
-3211.0862488035577 3363.4914814999083 5135.652529609241
-4855.646093464326 2434.5218469088154 4300.5675369894925
-6169.7514004454415 737.3456236243868 3064.239846402865
-6723.192365670857 -576.5464358346263 1570.1450155227856
-6679.248184962688 -1839.2098143373928 -63.464090454424905
-6041.823491622705 -2938.4513295969455 -1691.4341334871801
-4867.556266946372 -3776.598549040538 -3169.1128310231506
-3260.7853070329816 -4279.178414072133 -4365.201946100145
-1364.2792628691209 -4401.534498148246 -5173.423711892901
653.4489808416007 -4132.794926247896 -5521.964077687964
2613.1154149909194 -3496.838388678617 -5379.853702440238
4340.595077050201 -2550.1724146527204 -4759.719716631582
5682.393818125819 -1376.9124303376148 -3716.663746314268
6519.286931686402 -81.3077341063546 -2343.365891826744
6776.912791947182 1221.5215111133862 -761.8496941585606
6432.380210651512 2415.8132095118317 887.3601921579096
5516.302419603839 3395.4493026235077 2457.724231285098
4110.076950679928 4073.3848245132453 3809.7086869174577
2338.6531079124807 4389.382228990111 4823.183807086007
359.42967349688456 4315.363759934561 5408.097879801449
-1651.730664740046 3857.906283146885 5512.47872284989
-3516.127484914181 3057.6569029587445 5127.051640258696
-5068.100947782376 1985.7212886364157 4286.063519734988
-6220.532285114439 177.79897131662074 3045.0685318900855
-6649.296738786815 -1178.7136841867 1548.0838732218613
-6487.241997259869 -2430.492456150245 -86.45483123632425
-5748.767335483777 -3466.311307344376 -1713.3116445383878
-4499.48946790004 -4194.133187224326 -3187.933199478886
-2850.4122154090564 -4549.287927769068 -4379.2928996312885
-948.0633287510143 -4500.218471710277 -5181.533207441087
1038.5251451739084 -4051.2848555565583 -5523.371550985788
2932.8361024576343 -3242.3768012158753 -5374.434093308596
4566.551701498737 -2145.369339150943 -4747.954581125393
5794.509141879629 -857.7363965041595 -3699.598468353697
6507.59901621997 506.1101890861769 -2322.5167962483274
6642.460159841269 1824.9866633482416 -739.06931459919
6187.109568304381 2981.705063749752 910.0477190043499
5182.0071399405315 3873.4858842399367 2478.303019095702
3716.4606363291928 4421.090485402588 3826.3502200867447
1920.690295761124 4575.861795301188 4834.409412361721
-45.74180639585445 4324.047703848536 5412.910112892086
-2008.1095483199445 3688.022998138141 5510.449995727209
-3792.047944432193 2724.301264420826 5118.362214230469
-5239.046239553347 1518.513407960529 4271.485488436732
-6220.5499507980585 -384.8367339550992 3025.844633500638
-6521.476639731531 -1772.217650420002 1525.995997778275
-6242.941510196006 -3002.129251396035 -109.4440790698316
-5409.693630781988 -3965.2884937583153 -1735.1595692051662
-4095.77073222353 -4576.114452068217 -3206.6985169942454
-2417.9206301131658 -4780.3325593643585 -4393.308229183756
-525.2276691473501 -4559.797140617064 -5189.553225494663
1414.1340751458347 -3934.103735585792 -5524.683643741143
3227.8438010371997 -2958.847949117816 -5368.921675566387
4754.745440047142 -1720.6855376804067 -4736.107455392872
5859.167080852253 -329.63266511595356 -3682.4693037424504
6442.9760139924065 1090.7095163131753 -2301.627594204143
6454.298253754804 2414.1373707179882 -716.2761723944835
5892.127769449725 3523.058525467165 932.7195306586486
4806.415875652223 4318.94046954089 2498.8390102405046
3293.6328386943633 4731.065599537842 3842.925677788123
1488.1960701488554 4722.814789076441 4845.551534462708
-449.4734500702634 4294.921158874266 5417.628872947613
-2347.2052817688873 3485.40493575505 5508.326111198404
-4036.3776236416343 2366.1951886463585 5109.584401578223
-5366.900100302346 1036.7386151499152 4256.833694836018
-6169.666976198341 -945.9556579866364 3006.56848320311
-6340.695995470432 -2352.2309965838303 1503.8817706173038
-5948.326349858908 -3549.5002885388444 -132.4314369642996
-5027.42180426219 -4431.3809031317205 -1756.9775302058256
-3659.80876887958 -4919.513877686559 -3225.40845951967
-1967.005663575756 -4970.5264552778835 -4407.2476927333155
-99.42547300108083 -4579.8859445216995 -5197.483627559653
1776.9891071712518 -3782.302469096339 -5525.9003332961065
3495.510406983179 -2648.6448209307655 -5363.316544405008
4903.440267339888 -1279.6434570391443 -4724.178544016537
5875.677941550255 203.05984363321437 -3665.2765482761292
6325.835845665942 1667.7203860853272 -2280.6986464201764
6213.915474420842 2984.1966535633696 -693.4706611486563
5549.861443954527 4035.513952441022 955.3752356118334
4392.6778690270785 4728.258127082979 2519.3318500930063
2845.1855884872416 5000.875817514595 3859.4347737877115
1044.8860825190368 4829.143745577989 4856.609980980826
-848.2561372880638 4228.321059498504 5422.254078481951
-2666.027076786363 3251.7934916012373 5506.107105939855
-4246.90981084508 1986.3298017144991 5100.718353881952
-5450.435970953451 544.3719920807008 4242.108391947848
-6068.163791424812 -1500.9529168004638 2987.2404138683883
-6108.350658435398 -2914.0300085722483 1481.7415736193063
-5605.783763388659 -4068.182746072333 -155.41650796164848
-4605.118380387979 -4860.859593657975 -1778.7651507761168
-3195.268020060687 -5221.627734816122 -3244.0627039618207
-1501.504073948243 -5118.431336999967 -4421.111049565834
325.67509837657923 -4560.439853025416 -5205.3242766896365
2123.916609009018 -3597.233274948899 -5527.021598640231
3733.4388082765 -2314.39673419495 -5357.618796616856
5011.228585502254 -825.9158870450086 -4712.168052991245
5843.74871149171 735.9512111410643 -3648.020498848456
6157.0261195962985 2232.4258145485605 -2259.730314308703
5923.224737310665 3530.539587494083 -670.6531746794813
5163.118843471361 4514.949424572969 978.0144426329912
3944.2471824157906 5098.186191749344 2539.781184771825
2374.9118501588932 5228.426742767197 3875.8772229975525
594.5551778863991 4894.098633117341 4867.584560952897
-1238.6303311037295 4124.908382516909 5426.7856496245695
-2961.7580995356134 2989.2019202675665 5503.79301827053
-4421.720663362406 1587.8917495059009 5091.764224245322
-5488.793941847946 45.49042845244675 4227.30983405665
-5916.737333709397 -2045.262473564223 2967.860759263974
-5826.257535524151 -3453.033216440666 1459.5757891130654
-5218.089187197518 -4553.986804649692 -178.39889514340783
-4146.270715381163 -5250.2986804236625 -1800.522054675722
-2706.037894893856 -5480.098477885733 -3262.660928189207
-1025.361732193532 -5222.967476571598 -4434.898060281425
746.4223201380493 -4501.752894348826 -5213.075037488071
2451.883473704968 -3380.5378118459726 -5528.047420410905
3939.484020719784 -1958.947109514781 -5351.828530593701
5077.044124352789 -363.2953598053891 -4700.076189720572
5763.486577295875 1264.6367769181206 -3630.7014534461496
5937.817955201975 2780.2003862453867 -2238.722959962128
5584.548150103479 4048.7309905462953 -647.8241070115972
4735.066734482388 4957.514078773875 1000.6367607761981
3464.853860004429 5425.8002854101915 2560.186661146926
1886.773514804362 5411.980325955446 3892.2527414806373
141.04506284473766 4917.282164455086 4878.475084863977
-1617.2158619147106 3985.6619035055396 5431.223508121869
-3231.7800603081214 2699.8980916403516 5501.383888151342
-4559.186417909961 1174.23648602529 5082.722167293022
-5481.489054620442 -455.7611844250476 4212.438276711878
-5716.496267747358 -2574.3947958399613 2948.4298540481204
-5496.640266810783 -3964.838894915998 1437.3847998692372
-4788.383656559561 -5002.9896587698595 -201.3782016373447
-3654.6581449474606 -5596.602836183518 -1822.247866194756
-2196.2002189536756 -5692.9332913152575 -3281.2028110377173
-542.6002656399456 -5283.421640487384 -4448.60848679861
1159.2121024379535 -4404.454790988226 -5220.735776110662
2758.0233880957203 -3134.132804678269 -5528.977780893688
4111.772192334882 -1585.32936475739 -5345.94584632496
5100.171993070041 104.33754632552973 -4687.90316301332
5635.399130484775 1784.7336085396275 -3613.3197111437744
5669.896324614189 3306.548257460557 -2217.6769461467143
5200.598348371438 4534.5615831580835 -624.9838523695406
4269.204386425937 5359.6592125962725 1023.2417993871308
2958.4728796516383 5708.527600518226 2580.5479268455624
1384.868074475897 5550.168259673387 3908.5610464557253
-311.78833651047677 4898.6521124443325 4889.281364650665
-1980.7409855373212 3811.869227643882 5435.567577338528
-3473.696105660521 2386.3850338547004 5498.879757184439
-4657.998082731512 748.8600573292953 5073.5923391681645
-5428.416488863904 -955.2044216080408 4197.49397672355
-5468.952803396287 -3083.973961951161 2928.9480337641207
-5122.111567686923 -4445.2611361690415 1415.168989093702
-4320.148241172206 -5411.5673507310985 -224.354030624484
-3134.320784771046 -5897.032057908546 -1843.9422101602509
-1669.9951719027636 -5858.5195880418805 -3299.688032316177
-57.283159357803655 -5299.451943087936 -4462.242092358396
1560.5187132790638 -4269.504736728849 -5228.306360267667
3039.6616500175405 -2860.193298098453 -5529.812664022616
4248.717309816518 -1196.7411331804526 -5339.9708453959765
5080.255791449472 573.0467332325672 -4675.649183079836
5460.391251676817 2291.916882623724 -3595.8755720985673
5355.346986660352 3807.1401590821747 -2196.5926362963164
4774.456640325957 4984.0823250467765 -602.1328051711232
3769.33486914074 5718.166904145947 1045.829168109817
2429.2911533787483 5944.1672600496095 2600.86463025849
873.3942578704257 5642.0022693494975 3924.8018563022565
-760.1075502772636 4838.520617498534 4900.00321370432
-2326.070466905777 3605.1151752848273 5439.817782258829
-3685.351814757598 2051.3794289596967 5496.280668612496
-4717.173480968145 315.36961804115373 5064.3748975295075
-5329.853582419811 -1448.6621674170979 4182.477192157857
-5176.011171635022 -3569.773909248254 2909.415634834502
-4705.652375602764 -4890.364198334587 1392.928740421044
-3817.175715582893 -5776.424167389067 -247.3259853458875
-2589.5262418337625 -6149.2234997511105 -1865.60471194264
-1131.7859975489605 -5975.637338737414 -3318.116272811864
426.51839937912393 -5271.089576524357 -4475.798641528337
1946.924764777187 -4098.1823736415145 -5235.786659226182
3294.338320886192 -2561.133682283505 -5530.55205538048
4349.035460218872 -796.5170239045426 -5333.903630986282
5017.301713483329 1038.8736675056978 -4663.314461528417
5239.758691438887 2781.9558745360787 -3578.3693375453013
4996.64011535782 4277.849093701648 -2175.470394506104
4309.548137633229 5393.6366478602895 -579.2713600204576
3239.533895739426 6030.175916271975 1068.398476893497
1881.6728507488315 6130.90759153176 2621.1364205459763
356.61691538391386 5686.881222239136 3940.974890565219
-1200.1259979004333 4737.550499883371 4910.640446874304
-2650.2324496051315 3367.2676252150354 5443.974049487952
-3864.8541178088662 1697.788245035764 5493.5866673179735
-4736.066537012344 -122.54707133593018 5055.070001548787
-5186.458660516603 -1931.9935426304417 4167.388182332689
-4839.95284739664 -4027.7535235931286 2889.8329945551955
-4250.587968891192 -5296.494847125968 1370.6644379077916
-3283.539695951704 -6094.619360206859 -270.2936691095198
-2024.734511450282 -6351.210197336841 -1887.2349974622332
-586.0227802054479 -6043.468136606563 -3336.487214296052
904.7596467792479 -5198.737410615705 -4489.277900206687
2315.150208675289 -3892.0760514082936 -5243.176543812382
3519.829514661182 -2239.586654938833 -5531.195942199071
4411.756521752041 -388.1001559138653 -5327.74430786778
4911.6796012106015 1497.8707451134746 -4650.8992113616505
4975.178393550705 3250.749257140021 -3560.801309791013
4596.610752413057 4714.784431991528 -2154.3105855262725
3809.614074029479 5759.8903195698895 -556.3999117012503
2684.1164669523805 6293.204675392138 1090.9493359992298
1320.1233327354507 6267.34017853196 2641.362947643883
-161.16855286082622 5684.595003039864 3957.0798699599823
-1628.1399052588954 4596.748615093387 4921.192880471171
-2950.443882100424 3100.4609401968182 5448.036307253247
-4010.5879722076047 1328.683704615044 5490.797799822326
-4714.373720808718 -561.1529089541805 5045.67781190793
-4999.266675627662 -2401.1286239838305 4152.227207813154
-4463.418634914757 -4454.090278420442 2870.2004510897427
-3760.561250120066 -5660.312424082493 1348.3764660258432
-2723.5614953009867 -6363.590970992868 -293.25668529709856
-1444.5613494716354 -6501.436533971525 -1908.8326931956537
-37.20558838868449 -6061.600929822513 -3354.8005395294454
1373.4560524966455 -5083.165482161229 -4502.679635626378
2662.080095805035 -3653.068474305622 -5250.475886413783
3714.166640255059 -1898.3803012810245 -5531.74431335941
4436.233179366604 24.987292417169915 -5321.492982402973
4764.120932402761 1946.1346555291286 -4638.403646972731
4668.695633594583 3694.3594140260675 -3543.1717922098273
4158.436239508197 5114.324126157547 -2133.1135747557682
3278.6815365446555 6079.858695838159 -533.5188551699358
2107.6015908021714 6505.171139373136 1113.4813560067012
749.2519946596893 6352.470579701464 2661.5438622696747
-675.6719292465189 5635.325131665355 3973.1165163771243
-2040.559437101771 4417.456315463757 4931.660332269835
-3224.1342841229375 2807.0771199454575 5452.004485405469
-4121.23065111951 947.2768036649757 5487.914114285215
-4652.137589041293 -996.6932136769266 5036.198490796305
-4769.681686607209 -2852.102665067513 4136.994530407086
-4049.3877573351488 -4845.212143196854 2850.5183434634337
-3239.5034098200535 -5978.816393381232 1326.0652096558615
-2141.774968015886 -6581.176569410098 -316.2146373709586
-853.7404212788693 -6598.770326229193 -1930.3974261822877
510.1527084668921 -6030.034381336221 -3373.055932267735
1828.7165312970822 -4925.503419291508 -4516.003616359046
2984.7908651312277 -3383.319863226996 -5257.684560981421
3875.6534320594847 -1540.5134898601143 -5532.197159391927
4422.1471835243165 439.17426751297 -5315.149762543098
4575.71375145973 2379.8394639329595 -4625.827984141777
4322.70807238889 4109.045480229047 -3525.481089237712
3685.6108111943713 5473.144773357713 -2111.8797282359333
2721.0308553886007 6350.931134873303 -510.6285855488759
1514.6753670343014 6664.409394453179 1135.994147820871
173.73432527565907 6385.725633056973 2681.678815928501
-1182.6437737042465 5539.642125868296 3989.0845528872314
-2433.9387834438317 4201.337105477152 4942.042621512727
-3468.9676511100106 2489.724846000147 5455.878515419987
-4195.763519661261 556.8896079785177 5484.935660503671
-4549.747386685682 -1425.4277155818065 5026.632201907914
-4499.466232165532 -3281.089531226183 4121.690413160553
-3601.1541173280643 -5197.827494897113 2830.787011557438
-2691.6022080856387 -6249.371139587885 1303.7310540805884
-1542.8896307530517 -6745.630733612758 -339.16712888084015
-257.08453886844563 -6642.511434243245 -1951.9288240307612
1051.5636424915515 -5949.175843759916 -3391.253077267009
2266.775779505121 -4727.229872030357 -4529.249612319061
3280.5749409280147 -3085.2487810642792 -5264.8024430320365
4002.8806222834496 -1169.1297965093556 -5532.554472476635
4369.512793996712 850.8715011069988 -5308.714757826279
4347.894578672309 2795.2691318619104 -4613.172440032073
3939.946849611788 4491.294833414361 -3507.7295063672113
3181.917552791291 5788.249279295221 -2090.6094126442194
2141.1609177900996 6570.892375397114 -487.72949811949195
910.1527389133456 6769.682848058735 1158.4873226787872
-401.7265049553692 6366.957291406486 2701.7674609191827
-1677.9105859110707 5398.499638480912 4004.983703745696
-2805.0049479192494 3950.361601750859 4952.3395689129065
-3682.8623107433436 2151.2166008288805 5459.658330397973
-4233.48119528284 160.92656446470147 5481.862489911227
-4407.936697295233 -1843.6625033667628 5016.979110438567
-4190.727679841364 -3684.434066994436 4106.315120353262
-3122.29991908195 -5508.95278213773 2811.0067961030213
-2121.268131265506 -6469.727811048826 1281.3743849782013
-931.7523609542396 -6855.639132015391 -362.1137634708238
340.553695555686 -6632.396830625593 -1973.426514925374
1582.6000617202337 -5819.836965040605 -3409.391660289211
2684.0254672749365 -4490.159045177925 -4542.41739476746
3546.963431410512 -2761.5107894127623 -5271.829409650225
4094.7381290726244 -787.4901813177821 -5532.816246443258
4278.677374504329 1256.5023852310378 -5302.188079375628
4082.437358544935 3188.8492007821537 -4600.437233186344
3523.454867797563 4837.852770809564 -3489.917350142183
2651.3979496193647 6056.991891583358 -2069.302995287844
1543.7526881492456 6737.940702118852 -464.82198831557884
298.93822568995824 6820.193912305351 1180.9604921562516
-972.4382099906647 6296.442963455506 2721.809450340224
-2157.4092432388225 5213.225425817813 4020.8136943974314
-3150.684997590701 3666.789931233223 4962.550996657173
-3864.008563353255 1794.544059816009 5463.34386506756
-4233.998011339589 -237.1549265427386 5478.6946555770455
-4227.778155424169 -2247.7816569409397 5007.239383083019
-3845.901657100469 -4058.6831228925885 4090.868917493972
-2616.6668641687943 -5775.937709726103 2791.1780386755313
-1533.098698581721 -6638.0430276563075 1258.9955884156539
-313.30798573282095 -6910.32909200724 -385.05414488611575
934.3215165778882 -6568.602091053594 -1994.8901276324696
2098.9324519382026 -5643.225968474353 -3427.471368107537
3077.044027930463 -4216.424453706894 -4555.5067363159005
3781.7467386557964 -2414.97512275363 -5278.765339490561
4150.424655729346 -398.9446541999594 -5532.982476771346
4150.319128302743 1652.5337976191795 -5295.569839897331
3781.439532950936 3557.177369494729 -4587.622583522965
3076.562440522386 5145.7501216748815 -3472.044928152492
2098.31927398152 6277.100393791777 -2047.9608440974505
933.6312316249299 6850.70274931891 -441.9064517162146
-314.0140428347004 6815.590101755217 1203.4132681745148
-1533.757791560552 6174.88236392605 2741.8044380958136
-2617.2204297210237 4985.509230037145 4036.574251481681
-3468.1315472181245 3353.1517225125117 4972.676728409093
-4010.883957100268 1422.8519693786993 5466.935055784951
-4197.251725919721 -633.8744253174186 5475.432212204986
-4010.675259555392 -2634.2782956120154 4997.413188032115
-3467.732695821091 -4400.614979001572 4075.352071316041
-2088.3251541606905 -5996.487731446714 2771.301081688588
-931.8412088990664 -6752.894297254336 1236.595050842008
307.4409170910479 -6909.276570162408 -407.98787697990537
1519.4055684153927 -6451.739298950719 -2016.3192915068628
2596.364367184483 -5420.9366780357095 -3445.491888511921
3442.624797971896 -3908.46004388843 -4568.5174109306145
3982.992907749416 -2048.69958284727 -5285.610112779682
4169.454618596919 -6.903173300114625 -5533.0531605903425
3985.4419892318674 2035.5066134888564 -5288.860153678695
3447.3053492994663 3897.052704995696 -4574.728712332195
2602.86050083147 5412.328561729536 -3454.112549028708
1527.1400743994166 6446.695274141047 -2026.5833276207525
315.72655061314083 6908.244820588887 -418.9832840392422
-923.7406627382568 6755.966498394342 1225.8452630070096
-2081.129464436228 6003.390904746815 2761.7520789017535
-3053.600780332803 4717.387683765497 4052.2651028366895
-3754.746266390523 3012.22386516671 4982.716589312111
-4122.266069246842 1039.410737221179 5470.4318405355425
-4123.504441583899 -1025.7585961053312 5472.075216132673
-3758.3513485850312 -2999.7847767004723 4987.500694969849
-3059.252245011164 -4707.26691554706 4059.7648497726777
-1541.5405513738465 -6168.683660756166 2751.3762683881446
-322.3542308781985 -6813.292011785488 1214.173159081747
925.4746776592159 -6852.509467928151 -430.914563720206
2091.071099707904 -6282.851386102897 -2037.7136364982343
3070.8666780331346 -5154.934386783252 -3463.452910314341
3777.8022757386934 -3568.9788451409413 -4581.449193936297
4149.063562632643 -1665.9038709021684 -5292.363611318373
4151.662344121139 385.1939729649637 -5533.028296679641
3785.3677070643603 2402.065641938274 -5282.059136586179
3082.726537422341 4205.503237333922 -4561.755842272307
2106.171586607776 5635.263414545453 -3436.1205224367736
942.4740475413248 6564.3057074284725 -2005.1708150161703
-304.9664466284082 6910.080631225348 -396.0528811341943
-1525.309333692001 6641.864566548466 1248.256089285999
-2610.12179274729 5783.4896877911915 2781.6520282914953
-3463.0134761861646 4411.226369847203 4067.8859775044375
-4008.201215081562 2647.006230594244 4992.670405992518
-4197.242686315658 647.5879715574463 5473.8341589349775
-4013.340725574461 -1409.371320645217 5468.623725330513
-3472.835829110285 -3341.1017860844067 4977.502075070491
-2623.7542289406433 -4975.9606956463 4044.1075220323755
-980.7397655659914 -6290.998232514405 2731.4039428465644
290.43184971921124 -6818.687922189136 1191.730300328148
1535.797320617673 -6740.5072666582855 -453.83380919669406
2644.7004598437447 -6063.402960255908 -2059.0727931575734
3518.610357135869 -4847.5386920291985 -3481.354123354243
4079.876283029265 -3200.9493379425126 -4594.301862019981
4278.6272969333395 -1269.9415880448294 -5299.025718483601
4097.203499058261 773.9060449974775 -5532.907885468606
3551.725190010448 2748.9887297110427 -5275.166906063397
2690.6605113409278 4479.811702051448 -4548.704197365777
1590.5188384695994 5812.583745334723 -3418.0691590726246
349.0525869233118 6628.88221474137 -1983.7236760464543
-923.42851876318 6856.175408997806 -373.11563897556726
-2113.8589481582558 6474.267330334578 1270.6453600093116
-3116.463733492265 5517.092187516914 2801.5039426220396
-3842.157039729658 4069.699192478084 4083.43660573525
-4226.457831958615 2260.6955646068363 5002.53800656249
-4235.219298313349 250.81921492120424 5477.1419522302
-3867.6629440591846 -1781.3435227121658 5465.077799400701
-3156.447764266084 -3655.226071055297 4967.417500995548
-2164.768348775081 -5204.325742289749 4028.3803584742864
-410.47444867580344 -6362.309473750632 2711.3844499566694
901.5549038374409 -6768.98001982098 1169.2668621365287
2133.477146736221 -6574.196985950685 -476.74521762757996
3175.830582537215 -5795.267699490399 -2080.3963926435163
3935.9975341768277 -4501.403445816982 -3499.1952185038913
4346.433832064151 -2807.5697418990835 -4607.075193234903
4370.670409961873 -864.271145596554 -5305.596319230525
4006.5537415633094 1155.821734783657 -5532.691929036561
3286.437190755336 3073.2147817882455 -5268.183581129075
2274.3062732566987 4717.53920884998 -4535.5740029954195
1060.0932627505244 5942.689574625561 -3399.9587706569578
-248.31368629370655 6639.8058926320255 -1962.2422810723017
-1534.6568746040743 6746.946318769906 -350.17195365595876
-2684.639064875106 6254.590955998838 1293.0126885470286
-3596.0792928874944 5206.487738966956 2821.307479079883
-4187.992094592784 3695.765238032744 4098.916718992553
-4407.78341999291 1856.657777100713 5012.319220622985
-4235.92384528773 -147.42187513515717 5480.35516330046
-3687.683847883122 -2138.402446815026 5461.437499576188
-2811.776957460078 -3939.3765768708254 4957.247146890863
-1686.031345086765 -5390.319810402285 4012.583630683496
164.61590835174152 -6381.910767544873 2691.3181354258168
1506.0614269748964 -6664.513781536037 1146.7832324175838
2713.686778569642 -6354.945499300709 -499.6483933663054
3680.189151070164 -5480.712421233555 -2101.6840667286915
4319.690567254043 -4119.493992829475 -3516.9758876736523
4575.368519887576 -2392.2404450608865 -4619.768967004327
4424.504900855063 -452.4258355743412 -5312.075300094489
3880.504604761627 1527.5887948410598 -5532.38043111276
2991.7044452211485 3371.870457121822 -5261.109282375026
1837.0782168440642 4916.546632077522 -4522.365485900469
519.2195270154266 6024.36606286361 -3381.7896699296134
-844.7740963459108 6596.894131469264 -1940.7270010459738
-2133.7058340168505 6583.259206500808 -327.22222137923796
-3233.04844472157 5984.672810877574 1315.3576886481144
-4045.1205131133684 4854.321972703814 2841.062295686943
-4497.765872196053 3292.643324414226 4114.326049957448
-4550.764995413697 1438.398867223198 5022.0138792667585
-4199.408678085588 -543.6536416300648 5483.473736658305
-3474.9164709081306 -2477.4001386397867 5457.702888719623
-2441.66268587072 -4191.018761439935 4946.991188383563
-1191.4564561334923 -5532.246975303234 3996.7176114463737
739.841873065081 -6349.517521186121 2671.2053457698803
2099.046871347487 -6506.079765322429 1124.279799430695
3271.7423435952246 -6084.548270849053 -522.5429409085818
4153.729150809705 -5122.377960910473 -2122.9354478061523
4666.6388946346215 -3705.0618899595515 -3534.6958238174147
4764.897293463769 -1958.5348106894046 -4632.382964125378
4439.7736573613065 -37.98331860110569 -5318.462549192973
3720.156648176504 1885.943158031985 -5531.973397076315
2669.987395162664 3642.295308748702 -5253.944131964028
1382.578045041936 5075.013537333394 -4509.078874172681
-27.67943172459235 6056.794541795942 -3363.562170644367
-1435.4774695131896 6500.402771414863 -1919.1782075048548
-2715.7270346464393 6366.421688245872 -304.26683845367654
-3754.6723349795484 5666.756099494836 1337.6799744471243
-4459.998521241584 4463.5743631541345 2860.768051306434
-4769.034266510165 2863.784456573737 4129.664332533345
-4654.320388637151 1009.5347335156571 5031.621815081252
-4126.049719085127 -934.4165808854686 5486.497618450538
-3231.1614251214346 -2795.340881455308 5453.874031322272
-2049.170258817334 -4407.886877556446 4936.649802579047
-685.1013223817571 -5628.772780893732 3980.7825747458483
1310.5024526882567 -6265.270377622718 2651.0464283072997
2675.695612688101 -6294.907573246158 1101.756951777194
3803.1414754038187 -5765.214606239794 -545.4284648990676
4592.66152821844 -4723.257021241435 -2144.150168895661
4974.103449687694 -3261.6173222337657 -3552.3547209378153
4913.574451158747 -1510.1686107737391 -4644.916966772743
4416.452799778029 375.46520901931035 -5324.757956227537
3526.909935853143 2227.7372972890807 -5531.470833956108
2323.9856465383814 3882.065150430605 -5246.688253627744
914.5650338856631 5191.454478794051 -4495.7143972523945
-576.1186955303507 6039.560294393918 -3345.276587563488
-2015.6117505932243 6351.024673663077 -1897.5962725650784
-3276.0088562494325 6098.172639664553 -281.3062012851588
-4245.318198499794 5303.471205241996 1359.9791604708573
-4837.4123885414 4037.53308033364 2880.4244056488074
-4999.6812592264905 2412.842422815569 4144.931301850548
-4717.706509289484 573.760127445747 5041.142862151462
-4016.54283268809 -1316.3032731524752 5489.426756459145
-2958.4916990944544 -3089.407351429334 5449.950993502892
-1637.5655949093202 -4588.004028890815 4926.223168057908
-171.1346012782349 -5678.936414261309 3964.7787957566807
1871.923643844035 -6129.73493762175 2630.8417311530748
3231.320224754136 -6032.656228223361 1079.2150783937093
4303.59982327958 -5399.549539071519 -568.3045701382891
4993.4856914698885 -4286.669177840298 -2165.3278636499895
5239.67844242207 -2792.8994484201517 -3569.9522740915468
5020.302769814941 -1050.9683465704975 -4657.370758502576
4354.851164873921 784.3459049705697 -5330.961412485717
3302.4519229842904 2549.9675808096868 -5530.872750430669
1956.61533516595 4089.0134467454463 -5239.341772664569
436.92488835314987 5264.732523597919 -4482.272285924566
-1121.5882522031313 5972.657011830586 -3326.9332364522147
-2580.4433545421903 6149.884713988518 -1875.9815689150482
-3810.0147407410172 5780.668170984027 -258.34070637028026
-4701.0495972507215 4897.813892943165 1382.2548616450226
-5174.375566828332 3579.767356812068 2900.031019277598
-5187.935559920089 1943.642781477932 4160.126694270851
-4740.524711632732 134.81701547360413 5050.576856062855
-3871.8974392667556 -1685.9878339902864 5492.261100102202
-2659.2350878798807 -3356.985265568389 5445.933843006613
-1210.2880290739029 -4729.699824413551 4915.71146487285
346.1984323767939 -5682.15979791374 3948.7065508407045
2419.4968337715172 -5943.897988766653 2610.5916032127475
3761.39974004932 -5721.401040530945 1056.65456854541
4769.085772792858 -4990.532501889151 -591.1708615893765
5353.017605835559 -3816.233249863333 -2186.4681663613687
5461.310333268926 -2302.8449263234083 -3587.488179394621
5084.341671025707 -584.8387252111218 -4669.744124256115
4255.606939045929 1185.1329631586468 -5337.072810842897
3048.742855108471 2849.80038688142 -5530.179156828025
1570.9845893069748 4261.250540086764 -5231.9048159374815
-46.3625514067569 5294.069882615412 -4468.752772314782
-1659.5901759693045 5856.48788343067 -3308.5324340733746
-3125.3559304054534 5898.531235029346 -1854.3344698090987
-4313.420095026464 5416.464201117701 -235.37075028951992
-5118.217955072074 4453.120553175114 1404.506693300812
-5468.239688879991 3094.097601885237 2919.587553615276
-5332.3843293563 1460.1505004441976 4175.250247392062
-4722.723221386106 -303.53738072625237 5059.923633904157
-3693.427429866256 -2040.2546335673296 5495.000600434739
-2335.9544028634755 -3595.6863087059605 5441.82264920374
-770.9215759992497 -4831.62547590658 4905.114874545643
862.6110160261344 -5638.25351633375 3932.5661175420855
2948.71673670131 -5709.160266210245 2590.296394176407
4261.616583340106 -5363.617068757842 1034.0758118192716
5195.853094752788 -4541.4929569004835 -614.0269443849587
5668.415257070936 -3315.8372658089474 -2207.570711967712
5637.3138483676985 -1795.5548823381182 -3604.962134027634
5105.312365292646 -115.72956790874107 -4682.036850363443
4119.681474267039 1574.378826500188 -5343.092045764175
2767.998805328434 3124.59675312689 -5529.390065125522
1170.3672953737178 4397.180546171263 -5224.377511871836
-531.2564848472266 5279.055550979326 -4455.156089885258
-2185.6757950088245 5691.863303329173 -3290.0744981818907
-3645.888219103646 5598.924022847527 -1832.6553490609344
-4782.147475214172 5008.495772462511 -212.3967297004045
-5493.491942043401 3973.040693272511 1426.7342711817305
-5716.715542029756 2584.56351308335 2939.0936709491316
-5431.983878713826 966.4365225865812 4190.301700052564
-4664.596609905558 -737.5625940788295 5069.1830342702015
-3482.739462062114 -2376.0260375202183 5497.645210149599
-1991.4256292640478 -3803.3691405094187 5437.617483088573
-323.1648900784772 -4892.76620455377 4894.43358006385
1373.8104677763615 -5547.419519772706 3916.357774582452
3455.218552372453 -5427.325798725369 2569.9564545125677
4727.891875196401 -4962.159307850489 1011.4791981173759
5580.471256897405 -4056.083186395637 -636.8724238339098
5937.201277928321 -2789.6062740016455 -2228.6351360589533
5766.38491043665 -1275.260602177122 -3622.373836240942
5083.199938289313 352.3975705398034 -4694.24872454717
3948.3503443694526 1948.7436726430221 -5349.019013306176
2462.6724953022745 3371.9353475111548 -5528.505488949619
758.1753877672519 4495.515769258373 -5216.759990453157
-1013.6889301687712 5219.649886660974 -4441.482473430795
-2695.482538158714 5479.995205577507 -3271.5597475193003
-4137.7706937029625 5253.418901915618 -1810.9445810372401
-5212.399764804103 4560.053274569396 -189.41904133061698
-5823.884242562782 3461.5069023135015 1448.937211449989
-5917.891047674722 2055.3904512142244 2958.5490344370364
-5486.067262963655 466.64353859211735 4205.280792335781
-4566.78232672862 -1163.5667002653388 5078.354897264696
-3241.7187397696107 -2690.3889315758465 5500.1948835782405
-1628.614216733676 -3978.158299738498 5433.318417278176
129.1998265148105 -4912.4508451092215 4883.667765877793
1875.533898193326 -5410.250574956529 3900.081801856194
3934.8140395839728 -5100.587921821054 2549.572135462263
5156.418815925535 -4520.2397637872455 988.8651176501726
5919.8531519008675 -3538.248465995455 -659.7069054282521
6157.2825564821405 -2241.8682646523257 -2249.6610748833
5847.610385130534 -746.2882297180178 -3639.7229853599342
5018.352369244585 815.6027894586879 -4706.379535926105
3743.191722674593 2305.0239215781307 -5354.853611118847
2135.43206481868 3589.6335628344564 -5527.5254435756515
337.92989681435193 4555.288509185525 -5209.052383224891
-1489.5988255028667 5116.186080941102 -4427.732159074729
-3184.7701551773775 5222.488067392248 -3252.988501808238
-4596.960680430735 4864.749070544201 -1789.2025406511914
-5600.691075798161 4074.755770178641 -166.4380819712609
-6106.775490852966 2922.702537861528 1471.1151306933275
-6070.246104402646 1510.9543589865937 2977.9533081133873
-5494.348712739892 -35.04874539828056 4220.187265574724
-4430.254326398006 -1577.9376149456452 5087.439064502982
-2972.5124013047616 -2980.6198027399246 5502.64957669154
-1250.649704699787 -4118.460840826188 5428.925526011122
582.3387065536045 -4890.35855963734 4872.817617897355
2363.5837681783614 -5227.72645943965 3883.7384804255194
4383.52620612627 -4731.51206728467 2529.143789032829
5543.693875790082 -4041.4016000062607 966.2339609297231
6211.280016490088 -2992.194865168482 -682.5299948499046
6326.9666699715535 -1677.1184855295849 -2270.6481653535816
5880.47456939014 -213.02276853816858 -3657.0092817902087
4911.476497280808 1270.0009562729097 -4718.429075018899
3506.072184728474 2640.1795228117385 -5360.595738447216
1789.1379724186668 3775.7665525117363 -5526.4499459275685
-86.76900024320541 4575.86015434247 -5201.254823286133
-1954.9661664540006 4969.368500628344 -4413.905384264882
-3649.4560095476413 4921.326647918913 -3234.3610817469576
-5019.675670819055 4436.003325655615 -1767.4296033560013
-5943.875120254344 3556.5216408278643 -143.4542484698048
-6339.935180988706 2361.0274006744057 1493.2676459315387
-6172.664178544938 955.7455147729349 2997.3061568947387
-5456.924875546882 -534.458554336211 4235.020862356414
-4256.313850036093 -1977.1736354598631 5096.4353791147905
-2677.5106604239113 -3244.2081623893228 5505.009247100532
-860.7988985710801 -4222.980557117456 5424.438885146217
1032.3986229735378 -4826.522597100771 4861.883323488701
2833.8629962602145 -5001.206923486137 3867.328092515681
4797.622327364423 -4323.0154652411775 2508.6717679918866
5886.545535178919 -3529.490564798633 943.5861187629464
6452.423339513168 -2422.3549387595262 -705.3412979775278
6444.975014138252 -1099.9824460820516 -2291.596045053437
5864.862375450157 320.12831412325284 -3674.232427022725
4763.6309771786855 1711.7942687587624 -4730.397133747636
3239.130061734684 2951.3597905296183 -5366.245296133153
1426.8182256174096 3928.6840430828083 -5525.279014577641
-512.2726713346185 4556.9274776621405 -5193.36744528933
-2405.845893366991 4780.267908104341 -4400.002387769408
-4085.649149892903 4578.860557051277 -3215.677809003729
-5402.4245498748405 3970.601351505621 -1745.6261451384469
-6239.170820450759 3009.536791181664 -120.46793772345501
-6521.539383479461 1781.061679826539 1515.3943746231078
-6224.440552981815 394.33142215838046 3016.607246585731
-5374.272863844282 -1027.4369128634899 4249.781326526352
-4046.5774461461788 -2357.912969344816 5105.343685746939
-2359.325864245347 -3478.8781109692272 5507.273854057167
-462.4378255753106 -4290.729665628882 5419.858572161178
1475.5398432720638 -4721.331059940414 4850.865071471081
3282.4093217447576 -4732.421470356152 3850.8509215100494
5173.6450190631795 -3878.3439204675137 2488.1564258613203
6182.160338291598 -2988.623931265317 920.9219822450248
6641.363581499032 -1833.351590410098 -728.1404208932989
6510.452525346249 -515.1779152159871 -2312.5043522436695
5801.059191666135 848.7715785660902 -3691.392123638972
4576.216291277511 2137.30399281987 -4742.283505441455
2944.7564910144815 3235.9275679075 -5371.802186617066
1051.642153673806 4047.024777952318 -5524.012669746139
-934.9152040763928 4498.526076400365 -5185.390385437946
-2838.401243136562 4550.313591503708 -4386.023409672706
-4489.68287562539 4197.785775279655 -3196.939006211327
-5742.036481966112 3472.266271242554 -1723.7925425123308
-6484.18494837209 2438.2206712159973 -97.47954667213232
-6650.185126738246 1187.5284645967206 1537.4949346718297
-6225.287172736969 -168.68085748479135 3035.8562438847957
-5247.24513421523 -1509.9021451350377 4264.468403192919
-3802.962338362466 -2716.962001093616 5114.163830566011
-2020.7696497208628 -3682.607860063667 5509.443358454997
-59.02270970001674 -4321.037849808651 5415.184666151309
1907.9686570945655 -4575.524664035863 4839.763052113588
3705.4286357237465 -4423.4560325042285 3834.307251945254
5508.441105643075 -3401.0458490497217 2467.598116911039
6428.106045737269 -2423.1572019363593 898.2419427523323
6776.605554388959 -1229.9604035807276 -750.92696988975
6522.9739208895435 72.52377422538454 -2333.3727258684075
5689.747428919523 1368.56389642624 -3708.488075316119
4350.961908844681 2543.001110585878 -4754.087984840121
2625.574329287151 3491.4815162933965 -5377.266313939588
666.8929484292955 4129.7284671639845 -5522.650933300985
-1351.0447975080324 4401.030920712181 -5177.323781484149
-3248.936284224287 4281.282463349017 -4371.96869137127
-4858.145524365203 3781.123271018657 -3178.144996961449
-6035.687215045777 2944.9946828721227 -1701.9291725120133
-6676.931609492464 1847.1903932560992 -74.48947229172319
-6724.901329203992 585.2551309377374 1559.5689444333634
-6175.334054072346 -728.6826181142649 3055.0528163899394
-5077.061248229255 -1977.8737187758034 4279.0818387317995
-3527.669270164668 -3051.3220597682825 5122.89566126101
-1664.8283965243452 -3853.6470452440403 5511.517722829857
345.9397861262476 -4313.558579298355 5410.417247828124
2325.9697006477822 -4390.191503841973 4828.57745713184
4099.326999916825 -4076.736647231153 3817.697369506255
5799.188042812731 -2894.9437843206924 2446.997196152949
6622.351695060793 -1837.648848597807 875.546391936004
6857.090337490965 -617.070748287866 -773.7005514765065
6482.546411589766 658.3367959778265 -2354.2008055613824
5531.9997888324515 1875.2482268574565 -3725.519986832073
4089.910708056173 2925.5356233894922 -4765.8103680975455
2284.415112591567 3715.876341281763 -5382.637583743242
275.93920938262465 4176.045139396405 -5521.193828757374
-1757.055103519259 4265.154000603437 -5169.167772726378
-3633.9273597641377 3975.2852115368114 -4357.838475569503
-5187.909222866407 3332.194886173332 -3159.296105799126
-6280.922584752366 2393.02442207695 -1680.0364126858947
-6815.84841160831 1241.2232364643294 -51.49811158716302
-6745.156196234759 -20.86608072662711 1581.6160227218593
-6075.127252195331 -1281.1013550757118 3074.1966326044185
-4865.296591541526 -2427.505152005622 4293.621380790361
-3223.162977726829 -3358.214463248944 5131.5390270460075
-1294.6371887233563 -3990.5316821511597 5513.496911360509
748.9227959198987 -4268.2726489344 5405.556399517963
2725.9377035521484 -4166.758859853817 4817.308479684701
4460.741083643207 -3695.0102605551383 3801.021561021383
6043.4176732923115 -2364.1035821756113 2426.3540193347994
6763.284403400882 -1236.8233741083795 852.8357217149697
6882.2036340825425 0.3540184583563129 -796.4607723871512
6389.608869822781 1237.4999549314819 -2374.988231652143
5329.269317142586 2364.6885897298516 -3742.4875640706673
3795.400798521095 3281.7642660657616 -4777.45045278534
1924.2942631089152 3907.2407855764677 -5387.9159032740545
-117.7942622067877 4185.541814644934 -5519.641381277367
-2149.4162503937564 4091.93908553448 -5160.922500006956
-3990.0531721754287 3634.7496114953815 -4343.63300627557
-5476.156359549361 2854.596683638977 -3140.3926582171216
-6475.679022660985 1820.8003132500298 -1658.1146410898823
-6899.809186559853 625.217844578266 -28.50586158557311
-6710.861024918991 -625.9179733076159 1603.635788816553
-5925.623411085537 -1821.438232469321 3093.2873619425673
-4613.868153007119 -2855.115711426092 4308.086778291974
-2892.150461907127 -3635.1036299537323 5140.0937786627155
-913.4525102734184 -4092.09663857046 5515.380889869266
1146.4097055183938 -4185.488902979884 5400.602205160554
3104.4083880387784 -3906.982110644025 4805.9563143709065
4786.566761810091 -3281.3228122688506 3784.2801144574983
6239.037115964267 -1812.8015751544535 2405.6689429340386
6849.722773047745 -625.5329968852486 830.1103242692641
6851.780502232653 617.3169332635499 -819.2072395859872
6245.027465250719 1805.3155448411408 -2395.7346451722656
5083.376332129618 2832.903947762828 -3759.390514026678
3470.0449038692045 3608.7764029315763 -4789.008037896278
1548.3847578587731 4063.993237845456 -5393.101181383175
-510.8561688620264 4158.1064390361935 -5517.993617669462
-2524.7052831240235 3882.7536355690113 -5152.588105709676
-4314.223253493815 3262.401132397847 -4329.352528797123
-5720.4035551337765 2352.1699718015775 -3121.434980650308
-6618.300897322586 1232.9381868828268 -1636.1642362809114
-6928.133160849173 4.154433399419999 -5.51311932946606
-6622.3703894227065 -1224.9984597229488 1625.6278624683184
-5728.1809471022525 -2345.30486388174 3112.3246747354237
-4325.017489923731 -3257.2206386837574 4322.477781440404
-2537.5572487388513 -3879.718065661393 5148.559768383105
-524.6239101169405 -4157.485516642719 5517.169625822575
1534.924565192958 -4065.842134645657 5395.554750307592
3458.088256979976 -3612.930836331 4794.521157225749
5073.985631563915 -2838.9947781225264 3767.4733189148824
6384.346612085355 -1245.4899419440612 2384.9423241516706
6880.9267883872 -8.7182701765347 807.3705920332393
6766.106423090992 1228.8280581556658 -841.9395602748182
6050.087809534182 2357.1876208976237 -2416.4396878615535
4796.4923437271955 3276.1007191753506 -3776.228544810908
3116.707484120117 3903.917891623127 -4800.482923847771
1159.989487103452 4184.854827338706 -5398.19332852844
-899.7986663724047 4093.949046712317 -5516.250566388126
-2879.635759639625 3639.2779272860676 -5144.164733757339
-4603.604578589487 2861.240993312321 -4314.997289737109
-5918.522928145735 1828.9702407334962 -3102.4234004700343
-6707.554542526182 634.1874559617802 -1614.185577310327
-6900.590500184888 -616.9456673579441 17.479718130125402
-6480.478709159539 -1813.2604607114422 1647.59186390623
-5484.547945712971 -2848.45910476826 3131.308242236459
-4001.2910287475847 -3630.559657109527 4336.794141724092
-2162.5018445015066 -4090.069051467985 5156.936850011924
-131.5648813884275 -4186.157861631115 5518.863088331584
1911.0621987989744 -3910.288175137126 5390.414122121228
3783.8830160647726 -3286.9722242651846 4783.003205717649
5320.489222056088 -2371.5943666272733 3750.601464622223
6478.054176978019 -666.7605740412622 2364.1745209060477
6856.604121365165 608.632042875112 784.6169176887881
6625.914699857433 1829.9450318442953 -864.6573418997377
5806.483679919625 2888.659374152629 -2437.1030021742517
4471.121103687045 3690.703654394617 -3793.0013656551887
2738.47979620009 4164.8127185574285 -4811.874912485336
762.5125412001121 4268.859895696839 -5403.192256775922
-1281.2072993166983 3993.6001375204883 -5514.412257533299
-3211.086248803555 3363.4914814999097 -5135.652529609243
-4855.6460934643255 2434.5218469088163 -4300.567536989494
-6068.760474068894 1289.2342624967118 -3083.358245978436
-6742.638854235753 29.39255615040805 -1592.1790437174084
-6817.404182620522 -1233.0608077969748 40.47225374056873
-6286.413231693974 -2385.951307773363 1669.527413844129
-5196.846877661342 -3326.839563479233 3150.2377366272567
-3645.517872561621 -3972.123524375018 4351.035611920447
-1770.26860639311 -4264.466878753111 5165.22487888923
262.2767941492564 -4177.893636649332 5520.461248152673
2271.5177505486963 -3720.096210545021 5385.18040937259
4078.9243864204354 -2931.751910760455 4771.40265874477
5523.900690493876 -1882.9085879234713 3733.66484293179
6519.286931686403 -81.30773410635467 2343.3658918267442
6776.912791947181 1221.521511113388 761.8496941585587
6432.380210651512 2415.813209511831 -887.360192157908
5516.302419603827 3395.449302623516 -2457.7242312851117
4110.076950679919 4073.384824513249 -3809.708686917466
2338.6531079124857 4389.382228990111 -4823.183807086004
359.4296734968852 4315.363759934561 -5408.0978798014485
-1651.7306647400517 3857.906283146883 -5512.47872284989
-3516.127484914177 3057.6569029587463 -5127.051640258696
-5068.1009477823745 1985.7212886364164 -4286.063519734989
-6169.75140044544 737.3456236243878 -3064.239846402866
-6723.192365670859 -576.5464358346311 -1570.1450155227803
-6679.248184962688 -1839.2098143373942 63.46409045442669
-6041.823491622708 -2938.4513295969427 1691.4341334871747
-4867.5562669463725 -3776.598549040538 3169.11283102315
-3260.7853070330193 -4279.178414072126 4365.201946100123
-1364.2792628691393 -4401.534498148247 5173.423711892895
653.4489808416105 -4132.794926247893 5521.964077687964
2613.1154149909285 -3496.8383886786132 5379.853702440236
4340.595077050206 -2550.1724146527176 4759.71971663158
5682.393818125805 -1376.91243033763 3716.6637463142833
6507.599016219974 506.11018908619195 2322.51679624831
6642.460159841268 1824.9866633482425 739.0693145991881
6187.10956830438 2981.705063749753 -910.047719004353
5182.00713994052 3873.4858842399435 -2478.3030190957156
3716.4606363291828 4421.09048540259 -3826.350220086753
1920.690295761135 4575.861795301188 -4834.409412361716
-45.741806395853395 4324.047703848536 -5412.910112892086
-2008.109548319949 3688.0229981381385 -5510.449995727208
-3792.0479444321904 2724.301264420828 -5118.362214230469
-5239.046239553335 1518.5134079605423 -4271.485488436743
-6220.532285114439 177.79897131662244 -3045.068531890087
-6649.296738786817 -1178.7136841867066 -1548.0838732218533
-6487.241997259866 -2430.4924561502494 86.45483123633093
-5748.767335483775 -3466.3113073443783 1713.3116445383916
-4499.489467900041 -4194.133187224325 3187.933199478885
-2850.4122154090787 -4549.287927769065 4379.292899631276
-948.0633287510321 -4500.21847171028 5181.533207441083
1038.5251451739173 -4051.284855556555 5523.371550985788
2932.836102457621 -3242.376801215882 5374.434093308599
4566.551701498737 -2145.3693391509432 4747.954581125393
5794.509141879617 -857.7363965041762 3699.598468353712
6442.976013992407 1090.7095163131755 2301.6275942041416
6454.298253754805 2414.1373707179864 716.2761723944843
5892.127769449724 3523.058525467166 -932.7195306586517
4806.415875652223 4318.94046954089 -2498.839010240505
3293.6328386943537 4731.065599537843 -3842.9256777881305
1488.1960701488674 4722.814789076442 -4845.551534462703
-449.4734500702561 4294.921158874269 -5417.628872947612
-2347.2052817688996 3485.4049357550434 -5508.326111198403
-4036.3776236416134 2366.195188646377 -5109.584401578232
-5366.900100302356 1036.7386151499036 -4256.833694836008
-6220.549950798058 -384.8367339550967 -3025.844633500639
-6521.476639731531 -1772.217650420011 -1525.9959977782628
-6242.941510196005 -3002.129251396039 109.4440790698383
-5409.693630781989 -3965.288493758314 1735.159569205166
-4095.7707322235137 -4576.114452068221 3206.698516994261
-2417.9206301131867 -4780.3325593643585 4393.3082291837445
-525.2276691473695 -4559.797140617067 5189.553225494657
1414.1340751458429 -3934.1037355857884 5524.683643741143
3227.843801037159 -2958.847949117843 5368.9216755663965
4754.7454400471415 -1720.685537680408 4736.107455392872
5859.167080852252 -329.6326651159555 3682.469303742451
6325.835845665941 1667.7203860853258 2280.6986464201796
6213.915474420841 2984.1966535633705 693.4706611486569
5549.861443954527 4035.513952441024 -955.3752356118342
4392.677869027059 4728.258127082986 -2519.3318500930263
2845.1855884872507 5000.875817514595 -3859.434773787704
1044.8860825190402 4829.143745577991 -4856.609980980824
-848.2561372880585 4228.321059498506 -5422.25407848195
-2666.0270767863763 3251.793491601228 -5506.107105939853
-4246.909810845061 1986.3298017145169 -5100.718353881961
-5450.43597095346 544.3719920806853 -4242.108391947838
-6169.666976198347 -945.9556579866559 -3006.568483203093
-6340.695995470431 -2352.230996583832 -1503.8817706173031
-5948.326349858908 -3549.5002885388453 132.4314369642989
-5027.421804262189 -4431.380903131721 1756.9775302058251
-3659.8087688795704 -4919.513877686561 3225.4084595196773
-1967.0056635757742 -4970.526455277886 4407.2476927333055
-99.42547300107474 -4579.885944521699 5197.483627559655
1776.989107171256 -3782.3024690963366 5525.9003332961065
3495.5104069831636 -2648.6448209307773 5363.316544405013
4903.440267339887 -1279.6434570391432 4724.178544016537
5875.677941550254 203.0598436332158 3665.2765482761292
6157.0261195962985 2232.4258145485537 2259.73031430871
5923.22473731067 3530.5395874940737 670.6531746794965
5163.118843471352 4514.949424572978 -978.0144426330064
3944.2471824157606 5098.1861917493525 -2539.781184771856
2374.911850158897 5228.4267427671975 -3875.87722299755
594.5551778864143 4894.098633117346 -4867.584560952891
-1238.630331103724 4124.908382516912 -5426.785649624569
-2961.7580995356257 2989.2019202675574 -5503.79301827053
-4421.720663362422 1587.8917495058831 -5091.764224245315
-5488.793941847947 45.49042845244585 -4227.309834056649
-6068.1637914248095 -1500.9529168004456 -2987.240413868406
-6108.350658435398 -2914.0300085722497 -1481.7415736193057
-5605.783763388653 -4068.182746072343 155.41650796166255
-4605.118380387979 -4860.859593657976 1778.7651507761161
-3195.2680200606865 -5221.627734816122 3244.0627039618203
-1501.504073948256 -5118.431336999971 4421.111049565827
325.6750983765847 -4560.439853025414 5205.324276689638
2123.9166090090375 -3597.2332749488874 5527.021598640232
3733.4388082764995 -2314.3967341949515 5357.618796616857
5011.22858550226 -825.9158870449991 4712.168052991239
5843.74871149171 735.9512111410638 3648.020498848457
5937.817955201976 2780.2003862453803 2238.722959962135
5584.548150103481 4048.730990546291 647.8241070116028
4735.066734482377 4957.51407877388 -1000.6367607762135
3464.8538600044108 5425.800285410194 -2560.186661146944
1886.7735148043666 5411.980325955446 -3892.2527414806345
141.0450628447316 4917.282164455082 -4878.47508486398
-1617.215861914705 3985.6619035055433 -5431.223508121868
-3231.7800603081314 2699.898091640341 -5501.383888151341
-4559.18641790996 1174.2364860252906 -5082.722167293022
-5481.4890546204415 -455.761184425048 -4212.438276711877
-5916.737333709397 -2045.2624735642244 -2967.8607592639733
-5826.2575355241515 -3453.0332164406673 -1459.575789113065
-5218.089187197518 -4553.986804649692 178.39889514340715
-4146.270715381163 -5250.298680423663 1800.5220546757216
-2706.037894893848 -5480.098477885733 3262.6609281892142
-1025.3617321935274 -5222.967476571597 4434.898060281428
746.4223201380747 -4501.752894348813 5213.075037488079
2451.883473704969 -3380.537811845971 5528.047420410905
3939.4840207197826 -1958.947109514783 5351.8285305937015
5077.04412435278 -363.29535980540464 4700.07618972058
5763.486577295875 1264.6367769181202 3630.7014534461505
5669.896324614192 3306.5482574605503 2217.6769461467215
5200.598348371442 4534.561583158081 624.9838523695462
4269.204386425939 5359.659212596271 -1023.2417993871265
2958.4728796516206 5708.527600518228 -2580.5479268455806
1384.8680744759015 5550.168259673388 -3908.5610464557226
-311.7883365104776 4898.6521124443325 -4889.281364650666
-1980.7409855373241 3811.86922764388 -5435.567577338529
-3473.696105660527 2386.3850338546945 -5498.879757184438
-4657.998082731512 748.8600573292963 -5073.5923391681645
-5428.416488863905 -955.204421608041 -4197.49397672355
-5716.496267747358 -2574.3947958399613 -2948.4298540481195
-5496.640266810783 -3964.8388949159985 -1437.3847998692365
-4788.383656559562 -5002.9896587698595 201.37820163734398
-3654.658144947463 -5596.602836183519 1822.2478661947548
-2196.2002189536674 -5692.933291315257 3281.2028110377246
-542.6002656399362 -5283.4216404873805 4448.608486798616
1159.2121024379728 -4404.454790988214 5220.735776110669
2758.023388095722 -3134.1328046782683 5528.977780893688
4111.77219233488 -1585.329364757392 5345.94584632496
5100.171993070041 104.33754632552895 4687.90316301332
5635.399130484777 1784.7336085396362 3613.319711143767
5355.346986660354 3807.1401590821674 2196.5926362963237
4774.456640325958 4984.0823250467765 602.1328051711239
3769.3348691407346 5718.166904145949 -1045.8291681098246
2429.291153378735 5944.167260049609 -2600.8646302585034
873.3942578704265 5642.0022693494975 -3924.8018563022574
-760.1075502772633 4838.520617498534 -4900.00321370432
-2326.070466905779 3605.115175284825 -5439.817782258829
-3685.3518147575955 2051.3794289597004 -5496.280668612497
-4717.173480968142 315.36961804116095 -5064.37489752951
-5329.853582419813 -1448.6621674171104 -4182.477192157849
-5468.952803396286 -3083.9739619511743 -2928.948033764108
-5122.1115676869285 -4445.261136169032 -1415.1689890937134
-4320.148241172208 -5411.567350731098 224.3540306244833
-3134.320784771039 -5897.032057908546 1843.9422101602597
-1669.9951719027604 -5858.5195880418805 3299.688032316181
-57.28315935782519 -5299.451943087946 4462.242092358384
1560.5187132790816 -4269.504736728835 5228.306360267673
3039.661650017542 -2860.1932980984516 5529.812664022616
4248.717309816503 -1196.7411331804788 5339.970845395983
5080.255791449477 573.0467332325813 4675.649183079829
5460.391251676817 2291.916882623718 3595.8755720985714
4996.6401153578245 4277.849093701638 2175.4703945061137
4309.54813763323 5393.6366478602895 579.2713600204557
3239.5338957394324 6030.175916271973 -1068.3984768934906
1881.6728507488322 6130.907591531757 -2621.1364205459768
356.61691538391307 5686.881222239133 -3940.974890565221
-1200.1259979004321 4737.550499883371 -4910.640446874304
-2650.2324496051324 3367.267625215033 -5443.974049487952
-3864.8541178088667 1697.7882450357627 -5493.586667317973
-4736.066537012343 -122.5470713359278 -5055.070001548787
-5186.458660516606 -1931.9935426304585 -4167.388182332677
-5176.01117163502 -3569.7739092482707 -2909.4156348344845
-4705.652375602769 -4890.364198334577 -1392.928740421055
-3817.175715582895 -5776.424167389066 247.32598534588683
-2589.526241833757 -6149.22349975111 1865.604711942649
-1131.7859975489582 -5975.637338737412 3318.1162728118675
426.51839937911745 -5271.0895765243595 4475.798641528334
1946.9247647771865 -4098.182373641514 5235.786659226182
3294.3383208861924 -2561.1336822835037 5530.55205538048
4349.035460218858 -796.5170239045706 5333.903630986289
5017.30171348333 1038.873667505696 4663.314461528418
5239.7586914388885 2781.955874536072 3578.3693375453054
4596.610752413058 4714.784431991526 2154.3105855262725
3809.61407402948 5759.890319569889 556.3999117012485
2684.116466952366 6293.20467539214 -1090.9493359992518
1320.123332735461 6267.340178531962 -2641.3629476438755
-161.16855286084058 5684.595003039855 -3957.0798699599954
-1628.1399052588968 4596.748615093386 -4921.192880471172
-2950.443882100422 3100.4609401968214 -5448.036307253247
-4010.587972207605 1328.6837046150436 -5490.797799822326
-4714.373720808718 -561.1529089541782 -5045.67781190793
-4999.266675627664 -2401.128623983842 -4152.2272078131455
-4839.9528473966375 -4027.7535235931446 -2889.8329945551786
-4250.587968891195 -5296.494847125965 -1370.6644379077932
-3283.539695951707 -6094.619360206858 270.2936691095191
-2024.7345114502846 -6351.210197336839 1887.2349974622325
-586.0227802054688 -6043.46813660657 3336.4872142960353
904.7596467792413 -5198.737410615709 4489.2779002066845
2315.150208675293 -3892.076051408288 5243.176543812384
3519.8295146611795 -2239.586654938838 5531.195942199071
4411.756521752038 -388.1001559138765 5327.7443078677825
4911.679601210602 1497.8707451134721 4650.899211361651
4975.1783935507065 3250.749257140014 3560.801309791017
4158.436239508196 5114.324126157548 2133.1135747557687
3278.681536544653 6079.858695838161 533.5188551699341
2107.6015908021654 6505.1711393731375 -1113.4813560067066
749.2519946596827 6352.470579701464 -2661.54386226968
-675.671929246536 5635.325131665344 -3973.1165163771366
-2040.5594371017748 4417.456315463754 -4931.6603322698365
-3224.1342841229375 2807.0771199454584 -5452.004485405469
-4121.230651119507 947.2768036649852 -5487.914114285217
-4652.137589041293 -996.6932136769278 -5036.198490796306
-4769.681686607209 -2852.1026650675135 -4136.994530407087
-4463.4186349147485 -4454.09027842046 -2870.2004510897254
-3760.561250120065 -5660.312424082492 -1348.3764660258448
-2723.561495300984 -6363.59097099287 293.2566852971003
-1444.561349471646 -6501.436533971527 1908.8326931956387
-37.20558838869994 -6061.600929822522 3354.8005395294294
1373.456052496639 -5083.1654821612365 4502.679635626372
2662.0800958050377 -3653.0684743056195 5250.475886413784
3714.166640255058 -1898.380301281027 5531.74431335941
4436.233179366599 24.98729241715008 5321.492982402978
4764.12093240276 1946.1346555291316 4638.40364697273
4668.695633594583 3694.359414026063 3543.171792209832
3685.6108111943704 5473.144773357713 2111.879728235934
2721.0308553885943 6350.931134873305 510.6285855488692
1514.6753670342953 6664.40939445318 -1135.9941478208764
173.73432527564862 6385.725633056969 -2681.67881592851
-1182.643773704263 5539.642125868283 -3989.084552887244
-2433.9387834438353 4201.337105477149 -4942.042621512728
-3468.967651110011 2489.7248460001483 -5455.878515419987
-4195.763519661265 556.8896079785053 -5484.935660503669
-4549.747386685683 -1425.427715581817 -5026.632201907912
-4499.46623216553 -3281.089531226198 -4121.690413160545
-4049.387757335139 -4845.2121431968735 -2850.518343463416
-3239.503409820046 -5978.8163933812375 -1326.0652096558515
-2141.7749680158936 -6581.176569410096 316.21463737094564
-853.7404212788799 -6598.770326229195 1930.3974261822734
510.1527084668936 -6030.034381336221 3373.0559322677345
1828.7165312970847 -4925.503419291508 4516.003616359047
2984.79086513123 -3383.3198632269937 5257.684560981422
3875.6534320594924 -1540.5134898600952 5532.197159391928
4422.147183524313 439.17426751294977 5315.149762543103
4575.713751459729 2379.8394639329626 4625.827984141775
4322.708072388891 4109.045480229043 3525.4810892377163
3181.9175527912776 5788.249279295235 2090.609412644197
2141.160917790109 6570.8923753971085 487.7294981195073
910.1527389133366 6769.682848058734 -1158.4873226787975
-401.7265049553786 6366.95729140648 -2701.767460919192
-1677.9105859110769 5398.499638480906 -4004.983703745701
-2805.0049479192576 3950.3616017508457 -4952.339568912913
-3682.862310743349 2151.216600828867 -5459.658330397976
-4233.481195282842 160.92656446469587 -5481.862489911227
-4407.936697295233 -1843.6625033667729 -5016.979110438564
-4190.727679841355 -3684.4340669944695 -4106.315120353239
-3601.1541173280657 -5197.82749489711 -2830.7870115574415
-2691.602208085637 -6249.371139587886 -1303.7310540805877
-1542.8896307530533 -6745.6307336127575 339.167128880837
-257.0845388684457 -6642.511434243244 1951.9288240307603
1051.5636424915515 -5949.175843759916 3391.253077267008
2266.775779505123 -4727.229872030355 4529.249612319062
3280.574940928016 -3085.2487810642765 5264.802443032037
4002.880622283446 -1169.1297965093695 5532.554472476635
4369.512793996711 850.8715011069893 5308.714757826282
4347.894578672308 2795.2691318619122 4613.172440032072
3939.9468496117893 4491.2948334143575 3507.729506367216
2651.397949619356 6056.991891583367 2069.3029952878314
1543.7526881492295 6737.940702118856 464.82198831555746
298.9382256899499 6820.193912305349 -1180.9604921562616
-972.4382099906736 6296.442963455501 -2721.809450340233
-2157.4092432388284 5213.225425817806 -4020.8136943974373
-3150.6849975906957 3666.7899312332343 -4962.550996657168
-3864.00856335325 1794.5440598160283 -5463.343865067558
-4233.998011339589 -237.15492654274453 -5478.694655577045
-4227.778155424169 -2247.781656940939 -5007.23938308302
-3845.9016571004713 -4058.6831228925817 -4090.868917493977
-3122.299919081956 -5508.952782137722 -2811.006796103031
-2121.268131265498 -6469.7278110488305 -1281.374384978191
-931.7523609542397 -6855.639132015391 362.11376347082313
340.5536955556864 -6632.396830625593 1973.4265149253736
1582.6000617202253 -5819.836965040613 3409.391660289202
2684.02546727493 -4490.159045177934 4542.4173947674535
3546.9634314105124 -2761.5107894127605 5271.829409650225
4094.738129072626 -787.4901813177719 5532.816246443258
4278.677374504329 1256.5023852310283 5302.188079375631
4082.4373585449293 3188.8492007821783 4600.4372331863315
3523.454867797565 4837.85277080956 3489.9173501421874
2098.319273981521 6277.100393791777 2047.960844097451
933.6312316249312 6850.702749318909 441.9064517162153
-314.0140428347076 6815.590101755215 -1203.413268174525
-1533.7577915605448 6174.882363926055 -2741.8044380958054
-2617.2204297210437 4985.509230037114 -4036.5742514817052
-3468.1315472181263 3353.151722512506 -4972.676728409096
-4010.8839571002677 1422.8519693787034 -5466.935055784951
-4197.251725919721 -633.8744253174236 -5475.432212204985
-4010.6752595553944 -2634.2782956120045 -4997.413188032118
-3467.7326958210942 -4400.614979001565 -4075.3520713160456
-2616.666864168802 -5775.937709726095 -2791.1780386755418
-1533.0986985817142 -6638.04302765631 -1258.9955884156436
-313.30798573282215 -6910.32909200724 385.05414488611507
934.3215165778767 -6568.6020910536 1994.8901276324557
2098.9324519382017 -5643.225968474354 3427.4713681075364
3077.0440279304607 -4216.424453706898 4555.506736315899
3781.7467386557923 -2414.975122753644 5278.765339490557
4150.424655729347 -398.94465419995 5532.982476771346
4150.319128302744 1652.5337976191768 5295.569839897332
3781.4395329509402 3557.1773694947165 4587.622583522972
3076.56244052239 5145.750121674877 3472.0449281524966
1527.1400743994177 6446.695274141046 2026.583327620753
315.72655061314225 6908.244820588887 418.98328403924296
-923.7406627382546 6755.966498394343 -1225.8452630070078
-2081.129464436224 6003.390904746818 -2761.75207890175
-3053.6007803328107 4717.387683765484 -4052.2651028367004
-3754.746266390524 3012.223865166704 -4982.716589312114
-4122.266069246841 1039.4107372211831 -5470.431840535542
-4123.504441583899 -1025.7585961053362 -5472.075216132673
-3758.35134858504 -2999.784776700445 -4987.50069496986
-3059.2522450111683 -4707.266915547053 -4059.764849772683
-2088.3251541606987 -5996.487731446706 -2771.301081688598
-931.8412088990594 -6752.894297254339 -1236.5950508419976
307.4409170910631 -6909.276570162406 407.98787697992674
1519.405568415388 -6451.7392989507225 2016.3192915068573
2596.3643671844925 -5420.936678035698 3445.491888511934
3442.6247979718946 -3908.4600438884345 4568.517410930613
3982.992907749413 -2048.6995828472845 5285.610112779678
4169.454618596919 -6.903173300105214 5533.0531605903425
3985.4419892318674 2035.5066134888593 5288.860153678694
3447.3053492994713 3897.052704995685 4574.7287123322
2602.860500831474 5412.3285617295305 3454.1125490287127
942.4740475413165 6564.305707428478 2005.1708150161571
-304.9664466284053 6910.080631225348 396.052881134195
-1525.3093336919974 6641.864566548468 -1248.2560892859972
-2610.1217927472853 5783.489687791194 -2781.6520282914917
-3463.0134761861596 4411.226369847213 -4067.8859775044316
-4008.2012150815654 2647.0062305942274 -4992.670405992525
-4197.242686315658 647.5879715574378 -5473.834158934979
-4013.340725574461 -1409.3713206452182 -5468.623725330513
-3472.835829110286 -3341.1017860844036 -4977.502075070491
-2623.754228940646 -4975.960695646298 -4044.1075220323773
-1541.5405513738565 -6168.68366075616 -2751.376268388154
-322.35423087820254 -6813.2920117854865 -1214.1731590817487
925.4746776592295 -6852.509467928148 430.9145637202274
2091.0710997078977 -6282.8513861029 2037.7136364982289
3070.866678033143 -5154.934386783238 3463.4529103143564
3777.8022757386925 -3568.9788451409404 4581.449193936298
4149.063562632641 -1665.903870902184 5292.363611318369
4151.662344121138 385.19397296497215 5533.028296679641
3785.3677070643603 2402.065641938276 5282.059136586178
3082.726537422348 4205.503237333909 4561.755842272313
2106.1715866077684 5635.263414545463 3436.120522436762
349.0525869233054 6628.882214741373 1983.7236760464434
-923.4285187631773 6856.175408997807 373.1156389755679
-2113.8589481582558 6474.267330334578 -1270.6453600093146
-3116.4637334922613 5517.092187516919 -2801.503942622036
-3842.1570397296605 4069.699192478075 -4083.4366057352563
-4226.457831958615 2260.6955646068427 -5002.5380065624895
-4235.21929831335 250.81921492120162 -5477.141952230201
-3867.6629440591732 -1781.3435227122113 -5465.077799400696
-3156.4477642660872 -3655.2260710552946 -4967.417500995549
-2164.7683487750837 -5204.325742289748 -4028.3803584742873
-980.739765565988 -6290.998232514408 -2731.4039428465576
290.4318497192113 -6818.687922189138 -1191.730300328145
1535.7973206176705 -6740.507266658286 453.83380919669344
2644.7004598437334 -6063.402960255918 2059.072793157559
3518.610357135876 -4847.538692029184 3481.3541233542574
4079.876283029264 -3200.949337942514 4594.301862019981
4278.627296933339 -1269.9415880448455 5299.025718483597
4097.20349905826 773.9060449974859 5532.907885468606
3551.725190010449 2748.9887297110454 5275.166906063397
2690.6605113409364 4479.811702051438 4548.704197365783
1590.5188384696162 5812.583745334709 3418.0691590726406
-248.31368629370624 6639.805892632026 1962.2422810722976
-1534.6568746040682 6746.9463187699075 350.17195365596183
-2684.639064875103 6254.5909559988395 -1293.0126885470293
-3596.0792928874957 5206.487738966951 -2821.3074790798914
-4187.992094592785 3695.7652380327354 -4098.91671899256
-4407.783419992909 1856.6577771006976 -5012.3192206229905
-4235.923845287731 -147.42187513515108 -5480.355163300459
-3687.683847883109 -2138.402446815063 -5461.437499576183
-2811.776957460081 -3939.376576870822 -4957.247146890864
-1686.0313450867698 -5390.319810402283 -4012.583630683497
-410.47444867581055 -6362.309473750628 -2711.384449956673
901.5549038374393 -6768.98001982098 -1169.2668621365256
2133.4771467362084 -6574.19698595069 476.74521762756706
3175.8305825372063 -5795.267699490407 2080.3963926435067
3935.9975341768254 -4501.4034458169845 3499.1952185038913
4346.433832064149 -2807.5697418990876 4607.075193234902
4370.670409961873 -864.2711455965584 5305.596319230525
4006.5537415633044 1155.821734783676 5532.691929036561
3286.4371907553464 3073.2147817882255 5268.18358112908
2274.306273256709 4717.539208849969 4535.574002995426
1060.0932627505342 5942.689574625556 3399.9587706569646
-844.7740963459171 6596.894131469265 1940.72700104597
-2133.70583401685 6583.259206500808 327.2222213792411
-3233.048444721572 5984.672810877573 -1315.357688648115
-4045.120513113364 4854.321972703824 -2841.0622956869306
-4497.765872196056 3292.643324414214 -4114.326049957455
-4550.764995413698 1438.3988672232017 -5022.013879266757
-4199.40867808559 -543.6536416300565 -5483.473736658303
-3474.916470908128 -2477.4001386397895 -5457.702888719622
-2441.662685870725 -4191.0187614399265 -4946.9911883835675
-1191.4564561334914 -5532.246975303234 -3996.7176114463746
164.6159083517407 -6381.910767544872 -2691.3181354258204
1506.061426974901 -6664.513781536037 -1146.7832324175806
2713.686778569635 -6354.945499300714 499.6483933662925
3680.1891510701657 -5480.712421233554 2101.684066728691
4319.690567254045 -4119.493992829469 3516.975887673655
4575.368519887576 -2392.240445060885 4619.768967004326
4424.504900855063 -452.42583557434233 5312.075300094488
3880.504604761627 1527.5887948410586 5532.38043111276
2991.704445221158 3371.8704571218054 5261.109282375031
1837.0782168440699 4916.546632077513 4522.365485900474
519.2195270154108 6024.366062863619 3381.7896699296
-1435.4774695131907 6500.4027714148615 1919.1782075048554
-2715.72703464643 6366.421688245875 304.26683845369195
-3754.67233497955 5666.756099494834 -1337.679974447125
-4459.998521241585 4463.574363154133 -2860.7680513064347
-4769.034266510167 2863.7844565737237 -4129.6643325333525
-4654.32038863715 1009.5347335156495 -5031.621815081254
-4126.049719085123 -934.4165808854807 -5486.497618450538
-3231.1614251214323 -2795.3408814553113 -5453.874031322272
-2049.170258817332 -4407.886877556447 -4936.649802579047
-685.1013223817542 -5628.772780893732 -3980.7825747458473
739.8418730650791 -6349.517521186119 -2671.205345769884
2099.0468713474934 -6506.079765322429 -1124.2797994306895
3271.7423435952182 -6084.548270849056 522.542940908569
4153.729150809714 -5122.377960910458 2122.93544780617
4666.638894634623 -3705.061889959546 3534.6958238174184
4764.897293463772 -1958.5348106894346 4632.382964125363
4439.7736573613065 -37.983318601106625 5318.462549192972
3720.156648176504 1885.9431580319838 5531.973397076315
2669.987395162675 3642.2953087486867 5253.944131964034
1382.578045041935 5075.013537333394 4509.078874172681
-27.67943172459418 6056.794541795943 3363.562170644367
-2015.6117505932264 6351.024673663077 1897.596272565079
-3276.008856249431 6098.1726396645545 281.3062012851644
-4245.318198499809 5303.471205241979 -1359.9791604708842
-4837.412388541402 4037.5330803336383 -2880.4244056488083
-4999.6812592264905 2412.842422815549 -4144.931301850559
-4717.706509289479 573.7601274457276 -5041.142862151469
-4016.54283268809 -1316.3032731524759 -5489.426756459145
-2958.4916990944544 -3089.4073514293345 -5449.950993502893
-1637.5655949093139 -4588.004028890819 -4926.223168057906
-171.13460127821952 -5678.936414261318 -3964.77879575667
1310.5024526882557 -6265.270377622718 -2651.0464283073034
2675.695612688098 -6294.907573246158 -1101.7569517772006
3803.141475403822 -5765.214606239792 545.4284648990695
4592.661528218441 -4723.257021241439 2144.150168895656
4974.1034496876955 -3261.6173222337598 3552.354720937819
4913.574451158749 -1510.1686107737498 4644.9169667727365
4416.452799778028 375.4652090193149 5324.757956227538
3526.909935853145 2227.737297289077 5531.470833956108
2323.985646538393 3882.06515043059 5246.688253627749
914.5650338856666 5191.454478794048 4495.714397252398
-576.1186955303525 6039.5602943939175 3345.276587563488
-2580.4433545421707 6149.88471398852 1875.9815689150696
-3810.0147407410127 5780.66817098403 258.34070637028583
-4701.04959725073 4897.813892943152 -1382.2548616450445
-5174.375566828331 3579.7673568120736 -2900.031019277594
-5187.935559920087 1943.6427814779167 -4160.126694270861
-4740.5247116327255 134.81701547358793 -5050.576856062861
-3871.897439266756 -1685.987833990285 -5492.261100102202
-2659.2350878799 -3356.9852655683676 -5445.933843006617
-1210.288029073926 -4729.699824413535 -4915.711464872862
346.19843237679186 -5682.15979791374 -3948.706550840706
1871.9236438440353 -6129.734937621751 -2630.841731153074
3231.3202247541226 -6032.656228223364 -1079.2150783937254
4303.599823279588 -5399.549539071511 568.3045701383056
4993.485691469887 -4286.6691778403 2165.327863649989
5239.678442422069 -2792.899448420147 3569.9522740915495
5020.302769814942 -1050.9683465705039 4657.370758502573
4354.851164873921 784.3459049705681 5330.961412485717
3302.4519229842995 2549.967580809674 5530.872750430669
1956.6153351659673 4089.0134467454304 5239.341772664576
436.92488835315606 5264.732523597916 4482.27228592457
-1121.5882522031388 5972.657011830589 3326.9332364522074
-3125.35593040544 5898.53123502935 1854.3344698091132
-4313.4200950264585 5416.464201117703 235.3707502895255
-5118.217955072086 4453.120553175085 -1404.5066933008507
-5468.23968887999 3094.097601885243 -2919.5875536152726
-5332.384329356296 1460.1505004441804 -4175.250247392073
-4722.723221386096 -303.5373807262736 -5059.923633904165
-3693.427429866253 -2040.2546335673333 -5495.00060043474
-2335.9544028634764 -3595.686308705959 -5441.82264920374
-770.9215759992453 -4831.625475906583 -4905.11487454564
862.6110160261416 -5638.253516333752 -3932.5661175420796
2419.496833771513 -5943.897988766653 -2610.591603212751
3761.3997400493176 -5721.401040530947 -1056.6545685454141
4769.085772792864 -4990.532501889143 591.1708615893929
5353.0176058355555 -3816.2332498633427 2186.4681663613587
5461.310333268926 -2302.844926323404 3587.488179394626
5084.341671025709 -584.8387252111283 4669.744124256113
4255.606939045931 1185.132963158645 5337.072810842897
3048.742855108481 2849.8003868814076 5530.179156828025
1570.984589306975 4261.250540086764 5231.9048159374815
-46.3625514067504 5294.069882615409 4468.752772314786
-1659.590175969312 5856.487883430672 3308.5324340733673
-3645.888219103639 5598.924022847529 1832.6553490609417
-4782.14747521417 5008.495772462512 212.39672970040522
-5493.491942043407 3973.0406932724945 -1426.7342711817525
-5716.715542029756 2584.5635130833507 -2939.093670949132
-5431.983878713823 966.4365225865712 -4190.3017000525715
-4664.596609905548 -737.5625940788469 -5069.183034270209
-3482.7394620621108 -2376.026037520222 -5497.6452101496
-1991.4256292640534 -3803.369140509414 -5437.617483088573
-323.16489007847184 -4892.766204553773 -4894.433580063847
1373.810467776361 -5547.419519772707 -3916.357774582452
2948.7167367013144 -5709.160266210247 -2590.2963941764015
4261.616583340107 -5363.6170687578415 -1034.0758118192687
5195.853094752789 -4541.4929569004835 614.0269443849605
5668.415257070934 -3315.8372658089597 2207.5707119677004
5637.3138483677 -1795.5548823381296 3604.962134027626
5105.312365292634 -115.72956790871754 4682.0368503634545
4119.68147426704 1574.378826500187 5343.092045764175
2767.998805328445 3124.5967531268793 5529.390065125522
1170.3672953737178 4397.180546171263 5224.377511871836
-531.2564848472405 5279.055550979331 4455.1560898852495
-2185.6757950088327 5691.863303329174 3290.0744981818834
-4137.7706937029625 5253.41890191562 1810.944581037241
-5212.399764804094 4560.053274569408 189.41904133063483
-5823.884242562786 3461.5069023134834 -1448.9372114500134
-5917.8910476747205 2055.390451214211 -2958.54903443705
-5486.06726296365 466.6435385921076 -4205.280792335789
-4566.7823267286185 -1163.5667002653413 -5078.354897264697
-3241.7187397696075 -2690.3889315758497 -5500.194883578241
-1628.614216733686 -3978.158299738492 -5433.318417278178
129.19982651481016 -4912.450845109222 -4883.667765877793
1875.5338981933303 -5410.25057495653 -3900.0818018561904
3455.218552372441 -5427.325798725371 -2569.956454512578
4727.891875196403 -4962.159307850488 -1011.4791981173728
5580.471256897404 -4056.083186395638 636.8724238339092
5937.20127792832 -2789.606274001664 2228.6351360589347
5766.384910436651 -1275.2606021771307 3622.3738362409363
5083.199938289302 352.3975705398217 4694.24872454718
3948.3503443694535 1948.743672643021 5349.019013306176
2462.6724953022863 3371.935347511145 5528.50548894962
758.1753877672468 4495.515769258377 5216.759990453156
-1013.6889301687861 5219.649886660979 4441.482473430787
-2695.4825381587225 5479.995205577508 3271.559747519293
-4596.960680430732 4864.749070544204 1789.202540651192
-5600.691075798159 4074.7557701786454 166.4380819712616
-6106.77549085297 2922.7025378615126 -1471.1151306933518
-6070.246104402645 1510.9543589865975 -2977.9533081133873
-5494.348712739887 -35.0487453982866 -4220.18726557473
-4430.254326398004 -1577.9376149456455 -5087.4390645029835
-2972.5124013047785 -2980.6198027399105 -5502.649576691538
-1250.6497046997997 -4118.460840826183 -5428.925526011125
582.3387065535885 -4890.358559637335 -4872.81761789736
2363.5837681783582 -5227.726459439651 -3883.738480425519
3934.8140395839887 -5100.587921821051 -2549.572135462243
5156.418815925537 -4520.2397637872455 -988.8651176501646
5919.853151900867 -3538.2484659954594 659.7069054282514
6157.28255648214 -2241.868264652347 2249.661074883282
5847.610385130535 -746.2882297180247 3639.722985359932
5018.352369244574 815.6027894587028 4706.379535926116
3743.1917226746095 2305.023921578114 5354.853611118842
2135.4320648186945 3589.633562834447 5527.5254435756515
337.9298968143597 4555.288509185523 5209.052383224893
-1489.5988255028574 5116.186080941103 4427.732159074732
-3184.770155177369 5222.488067392251 3252.9885018082427
-5019.675670819051 4436.003325655618 1767.4296033560015
-5943.8751202543435 3556.5216408278675 143.45424846980308
-6339.935180988706 2361.0274006743894 -1493.267645931563
-6172.664178544938 955.7455147729385 -2997.306156894739
-5456.924875546876 -534.4585543362173 -4235.020862356421
-4256.313850036091 -1977.1736354598634 -5096.435379114792
-2677.510660423915 -3244.2081623893196 -5505.009247100532
-860.7988985710888 -4222.980557117451 -5424.438885146217
1032.3986229735328 -4826.522597100771 -4861.8833234887015
2833.8629962602163 -5001.206923486138 -3867.3280925156773
4383.526206126258 -4731.512067284676 -2529.143789032839
5543.6938757900825 -4041.401600006261 -966.2339609297177
6211.280016490087 -2992.1948651684825 682.5299948499089
6326.966669971555 -1677.1184855296142 2270.6481653535543
5880.474569390137 -213.02276853816628 3657.0092817902137
4911.4764972808 1270.0009562729163 4718.429075018905
3506.0721847284917 2640.179522811723 5360.595738447211
1789.1379724186738 3775.7665525117322 5526.4499459275685
-86.76900024319741 4575.860154342469 5201.2548232861345
-1954.9661664539917 4969.368500628345 4413.905384264885
-3649.4560095476336 4921.326647918917 3234.3610817469626
-5402.424549874841 3970.60135150562 1745.6261451384476
-6239.17082045076 3009.5367911816606 120.46793772345323
-6521.539383479461 1781.0616798265282 -1515.3943746231178
-6224.440552981815 394.33142215837773 -3016.607246585732
-5374.272863844278 -1027.4369128634967 -4249.781326526356
-4046.5774461461756 -2357.91296934482 -5105.3436857469405
-2359.325864245348 -3478.8781109692272 -5507.273854057167
-462.43782557529835 -4290.729665628885 -5419.858572161176
1475.5398432720779 -4721.331059940416 -4850.865071471076
3282.409321744777 -4732.421470356148 -3850.850921510036
4797.62232736441 -4323.015465241183 -2508.6717679919034
5886.54553517891 -3529.490564798642 -943.5861187629649
6452.423339513169 -2422.3549387595212 705.341297977532
6444.975014138254 -1099.9824460820585 2291.596045053427
5864.862375450157 320.1283141232562 3674.2324270227264
4763.6309771786855 1711.794268758764 4730.397133747636
3239.13006173468 2951.3597905296215 5366.245296133154
1426.8182256174023 3928.684043082812 5525.279014577641
-512.2726713346372 4556.927477662144 5193.367445289325
-2405.8458933670204 4780.267908104341 4400.002387769392
-4085.649149892899 4578.860557051277 3215.677809003734
-5742.036481966113 3472.266271242553 1723.7925425123317
-6484.184948372088 2438.2206712160005 97.47954667214039
-6650.185126738248 1187.5284645967217 -1537.4949346718258
-6225.287172736962 -168.68085748480627 -3035.856243884809
-5247.245134215225 -1509.902145135044 -4264.468403192923
-3802.9623383624676 -2716.9620010936164 -5114.16383056601
-2020.769649720858 -3682.6078600636692 -5509.443358454997
-59.02270970000391 -4321.037849808654 -5415.184666151306
1907.9686570945735 -4575.524664035862 -4839.763052113585
3705.428635723765 -4423.456032504224 -3834.3072519452408
5173.645019063163 -3878.343920467523 -2488.1564258613416
6182.1603382916 -2988.623931265315 -920.9219822450242
6641.363581499033 -1833.3515904100925 728.1404208933033
6510.452525346252 -515.1779152159935 2312.50435224366
5801.059191666132 848.7715785660932 3691.392123638973
4576.2162912775075 2137.3039928198746 4742.283505441457
2944.7564910144774 3235.927567907503 5371.802186617066
1051.64215367381 4047.024777952317 5524.01266974614
-934.9152040763802 4498.526076400363 5185.39038543795
-2838.4012431365604 4550.313591503708 4386.023409672709
-4489.682875625386 4197.785775279655 3196.939006211332
-6035.687215045773 2944.9946828721268 1701.9291725120233
-6676.931609492468 1847.1903932560886 74.48947229171158
-6724.901329203993 585.2551309377367 -1559.5689444333616
-6175.3340540723475 -728.6826181142637 -3055.052816389936
-5077.061248229245 -1977.8737187758143 -4279.081838731808
-3527.6692701646684 -3051.322059768283 -5122.89566126101
-1664.8283965243402 -3853.647045244043 -5511.517722829857
345.9397861262607 -4313.558579298356 -5410.417247828122
2325.969700647779 -4390.191503841973 -4828.577457131842
4099.326999916843 -4076.7366472311464 -3817.697369506242
5508.441105643059 -3401.0458490497317 -2467.5981169110605
6428.106045737264 -2423.1572019363666 -898.2419427523461
6776.605554388959 -1229.9604035807313 750.926969889742
6522.973920889543 72.52377422538842 2333.372725868409
5689.747428919526 1368.5638964262398 3708.488075316117
4350.961908844675 2543.0011105858825 4754.087984840124
2625.5743292871466 3491.481516293399 5377.266313939589
666.8929484292935 4129.728467163985 5522.650933300985
-1351.0447975080433 4401.030920712181 5177.323781484146
-3248.936284224284 4281.282463349016 4371.968691371272
-4858.145524365199 3781.1232710186573 3178.144996961453
-6280.922584752365 2393.0244220769514 1680.0364126858954
-6815.84841160831 1241.2232364643287 51.49811158716123
-6745.156196234759 -20.866080726624947 -1581.6160227218572
-6075.127252195341 -1281.1013550756977 -3074.1966326044035
-4865.296591541527 -2427.5051520056204 -4293.62138079036
-3223.1629777268427 -3358.214463248938 -5131.539027046004
-1294.637188723359 -3990.531682151159 -5513.496911360509
748.9227959199185 -4268.272648934401 -5405.556399517959
2725.9377035521434 -4166.758859853818 -4817.3084796847015
4460.741083643206 -3695.0102605551397 -3801.021561021384
5799.188042812714 -2894.9437843207065 -2446.9971961529704
6622.351695060787 -1837.6488485978175 -875.5463919360178
6857.090337490966 -617.0707482878676 773.7005514765057
6482.546411589765 658.336795977827 2354.200805561384
5531.9997888324515 1875.2482268574554 3725.5199868320724
4089.910708056157 2925.5356233895013 4765.810368097554
2284.415112591565 3715.876341281763 5382.637583743242
275.9392093826245 4176.045139396405 5521.193828757374
-1757.0551035192782 4265.1540006034365 5169.167772726371
-3633.9273597641395 3975.285211536812 4357.838475569502
-5187.909222866402 3332.1948861733354 3159.2961057991306
-6475.679022660983 1820.8003132500328 1658.114641089885
-6899.809186559852 625.2178445782711 28.505861585578707
-6710.861024918991 -625.9179733076154 -1603.6357888165537
-5925.623411085542 -1821.438232469314 -3093.2873619425595
-4613.86815300712 -2855.1157114260905 -4308.086778291973
-2892.1504619071147 -3635.1036299537363 -5140.093778662719
-913.4525102734211 -4092.09663857046 -5515.380889869266
1146.4097055183956 -4185.488902979884 -5400.602205160553
3104.408388038763 -3906.9821106440295 -4805.956314370914
4786.566761810076 -3281.3228122688597 -3784.2801144575105
6043.417673292298 -2364.1035821756273 -2426.354019334821
6763.284403400879 -1236.8233741083907 -852.8357217149837
6882.203634082544 0.3540184583456339 796.4607723871385
6389.608869822781 1237.4999549314825 2374.988231652145
5329.269317142583 2364.688589729854 3742.487564070671
3795.4007985210983 3281.76426606576 4777.450452785339
1924.2942631089136 3907.240785576468 5387.9159032740545
-117.79426220676649 4185.541814644933 5519.641381277367
-2149.4162503937755 4091.9390855344777 5160.92250000695
-3990.05317217544 3634.749611495377 4343.633006275562
-5476.156359549372 2854.59668363897 3140.39265821711
