-6916.686968072537 -239.60865454180805 -317.97142422514
-6492.043157736441 -1455.9014193154433 -1932.0464392923639
-5490.552822973328 -2542.830953864752 -3374.450649582306
-4001.2027749948224 -3403.81879913335 -4517.020111124113
-2156.328301468862 -3962.362406686177 -5258.2325131762755
-119.85459546651875 -4168.83272586392 -5532.2278810594125
1927.2687173162694 -4004.8839627275656 -5314.660523928242
3803.145746886046 -3485.083684359073 -4624.862256242486
5341.096587014769 -2655.61842659744 -3524.124681215873
6404.467556370927 -1590.1898176431123 -2110.253162896796
6898.773477800586 -383.46586495811266 -508.87639036085477
6780.093100958909 857.3307126406321 1137.7162826258864
6058.971698148533 2021.9496940874076 2683.2178711156657
4799.484070598304 3006.9095720344344 3990.303776649139
3113.5412211865028 3724.6923389008793 4942.833680467625
1150.9465707216668 4111.519845912882 5456.171120508236
-913.9147333975926 4133.0207715078695 5484.703812479109
-2897.570702805774 3787.2846640914618 5025.896501484967
-4623.764799490063 3105.031694045524 4120.516230550362
-5939.117102682029 2146.883031776496 2849.0100099437245
-6726.752787914582 997.9743906931218 1324.356747279091
-6866.2685078394525 -858.6062579977978 -340.9234815009654
-6328.964276208729 -2031.460460044147 -1953.5752706283174
-5229.303794434593 -3023.8104852981874 -3392.643323836484
-3664.9967221032384 -3747.481679159727 -4530.2601293517655
-1775.0386074397923 -4138.172680275456 -5265.343441655029
272.639477123293 -4161.168878677014 -5532.5778825881325
2296.092347685348 -3814.42696121927 -5308.218499335146
4115.527336920257 -3128.7564689201854 -4612.20060768303
5569.279661575547 -2165.0822340359355 -3506.3684517292945
6528.177047918622 -1009.0309413506926 -2088.9800713948916
6907.01725512101 236.67717853289648 -485.97664437902256
6672.13866825992 1461.355492463168 1160.207940163327
5844.411280525678 2556.1859578351077 2703.3029577334405
4497.3823027402495 3423.8880832161103 4006.1976442593395
2750.741170919209 3987.362726917983 4953.124089183993
759.6846146331786 4196.542694080083 5459.9437223576115
-1298.8732534839996 4032.841426648887 5481.623395231381
-3242.020533017782 3510.804500626829 5016.236773730787
-4897.100060820134 2676.817187812299 4105.135501491718
-6117.050757648984 1604.9829208418885 2829.2749248546697
-6793.474650425601 390.5388780031618 1302.0208550758095
-6760.4994620148345 -1470.4838146182126 -363.86965152723906
-6114.948797318204 -2589.5125026728447 -1975.0703665786737
-4926.05809696905 -3478.451640976545 -3410.7774121060443
-3299.4655170543133 -4058.3150860458736 -4543.421916617644
-1379.7009464833477 -4277.579426097617 -5272.363445359101
662.6561079005288 -4116.762062292463 -5532.83234459451
2646.1332590790184 -3590.152323139876 -5301.684809577871
4394.489857823781 -2744.5417949523485 -4599.459313169671
5752.3767477998 -1655.0666840600222 -3488.5516723916116
6599.139719844256 -418.5316351484314 -2067.6709062646796
6859.540167932876 855.1917862419072 -463.0685062918359
6510.440369504451 2052.9276644773217 1182.6795626077176
5582.8593736485855 3068.2519105992537 2723.3413622657918
4159.216822469186 3810.9485096627272 4022.022330699859
2366.009604191062 4215.025609570573 4963.328964696923
362.57204951840384 4244.5791867328635 5463.622038970281
-1673.0816228752087 3896.983276124979 5478.448318370727
-3560.074650878583 3203.12329980396 5006.4904229094755
-5130.739423021097 2224.6517616202946 4089.6838827513807
-6245.515481549104 1048.5101516932004 2809.490982328704
-6805.350081548211 -220.79618652283682 1279.6624788780332
-6600.2520876203935 -2070.2964786209113 -386.80953805723857
-5851.822393034709 -3125.558185880922 -1996.5313559545825
-4583.432598528285 -3903.1003320392465 -3428.85260124184
-2907.78470357996 -4333.834885222194 -4556.505245636956
-973.7673771155764 -4379.48919013201 -5279.292403063301
1046.7734541133063 -4036.0066614268358 -5532.99126268436
2974.303870254542 -3333.907229130391 -5295.059567483688
4637.554335006123 -2335.575508914816 -4586.638592725916
5888.7377455204205 -1129.7176552278636 -3470.6746508725196
6616.680965045294 176.52056981037404 -2046.326035484243
6756.703043999733 1467.0741675731986 -440.1523716892929
6296.362406191875 2627.2717873981833 1205.130761907093
5276.56233746255 3554.0247793205203 2743.3327386788196
3787.916549237271 4164.987073019366 4037.7775627014844
1962.697752614272 4405.8719875357265 4973.448130783153
-36.915352485720604 4255.2758411087825 5467.206006827102
-2033.248366517012 3726.579762228871 5475.178636726082
-3848.918340419775 2866.760717648997 4996.657617326251
-5322.595029076308 1752.2174027338117 4074.1616411561918
-6323.335791575838 481.9818821063228 2789.6585240055433
-6762.220419491801 -831.0798438889672 1257.2820047822095
-6386.839940105436 -2653.198675314804 -409.74274495264524
-5541.807372366823 -3635.2845608269604 -2017.9578681561775
-4204.360899772324 -4294.3594599261205 -3446.868579111808
-2493.338510699134 -4571.861675524755 -4569.5098904797405
-560.7720531145122 -4443.133917968511 -5286.130195114673
1421.621462296986 -3919.6142134287134 -5533.054634113399
3277.6976721003493 -3047.8195850821144 -5288.342887460816
4842.53605979825 -1905.212811465044 -4573.738667746843
5977.093867463635 -593.319518660571 -3452.737695882003
6580.560654960464 771.292817116703 -2024.9458276482492
6599.315749949275 2067.372401330396 -417.2286362995317
6031.692679934942 3179.7568751715144 1227.5611503620858
4928.1272456610295 4009.6059965204504 2763.276741750679
3386.676078879931 4483.1840292124425 4053.463068194468
1544.3038803071877 4558.411486779847 4983.481412699487
-435.28649509681026 4228.604079487544 5470.695564038196
-2376.1997551881473 3523.0666428094164 5471.814406760059
-4105.977239250145 2504.4892741943604 4986.738526779274
-5470.920626820436 1263.377042796981 4058.569044752571
-6349.748707957997 -89.99178309172758 2769.777892362723
-6664.373750980261 -1435.3644441303159 1234.8798192663544
-6122.00707391467 -3214.4834388707454 -432.66887619056166
-5187.50395021216 -4114.599980109316 -2039.3495331789534
-3792.0683355471688 -4649.116256490575 -3464.8250346063855
-2059.690808050999 -4770.538151171999 -4582.4356265748265
-144.30071345529595 -4468.076795959936 -5292.876703434556
1783.9111327842 -3768.60720959476 -5533.022457787294
3553.6146463107348 -2734.280334396755 -5281.534885496503
5007.563903731521 -1457.000652296012 -4560.7597609952745
6016.569132973565 -50.260068296677105 -3434.7411171650333
6490.975791472128 1360.9463433334465 -2003.530651961599
6388.63076572032 2651.2266999437707 -394.29769598189324
5718.627860389919 3705.9339295473483 1249.9703406327403
4540.4997738788725 4431.352666287454 2783.1730270776443
2958.9283568036126 4763.026271957055 4069.0785763130575
1114.4431701831506 4671.484091166757 4993.428637185834
-829.065182761391 4164.8600484060225 5474.090650344016
-2698.9074559249652 3288.1699131571277 5468.355686567986
-4328.939957669316 2119.3114512282295 4976.733322556718
-5574.327146934642 762.1428664125859 4042.906362801823
-6324.410906663056 -662.7454566926979 2749.849430709636
-6512.543003114332 -2028.7459375602753 1212.4563091834661
-5807.913740943748 -3749.620610565289 -455.5875358702568
-4791.868454560119 -4559.6671281757 -2060.7059816201695
-3350.0446272204695 -4964.567211678083 -3482.721657643879
-1610.5546333235866 -4928.343711778505 -4595.282230713665
272.04020754668636 -4454.2152454072575 -5299.531811520626
2130.4630821476717 -3584.3102074799176 -5532.894734261685
3799.5849625165615 -2395.9234781317396 -5274.635679154978
5131.097044761898 -994.648433414549 -4547.7020965979345
6006.688637131652 495.0054895542899 -3416.6852254962228
6348.559584173342 1940.676002480417 -1982.0808782330214
6126.333151966377 3213.908936069793 -371.3599467201542
5359.755134236978 4201.571956682314 1272.3579457450921
4116.939351932646 4815.906870648763 2803.021251079986
2508.315441318292 5002.327324898877 4084.6238174003033
676.8166961818362 4744.269043979834 5003.289632468196
-1214.8201825715419 4064.6616386214046 5477.391207116392
-2998.5149569528558 3023.891209197676 5464.8025358769
-4515.778518642786 1714.4347757087137 4966.642177433819
-5631.795341783675 252.64328872494337 4027.173865775539
-6247.402434080298 -1231.5966631688498 2729.873483181681
-6307.900403834876 -2606.403846767128 1190.0118617547005
-5447.118704501293 -4254.293586157676 -478.49832822004214
-4358.188654584504 -4966.933925201812 -2082.026844685197
-2882.0144171119887 -5238.24038796126 -3500.5581391757623
-1149.7605511670974 -5044.106204611034 -4608.049481054209
684.6545853900419 -4401.781049285637 -5306.095404448904
2458.235157478133 -3368.3383308332345 -5532.671465742169
4013.390748036967 -2035.6039699770172 -5267.645387575424
5211.93895815752 -521.9972632874556 -4534.565900041576
5947.3835196283935 1037.991190992469 -3398.5703326743396
6154.376955717591 2505.749572803387 -1960.5968768687462
5814.526991252855 3750.861108769854 -348.4157846156718
4958.030786983879 4662.692174839258 1294.7235790979923
3660.9917893316574 5160.222579286605 2822.8210710079456
2038.6576051994737 5199.244562300537 4100.098523012611
235.17974634378427 4776.29084944512 5013.064228261596
-1589.1948650438935 3928.9427342093404 5480.597177359536
-3272.36253860561 2732.4908151578684 5461.155016044509
-4664.766440085753 1293.2450958411825 4956.465265669879
-5642.68537237393 -260.9111255536188 4011.371825350921
-6119.226946809787 -1791.8842484533566 2709.850394734235
-6052.048353236446 -3163.640592323522 1167.5468645628146
-5042.558314031451 -4724.434312999367 -501.4008576040279
-3890.0564155528446 -5333.162054236237 -2103.311754193949
-2391.905933320954 -5468.014942758038 -3518.334171192154
-681.2241122072045 -5117.010707627446 -4620.7371571247295
1089.9874607789259 -4311.337615492534 -5312.567368875751
2764.348864543663 -3122.5832562276178 -5532.352656084267
4193.085740548527 -1656.3736714159525 -5260.5641314699515
5249.248547451963 -42.98801702284329 -4521.351398169076
5838.992584966455 1574.2173113325325 -3380.3967515170875
5909.916507309774 3051.546523237145 -1939.0790188659882
5455.718412737205 4257.732435060779 -325.4656058805436
4516.7557951670215 5085.600135278234 1317.066854469688
3176.4596037399356 5461.589945687614 2842.572144947576
1553.9210368571678 5352.293521629947 4115.502425924496
-206.69023342051136 4767.422330022207 5022.7522557731
-1948.9361694136135 3758.9447429037023 5483.708505711036
-3518.0105739888186 2416.4684195208965 5457.413190058144
-4774.494300529996 859.2782725666699 4946.202763005272
-5606.743255945957 -774.2625197856993 3995.500514406072
-5940.808468283602 -2339.0066894600095 2689.7805111366815
-5747.006777405699 -3695.9198502139957 1145.061705545458
-4597.522512289708 -5156.256251863896 -524.294728529072
-3391.3379081500816 -5655.452881220881 -2124.560342587194
-1883.8180482300272 -5652.137703535212 -3536.0494467269655
-208.9126877254015 -5146.605286892669 -4633.345039827632
1484.5554818818507 -4183.774405004422 -5318.947593039812
3046.114382059474 -2849.196807039967 -5531.938310793355
4337.012651738336 -1261.4555692757565 -5253.39203312149
5242.548314643709 438.3715316251951 -4508.05881917556
5682.260553248641 2099.2473981794483 -3362.164795855614
5617.079005507718 3573.595921010005 -1917.5276758066977
5052.795337982231 4730.414763791416 -302.50980683076557
4039.548630849898 5466.915495726698 1339.3873860245153
2667.370300599372 5717.656794703161 2862.2741318267804
1058.1844135788242 5460.359195946683 4130.8352601331
-645.0258023539948 4717.8847202387005 5032.353547704626
-2290.9226450985616 3556.20548304143 5486.725138442807
-3733.260957277689 2078.54178252521 5453.577122533665
-4843.88265025683 416.1905231012466 4935.8548466583925
-5524.104112731758 -1283.1410907222798 3979.560207015302
-5713.484682658864 -2868.4599876632083 2669.6641789665787
-5395.19706531718 -4198.903626670934 1122.5567729884021
-4115.627971691166 -5546.285035202698 -547.1795456515321
-2866.1416195890515 -5931.270559178496 -2145.772242932932
-1361.9860067311472 -5789.236665019154 -3553.7036598633263
263.1880398019787 -5132.803687526213 -4645.872911443236
1864.9766740170105 -4020.2985774585923 -5325.235966763955
3301.0539464303133 -2550.572295994045 -5531.4284370245705
4443.818089266615 -854.2164730283022 -5246.12921638168
5191.7294934971205 918.0402322332861 -4494.688392604402
5478.332948700785 2608.7250341077447 -3343.8747805290895
5278.16248014422 4067.6131685004593 -1895.943219851012
4609.004112392308 5165.076022445546 -279.5487838793762
3530.3155029729423 5803.599205233555 1361.6847883195646
2137.9428685800244 5926.447129960946 2881.9266914210434
555.6046281060202 5522.704219406449 4146.096760862792
-1076.101521805949 4628.244802969414 5041.867938255929
-2612.1913291117094 3322.5455250707705 5489.647023462015
-3916.176473413072 1721.6234965186989 5449.64687971434
-4872.192152194294 -32.27233491933368 4925.42169532262
-5395.292176989959 -1783.3006277749744 3963.5511784443875
-5438.996815010324 -3375.8748339668978 2649.5017456035175
-4999.422717372644 -4668.487746378151 1100.0324555188934
-3600.788579958689 -5891.386572443641 -570.0549137841065
-2318.7844315995703 -6158.462131230276 -2166.947088932645
-830.7461106749853 -5878.33130369118 -3571.296505738818
731.107647852346 -5075.884943187093 -4658.320555633536
2227.9992834549303 -3822.42393032665 -5331.432381457168
3526.923405308743 -2229.32377682554 -5530.823043582686
4512.464904952424 -438.1384225272452 -5238.77580666873
5097.054095165016 1391.9774533513917 -4481.2403493433
5228.747660968726 3098.4100239073355 -3325.5270213793447
4895.844051114198 4529.535266690658 -1874.3260237308937
4127.923212260429 5558.191423490416 -256.5829335296596
2993.2182809046813 6092.977880591737 1383.958676311333
1592.5527697684772 6086.376514409463 2901.529484359452
50.38195623563053 5538.973885298509 4161.286664569814
-1496.2655152063257 4499.4091190922545 5051.295263127407
-2909.9632293691343 3060.0521073229634 5492.474110311983
-4065.097940439212 1348.796037000526 5445.622529469713
-4859.030860112782 -482.30648030332486 4914.903489163202
-5221.2175643596165 -2270.553950265097 3947.473705145832
-5119.476175077213 -3857.0527375839147 2629.293559223234
-4562.846861188054 -5100.83546277125 1077.489142098927
-3057.183516797717 -6188.792373896316 -592.9204379026788
-1753.75604590667 -6335.274471973473 -2188.084514927749
-294.49965410518104 -5918.83963132169 -3588.827680550741
1190.9243243540063 -4976.489915027071 -4670.687757445938
2570.5294503090263 -3591.957230816009 -5337.536730116442
3721.731754021394 -1888.2633836022708 -5530.1221409219615
4542.241858838166 -16.78904824810721 -5231.331930965277
4959.153841197092 1856.1770677204233 -4467.714921620279
4935.423241877478 3564.213705523134 -3307.121835245296
4473.1586287689015 4955.554314295843 -1852.6764607436803
3613.4342413608833 5906.572175151485 -233.61265236822553
2432.6403643129647 6332.765177679857 1406.208665362385
1035.6957154294455 6196.264203289132 2921.0821721304496
-453.2750428457679 5509.19796257859 4176.404708946757
-1901.9703243993815 4332.615306175888 5060.635359522961
-3181.6671959707996 2771.060766450377 5495.206350173059
-4178.658974663717 963.2853170258504 5441.504141294422
-4804.358565714891 -930.0822601244157 4904.300409814163
-5003.1698146219915 -2740.8079468638452 3931.32806475406
-4757.427469450833 -4308.000819686851 2609.039968791512
-4088.9668159924004 -5492.40891433047 1054.9272220185305
-2489.2231829378356 -6436.121887640076 -615.7757231531093
-1175.6820510035368 -6460.367932904614 -2209.1841559058525
242.3235905581164 -5910.581936472869 -3606.296881561364
1638.7977176791428 -4835.614796823888 -4682.97430331697
2889.657475839021 -3330.982061731117 -5343.548907328605
3883.758486217649 -1530.376952679515 -5529.32574114596
4532.770511502444 406.2088645662972 -5223.797717816148
4779.025985104492 2306.70124157714 -4454.112342999678
4600.644027519902 4002.2330904822284 -3288.659539957593
4013.4746584964028 5342.148965787298 -1830.9949047456255
3069.690453222059 6207.391461847581 -210.6383370582093
1853.1507800642555 6521.0799858339615 1428.4343712479574
471.950527679504 6255.341935790828 2940.584417087741
-951.1846002103655 5433.789303636733 4191.450632927129
-2289.802802166662 4129.420646062929 5069.888066152791
-3424.9619765163598 2458.134842422424 5497.843695863461
-4255.798249054523 568.4329706855834 5437.2917863070015
-4708.488170901189 -1371.7766650236817 4893.6126403751705
-4742.808255903277 -3190.097924102841 3915.1145360806504
-4355.709013897147 -4724.964983111303 2588.741324058218
-3581.5859112920816 -5839.998168203031 1032.347084889022
-1901.5132603481902 -6631.40166825956 -638.6203748580737
-589.2859347874643 -6532.826584802107 -2230.245647507029
775.3020321178608 -5853.781190447716 -3623.703807103166
2071.0010111125835 -4654.601648426408 -4695.179981075951
3182.6824618317005 -3041.8403235595333 -5349.46880927216
4011.568608845138 -1158.7981370480081 -5528.433858007338
4484.009280483815 827.2083492421212 -5216.173297326182
4558.026049800886 2739.7137435580185 -4440.432848378117
4227.042202025283 4408.783548723081 -3270.1404543330423
3520.4671045305768 5686.113587956135 -1809.2817301454909
2501.083055482902 6458.20748180082 -187.6603843324079
1259.4668011333601 6656.461299510776 1450.635410162649
-94.05860557588807 6263.259319359931 2960.035882456096
-1439.22649241035 5313.53926282314 4206.424176689827
-2656.5127894527004 3891.687924701541 5079.053223236197
-3637.7562672378162 2124.0430360790647 5500.386101840086
-4295.76913664843 167.66760249160316 5432.985537248657
-4572.0840665954765 -1803.6058333743974 4882.840365408354
-4442.149262965061 -3614.6209759512385 3898.8333991095137
-3917.510003269244 -5104.461182311928 2568.3979755512337
-3044.7827880734685 -6140.747612065262 1009.7491206363586
-1298.8171976120432 -6773.081222256492 -661.4539985239023
0.6496441263333403 -6552.164978056826 -2251.2686260301452
1300.0587621331933 -5749.0601218544 -3641.0481565839987
2483.9519539105986 -4435.126044490427 -4707.304579948696
3447.1351139394515 -2727.1115548433986 -5355.296333719062
4104.025191591492 -776.7812358166138 -5527.446506907615
4396.254620752727 1242.5695048608081 -5208.458801157961
4297.85753421444 3151.512492104899 -4426.676673980437
3817.5769449240674 4780.429764240665 -3251.564898169146
2998.087890916717 5984.5848732531595 -1787.5373118980096
1912.2055709094093 6656.983353358984 -164.67919098643836
656.4153943508649 6737.879648828594 1472.8113987270115
-657.7001706272698 6220.085768801963 2979.4362323372034
-1913.3761891754975 5149.609971820489 4221.325081663672
-2999.0403366023847 3621.568730151621 5088.130672504333
-3818.226589050408 1771.735213816183 5502.833524199308
-4298.146653049906 -235.524751398744 5428.585468482008
-4396.157524820009 -2221.8573088685625 4871.983770935133
-4103.550508290316 -4010.7680939851907 3882.4849349920532
-3446.3250209642333 -5443.304532985364 2548.0102745704203
-2482.8784315772414 -6392.1794766812845 987.1337194943084
-686.0174272114175 -6860.045402192638 -684.2761998472764
589.3220079333915 -6518.331370628976 -2272.2527284391317
1812.2975964763077 -5597.434991558858 -3658.329630492343
2874.242590435286 -4179.181949549878 -4719.347890561143
3680.7985168282485 -2389.5902512854527 -5361.031380036499
4160.299342082771 -387.67297265025644 -5526.363704896896
4270.139313620293 1648.690750879748 -5200.654362529542
4000.5586679449266 3538.5610660338975 -4412.844057355678
3375.5108284600988 5114.014701751481 -3232.9331922385713
2450.5340386813214 6235.065688734552 -1765.7620254974595
1307.8165455742028 6802.103727138475 -141.69515387187118
48.893813134432136 6764.7449988456065 1494.9619539941805
-1214.3733491692853 6126.308990810848 2998.7851317153572
-2369.738110209663 4943.523544078347 4236.15309053185
-3314.541240733494 3321.4843361587473 5097.120257202936
-3964.8328363934993 1404.3166688775157 5505.18592067772
-4262.831635157628 -637.6306971757078 5424.091655989797
-4182.059136009487 -2622.9217775886145 4861.043044433008
-3729.6923299626765 -4375.154747560132 3866.0694260423184
-2945.9259929134705 -5738.636018160589 2527.5785731815204
-1900.4012034106288 -6592.214294958093 964.5012719976902
-68.075631721122 -6891.623249883238 -707.0865847222117
1171.9477124927496 -6431.707402377258 -2293.197592369253
2307.8383594438374 -5400.306127087009 -3675.547930402438
3238.6674403765105 -3889.063953551979 -4731.3097049429425
3881.7267065737574 -2032.2613808678184 -5366.673849188605
4179.877520214855 5.116533938641962 -5525.1854706735885
4106.627873094491 2042.0398222511114 -5192.76011621215
3668.486317810098 3897.5189110123924 -4398.935237372841
2904.3836543012294 5406.686340550219 -3214.245658283617
1882.2137574299625 6435.445961877951 -1743.956246971153
692.8009082520322 6892.387968003383 -118.70866988938705
-558.1703419308142 6736.911056425316 1517.0866934564874
-1759.5457077429105 5982.830033036635 3018.082246463459
-2804.5777157828807 4697.14830599551 4250.90794723635
-3600.410686088967 2994.1043388708385 5106.02182209504
-4076.3313667939856 1025.0210618270546 5507.443250652881
-4190.052116873805 -1035.1398347909499 5419.504177373597
-3931.4683486285326 -3003.324014451405 4850.018374832316
-3323.556364642945 -4704.649675557492 3849.5871557321207
-2420.3318124719463 -5987.946566975275 2507.1032242101305
-1302.0501573116123 -6739.188128246602 941.8521689758046
550.007616438689 -6867.593218030484 -729.8847592467473
1743.801579593741 -6293.104223711962 -2314.1028561333655
2782.6511198547237 -5159.445302283609 -3692.702758979446
3574.249896653312 -3567.34702389456 -4743.189816531063
4048.2608847969154 -1658.2743073879687 -5372.223643738205
4162.566127826045 398.143358547016 -5523.911824584074
3907.009103277251 2419.184239851744 -5184.776198527877
3304.297174275235 4225.269985030452 -4384.950454216903
2407.983940669547 5655.921949747302 -3195.50261901063
1297.7107666718985 6584.0204286244425 -1722.120352872994
72.13029614556676 6927.099798920549 -95.72013598192042
-1159.8592677319034 6654.6759530058025 1539.1852350520635
-2288.790245712836 5790.954945102076 3037.3272433485254
-3214.352166171623 4412.682177138829 4265.589396982399
-3854.304790713915 2642.323233000026 5114.835213463638
-4151.785520263295 637.1822739646724 5509.605475144006
-4080.361886526627 -1424.5751263408422 5414.823111852446
-3646.380192798862 -3359.7527750259715 4838.909952512961
-2888.4016170650143 -4996.40164561783 3833.038408686145
-1873.7758821131995 -6189.098303649099 2486.584581235536
-692.6569371056387 -6831.86641699057 919.1868015454911
1163.2335120558391 -6788.1847293244955 -752.670329729778
2300.2551889830706 -6103.755115626902 -2334.9681587281743
3232.8890978655286 -4876.980074017726 -3709.793819984586
3878.266623102516 -3216.8639505575056 -4754.988020173354
4179.043139384084 -1270.9153481153762 -5377.680667848469
4108.493333302632 787.9596603269841 -5522.542788622355
3672.885864731213 2776.820995045274 -5176.70274734729
2910.9263688842984 4518.949598475548 -4370.8899493846
1890.318290772041 5859.549698997613 -3176.7043980844705
701.747136999504 6679.503094553417 -1700.2547202769013
-549.1773294620118 6905.953327641622 -72.72994912780499
-1751.3049801758275 6518.779301291867 1561.25719717144
-2797.8214979257027 5552.383126830548 3056.5197900376443
-3595.7392975474663 4092.6333453183083 4280.197186242835
-4074.159880940128 2269.23513084894 5123.5602791143665
-4190.57347975511 244.20541662927974 5511.672556812644
-3934.63623486504 -1802.523020535682 5410.048540261497
-3329.0892936404894 -3689.0893770840967 4827.717969301138
-2427.7381592082584 -5247.863953176486 3816.423470677031
-1310.6718353769286 -6340.3427871575295 2466.02299858471
-77.14656718374847 -6869.454340363585 896.5055611044571
1766.645639063583 -6654.076062000848 -775.4429026978507
2836.814515380431 -5865.304666926286 -2355.7931398404203
3654.919972850274 -4555.375212729753 -3726.82081828025
4148.269751380261 -2840.6806799473025 -4766.704112132116
4273.027558118146 -873.5792026297416 -5383.044827284575
4018.1081144446566 1171.143620480689 -5521.078386429679
3406.1621316257306 3111.8051934322857 -5168.539902087075
2491.5636957155575 4775.969219015236 -4356.753965680272
1355.578891393861 6015.767420493 -3157.851320122901
99.14495371182939 6721.038286899461 -1678.3597267703344
-1166.0984481979538 6829.115406724179 -49.73850633388404
-2327.728885646575 6330.395653582121 1583.3021986641413
-3282.5303965355542 5269.1924661355315 3075.659555103629
-3945.6646765449714 3739.7984046025203 4294.7310627625175
-4258.20933477913 1878.106842985605 5132.196868378111
-4192.393406774287 -150.462753566721 5513.644459963316
-3754.064926562114 -2165.66307416972 5405.180545050601
-2982.1713031823206 -3988.434726776865 4816.442618466015
-1945.2986724715765 -5456.816450952378 3799.7426286204413
-735.5777179091015 -6440.33608661622 2445.4188313260493
539.5025449192407 -6851.603598034806 873.8088393245569
2355.3702258745093 -6466.388580883581 -798.2020849019666
3349.1564031759526 -5579.79460264498 -2376.577439853165
4045.3553365244316 -4197.411387436052 -3743.783459835121
4382.106695473212 -2442.0697504169802 -4778.337890087593
4329.488643970714 -469.73949922676513 -5388.316029415348
3892.176526803452 1544.3291678875703 -5519.51864329413
3109.0274446943404 3421.177411258194 -5160.287803707621
2049.6276303819336 4994.039028048725 -4342.542747211666
808.1094064673572 6123.158361217857 -3138.9437106909677
-505.2128845415413 6708.208202954884 -1656.4357504478091
-1773.644793668689 6697.204307372553 -26.74620462881438
-2884.4805793664113 6091.124418883153 1605.3198588452526
-3739.0176072528993 4943.821395316748 3094.746208030753
-4261.326512326459 3357.238145173602 4309.19077556268
-4404.997856256428 1472.3495528348533 5140.744832113615
-4157.26580964332 -543.3637585728729 5515.521150544144
-3540.1424519828897 -2510.796815518814 5400.219210282923
-2608.4619018045214 -4255.134556955558 4805.084094716401
-1445.0080646043077 -5621.3849196563715 3782.996170570095
-153.15891955055318 -6488.150563204324 2424.772435263379
1152.299067632119 -6778.415556431795 851.097028144941
2924.655705771722 -6226.677362813967 -820.9474833243501
3833.1635814852534 -5249.646385033563 -2397.320699851972
4401.07805142252 -3806.161288249194 -3760.681451729161
4577.937422677975 -2024.4820579402315 -4789.889153141458
4348.026963981015 -62.918712490068835 -5393.494183214829
3731.775228532298 1904.2352366790428 -5517.863586150186
2783.9388874026254 3702.189528470544 -5151.946594710589
1588.7373590126497 5171.188033866287 -4328.256539385714
252.36954421533392 6180.703789068102 -3119.9818962954437
-1106.4224120910071 6641.036889039381 -1634.483169904298
-2366.9038816282764 6511.284717709156 -3.753441055915418
-3417.0755542962834 5802.9763249081325 1627.3097975020041
-4163.625068375985 4579.0480196968665 3113.7794192204483
-4540.218223362823 2948.2512031142796 4323.576074945243
-4513.39306478437 1055.4893289476809 5149.204022710062
-4085.533125700598 -931.0574040345358 5517.302596147427
-3294.655639331512 -2834.87560079017 5395.164621633449
-2211.0335410496896 -4486.802659768932 4793.6425941973675
-930.9514096847283 -5740.057612418061 3766.184385712819
431.8498398437002 -6483.283256375919 2404.0841669297274
1756.2793359601962 -6650.440731584822 828.3705197653469
3469.911259854907 -5936.918294823385 -843.6787051852662
4284.957934653787 -4877.640734817408 -2418.0225616310977
4719.267292730516 -3384.96339034907 -3777.5145021588046
4734.249041684733 -1591.517193981097 -4801.357701820318
4328.571987375542 343.34228933029556 -5398.57919926389
3538.2823163627313 2247.6943035018926 -5516.113243578262
2433.600734044924 3952.3288149633117 -5143.516419136452
1112.6830468262892 5305.781566705947 -4313.895588904338
-307.10141203198646 6187.792342207859 -3100.9662043790945
-1699.5985627388616 6519.990613425169 -1612.5023642287317
-2941.0789225809567 6272.859106132118 19.239387333439012
-3921.231513439454 5468.35653927046 1649.271634900352
-4552.965476287801 4177.9664964072035 3132.758859997027
-4780.148476208078 2516.345795634198 4337.88671249714
-4582.594306681196 631.1367281174402 5157.574294089603
-3977.8565226218125 -1310.1516073904538 5518.988766010209
-3019.668729991649 -3135.027223076092 5390.016866387526
-1793.170119103783 -4681.341912151035 4782.118314486895
-407.3404739360895 -5811.698828600759 3749.3075643635393
1014.6831599250613 -6425.660799909077 2383.3543835812347
2346.547742163153 -6468.674610597508 805.629706639311
3986.7440285142443 -5599.491752211859 -866.395357949784
4700.931758045157 -4466.894245527092 -2438.682667699711
4997.421071174528 -2937.393582484723 -3794.2823204418996
4849.867591308888 -1146.892609099151 -4812.743338079127
4271.382092662095 745.5148056601606 -5403.5709897517445
3313.365550430693 2571.6799582987574 -5514.267645804216
2060.94193857831 4169.340061010884 -5134.997422562001
625.3945911885013 5396.536002454715 -4299.460143760122
-865.7218101273601 6144.22603777226 -3081.896963315087
-2279.91502945581 6345.974626141885 -1590.4937129974546
-3491.52779317481 5983.855520127851 42.23188348671158
-4392.902990152868 5090.044591433039 1671.2049917914944
-4903.949478518607 3743.9608634966144 3151.6842026133136
-4979.258535090144 2065.2097827369 4352.122441094612
-4612.138619702748 202.95574975714771 5165.855501709906
-3835.2099479178078 -1677.3317922451545 5520.579631014801
-2717.5060417187206 -3408.5810436571596 5384.776033439355
-1358.3397981340845 -4836.962911028691 4770.511454592417
121.52089749079174 -5835.5593970932105 3732.365997960236
1590.5839280879152 -6315.640821795377 2362.5834431909057
2918.316596511834 -6234.549843747788 782.8749814673918
4470.994688449233 -5217.162991605964 -889.0970493345591
5077.776745894417 -4020.8332873301147 -2459.3006612879926
5233.376056010661 -2467.234900338748 -3810.984617022785
4923.966937257808 -694.4118651702358 -4824.04586530459
4177.041747656619 1140.1127115948937 -5408.469468477477
3058.9680681303407 2873.3332706326187 -5512.326824698818
1669.0916516904192 4351.245559159263 -5126.389752097834
130.90911730973707 5442.530584627981 -4284.9504532320725
-1418.9052666291109 6050.222883500424 -3062.774502401302
-2842.643690864754 6120.326328208051 -1568.457596267661
-4013.80074843071 5646.611920044684 65.22365035716852
-4828.313995224133 4671.171263037076 1693.1094894184882
-5213.810354834914 3280.6765402111914 3170.555120256342
-5136.036783988736 1598.679309775656 4366.283014907466
-4601.903805758977 -225.3675930220165 5174.047502566638
-3658.87147926532 -2029.3895961702913 5522.075163689295
-2390.73236514591 -3653.0914278693012 5379.442213290448
-910.1661888271009 -4952.200054874444 4758.82221494742
651.2722475675245 -5811.283974631995 3715.359979058996
2154.8422867045947 -6154.009810843816 2341.7717044424567
3466.9451322983195 -5949.9248689349315 760.1067371903732
4918.771105769881 -4793.059420862628 -911.7833873146132
5412.510477014647 -3543.1654187779145 -2479.8761863533755
5425.324539965658 -1978.445620309458 -3827.6211034772373
4956.0747088961225 -237.93224621088436 -4835.265088318615
4046.455890565553 1523.7224521119563 -5413.274550851528
2777.2917087790292 3149.9877238188324 -5510.2908137772065
1261.3529707235691 4496.362762770963 -5117.6935563858315
-366.66251413701724 5443.216238287909 -4270.366767881316
-1962.098425544585 5906.416063871952 -3043.5991518546552
-3383.1932813153962 5844.804902301003 -1546.3943945708313
-4503.67656714217 5263.8571756567635 88.21429091064758
-5223.988425919279 4215.19263889868 1714.9847495226784
-5480.125987957842 2791.989738106251 3189.3712870529876
-5249.330306829573 1120.706296637923 4380.368189403285
-4552.108591632869 -650.1568174252761 5182.15015519593
-3450.4120514700767 -2363.2506450940205 5523.475338208031
-2042.131258650272 -3866.3592819915393 5374.015498048074
-452.39814175395964 -5025.924929445872 4747.050797407968
1177.5325353537376 -5738.915091010662 3698.289801328858
2702.834279178814 -5941.977461925088 2320.919526724222
3987.9773361059915 -5617.06905940888 737.3253669825536
5326.479791602957 -4330.644933139165 -934.4539801300743
5702.50018505379 -3037.848545039514 -2500.40888758666
5571.82841205271 -1475.1259823343407 -3844.1914925174956
4946.0752330745 218.66799738497684 -4846.400813381641
3880.841564143972 1893.0323659279395 -5417.986153897165
2470.778091446569 3399.1925013224914 -5508.1596481983115
841.175142493061 4603.319465863961 -5108.90898559656
-863.1699093072633 5398.421294528672 -4255.709339546749
-2490.8185267068784 5713.849700592863 -3024.3712428053827
-3897.1469872315183 5521.577485942976 -1524.3044889061732
-4957.196835592787 4838.688880623361 111.2034081324364
-5576.777990811633 3725.8615340239508 1736.8303943503606
-5700.837948259747 2281.9750394525026 3208.1323780755865
-5318.353436289708 635.3250483431531 4394.377721351771
-4463.309882295697 -1067.776361389519 5190.163319676838
-3211.6816583469144 -2676.001155553347 5524.780130392044
-1674.6814248211992 -4046.4515036086163 5368.495981423659
11.121602518278289 -5057.356878008331 4735.197405249206
1695.9364266676716 -5618.893899951899 3681.155759546802
3230.0598568131777 -5681.1675407749935 2300.0272701227245
4477.178293796652 -5238.644514207124 714.5312642447943
5690.8549047442675 -3833.691516356575 -957.10843629303
5945.483622634578 -2509.0580793586323 -2520.8984104181486
5671.830029328675 -961.483821189637 -3860.6954979971697
4894.2094475008 671.5224938943076 -4857.4528481960015
3681.7168783780876 2244.8610884678046 -5422.604196251891
2142.0876076630925 3618.733923920307 -5505.933364764244
412.12445261057854 4671.06636968025 -5100.0361914267005
-1354.457768634754 5308.354069856967 -4240.978421340705
-3000.690473196868 5473.971215598751 -3005.091107291332
-4380.298660902188 5153.201996707577 -1502.1882607340197
-5370.698089962301 4374.5481659544475 134.19060503412584
-5883.887424808893 3207.196533267839 1758.6460466592134
-5874.267540946545 1754.8714140502084 3226.83806934758
-5342.693207272595 146.61826856787806 4408.311368828771
-4336.397136109521 -1474.6625535003773 5198.086857633725
-2944.7931494377126 -2964.9131362401167 5525.989517709481
-1291.5313684264797 -4191.718175517931 5362.883758731175
476.48864246148753 -5046.070659848738 4723.262243161869
2202.170546430815 -5452.057621735638 3663.958149592664
3732.1799332834776 -5373.605337970529 2279.095295416657
4930.568754662019 -4817.684638248133 691.7248225979313
6008.984566099664 -3306.2483714476402 -979.7463645941315
6139.586852884295 -1961.152380498522 -2541.3444010237677
5724.659904657029 -441.79939416662074 -3877.132834916254
4801.071801644777 1116.809407141686 -4868.42100190922
3450.887399899829 2576.1847915880785 -5427.128598168874
1794.0765087038621 3806.6548519011285 -5503.612001919659
-22.145953465557437 4698.886923393115 -5091.075327096414
-1836.4006504836063 5173.602271015984 -4226.174267644581
-3487.483090794684 5188.620352879478 -2985.759078252223
-4828.687353921197 4742.60674650425 -1480.046091969246
-5740.8415553063805 3875.1917181152107 157.17548466049243
-6142.896791234376 2663.4488995729007 1780.4313297248711
-5999.128689602654 1215.0469579505586 3245.488037849006
-5322.311677157103 -341.3172380314579 4422.1688912206055
-4172.583915616054 -1867.353899568342 5205.920632238708
-2652.1037620896145 -3227.467972380958 5527.1034792759965
-895.9725507358371 -4300.807352337626 5357.178926885502
939.7697536616022 -4992.0011252568975 4711.245517248729
2692.0093913345618 -5239.633691160979 3646.6972684439907
4205.052180898812 -5021.70180985168 2258.1239640706294
5344.4576306226445 -4357.569685361654 668.9064358758163
6278.334271776321 -2752.608793021494 -1002.3673741095105
6283.338827372003 -1398.6367526984673 -2561.7465063311934
5730.041154177404 79.61030091813123 -3893.503219425994
4667.604178562699 1550.7836299341102 -4879.305085117345
3190.4300882391735 2884.163027928544 -5431.559281518319
1429.7722836037376 3961.271883950573 -5501.195599751094
-457.92706288220705 4686.4043493282525 -5082.026547346726
-2304.937580251241 4995.129222321367 -4211.2971341044395
-3947.1442785629847 4860.014943147695 -2966.3754895239026
-5238.629885967061 4293.0670084510575 -1457.878364974732
-6064.640238654359 3344.661230239283 180.15765009626972
-6351.780691901887 2099.0676239167046 1802.1858673473807
-6074.537556343484 666.9626476025827 3264.0819615222654
-5257.545101234977 -824.4048868683983 4435.950049228142
-3973.396691525085 -2242.5204292998706 5213.664508213949
-2336.194548809021 -3461.3781904492303 5528.121995855101
-491.4112682103472 -4372.67730936919 5351.381584400731
1397.0360600916583 -4895.444860173388 4699.14743502107
3161.350603662728 -4983.230651845255 3629.373414170935
4644.7652727397435 -4628.234531553153 2237.1136382288273
5715.472164117169 -3861.999462459852 646.0764981185908
6496.767215538327 -2177.27508422889 -1024.9710742074703
6375.682636106697 -826.1263060471681 -2582.1043740259593
5688.090675234598 598.4274198224025 -3909.8063688338157
4495.086896093106 1969.8082432853098 -4890.104909868177
2902.674919869828 3166.162959971205 -5435.896169788808
1052.3475388370052 4081.1902031863824 -5498.68419998628
-891.485539172565 4633.585786840223 -5072.890008436811
-2756.1062148068036 4774.2669391770105 -4196.347277626609
-4375.834758282549 4490.733522442552 -2946.9406758325777
-5606.751180450357 3808.178724979603 -1435.6854625546634
-6339.483155412859 2787.250535885138 203.1367044731154
-6508.924231653321 1518.6629050297763 1823.9092838577012
-6100.0188259678725 115.13541052013312 3282.619519277472
-5149.099978103482 -1298.622370477652 4449.654604870954
-3740.6610007315235 -2596.991854948096 5221.31835183405
-1999.847877824154 -3664.6072163953568 5529.045049858507
-81.3394947842431 -4406.606144802007 5345.491831388483
1844.3962593197577 -4757.058779170449 4686.96820539506
3606.2493117835083 -4684.825865000987 3611.986885931105
5047.671287130851 -4196.325613706508 2216.0646807088083
6040.585517276031 -3334.9634163625706 623.2354035658648
6662.561356731422 -1584.921793527423 -1047.557074555136
6415.983342789626 -248.30798409083047 -2602.4176525573985
5599.317052761835 1110.3690794138824 -3926.0420016081894
4285.126870397983 2370.384977438242 -4900.8202896645635
2590.1843606297557 3419.7817679540594 -5440.139188088628
665.0926035826963 4165.3159409220725 -5496.077845993416
-1319.0955500034752 4540.743513351216 -5063.665868141325
-3186.076275216364 4512.706097894412 -4181.324956373228
-4769.960141510862 4083.694941955155 -2927.4549727890117
-5930.0121166067875 3291.829569423122 -1413.4677679479773
-6563.156491712674 2207.470693691702 226.11225097639343
-6613.135610592018 926.9683595002022 1845.6012041242304
-6075.508609202637 -435.89918136653915 3301.1003909981537
-4998.046005955219 -1760.0351670568114 4463.2823214914315
-3476.4850815150617 -2927.784304366964 5228.882030928335
-1646.0232012787899 -3835.3869578643244 5529.872625346421
330.69506384496077 -4402.198648837008 5339.509769556167
2278.0296213146858 -4577.855671129945 4674.7080386881735
4022.951249962278 -4346.7501274542665 3594.5379839643965
5410.416005619931 -3729.416759555536 2194.97745499527
6317.141555958691 -2780.708346294418 600.38354664991
6774.423096500855 -980.357574594978 -1070.1249851253685
6404.032346729127 330.0979281339453 -2622.6859911450056
5464.615219317464 1611.222781337267 -3942.2098373835074
4039.643048600541 2749.1834196840673 -4911.451039467573
2255.730865333924 3642.86704659922 -5444.288263147067
271.38709557053744 4212.865949965307 -5493.376582780418
-1737.0706085969325 4408.533225819265 -5054.354285747669
-3591.181966181762 4212.482978029779 -4166.230429757795
-5126.2010464288805 3642.135131465274 -2907.918716882823
-6205.734667738 2748.167595223331 -1391.2256648217442
-6733.861530400586 1610.013308010929 249.08389285204356
-6663.655245022485 328.80227295473844 1867.2612535592534
-6001.353948154749 -981.6242869784987 3319.5242575466914
-4805.806016485436 -2204.8292212264723 4476.832963758846
-3183.241130319078 -3232.125403434787 5236.355414883141
-1277.8313003002788 -3972.233059599209 5530.604708027827
741.1194484205305 -4359.390376560591 5333.435502205245
2694.2184818000396 -4359.196727694998 4662.367146615534
4407.924379688553 -3971.6693195539515 3577.0270095878063
5729.966852584205 -3231.2416629868053 2173.8523252337263
6542.87662508238 -2203.7040045928156 577.5213219888489
6831.4974529538285 -368.4859817136754 -1092.6744162033833
6340.048241484193 904.3764986662028 -2642.909039784195
5285.257920915248 2096.8811583486968 -3958.3095969648975
3760.849240100631 3103.068725100511 -4921.996975699716
1902.2726000880075 3833.5350180343476 -5448.343323315663
-125.32930842822009 4223.374901424494 -5490.580456994152
-2141.795157892017 4237.949390847593 -5044.955422053239
-3967.9531084638443 3875.9634789593106 -4151.063958440694
-5441.54101227327 3169.5812025799214 -2888.3322454765444
-6431.624117332803 2181.567726873298 -1368.9595372645156
-6850.229194849759 999.7123849817075 272.0512334134327
-6660.16134666864 -270.97178948104795 1888.889058125424
-5878.308935199354 -1517.5789313083021 3337.8908007698747
-4574.142978303708 -2629.3425253033847 4490.306297673428
-2863.5443444899706 -3507.47749724562 5243.738374644054
-898.5072292109273 -4073.9577012461136 5531.241285260727
1146.3661964175485 -4278.448885221994 5327.269134229413
3089.379954749132 -4102.781110082218 4649.9457422862815
4757.888746580612 -3562.5632285532993 3559.454265190244
6003.638243627577 -2705.795970116185 2152.6896562242678
6715.93813619574 -1608.6068655442061 554.6491243798047
6833.374654625589 245.73447854644976 -1115.20497839351
6224.674169164994 1469.8567276429362 -2663.0864492525293
5062.884067241431 2563.3757561283446 -3974.3410023330753
3451.2344978426945 3429.127599492529 -4932.457916248111
1532.9275978174867 3990.186407163201 -5452.304298569468
-521.5866464157436 4196.699641912788 -5487.689516919614
-2529.755628169666 4030.317696565389 -5035.469439362661
-4313.1447207109995 3505.8243371202525 -4135.825804324662
-5713.291976893273 2669.8231002653038 -2868.695896799847
-6605.78816855973 1596.5963646260707 -1346.6697697797538
-6911.33109242575 381.5050354420777 295.01387604820525
-6602.7719188528035 -867.4846903482268 1910.484244342224
-5707.527484502485 -2039.3945945072153 3356.1997035044033
-4305.144186082282 -3030.09533920849 4503.702090570431
-2520.229933914602 -3751.5588156667013 5251.030782718172
-511.38219227172766 -4139.67982790823 5531.782346052365
1542.9041013182825 -4159.972120754415 5321.010772112832
3460.0965945830603 -3810.6326349346064 4637.4440401999045
5069.8443210353125 -3122.7017168149787 3541.820054227251
6229.11413091824 -2157.3050474055617 2131.4898134151954
6834.8998142519595 -1000.2223573568937 531.7673487922222
6780.093100958901 857.3307126406535 -1137.716282625916
6058.9716981485235 2021.949694087417 -2683.2178711156794
4799.484070598306 3006.9095720344335 -3990.303776649138
3113.541221186505 3724.6923389008784 -4942.833680467624
1150.9465707216696 4111.519845912882 -5456.171120508236
-913.9147333976144 4133.020771507867 -5484.703812479106
-2897.570702805769 3787.2846640914636 -5025.89650148497
-4623.764799490061 3105.031694045526 -4120.516230550363
-5939.117102682021 2146.883031776504 -2849.0100099437345
-6726.752787914577 997.9743906931329 -1324.3567472791046
-6916.686968072537 -239.60865454180114 317.971424225132
-6492.04315773644 -1455.901419315444 1932.0464392923657
-5490.55282297331 -2542.8309538647654 3374.4506495823252
-4001.2027749948106 -3403.8187991333543 4517.02011112412
-2156.328301468853 -3962.3624066861794 5258.232513176278
-119.85459546651705 -4168.83272586392 5532.2278810594125
1927.2687173162537 -4004.8839627275684 5314.660523928245
3803.1457468860367 -3485.083684359076 4624.86225624249
5341.0965870147675 -2655.618426597442 3524.1246812158747
6404.467556370933 -1590.1898176431034 2110.253162896783
6898.773477800583 -383.46586495812875 508.876390360875
6672.138668259925 1461.3554924631546 -1160.2079401633112
5844.411280525669 2556.185957835116 -2703.302957733454
4497.382302740252 3423.8880832161085 -4006.197644259338
2750.741170919211 3987.3627269179824 -4953.124089183993
759.684614633165 4196.542694080082 -5459.943722357613
-1298.8732534840253 4032.841426648883 -5481.623395231379
-3242.020533017777 3510.8045006268317 -5016.2367737307895
-4897.100060820149 2676.8171878122894 -4105.135501491705
-6117.050757648976 1604.9829208418978 -2829.2749248546797
-6793.474650425601 390.53887800316284 -1302.0208550758086
-6866.268507839456 -858.6062579977831 340.92348150094756
-6328.964276208727 -2031.4604600441485 1953.5752706283213
-5229.30379443459 -3023.8104852981887 3392.6433238364875
-3664.996722103227 -3747.48167915973 4530.260129351772
-1775.03860743979 -4138.172680275456 5265.343441655029
272.63947712329275 -4161.168878677014 5532.5778825881325
2296.0923476853436 -3814.4269612192716 5308.218499335147
4115.527336920259 -3128.756468920185 4612.2006076830285
5569.279661575551 -2165.0822340359327 3506.368451729289
6528.17704791862 -1009.0309413506961 2088.980071394894
6907.017255121009 236.67717853289065 485.9766443790282
6510.440369504451 2052.927664477323 -1182.6795626077183
5582.859373648575 3068.2519105992633 -2723.3413622658054
4159.216822469207 3810.94850966272 -4022.0223306998437
2366.0096041910324 4215.025609570577 -4963.328964696935
362.57204951838276 4244.579186732862 -5463.622038970283
-1673.0816228752058 3896.9832761249795 -5478.448318370727
-3560.0746508785683 3203.1232998039663 -5006.49042290948
-5130.739423021112 2224.6517616202827 -4089.683882751369
-6245.515481549104 1048.5101516932011 -2809.4909823287057
-6805.350081548212 -220.79618652283816 -1279.6624788780327
-6760.499462014831 -1470.4838146182274 363.869651527258
-6114.948797318202 -2589.5125026728483 1975.0703665786777
-4926.058096969046 -3478.451640976548 3410.777412106048
-3299.4655170543006 -4058.3150860458773 4543.42191661765
-1379.7009464833504 -4277.579426097618 5272.3634453591
662.6561079005149 -4116.762062292466 5532.83234459451
2646.133259079 -3590.1523231398833 5301.684809577877
4394.4898578237835 -2744.541794952346 4599.459313169669
5752.376747799809 -1655.066684060014 3488.551672391604
6599.1397198442555 -418.5316351484331 2067.670906264683
6859.540167932875 855.1917862419186 463.0685062918219
6296.362406191875 2627.271787398184 -1205.130761907094
5276.562337462549 3554.0247793205212 -2743.3327386788205
3787.9165492372736 4164.987073019366 -4037.777562701483
1962.697752614254 4405.8719875357265 -4973.448130783159
-36.91535248573509 4255.275841108781 -5467.206006827105
-2033.2483665170087 3726.579762228872 -5475.178636726082
-3848.918340419776 2866.7607176489964 -4996.657617326251
-5322.5950290763085 1752.2174027338106 -4074.1616411561913
-6323.335791575836 481.9818821063244 -2789.6585240055456
-6762.220419491801 -831.079843888968 -1257.282004782209
-6600.2520876203935 -2070.2964786209113 386.8095380572379
-5851.822393034707 -3125.5581858809246 1996.5313559545866
-4583.432598528281 -3903.1003320392488 3428.852601241844
-2907.7847035799664 -4333.834885222193 4556.505245636952
-973.76737711558 -4379.48919013201 5279.2924030633
1046.7734541132625 -4036.0066614268476 5532.99126268436
2974.3038702545236 -3333.907229130399 5295.059567483692
4637.554335006133 -2335.5755089148074 4586.638592725909
5888.737745520428 -1129.717655227855 3470.674650872512
6616.680965045294 176.52056981037583 2046.3260354842412
6756.703043999735 1467.074167573182 440.1523716893156
6031.692679934931 3179.7568751715257 -1227.5611503621055
4928.127245661029 4009.6059965204495 -2763.2767417506793
3386.676078879928 4483.1840292124425 -4053.4630681944705
1544.30388030717 4558.411486779846 -4983.481412699493
-435.28649509682407 4228.604079487541 -5470.6955640381975
-2376.199755188138 3523.066642809421 -5471.814406760061
-4105.977239250145 2504.4892741943604 -4986.738526779274
-5470.920626820437 1263.377042796981 -4058.569044752571
-6349.748707957996 -89.9917830917254 -2769.7778923627247
-6664.373750980261 -1435.364444130305 -1234.879819266368
-6386.839940105436 -2653.198675314803 409.74274495264467
-5541.807372366817 -3635.2845608269645 2017.957868156186
-4204.360899772315 -4294.359459926123 3446.868579111815
-2493.33851069913 -4571.861675524755 4569.509890479742
-560.7720531145164 -4443.133917968512 5286.1301951146725
1421.6214622969603 -3919.614213428723 5533.054634113399
3277.6976721003316 -3047.819585082125 5288.342887460822
4842.536059798259 -1905.2128114650354 4573.738667746837
5977.09386746363 -593.3195186605782 3452.7376958820096
6580.560654960464 771.2928171167 2024.9458276482521
6599.315749949281 2067.3724013303786 417.22863629955447
5718.627860389919 3705.9339295473474 -1249.970340632741
4540.4997738788725 4431.352666287454 -2783.1730270776447
2958.9283568036117 4763.0262719570555 -4069.07857631306
1114.4431701831477 4671.484091166757 -4993.428637185836
-829.0651827614039 4164.860048406018 -5474.0906503440165
-2698.907455924956 3288.1699131571336 -5468.3556865679875
-4328.939957669311 2119.3114512282345 -4976.733322556721
-5574.327146934646 762.1428664125802 -4042.906362801817
-6324.410906663051 -662.7454566926787 -2749.849430709654
-6512.543003114331 -2028.7459375602887 -1212.4563091834484
-6122.007073914671 -3214.483438870744 432.6688761905609
-5187.503950212151 -4114.599980109321 2039.349533178966
-3792.068335547161 -4649.116256490576 3464.8250346063924
-2059.690808051003 -4770.538151172 4582.435626574826
-144.3007134552778 -4468.076795959932 5292.87670343456
1783.9111327841777 -3768.607209594771 5533.022457787294
3553.614646310718 -2734.2803343967676 5281.534885496508
5007.56390373153 -1457.0006522960045 4560.759760995269
6016.569132973546 -50.26006829671305 3434.7411171650656
6490.975791472128 1360.9463433334424 2003.530651961602
6388.630765720321 2651.2266999437666 394.2976959818964
5359.75513423698 4201.571956682312 -1272.357945745088
4116.939351932644 4815.906870648763 -2803.021251079986
2508.315441318287 5002.327324898878 -4084.6238174003065
676.8166961818117 4744.269043979828 -5003.289632468205
-1214.8201825715337 4064.661638621408 -5477.391207116391
-2998.514956952853 3023.8912091976767 -5464.8025358769
-4515.778518642784 1714.4347757087157 -4966.64217743382
-5631.79534178368 252.64328872493448 -4027.173865775534
-6247.402434080293 -1231.5966631688316 -2729.8734831816996
-6307.900403834872 -2606.4038467671435 -1190.011861754683
-5807.91374094374 -3749.6206105653023 455.58753587027564
-4791.868454560118 -4559.6671281757 2060.705981620169
-3350.044627220468 -4964.567211678083 3482.721657643878
-1610.5546333235882 -4928.343711778505 4595.282230713664
272.04020754669796 -4454.215245407253 5299.531811520628
2130.4630821476517 -3584.310207479929 5532.894734261685
3799.5849625165647 -2395.9234781317355 5274.635679154976
5131.0970447619 -994.6484334145468 4547.7020965979345
6006.688637131645 495.0054895542754 3416.6852254962364
6348.559584173342 1940.6760024804223 1982.0808782330175
6126.333151966378 3213.908936069792 371.3599467201573
4958.030786983886 4662.692174839255 -1294.7235790979835
3660.9917893316697 5160.222579286603 -2822.8210710079334
2038.6576051994546 5199.244562300536 -4100.098523012623
235.17974634374212 4776.290849445107 -5013.064228261613
-1589.194865043891 3928.9427342093427 -5480.597177359536
-3272.3625386055987 2732.490815157879 -5461.15501604451
-4664.766440085751 1293.2450958411857 -4956.465265669881
-5642.685372373937 -260.911125553631 -4011.3718253509132
-6119.226946809788 -1791.8842484533707 -2709.8503947342215
-6052.048353236446 -3163.6405923235225 -1167.546864562814
-5447.118704501302 -4254.293586157666 478.4983282200219
-4358.188654584504 -4966.933925201812 2082.026844685196
-2882.014417111973 -5238.240387961261 3500.5581391757732
-1149.7605511671002 -5044.1062046110355 4608.049481054207
684.6545853900474 -4401.781049285635 5306.095404448906
2458.2351574781187 -3368.3383308332445 5532.671465742169
4013.3907480369703 -2035.6039699770147 5267.645387575423
5211.938958157531 -521.9972632874393 4534.565900041567
5947.383519628394 1037.9911909924708 3398.5703326743383
6154.37695571759 2505.749572803399 1960.5968768687333
5814.5269912528565 3750.8611087698528 348.4157846156749
4516.755795167029 5085.600135278231 -1317.066854469679
3176.4596037399383 5461.589945687613 -2842.5721449475723
1553.9210368571482 5352.293521629942 -4115.502425924508
-206.6902334205308 4767.4223300221975 -5022.752255773107
-1948.9361694136103 3758.944742903704 -5483.708505711036
-3518.01057398882 2416.4684195208943 -5457.413190058143
-4774.494300529994 859.2782725666742 -4946.2027630052735
-5606.743255945961 -774.2625197857116 -3995.5005144060633
-5940.808468283603 -2339.0066894600104 -2689.780511136681
-5747.006777405699 -3695.919850213996 -1145.0617055454572
-5042.558314031451 -4724.434312999366 501.4008576040272
-3890.0564155528455 -5333.162054236237 2103.3117541939487
-2391.9059333209552 -5468.014942758038 3518.334171192153
-681.2241122072074 -5117.010707627447 4620.737157124728
1089.9874607789357 -4311.337615492528 5312.567368875753
2764.348864543666 -3122.5832562276155 5532.352656084267
4193.085740548548 -1656.373671415926 5260.564131469943
5249.248547451963 -42.98801702284329 4521.351398169076
5838.992584966456 1574.2173113325334 3380.396751517087
5909.916507309776 3051.546523237133 1939.0790188660026
5455.718412737207 4257.732435060777 325.4656058805467
4039.5486308499044 5466.915495726696 -1339.3873860245067
2667.3703005993766 5717.656794703161 -2862.2741318267767
1058.1844135788267 5460.359195946684 -4130.835260133098
-645.0258023540182 4717.884720238688 -5032.353547704636
-2290.922645098559 3556.2054830414327 -5486.725138442807
-3733.260957277691 2078.5417825252084 -5453.577122533665
-4843.882650256834 416.19052310124164 -4935.85484665839
-5524.104112731761 -1283.1410907222885 -3979.560207015296
-5713.484682658863 -2868.4599876632083 -2669.6641789665778
-5395.19706531718 -4198.903626670934 -1122.5567729884015
-4597.52251228971 -5156.256251863896 524.2947285290713
-3391.337908150084 -5655.452881220882 2124.5603425871936
-1883.8180482300263 -5652.137703535212 3536.0494467269664
-208.91268772540553 -5146.605286892673 4633.345039827631
1484.5554818818594 -4183.774405004416 5318.947593039814
3046.1143820594807 -2849.1968070399607 5531.938310793355
4337.012651738348 -1261.455569275739 5253.392033121485
5242.548314643709 438.3715316251948 4508.05881917556
5682.260553248642 2099.24739817945 3362.1647958556127
5617.079005507719 3573.5959210100045 1917.5276758066982
5052.795337982226 4730.414763791423 302.509806830754
3530.315502972951 5803.599205233553 -1361.6847883195558
2137.942868580024 5926.447129960946 -2881.9266914210443
555.604628106013 5522.704219406446 -4146.096760862798
-1076.1015218059656 4628.244802969402 -5041.867938255937
-2612.1913291117125 3322.545525070767 -5489.647023462016
-3916.1764734130734 1721.6234965186975 -5449.64687971434
-4872.192152194297 -32.27233491933894 -4925.421695322617
-5395.292176989959 -1783.3006277749714 -3963.551178444388
-5438.996815010324 -3375.874833966892 -2649.5017456035216
-4999.422717372639 -4668.487746378161 -1100.0324555188784
-4115.627971691157 -5546.2850352027035 547.179545651546
-2866.141619589061 -5931.270559178494 2145.772242932922
-1361.9860067311454 -5789.236665019153 3553.7036598633285
263.18803980198453 -5132.80368752621 4645.87291144324
1864.976674017013 -4020.2985774585895 5325.235966763956
3301.0539464302956 -2550.572295994066 5531.4284370245705
4443.818089266625 -854.2164730282836 5246.129216381674
5191.7294934971205 918.040232233285 4494.688392604403
5478.332948700785 2608.7250341077247 3343.8747805291064
5278.162480144218 4067.6131685004693 1895.9432198509987
4609.00411239231 5165.076022445545 279.54878387937686
2993.21828090469 6092.977880591733 -1383.958676311324
1592.5527697684781 6086.376514409462 -2901.5294843594525
50.38195623564061 5538.973885298513 -4161.286664569809
-1496.2655152063248 4499.409119092254 -5051.295263127407
-2909.963229369137 3060.0521073229597 -5492.474110311984
-4065.0979404392124 1348.7960370005248 -5445.622529469712
-4859.030860112784 -482.3064803033292 -4914.9034891632
-5221.2175643596165 -2270.5539502650936 -3947.473705145833
-5119.476175077214 -3857.052737583913 -2629.2935592232334
-4562.846861188049 -5100.835462771258 -1077.489142098912
-3600.788579958678 -5891.386572443647 570.0549137841253
-2318.7844315995812 -6158.462131230276 2166.9470889326353
-830.746110674985 -5878.331303691179 3571.296505738819
731.1076478523507 -5075.8849431870885 4658.32055563354
2227.999283454932 -3822.4239303266477 5331.432381457168
3526.9234053087375 -2229.3237768255476 5530.823043582686
4512.464904952424 -438.1384225272462 5238.77580666873
5097.054095165016 1391.977453351389 4481.240349343301
5228.747660968728 3098.4100239073136 3325.527021379361
4895.844051114199 4529.5352666906565 1874.3260237308943
4127.923212260432 5558.191423490415 256.5829335296603
2432.6403643129665 6332.765177679857 -1406.2086653623858
1035.6957154294478 6196.264203289132 -2921.08217213045
-453.2750428457846 5509.197962578578 -4176.40470894677
-1901.9703243993724 4332.615306175896 -5060.6353595229575
-3181.6671959708115 2771.0607664503596 -5495.206350173062
-4178.658974663719 963.2853170258469 -5441.50414129442
-4804.3585657148915 -930.0822601244148 -4904.300409814163
-5003.169814621993 -2740.807946863841 -3931.3280647540614
-4757.427469450835 -4308.000819686849 -2609.039968791512
-4088.966815992394 -5492.408914330476 -1054.9272220185153
-3057.1835167977056 -6188.79237389632 592.9204379026977
-1753.7560459066724 -6335.274471973472 2188.084514927748
-294.4996541051857 -5918.83963132169 3588.8276805507394
1190.924324354004 -4976.489915027072 4670.687757445938
2570.5294503090126 -3591.9572308160245 5337.536730116438
3721.7317540213894 -1888.2633836022799 5530.122140921962
4542.241858838168 -16.78904824810284 5231.331930965274
4959.153841197092 1856.1770677204154 4467.714921620282
4935.42324187748 3564.2137055231256 3307.1218352453
4473.158628768903 4955.554314295841 1852.676460743681
3613.434241360886 5906.572175151482 233.61265236822615
1853.1507800642526 6521.0799858339615 -1428.4343712479579
471.9505276795013 6255.341935790828 -2940.584417087741
-951.1846002103719 5433.789303636729 -4191.450632927133
-2289.802802166669 4129.420646062921 -5069.888066152794
-3424.961976516371 2458.134842422403 -5497.843695863462
-4255.798249054525 568.4329706855766 -5437.291786307
-4708.488170901189 -1371.7766650236842 -4893.61264037517
-4742.808255903278 -3190.0979241028285 -3915.1145360806604
-4355.709013897146 -4724.964983111304 -2588.7413240582177
-3581.5859112920807 -5839.998168203031 -1032.3470848890236
-2489.2231829378193 -6436.12188764008 615.7757231531282
-1175.6820510035354 -6460.367932904614 2209.1841559058516
242.32359055812017 -5910.581936472867 3606.2968815613654
1638.7977176791298 -4835.614796823902 4682.97430331696
2889.657475839012 -3330.982061731132 5343.548907328602
3883.7584862176436 -1530.376952679527 5529.32574114596
4532.770511502444 406.2088645662992 5223.797717816148
4779.025985104491 2306.7012415771364 4454.112342999681
4600.644027519907 4002.23309048221 3288.65953995761
4013.4746584964005 5342.148965787301 1830.994904745624
3069.6904532220574 6207.391461847582 210.63833705820997
1259.4668011333576 6656.461299510777 -1450.6354101626494
-94.05860557589426 6263.25931935993 -2960.0358824560994
-1439.226492410356 5313.539262823136 -4206.42417668983
-2656.5127894527104 3891.6879247015277 -5079.053223236202
-3637.7562672378263 2124.0430360790433 -5500.386101840088
-4295.769136648431 167.66760249159657 -5432.985537248657
-4572.084066595476 -1803.6058333743993 -4882.840365408353
-4442.149262965059 -3614.6209759512462 -3898.833399109509
-3917.5100032692385 -5104.4611823119385 -2568.3979755512246
-3044.782788073457 -6140.74761206527 -1009.7491206363434
-1901.5132603481725 -6631.401668259564 638.6203748580949
-589.2859347874546 -6532.8265848021065 2230.2456475070376
775.3020321178528 -5853.781190447724 3623.703807103157
2071.001011112572 -4654.601648426423 4695.179981075942
3182.6824618316996 -3041.8403235595356 5349.468809272158
4011.5686088451384 -1158.798137048008 5528.433858007338
4484.009280483816 827.2083492421227 5216.173297326182
4558.026049800884 2739.713743558041 4440.4328483781055
4227.042202025288 4408.783548723065 3270.1404543330586
3520.467104530574 5686.113587956138 1809.281730145489
2501.0830554829026 6458.20748180082 187.66038433241104
656.4153943508402 6737.879648828591 -1472.8113987270406
-657.7001706272574 6220.085768801971 -2979.4362323371893
-1913.376189175506 5149.60997182048 -4221.325081663679
-2999.0403366023925 3621.5687301516073 -5088.130672504339
-3818.226589050412 1771.7352138161716 -5502.833524199308
-4298.146653049907 -235.52475139876177 -5428.585468482004
-4396.157524820008 -2221.8573088685716 -4871.9837709351295
-4103.550508290314 -4010.7680939851966 -3882.4849349920487
-3446.3250209642274 -5443.304532985372 -2548.0102745704107
-2482.8784315772177 -6392.1794766813 -987.133719494274
-1298.8171976120489 -6773.081222256493 661.4539985238944
0.6496441263332664 -6552.164978056827 2251.2686260301443
1300.0587621331915 -5749.060121854402 3641.0481565839964
2483.9519539105972 -4435.12604449043 4707.304579948695
3447.135113939452 -2727.1115548433963 5355.296333719062
4104.025191591492 -776.7812358166144 5527.446506907615
4396.254620752727 1242.569504860809 5208.458801157961
4297.857534214441 3151.51249210489 4426.6766739804425
3817.576944924069 4780.429764240659 3251.56489816915
2998.0878909167154 5984.584873253161 1787.537311898008
1912.2055709094109 6656.983353358984 164.67919098644148
48.89381313441936 6764.744998845603 -1494.9619539941955
-1214.373349169301 6126.308990810838 -2998.7851317153745
-2369.73811020967 4943.523544078338 -4236.153090531857
-3314.5412407335 3321.4843361587327 -5097.120257202941
-3964.832836393502 1404.316668877504 -5505.185920677721
-4262.831635157626 -637.6306971756954 -5424.091655989799
-4182.059136009489 -2622.921777588599 -4861.043044433014
-3729.6923299626737 -4375.154747560138 -3866.069426042314
-2945.9259929134696 -5738.636018160589 -2527.57857318152
-1900.401203410633 -6592.21429495809 -964.5012719976968
-686.0174272114307 -6860.045402192638 684.2761998472587
589.3220079333986 -6518.331370628973 2272.25272843914
1812.2975964763054 -5597.43499155886 3658.3296304923397
2874.242590435284 -4179.181949549881 4719.347890561141
3680.798516828244 -2389.5902512854655 5361.031380036497
4160.299342082768 -387.67297265027065 5526.363704896897
4270.139313620292 1648.6907508797494 5200.654362529541
4000.558667944923 3538.5610660339107 4412.844057355671
3375.5108284601015 5114.014701751477 3232.933192238577
2450.5340386813073 6235.065688734563 1765.762025497439
1307.8165455742082 6802.103727138474 141.69515387187923
-558.1703419308138 6736.911056425316 -1517.0866934564879
-1759.5457077429087 5982.830033036636 -3018.082246463458
-2804.5777157828857 4697.148305995501 -4250.907947236356
-3600.4106860889633 2994.104338870848 -5106.021822095036
-4076.3313667939924 1025.02106182701 -5507.443250652885
-4190.052116873805 -1035.139834790958 -5419.504177373596
-3931.4683486285335 -3003.3240144514025 -4850.018374832316
-3323.556364642943 -4704.649675557496 -3849.587155732117
-2420.331812471951 -5987.946566975272 -2507.1032242101364
-1302.050157311618 -6739.188128246599 -941.8521689758111
-68.07563172113642 -6891.6232498832405 707.086584722194
1171.9477124927557 -6431.707402377255 2293.1975923692617
2307.8383594438346 -5400.306127087012 3675.5479304024348
3238.6674403765014 -3889.0639535519986 4731.3097049429325
3881.7267065737574 -2032.2613808678166 5366.673849188605
4179.877520214855 5.116533938636129 5525.1854706735885
4106.627873094493 2042.0398222510953 5192.760116212155
3668.486317810094 3897.5189110124034 4398.935237372833
2904.383654301229 5406.686340550219 3214.2456582836157
1882.2137574299704 6435.4459618779465 1743.9562469711632
692.800908252039 6892.387968003383 118.70866988939508
-1159.859267731903 6654.6759530058025 -1539.185235052064
-2288.790245712835 5790.954945102077 -3037.327243348524
-3214.352166171621 4412.682177138835 -4265.589396982397
-3854.304790713914 2642.3232330000287 -5114.835213463637
-4151.785520263297 637.1822739646522 -5509.605475144007
-4080.3618865266253 -1424.57512634085 -5414.8231118524445
-3646.380192798863 -3359.7527750259687 -4838.909952512961
-2888.4016170650116 -4996.401645617834 -3833.0384086861404
-1873.7758821132147 -6189.098303649087 -2486.5845812355556
-692.6569371056445 -6831.866416990569 -919.1868015454977
550.0076164386749 -6867.593218030487 729.8847592467297
1743.8015795937479 -6293.1042237119555 2314.1028561333756
2782.651119854735 -5159.445302283591 3692.702758979462
3574.249896653309 -3567.3470238945665 4743.1898165310595
4048.2608847969186 -1658.274307387949 5372.22364373821
4162.566127826045 398.14335854701 5523.911824584074
3907.0091032772552 2419.1842398517283 5184.776198527882
3304.29717427523 4225.269985030462 4384.950454216896
2407.9839406695464 5655.921949747304 3195.502619010628
1297.7107666719066 6584.020428624439 1722.1203528730039
72.13029614557368 6927.099798920549 95.72013598192846
-1751.304980175836 6518.779301291861 -1561.257197171455
-2797.821497925701 5552.3831268305485 -3056.5197900376443
-3595.7392975474636 4092.63334531831 -4280.197186242834
-4074.1598809401266 2269.2351308489433 -5123.560279114366
-4190.57347975511 244.2054166292911 -5511.672556812643
-3934.6362348650364 -1802.5230205357009 -5410.048540261493
-3329.089293640488 -3689.089377084101 -4827.717969301135
-2427.7381592082584 -5247.8639531764875 -3816.423470677029
-1310.6718353769304 -6340.3427871575295 -2466.0229985847095
-77.14656718375021 -6869.454340363585 -896.5055611044563
1163.2335120558255 -6788.184729324498 752.6703297297628
2300.255188983068 -6103.755115626903 2334.9681587281734
3232.889097865537 -4876.980074017708 3709.793819984602
3878.2666231025137 -3216.8639505575134 4754.988020173352
4179.0431393840845 -1270.9153481153576 5377.680667848473
4108.493333302632 787.9596603269833 5522.542788622355
3672.8858647312186 2776.820995045258 5176.7027473472945
2910.9263688842934 4518.949598475558 4370.889949384593
1890.3182907720418 5859.549698997613 3176.7043980844687
701.7471369995142 6679.503094553413 1700.254720276911
-549.1773294620182 6905.953327641622 72.72994912779338
-2327.7288856465793 6330.395653582117 -1583.3021986641513
-3282.530396535553 5269.1924661355315 -3075.65955510363
-3945.664676544971 3739.7984046025185 -4294.731062762519
-4258.20933477913 1878.106842985609 -5132.19686837811
-4192.393406774285 -150.46275356673422 -5513.644459963317
-3754.0649265621164 -2165.6630741697154 -5405.180545050602
-2982.1713031823197 -3988.4347267768703 -4816.442618466013
-1945.2986724715513 -5456.816450952408 -3799.7426286204122
-735.5777179091035 -6440.33608661622 -2445.4188313260483
539.502544919239 -6851.603598034806 -873.808839324556
1766.645639063584 -6654.076062000847 775.4429026978552
2836.8145153804317 -5865.304666926284 2355.793139840424
3654.919972850271 -4555.375212729758 3726.820818280247
4148.269751380258 -2840.680679947322 4766.704112132108
4273.027558118145 -873.5792026297227 5383.044827284579
4018.108114444658 1171.1436204806853 5521.078386429679
3406.1621316257388 3111.8051934322702 5168.539902087079
2491.563695715552 4775.969219015246 4356.753965680265
1355.578891393862 6015.767420493 3157.8513201229
99.1449537118385 6721.038286899458 1678.3597267703424
-1166.0984481979344 6829.115406724182 49.738506333906834
-2884.4805793664113 6091.1244188831515 -1605.319858845258
-3739.017607252895 4943.821395316753 -3094.7462080307496
-4261.326512326458 3357.2381451736005 -4309.190775562682
-4404.9978562564265 1472.349552834842 -5140.74483211362
-4157.265809643317 -543.3637585728849 -5515.521150544145
-3540.1424519828834 -2510.796815518831 -5400.219210282919
-2608.461901804525 -4255.134556955555 -4805.0840947164015
-1445.0080646042886 -5621.384919656392 -3782.996170570073
-153.15891955055667 -6488.150563204324 -2424.7724352633786
1152.2990676321156 -6778.415556431795 -851.0970281449404
2355.370225874504 -6466.388580883584 798.2020849019635
3349.1564031759517 -5579.794602644979 2376.5774398531685
4045.3553365244256 -4197.411387436063 3743.7834598351133
4382.1066954732105 -2442.069750416994 4778.337890087589
4329.488643970715 -469.7394992267716 5388.316029415347
3892.1765268034537 1544.3291678875657 5519.51864329413
3109.0274446943445 3421.1774112581893 5160.2878037076225
2049.627630381921 4994.039028048742 4342.5427472116535
808.1094064673748 6123.158361217847 3138.9437106909827
-505.21288454153125 6708.208202954882 1656.4357504478169
-1773.6447936686811 6697.2043073725545 26.746204628819974
-3417.075554296288 5802.976324908128 -1627.3097975020094
-4163.625068375985 4579.048019696869 -3113.779419220445
-4540.218223362823 2948.2512031142774 -4323.576074945243
-4513.393064784373 1055.4893289476931 -5149.204022710059
-4085.533125700593 -931.057404034551 -5517.302596147428
-3294.655639331512 -2834.875600790168 -5395.164621633449
-2211.0335410496964 -4486.802659768922 -4793.642594197373
-930.9514096847281 -5740.057612418061 -3766.1843857128206
431.8498398436926 -6483.283256375915 -2404.084166929738
1756.2793359601988 -6650.440731584821 -828.3705197653462
2924.6557057717214 -6226.677362813966 820.9474833243469
3833.1635814852566 -5249.646385033558 2397.320699851976
4401.078051422518 -3806.1612882492036 3760.6814517291527
4577.937422677975 -2024.482057940234 4789.8891531414565
4348.026963981014 -62.91871249006388 5393.494183214829
3731.7752285322977 1904.235236679042 5517.863586150186
2783.9388874026263 3702.1895284705415 5151.946594710591
1588.737359012646 5171.1880338662895 4328.256539385713
252.36954421534648 6180.703789068094 3119.9818962954582
-1106.422412091005 6641.036889039381 1634.4831699043034
-2366.903881628288 6511.284717709152 3.753441055901353
-3921.231513439455 5468.356539270461 -1649.2716349003501
-4552.965476287799 4177.966496407214 -3132.758859997015
-4780.148476208078 2516.3457956341963 -4337.886712497141
-4582.594306681195 631.1367281174365 -5157.574294089604
-3977.856522621806 -1310.1516073904686 -5518.988766010209
-3019.6687299916425 -3135.0272230760997 -5390.016866387524
-1793.1701191037766 -4681.341912151041 -4782.118314486892
-407.3404739360891 -5811.698828600758 -3749.307564363541
1014.6831599250598 -6425.660799909077 -2383.354383581239
2346.547742163157 -6468.674610597507 -805.629706639308
3469.9112598549063 -5936.918294823386 843.6787051852633
4284.957934653789 -4877.6407348174025 2418.022561631102
4719.267292730516 -3384.9633903490785 3777.5145021587973
4734.249041684731 -1591.517193981077 4801.357701820326
4328.5719873755415 343.34228933030033 5398.57919926389
3538.282316362747 2247.6943035018617 5516.113243578264
2433.6007340449255 3952.3288149633095 5143.516419136454
1112.6830468262865 5305.7815667059485 4313.895588904337
-307.1014120319731 6187.792342207853 3100.9662043791095
-1699.5985627388632 6519.990613425169 1612.5023642287324
-2941.078922580957 6272.859106132118 -19.239387333437236
-4392.90299015287 5090.044591433039 -1671.2049917914926
-4903.949478518608 3743.9608634966175 -3151.68420261331
-4979.258535090142 2065.2097827368684 -4352.122441094629
-4612.138619702748 202.95574975714408 -5165.855501709907
-3835.2099479177973 -1677.331792245174 -5520.579631014802
-2717.5060417187065 -3408.581043657177 -5384.7760334393515
-1358.339798134082 -4836.962911028692 -4770.511454592416
121.52089749079408 -5835.559397093211 -3732.365997960236
1590.583928087918 -6315.640821795377 -2362.583443190905
2918.3165965118474 -6234.549843747784 -782.8749814673764
3986.7440285142434 -5599.491752211861 866.3953579497786
4700.931758045156 -4466.894245527098 2438.6826676997016
4997.421071174529 -2937.3935824847176 3794.2823204419024
4849.867591308891 -1146.8926090991586 4812.7433380791235
4271.382092662093 745.5148056601652 5403.5709897517445
3313.3655504307 2571.679958298746 5514.267645804217
2060.9419385783067 4169.340061010886 5134.997422562001
625.3945911885003 5396.536002454714 4299.460143760123
-865.7218101273462 6144.226037772254 3081.896963315102
-2279.9150294558076 6345.974626141885 1590.4937129974599
-3491.5277931748114 5983.855520127851 -42.2318834867098
-4828.313995224123 4671.171263037094 -1693.1094894184655
-5213.810354834914 3280.6765402111973 -3170.5551202563383
-5136.036783988731 1598.6793097756354 -4366.283014907478
-4601.903805758979 -225.36759302201207 -5174.047502566637
-3658.871479265309 -2029.3895961703079 -5522.075163689296
-2390.7323651458964 -3653.091427869315 -5379.442213290444
-910.1661888271009 -4952.200054874443 -4758.8222149474195
651.272247567503 -5811.283974631987 -3715.359979059012
2154.842286704574 -6154.009810843815 -2341.771704442478
3466.9451322983136 -5949.924868934933 -760.1067371903798
4470.994688449233 -5217.162991605964 889.0970493345609
5077.776745894414 -4020.833287330129 2459.300661287979
5233.376056010659 -2467.234900338729 3810.9846170227997
4923.966937257809 -694.4118651702399 4824.045865304588
4177.041747656617 1140.1127115948962 5408.469468477478
3058.968068130346 2873.333270632611 5512.326824698818
1669.091651690422 4351.2455591592625 5126.389752097835
130.9091173097455 5442.530584627977 4284.950453232078
-1418.9052666290909 6050.22288350042 3062.774502401319
-2842.643690864749 6120.326328208052 1568.457596267666
-4013.8007484307172 5646.611920044679 -65.22365035718148
-5223.988425919274 4215.1926388986885 -1714.9847495226693
-5480.125987957842 2791.989738106256 -3189.371287052984
-5249.330306829561 1120.7062966378817 -4380.36818940331
-4552.108591632871 -650.1568174252718 -5182.15015519593
-3450.412051470062 -2363.250645094038 -5523.475338208032
-2042.1312586502527 -3866.3592819915566 -5374.015498048068
-452.3981417539547 -5025.924929445875 -4747.050797407966
1177.5325353537369 -5738.915091010662 -3698.289801328858
2702.8342791788145 -5941.977461925088 -2320.9195267242217
3987.977336105996 -5617.069059408878 -737.3253669825457
4918.77110576988 -4793.05942086263 911.78338731461
5412.510477014645 -3543.16541877792 2479.87618635337
5425.324539965655 -1978.44562030944 3827.621103477251
4956.074708896127 -237.9322462108991 4835.265088318609
4046.455890565548 1523.7224521119638 5413.274550851531
2777.291708779035 3149.9877238188255 5510.290813777207
1261.3529707235718 4496.362762770961 5117.693556385832
-366.6625141370081 5443.216238287904 4270.366767881322
-1962.0984255445833 5906.416063871952 3043.599151854656
-3383.193281315389 5844.804902301005 1546.3943945708388
-4503.676567142176 5263.857175656759 -88.21429091066055
-5576.777990811629 3725.8615340239585 -1736.8303943503518
-5700.837948259745 2281.975039452503 -3208.1323780755865
-5318.3534362897 635.3250483431332 -4394.377721351783
-4463.309882295696 -1067.776361389519 -5190.163319676838
-3211.681658346904 -2676.0011555533583 -5524.780130392044
-1674.6814248211808 -4046.45150360863 -5368.495981423654
11.12160251828276 -5057.356878008333 -4735.197405249204
1695.936426667662 -5618.893899951897 -3681.1557595468084
3230.0598568131777 -5681.167540774995 -2300.027270122724
4477.178293796651 -5238.644514207125 -714.5312642447936
5326.479791602958 -4330.644933139163 934.4539801300785
5702.500185053789 -3037.8485450395106 2500.4088875866637
5571.828412052709 -1475.1259823343396 3844.1914925174965
4946.075233074507 218.66799738496297 4846.400813381635
3880.841564143979 1893.0323659279302 5417.986153897164
2470.7780914465484 3399.1925013225105 5508.159648198311
841.1751424930636 4603.3194658639595 5108.908985596561
-863.1699093072548 5398.421294528669 4255.709339546755
-2490.8185267068775 5713.849700592864 3024.3712428053836
-3897.146987231527 5521.577485942973 1524.3044889061598
-4957.196835592792 4838.688880623354 -111.20340813244935
-5883.887424808893 3207.1965332678396 -1758.646046659214
-5874.267540946547 1754.8714140502277 -3226.838069347564
-5342.693207272583 146.61826856785456 -4408.311368828787
-4336.39713610951 -1474.6625535003918 -5198.086857633731
-2944.7931494377012 -2964.9131362401276 -5525.989517709482
-1291.5313684264759 -4191.718175517934 -5362.883758731174
476.48864246149316 -5046.07065984874 -4723.2622431618665
2202.1705464308006 -5452.0576217356365 -3663.958149592674
3732.1799332834767 -5373.605337970529 -2279.0952954166564
4930.56875466202 -4817.6846382481335 -691.7248225979305
5690.854904744264 -3833.6915163565836 957.1084362930196
5945.483622634576 -2509.058079358631 2520.8984104181504
5671.830029328676 -961.4838211896407 3860.6954979971674
4894.209447500814 671.5224938942841 4857.452848195991
3681.716878378091 2244.8610884677996 5422.60419625189
2142.0876076630752 3618.7339239203197 5505.9333647642425
412.12445261058105 4671.066369680249 5100.036191426701
-1354.457768634739 5308.354069856964 4240.978421340714
-3000.690473196871 5473.971215598752 3005.0911072913286
-4380.298660902197 5153.201996707573 1502.188260734006
-5370.698089962308 4374.548165954439 -134.19060503414124
-6142.896791234374 2663.4488995729043 -1780.4313297248723
-5999.128689602654 1215.0469579505618 -3245.488037849006
-5322.311677157089 -341.3172380314784 -4422.168891220621
-4172.5839156160555 -1867.35389956834 -5205.920632238708
-2652.103762089604 -3227.4679723809663 -5527.103479275997
-895.9725507358346 -4300.807352337628 -5357.1789268855
939.7697536615839 -4992.001125256895 -4711.245517248736
2692.0093913345436 -5239.633691160981 -3646.6972684440016
4205.052180898802 -5021.7018098516855 -2258.123964070638
5344.457630622642 -4357.569685361656 -668.9064358758158
6008.984566099668 -3306.2483714476266 979.746364594155
6139.586852884294 -1961.1523804985202 2541.344401023774
5724.65990465703 -441.7993941666277 3877.132834916251
4801.0718016447945 1116.809407141662 4868.421001909209
3450.8873998998292 2576.184791588078 5427.128598168875
1794.076508703846 3806.6548519011394 5503.612001919657
-22.145953465532617 4698.886923393106 5091.0753270964215
-1836.4006504835884 5173.602271015982 4226.174267644589
-3487.4830907946757 5188.620352879481 2985.759078252228
-4828.687353921193 4742.606746504254 1480.0460919692491
-5740.841555306377 3875.1917181152157 -157.17548466049064
-6351.780691901885 2099.0676239167083 -1802.1858673473814
-6074.537556343483 666.9626476025854 -3264.0819615222663
-5257.545101234961 -824.404886868418 -4435.950049228159
-3973.3966915250853 -2242.520429299868 -5213.664508213949
-2336.194548809009 -3461.378190449237 -5528.121995855102
-491.4112682103446 -4372.677309369192 -5351.3815844007295
1397.03606009165 -4895.444860173388 -4699.147435021072
3161.350603662715 -4983.230651845257 -3629.373414170942
4644.765272739741 -4628.234531553156 -2237.113638228827
5715.472164117167 -3861.9994624598553 -646.0764981185902
6278.334271776319 -2752.6087930215062 1002.3673741095001
6283.338827372001 -1398.6367526984652 2561.7465063311997
5730.041154177403 79.61030091812835 3893.5032194259943
4667.604178562724 1550.7836299340809 4879.30508511733
3190.4300882391685 2884.1630279285464 5431.55928151832
1429.7722836037296 3961.2718839505765 5501.195599751092
-457.9270628821836 4686.404349328247 5082.026547346733
-2304.9375802512313 4995.129222321368 4211.297134104443
-3947.144278562976 4860.014943147698 2966.375489523907
-5238.629885967052 4293.067008451064 1457.8783649747397
-6064.640238654355 3344.661230239288 -180.15765009626793
-6508.924231653321 1518.6629050297754 -1823.9092838576998
-6100.0188259678725 115.1354105201308 -3282.6195192774726
-5149.099978103472 -1298.6223704776642 -4449.6546048709615
-3740.661000731522 -2596.991854948097 -5221.31835183405
-1999.8478778241438 -3664.6072163953622 -5529.045049858508
-81.33949478423652 -4406.606144802009 -5345.491831388481
1844.3962593197552 -4757.058779170449 -4686.968205395063
3606.2493117835147 -4684.825865000986 -3611.9868859311014
5047.67128713086 -4196.325613706503 -2216.0646807087987
6040.5855172760375 -3334.9634163625606 -623.2354035658519
6496.767215538324 -2177.275084228905 1024.971074207448
6375.6826361067015 -826.1263060471829 2582.104374025941
5688.090675234597 598.4274198224058 3909.806368833817
4495.086896093116 1969.8082432853014 4890.1049098681715
2902.674919869825 3166.162959971207 5435.896169788808
1052.3475388370064 4081.190203186382 5498.68419998628
-891.4855391725683 4633.585786840224 5072.890008436811
-2756.106214806809 4774.26693917701 4196.347277626607
-4375.834758282563 4490.733522442547 2946.9406758325663
-5606.751180450374 3808.1787249795893 1435.68546255464
-6339.483155412857 2787.250535885141 -203.13670447310872
-6613.135610592019 926.9683595002014 -1845.6012041242286
-6075.508609202641 -435.8991813665336 -3301.1003909981464
-4998.046005955221 -1760.035167056812 -4463.282321491431
-3476.4850815150435 -2927.784304366976 -5228.88203092834
-1646.0232012787797 -3835.3869578643294 -5529.872625346422
330.6950638449558 -4402.198648837007 -5339.509769556169
2278.0296213146935 -4577.855671129944 -4674.708038688171
4022.9512499622842 -4346.750127454264 -3594.537983964392
5410.416005619936 -3729.4167595555314 -2194.9774549952645
6317.141555958698 -2780.7083462944074 -600.3835466498971
6662.561356731423 -1584.9217935274423 1047.557074555109
6415.9833427896265 -248.30798409082925 2602.4176525573976
5599.317052761835 1110.3690794138852 3926.0420016081903
4285.126870397994 2370.3849774382347 4900.820289664557
2590.184360629753 3419.7817679540617 5440.1391880886285
665.09260358269 4165.315940922074 5496.077845993415
-1319.0955500034793 4540.743513351217 5063.665868141325
-3186.0762752163596 4512.706097894412 4181.3249563732315
-4769.960141510852 4083.6949419551593 2927.454972789023
-5930.012116606785 3291.8295694231233 1413.4677679479828
-6563.156491712673 2207.4706936917046 -226.11225097638672
-6663.655245022488 328.8022729547434 -1867.2612535592446
-6001.353948154743 -981.6242869785087 -3319.5242575466996
-4805.80601648544 -2204.829221226471 -4476.832963758843
-3183.24113031908 -3232.1254034347876 -5236.355414883141
-1277.831300300262 -3972.2330595992144 -5530.604708027828
741.1194484205317 -4359.390376560592 -5333.435502205245
2694.218481800047 -4359.196727694996 -4662.36714661553
4407.924379688561 -3971.6693195539483 -3577.027009587802
5729.9668525842035 -3231.2416629868057 -2173.85232523373
6542.8766250823855 -2203.7040045928043 -577.5213219888359
6774.423096500856 -980.3575745949973 1070.1249851253415
6404.032346729134 330.0979281339354 2622.685991144992
5464.615219317468 1611.2227813372647 3942.2098373835033
4039.643048600539 2749.1834196840705 4911.451039467574
2255.7308653339264 3642.8670465992195 5444.288263147066
271.3870955705337 4212.865949965307 5493.376582780418
-1737.0706085969366 4408.533225819265 5054.354285747668
-3591.1819661817626 4212.482978029778 4166.230429757796
-5126.201046428891 3642.1351314652666 2907.918716882813
-6205.734667737998 2748.1675952233322 1391.2256648217494
-6733.861530400586 1610.0133080109317 -249.08389285203685
-6660.16134666864 -270.9717894810478 -1888.8890581254248
-5878.308935199353 -1517.5789313083017 -3337.8908007698747
-4574.142978303713 -2629.342525303382 -4490.306297673426
-2863.5443444899925 -3507.4774972456116 -5243.738374644047
-898.50722921093 -4073.957701246113 -5531.241285260727
1146.3661964175353 -4278.448885221994 -5327.2691342294165
3089.379954749129 -4102.78111008222 -4649.945742286284
4757.888746580628 -3562.563228553292 -3559.45426519023
6003.6382436275735 -2705.7959701161876 -2152.6896562242714
6715.93813619574 -1608.6068655442066 -554.649124379804
6831.497452953832 -368.48598171369764 1092.6744162033563
6340.0482414842 904.3764986661903 2642.9090397841815
5285.257920915252 2096.881158348694 3958.3095969648953
3760.8492401006297 3103.0687251005115 4921.996975699717
1902.2726000880118 3833.5350180343466 5448.343323315663
-125.32930842823843 4223.374901424496 5490.58045699415
-2141.7951578920165 4237.949390847593 5044.955422053239
-3967.953108463843 3875.963478959311 4151.063958440694
-5441.541012273281 3169.581202579914 2888.332245476532
-6431.624117332803 2181.567726873299 1368.9595372645163
-6850.229194849758 999.7123849817132 -272.051233413426
-6602.771918852804 -867.4846903482228 -1910.48424434222
-5707.527484502489 -2039.394594507212 -3356.1997035044005
-4305.144186082283 -3030.095339208489 -4503.702090570431
-2520.2299339146125 -3751.558815666698 -5251.03078271817
-511.38219227173033 -4139.6798279082295 -5531.782346052365
1542.904101318298 -4159.972120754414 -5321.010772112828
3460.0965945830562 -3810.6326349346073 -4637.444040199905
5069.844321035315 -3122.701716814978 -3541.820054227249
6229.114130918233 -2157.3050474055713 -2131.489813415208
6834.899814251958 -1000.2223573569049 -531.7673487922361
6833.374654625594 245.73447854642606 1115.2049783934804
6224.674169165002 1469.8567276429244 2663.086449252516
5062.884067241443 2563.375756128336 3974.3410023330657
3451.234497842693 3429.1275994925295 4932.457916248111
1532.927597817485 3990.186407163201 5452.304298569468
-521.5866464157377 4196.699641912787 5487.689516919614
-2529.755628169666 4030.3176965653893 5035.469439362661
-4313.144720710981 3505.82433712026 4135.825804324673
-5713.2919768932825 2669.8231002652965 2868.6958967998357
-6605.788168559735 1596.5963646260616 1346.66976977974
-6911.331092425749 381.50503544206884 -295.0138760482182
