-5234.142791156925 -2731.658608957871 -3625.0334114523544
-3663.7008734415867 -3538.773284978333 -4696.110762719143
-1767.7230552345163 -4031.4524249776937 -5349.918064175692
285.3247139550247 -4165.919325280224 -5528.361667901514
2313.0201301827724 -3930.226011695764 -5215.5860766187
4135.193557322115 -3345.314869459368 -4439.382774205811
5589.936889895371 -2463.157820399001 -3268.72083039431
6547.989798767427 -1362.138389606129 -1807.6186962571776
6924.225078639059 -140.08698525089534 -185.9017083536154
6685.2125738123505 1094.4117625054928 1452.33346215338
5852.189594230249 2231.6672224163585 2961.522431087632
4499.173887289775 3170.6292561052246 4207.56713559261
2746.3868361641908 3827.8669663118385 5079.751035495953
749.5712623252919 4144.981898244146 5500.576763775231
-1313.8470076104904 4093.796998564004 5432.652107709538
-3260.5242051974774 3678.8602702292237 4882.012471072752
-4917.489518577835 2937.0406624722086 3897.5846020223225
-6137.51430818528 1934.2521028638616 2566.8392368138757
-6812.194017472537 759.5967555905171 1008.0189410260597
-6881.580393486297 -482.5520968524933 -640.3682612901716
-6339.508152220657 -1681.8240778451543 -2231.855933380933
-4956.171407799346 -3188.8181115231555 -3642.3729595407603
-3316.1653117593582 -3851.5844356044886 -4708.2291478593925
-1381.5033750177704 -4172.120580182465 -5355.738514667421
675.9111992218288 -4121.945502161631 -5527.367011175897
2673.2680972231474 -3705.51747741384 -5207.864692290792
4433.093393342359 -2959.837963402223 -4425.620741157885
5799.018887153188 -1951.1638573073515 -3250.1409656563596
6649.676104265227 -769.1202799491667 -1785.8719023475642
6909.480417890362 481.2630095112474 -162.92028334544122
6555.347074630549 1688.8839685886724 1474.5075177958327
5618.742376123016 2746.4401755117547 2980.91885521126
4182.887760052138 3559.9631202864416 4222.462470794262
2375.3652102000883 4057.167719182826 5088.821765875818
356.7810373031874 4193.875161642551 5503.016915132834
-1693.504696465872 3957.9383914723267 5428.24486188833
-3593.315106131009 3370.3214260932355 4871.149431204827
-5173.84369961276 2483.2366115938107 3881.23099687161
-6294.653575344851 1375.5053266498724 2546.4481559646315
-6856.155857275305 145.55435712740584 985.4022214965424
-6808.458603542437 -1097.329755780625 -663.2010247179624
-6155.799924456379 -2242.7113043351987 -2252.875949476473
-4638.4184141138485 -3618.164742228194 -3659.6496091792606
-2942.126455315898 -4130.624093123363 -4720.2662287734
-984.413649653845 -4276.059366399252 -5361.466479393859
1060.7686288080772 -4041.54799979312 -5526.276904912061
3011.6969594939756 -3447.9273573640953 -5200.053375762074
4695.0227987144035 -2547.9432382532864 -4411.7822841172565
5961.175258500871 -1421.563180958937 -3231.504975740952
6697.65113638279 -168.87099660912696 -1764.0942690440647
6839.011318639206 1098.8261168675583 -139.9360449424349
6372.695332727688 2268.8877077415964 1496.6561108515816
5340.137400390486 3237.3486689330666 3000.2638032292434
3833.084825221592 3918.156994019209 4237.284890249163
1985.4458421160778 4250.819875637985 5097.804619751977
-38.60871704706525 4205.778756890556 5505.362037442739
-2059.2327222689423 3787.0357388373336 5423.743878223342
-3896.884863323303 3031.797976255801 4860.202273715828
-5388.2816830738475 2007.171658657655 3864.810368542277
-6400.9060291985725 804.199330860041 2526.0131016828027
-6844.78178471556 -470.2296366551114 962.7684855129128
-6680.4686408304615 -1702.8766373847013 -686.0223356347277
-5922.566541453825 -2784.2155759316124 -2273.857061701774
-4283.630070306313 -4016.2505141163724 -3676.8630620254353
-2544.8372431093558 -4373.666312452031 -4732.221797598394
-579.9244590278091 -4342.462665407853 -5367.101859441442
1436.517158194923 -3925.4121539586567 -5525.091367934544
3325.3179218603077 -3159.571546242734 -5192.152261922554
4918.649595251089 -2112.989141091776 -4397.8676420538295
6074.937666965558 -878.65837805472 -3212.8131824643765
6691.440867545302 433.7450378012843 -1742.2861724145364
6713.380182139072 1707.6083035898907 -116.9493900487432
6138.806206366105 2829.7430778889448 1518.778858846854
5018.772359450188 3700.442761594601 3019.5569410826615
3452.7985638774117 4242.34186680698 4252.034137995874
1580.028463547174 4407.290279942928 5106.699442003701
-433.13409960991345 4180.631610631116 5507.612090208109
-2407.810797238983 3582.5054763150893 5419.149234439971
-4168.542939029725 2666.058008862132 4849.17118764713
-5558.881747338298 1512.7195875189045 3848.323000594584
-6455.289517645115 224.96939236405686 2505.534426851885
-6778.116485737712 -1082.7703205642583 940.118123926663
-6498.6780587982485 -2294.301138851138 -708.8317999498596
-5641.803567355641 -3301.973232576387 -2294.798907743723
-3894.85018819743 -4379.895724981405 -3694.01302082811
-2127.7356732677213 -4578.79614492031 -4744.095647879206
-171.56250635395082 -4370.850433667128 -5372.644557495405
1799.854742139034 -3774.5354802214183 -5523.810420715837
3611.346998260506 -2842.8364850819166 -5184.161487212902
5101.9552254512855 -1658.5389926604387 -4383.877055253121
6139.232341298971 -326.8730323626004 -3194.0659086065184
6631.011722044859 1033.8370313193052 -1720.4479890528867
6533.596611571427 2302.686137849431 -93.9607156102348
5855.642769943408 3366.9314758599517 1540.875379754181
4657.389371140863 4132.01017670491 3038.7979356072287
3045.306488095864 4529.9416403216355 4266.709959336459
1162.6347594761162 4525.367909874331 5115.506079030413
-823.3421696616849 4118.695381384716 5509.767034573835
-2736.1615338474244 3346.058693662102 5414.461009880997
-4405.860938303719 2276.110007070885 4838.056363489454
-5684.080263589465 1003.9189578071699 3831.7691777412206
-6457.2441132799 -357.47469648349016 2485.012485108611
-6656.653486356361 -1687.1051552397296 917.4515278764248
-6264.589984927391 -2866.828917213878 -731.6290237772793
-5315.890171637282 -3791.8223490221017 -2315.7011259673022
-3475.3941526556187 -4706.214512550325 -3711.0991894326125
-1694.415261474611 -4744.424838478829 -4755.88757457182
237.11986150732466 -4361.07219694302 -5378.094477841468
2147.585844210984 -3590.219152458701 -5522.43408537602
3867.229400131213 -2500.3593808611995 -5176.0811896221
5243.252652793122 -1188.3317056277401 -4369.810765312076
6153.389897619066 229.28445655852542 -3175.263477905391
6516.771446334762 1626.5276885812789 -1698.5800960725785
6301.109253663166 2879.2467975744335 -70.97041860769225
5525.565851841108 3876.1321932366054 1562.945291998983
4259.051675536604 4528.606233403772 3057.9864545391474
2614.1020673202447 4778.693736271887 4281.312100840981
736.878018624532 4604.173329720195 5124.224378754388
-1205.820875761914 4020.5519177410006 5511.826833327177
-3041.3772936791383 3079.6868239690484 5409.679285505192
-4606.693992188569 1865.178040904416 4826.857993179545
-5762.685713348441 484.9400037064075 3815.1491858424815
-6406.637519747583 -938.3870809450665 2464.447630836877
-6481.331467451476 -2278.3343554106978 894.7690887811173
-5980.130671417633 -3415.84162409245 -754.4136134423179
-4947.569021857158 -4249.836374299506 -2336.563355421757
-3028.820759926094 -4992.637912757355 -3728.121272785819
-1248.5942692349151 -4869.302247558081 -4767.597374046922
642.5753016434865 -4313.307709082316 -5383.451526367485
2476.6492370755936 -3374.0568520154798 -5520.9623856823955
4090.662019197366 -2135.006236842459 -5167.911508685059
5341.201529338879 -706.2509482054202 -4355.669015134936
6117.15184412177 785.2578365108822 -3156.406215051452
6349.566372875743 2206.993016405946 -1676.6828711001174
6017.794064786633 3432.627181564023 -47.978896049939586
5151.314345386952 4353.257357803861 1584.9882144661879
3827.1177402289786 4887.081513847571 3077.1221665207804
2162.864928822081 4986.667030781943 4295.840310351795
306.4320769129638 4643.165298403525 5132.8541906233495
-1577.228609784939 3887.09795306664 5513.791450898426
-3320.7456129496572 2785.6448963514013 5404.804143885934
-4769.1997955517245 1436.6750659940494 4815.576270096856
-5793.889647030425 -39.94964872152964 3798.4633119013065
-6303.766977304567 -1513.0246618320853 2443.840219161618
-6253.526948019457 -2851.66079393949 872.0711983332642
-5647.633606251816 -3936.914350198097 -777.185175488421
-4539.923234336863 -4672.355789577528 -2357.3852358469608
-2558.9021113183276 -5236.934235735889 -3745.0789769412772
-794.0839642244829 -4952.526354863896 -4779.224844093403
1041.292027870789 -4228.064773558319 -5388.715610565058
2784.1446536549643 -3127.921082565423 -5519.395347049057
4279.6138089443075 -1749.8478767310226 -5159.652585480217
5394.820496533095 -216.29300796813166 -4341.452048929029
6030.673708225104 1336.480443738941 -3137.494445681998
6130.675095765657 2770.501742971988 -1654.7566922685312
5685.939097022905 3958.351804195343 -24.98654496685375
4735.982457176936 4794.484936675154 1607.003766506759
3365.2129924940914 5204.607042280793 3096.204741106391
1695.429585434174 5152.276972137969 4310.294336988005
-125.00018056174792 4642.144482625609 5141.395365613084
-1934.3231319605013 3719.5370841164445 5515.66085336151
-3571.772984447307 2466.432492763903 5399.835669209793
-4891.855132798421 994.1745506685523 4804.211389060255
-5777.274485047725 -566.4201631168413 3781.711844058294
-6149.357646149055 -2076.6859597153643 2423.1906059426706
-5975.043394378491 -3402.429095406949 849.3582484922173
-5269.820315971353 -4425.851474657468 -799.9433166840417
-4096.350576264606 -5056.017527855388 -2378.1664076795123
-2069.591816346735 -5437.226596803505 -3761.9720090642295
-334.75618254125675 -4993.549831930292 -4790.769783921882
1429.8240071363393 -4106.174250657572 -5393.886639531171
3067.35805910056 -2853.9470675650314 -5517.7329965364725
4432.343886634562 -1348.1341631789232 -5151.304562627086
5403.496508820317 277.46637779495893 -4327.160112200559
5894.524753343536 1878.4128134606296 -3118.5284963756235
5861.798605836361 3312.454027371466 -1632.8019382108155
5308.225928121147 4452.169164485265 -1.9937624027075853
4282.994081926563 5196.289533311987 1628.9915679443768
2877.1994159428627 5478.696773562914 3115.2338487678444
1215.752955470961 5274.297762617994 4324.673931149725
-553.7184903384838 4601.2542495899725 5149.847756229989
-2273.9896183278033 3519.3691042141863 5517.435008434587
-3792.2067894896236 2124.772569432038 5394.773947275042
-4973.46974557989 541.3806674450268 4792.763546324588
-5712.818089062903 -1090.115282654416 3764.8950715867927
-5944.557475043421 -2624.7497059978778 2402.499147768632
-5648.096842105534 -3926.1635994390736 826.6306314773668
-4849.778018481827 -4878.720627384941 -822.6876440294446
-3620.5351350157352 -5397.781917674819 -2398.906512058964
-1564.9917729102503 -5592.007463670519 -3778.8000774367497
125.48953203705716 -4992.183590353679 -4802.231994168143
1804.8205413611518 -3948.782297197061 -5398.964523969712
3323.7853252608093 -2554.514367988802 -5515.975362851001
4547.417196819389 -933.2666268830825 -5142.867584283804
5366.991094428894 770.9059495943309 -4312.7934517503345
5709.684280645913 2406.5801493852637 -3099.5086946465126
5545.046961990775 3828.4191418002815 -1610.8189880534737
4887.707886724974 4910.086292725652 20.999054590797122
3796.074516370881 5555.470728983568 1650.9512390818566
2367.143266438613 5707.227211189554 3134.2091609003046
727.8809492461406 5351.871509927259 4338.978844522409
-976.0567845397802 4520.978538706644 5158.211216513663
-2593.2675896646983 3288.376784334406 5519.113885480596
-3980.0551890805195 1763.588321870243 5389.619065490222
-5013.1974187620335 82.09729762802543 4781.232939577345
-5600.895057732034 -1606.6884317865079 3748.0132848878548
-5690.9285916994195 -3152.71284320076 2381.766201950687
-5275.298146065537 -4418.604883044182 803.8887397613939
-4390.934309889122 -5291.884488300992 -845.4177647633373
-3116.4166909812307 -5694.956933719685 -2419.6051908340837
-1049.3178033397328 -5700.150106164304 -3795.5628914627287
582.7589337234394 -4948.597301090371 -4813.611276896607
2163.0549821297964 -3757.3399092530144 -5403.949176193054
3551.154102963498 -2232.2263776639106 -5514.1224763444025
4623.717597765796 -508.7697364552578 -5134.341796144633
5285.443493156139 1259.8933285366754 -4298.352315669548
5477.53453939282 2916.60934233728 -3080.435368938803
5182.922604040051 4314.171816741967 -1588.8082214098642
4427.785250437098 5328.401192797943 43.991508961383715
3279.219746317298 5869.178739570322 1672.8824007078322
1839.2811771183603 5888.453998865217 3153.1303498279126
235.91440377996966 5384.5142793061905 4353.208830081144
-1388.4143996275873 4402.136836479092 5166.485602039376
-2889.376490671992 3028.6102172715173 5520.697455507785
-4133.604800700311 1385.9782894223429 5384.371112872591
-5010.544184160524 -379.80389170754904 4769.61976793523
-5442.274728447094 -2111.8388303173087 3731.066775485221
-5390.435280081866 -3656.2276212013144 2360.992126516491
-4859.632001545764 -4875.744542850944 781.1329660634776
-3897.0290935285443 -5662.030165015759 -868.1332863698278
-2588.158048720834 -5945.219559608806 -2440.262086568983
-526.864434045866 -5760.916860719206 -3812.2601616728966
1033.1959466408832 -4863.3168847979305 -4824.90743560369
2501.452333362825 -3533.589861347762 -5408.840510123547
3747.4437028227403 -1889.887871813139 -5512.174369013317
4660.458253901037 -78.26105123159614 -5125.727345437463
5159.370637036047 1740.3196071948573 -4283.836953335521
5199.850297545283 3404.2652312552214 -3061.3088486209
4778.300439950448 4765.726950146657 -1566.7700183737106
3932.177619039909 5703.732915469327 66.98320366297853
2736.663560600432 6134.937180832913 1694.7846741032406
1297.984935151364 6021.0253549511235 3171.9970888094103
-256.02534789895805 5372.119003447366 4367.363642094904
-1787.2866552397297 4245.876303331365 5174.670769920605
-3159.73969988415 2742.3688609431188 5522.185691170221
-4251.436005904582 995.1899105725527 5379.0301800466095
-4965.373565680781 -840.4160306713735 4757.924231940718
-5238.115893963256 -2601.3473194851535 3714.055836020305
-5045.428637974111 -4131.1374831379935 2340.177280203907
-4404.432906002075 -5293.85795221578 758.3637033425475
-3372.083981796313 -5986.195910526212 -890.8338165850809
-2040.1105976611414 -6146.634092198333 -2460.8768425493067
-1.9691129966660865 -5773.964148518052 -3828.891599729845
1473.0151260470661 -4737.219001723464 -4836.12027522127
2817.115506921098 -3279.5511576825775 -5413.638441295014
3910.90281229742 -1530.4808012083813 -5510.131074498704
4657.189240086809 354.5794908575538 -5117.024380921241
4989.663966156129 2208.133839114325 -4269.247615407294
4878.785152052825 3865.4858055300347 -3042.129463979843
4334.404866993636 5179.372394719346 -1544.7047595125239
3404.893688279579 6033.04901733648 89.97374166270242
2172.8427632320795 6350.662759163713 1716.6576810478794
747.7252233079709 6103.9922454147745 3190.809052043839
-743.8309840451418 5314.955233731968 4381.443036130809
-2169.294544217326 4053.661125235213 5182.766578811483
-3402.0067643434977 2432.1814365624655 5523.578566768249
-4332.435753996972 594.5917537986992 5373.596359242368
-4877.908814326657 -1295.8300156129933 4746.146533558597
-4989.958270153175 -3071.1116014811337 3696.9807602471337
-4658.628035605393 -4573.511444206394 2319.3220224548663
-3913.3582560416667 -5669.534724589522 735.5813447904308
-2820.3694219388017 -6261.794964349527 -913.5189634041845
-1476.7783877093343 -6297.6672420924915 -2481.449102788393
521.0238367079758 -5739.344213263185 -3845.456918432976
1898.5334359844555 -4571.522594875344 -4847.249602120033
3107.350007896953 -2997.501132136365 -5418.342886854206
4040.0648952269144 -1157.1385394899855 -5507.992628085271
4613.8022870831755 786.0408904088824 -5108.233052883435
4777.583098394259 2659.3771377113067 -4254.5845538213825
4516.8546853349135 4296.416055843732 -3022.8975462155145
3854.7839115932675 5551.699552903125 -1522.6128258610286
2850.1986708659692 6313.690181454893 112.96272594757959
1592.360770341406 6514.681730211377 1738.501043826945
193.03462741186243 6136.815218028706 3209.565914676126
-1223.4434892817462 5213.665742754174 4395.446769058321
-2531.2132829593397 3827.2591864406836 5190.772888909239
-3614.073668399477 2100.783855761619 5524.876058248949
-4375.807748301247 187.64466036005268 5368.0697442940045
-4748.732106850439 -1742.1675865795276 4734.286876172483
-4699.710778238369 -3517.1805980750123 3679.841843027274
-4233.099522638769 -4979.676678538701 2298.426713409145
-3390.3587978014293 -5999.706633163058 712.786283825114
-2246.369815434917 -6486.636324151978 -936.188335087851
-902.7810169354383 -6397.199911605353 -2501.9785120334336
1037.7992273462983 -5657.503571876554 -3861.9558317234832
2306.201076832526 -4367.777564945239 -4858.295224112785
3369.686840045453 -2689.955353692399 -5422.953765562237
4133.761139893208 -773.118804589353 -5505.759066700858
4530.532621749476 1212.4127430774306 -5099.353513137409
4524.746398248371 3090.2160979360933 -4239.848021787406
4116.916600740383 4693.440191303179 -3003.6134274349947
3343.280696465691 5879.6315268499275 -1500.4945989145795
2272.5796305643244 6543.391798898106 135.94975953151618
999.9498914358998 6625.742994412234 1760.314385237506
-361.5297837544331 6119.367848278626 3228.2673528027144
-1690.8859511108656 5069.260014421976 4409.374599053473
-2869.9994813803137 3568.7261822027826 5198.689561956613
-3794.1009629438563 1751.0953675979547 5526.078143206541
-4381.079923811995 -222.1279549733793 5362.450430638067
-4578.780707396867 -2175.6142339528424 4722.345464581302
-4369.636731481356 -3935.787640719819 3662.639380324741
-3772.2313561387714 -5346.249043689256 2277.491713898148
-2839.64667063861 -6281.672757499405 689.9789140839367
-1654.7469168680516 -6658.942280138878 -958.8415401692162
-322.81563779652765 -6444.535558901134 -2522.464715771545
1544.1066822949522 -5529.278198752073 -3878.3880546893015
2692.6311048281623 -4127.850679468653 -4869.256950457801
3601.9034372804354 -2359.6455125400767 -5427.470997795975
4191.130842637451 -381.77548668855917 -5503.430428915803
4407.95788015137 1630.0169665493809 -5090.38591501982
4233.118516009297 3496.9752590977505 -4225.038273783686
3682.1479949851623 5053.2119536521495 -2984.277440646785
2804.0024657662607 6160.44859046915 -1478.3504606225645
1676.7090123018963 6720.302335339596 158.93444546208684
400.4326049782121 6683.027726154078 1782.0973285950963
-911.4239965673382 6051.936775515657 3246.9130434771305
-2142.296576299555 4883.104683885573 4423.226285603027
-3182.8167039138834 3280.3873119402965 5206.516461244259
-3940.5295998244055 1386.1931315865427 5527.184800882776
-4348.109148061214 -631.1703917170473 5356.738515311878
-4369.340117130077 -2592.4516558709356 4710.32250499574
-4002.3360422586516 -4323.382213613986 3645.373669200888
-3279.7068460701093 -5670.161288827106 2256.5173854386658
-2265.661303851814 -6513.121650434951 667.1596294167924
-1050.301812095418 -6777.362571038069 -981.4781874605743
258.3816048392275 -6439.405085238697 -2542.9073602359717
2035.7956815127302 -5355.885491281963 -3894.7533035699503
3054.6275963671114 -3853.9088418231763 -4880.134591862113
3802.0424442718795 -2009.4954791679854 -5431.8945055494305
4211.629136014637 13.470375336923912 -5501.006754942267
4246.9940965924525 2035.2393278794113 -5081.330413387953
3904.994994061417 3876.1683346390937 -4210.155565552896
3216.0199495197503 5372.682774581546 -2964.889919755077
2241.2874191921633 6391.81077237242 -1456.1807933819114
1067.4066659415073 6842.998333038439 181.91638682740685
-201.31785381503013 6686.155461810427 1803.8494977401674
-1452.1543987912617 5935.218336090604 3265.502664715591
-2573.9606527602773 4656.911014932467 4437.001589508629
-3467.0592070912635 2964.8167135802096 5214.25345161306
-4052.0943359334706 1009.2854363424884 5528.196012167296
-4277.083100704885 -1035.9252810904359 5350.934096951854
-4122.034262308637 -2989.089491215258 4698.21820503473
-3600.7245904568426 -4676.659982642455 3628.0450078092517
-2759.4747372233687 -5948.688711427538 2235.504090226666
-1673.0334438321756 -6692.150342811859 644.3288238793282
-437.9357869701435 -6840.985048219291 -1004.0978860601736
836.0743864137202 -6381.968210924032 -2563.3060924122183
2508.849687219136 -5138.913091026338 -3911.051295761555
3389.2121227098028 -3548.3998676706015 -4890.927960484772
3968.4281877852977 -1642.5957441759665 -5436.224212435104
4195.031993215806 409.16021960139716 -5498.488086633554
4048.8887964544106 2424.560502297109 -5072.187164617085
3542.984061872215 4224.527944355226 -4195.200154097636
2722.2696452632063 5649.12753952185 -2945.4511995539674
1659.669624189006 6571.777362014065 -1433.985980030259
449.600673665419 6910.495926121404 204.89518676297624
-800.4172697533993 6635.186600980983 1825.570517044604
-1979.3146261812828 5770.311828306612 3284.0358955025445
-2982.341191993801 4392.719527090821 4450.700272890946
-3720.3736551089205 2624.8148187608676 5221.900399456544
-4127.834592376732 623.6837949739305 5529.111759597964
-4168.519311408132 -1432.8642709877229 5345.037275791802
-3838.8127963752327 -3362.0960584508002 4686.03277372181
-3168.0109180318973 -4992.590856805033 3610.653695390497
-2215.7173670345155 -6179.472047908001 2214.4521911310003
-1066.5476044606128 -6817.280029387928 621.4868917261446
177.38959323670414 -6849.342763116097 -1026.7002453589064
1405.5649471135168 -6272.8113344957665 -2583.6605600439834
2959.4190684728883 -4880.304660872768 -3927.281749821644
3693.6483154765465 -3214.0309371691874 -4901.636869940101
4099.680700341476 -1262.1764601556392 -5440.460043685292
4141.438463828638 801.8279343129218 -5495.87446748338
3815.2112454012813 2794.586398053787 -5062.956326597724
3149.9857650412328 4539.033596487202 -4180.172297675973
2204.870225972424 5880.167740651874 -2925.961615721728
1063.8422914123637 6698.8231763685135 -1411.7664038395676
-171.71269933469685 6922.25877556351 227.8704484585724
-1392.0102631971001 6530.6213047174015 1847.260011418176
-2488.6216064380064 5558.709471787608 3302.5124157962223
-3364.1079988108672 4092.8819082947534 4464.3220991937615
-3940.6786323445945 2263.3838259334834 5229.457172723092
-4167.102676011159 232.77415794171236 5529.932027361161
-4023.2613598852436 -1818.5185154957405 5339.048153661201
-3521.935616141861 -3708.2278383943217 4673.766421481543
-2707.670437144374 -5268.444844561778 3593.2000322671124
-1652.8168573906269 -6360.537406100499 2193.36205168715
-451.10324659041737 -6887.468306348537 598.6342274039675
790.6928673033717 -6802.417422420684 -1049.2848750471337
1962.2324500387247 -6112.941898593591 -2603.9704116394196
3383.852553954637 -4582.34274362226 -3943.444385474032
3965.4643199029006 -2853.7449105427677 -4912.261135300914
4194.727178874256 -871.5793187082887 -5444.6019261533875
4051.270119745607 1188.0299204563025 -5493.1659426251235
3547.8399317714825 3142.077487604859 -5053.638058732938
2729.1685964203543 4816.937681199821 -4165.072255796987
1667.9986545181591 6063.791823037338 -2906.421504814933
458.6197122705091 6771.85145088586 -1389.5224485093966
-791.5096040318451 6878.202359542568 250.84177516504354
-1971.309818533284 6373.394804060029 1868.9176063150705
-2975.9505047073812 5302.283151054348 3320.9319065341615
-3716.1649287945525 3760.0403713911287 4477.866833188075
-4126.181790837149 1883.7015040644112 5236.9236409182995
-4169.569293313318 -160.0125083863299 5530.656801292063
-3842.472266225138 -2189.5087072635947 5332.966833983417
-3173.9547158710484 -4024.45744899981 4661.419360135863
-2223.417360340981 -5501.815485351741 3575.6843198383285
-1075.3196150382244 -6490.313071510618 2172.234036090955
168.32499702306635 -6902.117858995984 575.7712255448671
1397.0131944167938 -6700.639185264229 -1071.8513851213131
2501.5706387951577 -5903.779314651009 -2624.235296477129
3778.726955087072 -4247.628851435392 -3959.5389236136575
4202.472951092535 -2470.6947122347688 -4922.800573101689
4252.810783144643 -474.22850538694297 -5448.649788315145
3925.2677139616235 1564.37498528207 -5490.362558831045
3248.9473826394856 3463.9768933621767 -5044.2325219355735
2283.943818599071 5055.789253054868 -4149.900289216303
1116.001823353763 6198.372550647936 -2886.8312042626985
-151.10183138984365 6790.2032460060145 -1367.2544981603003
-1404.7794253150146 6778.694584640325 273.8087702011991
-2533.6362025279846 6164.869161618122 1890.5429277403364
-3437.368284466992 5003.268059503437 3339.2940496387437
-4035.6751096888383 3397.1046338216684 4491.334240976159
-4275.3944911463295 1489.0935534766809 5244.299675107189
-4135.226309805775 -551.2300238741403 5531.286068874885
-3627.6251236972184 -2542.5743945706167 5326.793421773944
-2797.6935257775117 -4307.99987240556 4648.991802900478
-1719.1745806166632 -5690.640656231201 3558.1068605748196
-487.8994294946456 -6567.643044785509 2151.068509192321
786.7277270493473 -6861.081527183848 552.898280959422
1991.4506725472595 -6544.882806531548 -1094.3993858908882
3019.2244864520108 -5647.142526773793 -2644.4548646121857
4140.874916575789 -3879.06095827776 -3975.5650863114083
4402.789388295703 -2068.2160047506727 -4933.2550013417585
4273.496701542551 -73.6009829850103 -5452.603560269914
3764.4850789259676 1927.5538091114245 -5487.464364511477
2920.9824368761447 3757.43698633776 -5034.739878625476
1817.9376867895944 5253.455398087353 -4134.656659931573
553.3611953436376 6282.6812433076175 -2867.191052360842
-760.3838666941905 6753.663288967476 -1344.9629373271835
-2006.565485286635 6624.552713439395 296.77103696067223
-3074.454954843743 5906.821557951473 1912.1356022562964
-3869.165609639637 4664.243385380124 3357.598528022559
-4320.083920465451 3007.2267193227804 4504.724089995588
-4387.143816581885 1083.0047622565157 5251.585147916446
-4064.3867319314886 -937.4469206243585 5531.819819243098
-3380.491049881588 -2874.602330689702 5320.528023638572
-2396.223903009074 -4556.336708688732 4636.483964381098
-1199.0417466988163 -5833.2205749664445 3540.4679580136217
104.68053071366376 -6591.797194491532 2129.8658364889184
1399.1014835892993 -6764.663705660527 530.0157886298929
2569.206129792292 -6336.460160343873 -1116.9284879848735
3511.0255365878493 -5345.234322683255 -2664.6287668822547
4467.410468396077 -3479.808588731399 -3991.5225968189006
4564.846263386482 -1649.7983872728907 -4943.624239488457
4256.675435377119 326.8036409158184 -5456.463173741828
3570.2803148220455 2274.367731454949 -5484.471409713996
2566.6501203779253 4019.8442681559486 -5025.160292726722
1334.9617991797036 5408.140000835268 -4119.3416311779665
-15.343736259011209 6315.898761208902 -2847.5013882660405
-1364.285913396233 6662.462199783928 -1322.6481509526561
-2592.0053000580797 6417.036634174355 319.7281789186802
-3589.4136409818516 5601.429202916959 1933.6952569890752
-4267.886828022073 4288.110205513224 3375.845025594124
-4567.139541079683 2593.7737982879426 4518.0361490232635
-4460.581863350607 668.9692064959452 5258.779933536616
-3957.6819121217386 -1315.2762350162259 5532.258043179613
-3103.124554999846 -3182.653611052523 5314.170747771557
-1972.840963328407 -4767.238246901471 4623.896060569786
-667.2617943952752 -5928.232843832758 3522.7679167527526
697.6065132000389 -6562.477936968174 2108.6263841198584
2000.4894207017583 -6613.618066443884 507.1241437034551
3125.6200641709142 -6077.10920733121 -1139.4383023586643
3973.025648380747 -5000.622526192673 -2684.7566549135718
4755.752172040174 -3053.2857161139978 -4007.4111795732874
4687.4060220312695 -1219.0553661005645 -4953.908108480209
4202.563276622364 723.4934029273031 -5460.228562081017
3344.3043414404087 2601.7566081065193 -5481.383746122548
2188.8892892835875 4248.84232103469 -5015.493929664724
838.9818179914726 5518.399748001525 -4103.955467423592
-585.4728696402119 6297.623140259979 -2827.762551989975
-1957.9057234990191 6517.2750798423995 -1300.3105243804614
-3156.3700616971896 6157.838527990209 342.6797996390046
-4074.377068411687 5251.25099969681 1955.2215196349998
-4630.357792488551 3878.0667753448934 3394.03322726313
-4774.91090671232 2160.299299387874 4531.27018817942
-4495.192232523325 250.57975036290068 5265.8839077242865
-3816.056001648443 -1681.4049091329264 5532.600733116945
-2797.846448541157 -3463.9893637284 5307.721703953751
-1531.0359603340846 -4938.783161889658 4611.228308841218
-128.18620821067748 -5974.744402624099 3505.0070424460105
1286.0534510481496 -6479.823383451435 2087.350518859423
2586.021617428733 -6409.141620422568 484.22374148530656
3656.210414531838 -5768.979498364412 -1161.928440300684
4401.528871288653 -4616.21823112705 -2704.8381811269696
5003.643674316143 -2603.121700611072 -4023.2305602020047
4769.570459343779 -779.6933538277234 -4964.106430729665
4111.6999781435115 1113.0141690711414 -5463.899660264735
3088.4869099870293 2906.8254986658185 -5478.201427056561
1790.8482262766593 4442.352626310416 -5005.740956363429
334.08481865359136 5583.157228163956 -4088.498434365033
-1152.3634912139148 6227.873809013184 -2807.9748843934563
-2536.419247823191 6319.216471357542 -1277.9504433486918
-3695.103023370839 5849.069018797058 365.62550278074843
-4525.46067959945 4859.206115699849 1976.7140184670166
-4953.711294788571 3437.581424947888 3412.162818945917
-4941.802922431769 1710.5125390117196 4544.42597893156
-4490.793673671979 -168.54289247629978 5272.896947804215
-3640.757699483005 -2032.6225483294825 5532.84788313734
-2467.224426492956 -3716.0947707464693 5301.181003550701
-1074.4674359729552 -5069.375664969328 4598.48092794893
413.7607014559343 -5972.220284770988 3487.1856417977206
1865.2243848015319 -6344.406923613703 2066.038608110653
3150.954696155124 -6152.865165322133 461.3149774318513
4156.70885501839 -5414.61433568766 -1184.3985134391824
4793.121190696921 -4195.2512606837045 -2724.8729987438824
5209.171503980076 -2133.1305139322303 -4038.980465527499
4810.787355910091 -335.4799618463365 -4974.219030126713
3984.9436394749187 1491.9794570791537 -5467.476404898493
2805.0201930352628 3186.869953799175 -5474.924507470037
1375.8583928160833 4598.593069775671 -4995.901541242409
-175.55446345993482 5601.711010909326 -4072.970798922582
-1711.3685352494638 6107.092346019814 -2788.1387271805315
-3095.1200024649556 6069.831725653105 -1255.56829398322
-4203.856474751025 5493.239919444325 388.5648921052049
-4939.061850935183 4428.549639706599 1998.1723823411276
-5235.409906947827 2970.363290110935 3430.233487570992
-5066.568817510197 1248.2471269643174 4557.503294098448
-4447.540854365756 -584.7812712553508 5279.818932671466
-3433.329368599341 -2365.8492872536654 5532.999488972878
-2114.051501515124 -3936.7012117208787 5294.548759510726
-606.9308811590837 -5157.75995759798 4585.654138021521
954.1182114602613 -5920.529096785751 3469.3040225573673
2430.389713912559 -6157.2332439101065 2044.691019899048
3690.710424694132 -5846.840196740007 438.39824714395326
4623.095317825703 -5016.929739653963 -1206.848133748908
5144.697903848811 -3741.2430587661556 -2744.860761792348
5370.7799698015715 -1647.27851072392 -4054.660623571964
4810.854164736497 109.788143815832 -4984.245732041563
3823.4628550488233 1857.0996399802088 -5470.958734217143
2496.3400916996743 3439.3996833848255 -5471.553043950574
947.4065561949831 4716.093971363768 -4985.975854213961
-685.7082094528477 5573.742613749553 -4057.3728292357882
-2257.8947915098784 5936.139764937104 -2768.2544228926245
-3629.4575127331636 5771.084847689705 -1233.1644627910132
-4678.527006338154 5093.243715736364 411.49757148269055
-5311.888844052401 3962.845528307951 2019.5962407028014
-5473.266047132353 2480.3311250282068 3448.2449210843565
-5148.31954289216 777.4284165358453 4570.501907853972
-4365.92225423782 -994.552218454119 5286.649742793493
-3195.5936137602152 -2678.1625243139174 5533.055548005549
-1741.3224570684126 -4123.806336965782 5287.825086362979
-132.32715839836223 -5203.0318595521885 4572.7481605588855
1488.4259890035714 -5819.945168288162 3451.3624935143484
2976.925955432669 -5919.730808413031 2023.3081228662256
4200.912986697197 -5493.52238789963 415.4739463599833
5051.63046369067 -4579.190395295437 -1229.2769135577043
5453.488405270084 -3257.9772406231887 -2764.8011251129133
5487.2830431117045 -1149.6510184967924 -4070.2707635620004
4769.918724713748 552.317550179114 -4994.186363327753
3628.7261951814226 2205.2102807159567 -5474.346588085958
2165.1054188046196 3662.1604004052538 -5468.087094718415
509.1055245583911 4793.711497392334 -4975.964066680168
-1192.1306297176363 5499.320290979695 -4041.704794658758
-2787.4407459641693 5716.290343343918 -2748.3223149025566
-4135.074519449547 5425.342913175041 -1210.73933665344
-5115.288775406192 4652.329956445338 434.4231448994002
-5640.987175592945 3465.93706667174 2040.9852235933465
-5665.459110163787 1971.5804585100461 3466.1968084549153
-5186.530140338772 302.0402744714034 4583.421595731105
-4246.755206832042 -1394.3375134359112 5293.3892602122005
-2929.637436619998 -2966.8222943250853 5533.016059267296
-1352.2085236621504 -4275.691894678264 5281.010100215448
345.3700506924459 -5204.647506624455 4559.763218428354
2012.260980411505 -5671.14734738768 3433.3613644926118
3500.3536913591574 -5633.740858915299 2001.890286263508
4677.424615780394 -5095.751771863736 392.54247094904855
5438.885836549678 -4104.982777543782 -1251.6844655534437
5717.078182584176 -2749.468049018838 -2784.693744364741
5557.873133257102 -644.4180270636239 -4085.8106159333743
4688.477001392004 988.3502945551163 -5004.040752325126
3402.4891129107837 2533.2993551988225 -5477.6399080016545
1814.175135169905 3853.1536509319985 -5464.526719625427
64.66373529274362 4830.6383354935715 -4965.866351529957
-1690.5933212372975 5378.899605039373 -4025.9669657555155
-3295.6337421288345 5449.222039765311 -2728.342747408659
-4607.842642381756 5035.357182741056 -1188.2933028196067
-5510.624502674683 4174.078742729223 457.3412164642355
-5923.763192927648 2941.915088783054 2062.3389616563477
-5810.549527482401 1448.3493688167775 3484.088839679845
-5181.043037343736 -173.90854854538165 4596.262134625744
-4091.1781367041926 -1780.7139281841999 5300.037368545996
-2637.794104778961 -3229.2950607694715 5532.881023440032
-950.0304908753609 -4390.93915567742 5274.1039187529805
822.1475012826797 -5162.429037284343 4546.699535860893
2521.2740800168644 -5475.214443981863 3415.3009463452922
3996.3743923124753 -5301.503019748765 1980.4378799455885
5116.379302050993 -4656.729786948174 369.60421690419514
5781.771457941511 -3598.1856768551716 -1274.0704027904999
5933.4278469078 -2219.9269789958416 -2804.5382760313746
5582.126690470186 -135.7992653620465 -4101.279912335545
4567.367881008122 1414.1956788839498 -5013.808728862809
3146.778391754657 2838.5331309656144 -5480.838637093422
1446.5838329842763 4010.6544576635024 -5460.871980154081
-382.1460475753275 4826.411535330788 -4955.68288313609
-2176.9205747875585 5213.320767725776 -4010.159614295333
-3778.266155671356 5137.003571626966 -2708.316065428804
-5043.896207975794 4604.241064820239 -1165.8267488996626
-5861.353947427666 3662.3715340251215 480.25139041564444
-6158.004666522459 2395.084220379107 2083.657086144017
-5907.489647038358 914.9831630984294 3501.9207057899766
-5132.068247823595 -646.4181635609975 4609.023302800589
-3900.6400630791554 -2150.382399628651 5306.5939529917605
-2322.622891053143 -3463.2757226915883 5532.650442855626
-538.230482494392 -4468.44179945819 5267.106661235205
1293.9860664195432 -5076.567212909077 4533.557338447172
3011.226274767801 -5233.617351344724 3397.1815509494086
4460.905814054081 -4925.637620761934 1958.9512743641076
5514.214295398929 -4179.993371769777 346.65958033548253
6077.560637866717 -3062.9383680971036 -1296.4343386964536
6100.889046724486 -1673.7278489353819 -2824.3343774268087
5560.006597244884 371.971042000401 -4116.678385636419
4407.765068588832 1826.2614324976387 -5023.490124262147
2863.874270430241 3118.2804803011895 -5483.942720123889
1065.51567543868 4133.226623081487 -5457.1229394163765
-827.5186632540913 4780.917442034695 -4945.413837352153
-2647.024337210926 5003.802765552508 -3994.2830132480212
-4231.330282531594 4782.078254524224 -2688.242614794508
-5439.663963362222 4135.445104776702 -1143.3400628581105
-6164.659629476004 3121.3595093678446 503.15327112845506
-6341.898234347654 1829.9274236910562 2104.939228923507
-5955.631350135509 375.8982559150843 3519.6920988550487
-5040.180484606132 -1111.531121501253 4621.704879888938
-3676.887464551751 -2500.196080898229 5313.058900326901
-1986.886857517089 -3666.707646577608 5532.324321495869
-120.34263388266514 -4507.416146777101 5260.018448494531
1756.8945608871727 -4947.62094186549 4520.336853133699
3478.0239639174115 -4948.20790399225 3379.003491200388
4890.115674696827 -4509.124878996567 1937.4308405613228
5867.699147860235 -3669.3863205334374 323.70895746320156
6323.911801762678 -2503.6066846542813 -1318.7758870788787
6218.217140048672 -1115.3706079466215 -2844.0817067013477
5491.861336157393 874.679444122104 -4132.005769926918
4211.166165360086 2221.083960703676 -5033.084771339627
2556.290400372241 3370.1354203102883 -5486.952103490086
674.277015215632 4219.735558226667 -5453.279662152761
-1267.6488417588039 4694.393673790109 -4935.059391509541
-3096.9385361576888 4751.934310429983 -3978.3374367792567
-4651.051650928022 4387.244730067908 -2668.122742144868
-5791.898415709417 3632.7292023329214 -1120.8336330071136
-6418.109588927485 2555.4297430011306 526.0464631207074
-6474.043559759327 1251.0691366849637 2126.185022483385
-5954.73034943434 -164.45445265214198 3537.4027119891275
-4906.313215658393 -1565.3655421746166 4634.306646898513
-3421.948621670288 -2827.187033781342 5319.432098911221
-1633.5288756726025 -3837.8005505306496 5531.9026649924
300.03707955200116 -4507.408646455 5252.839402934014
2206.9434235673675 -4776.513703704781 4507.038308218906
3917.753159387086 -4621.204556995257 3360.7670810067066
5280.453334218715 -4055.2811055745233 1915.8769501636282
6173.962057417211 -3129.0281316154906 300.752744611018
6518.887157827965 -1924.747276648644 -1341.0946621319538
6284.580526600614 -549.4441795372655 -2863.7799228475174
5378.420948967548 1368.1682651883448 -4147.261800525511
3979.379024419237 2595.3574248536456 -5042.592504409692
2226.751810334059 3591.937687782251 -5489.866735224367
276.26792596130974 4269.3585241925 -5449.342214731007
-1698.7635760148985 4567.428119956952 -4924.619724414378
-3522.852479361053 4459.661683435064 -3962.3231602458136
-5033.920480132482 3955.6347354370255 -2647.9567949206366
-6097.7025552479745 3100.1322821782937 -1098.3078479997691
-6619.67699900278 1969.1694709415644 548.9305710605076
-6553.4640914221545 663.2373106538153 2147.3940999398897
-5904.947139915195 -701.6263952545445 3555.0522393558463
-4731.749721593072 -2004.1475169078078 4646.828386215238
-3138.1155755657646 -3128.5913366273003 5325.7134386889165
-1265.6460892560626 -3975.046086490515 5531.385480626607
719.2816062804031 -4468.300547366615 5245.569648525263
2640.2979745835282 -4564.526895795221 4493.661933349205
4326.712281088105 -4255.174998436067 3342.4726352844746
5628.679213953884 -3567.732128937961 1894.2899753751678
6430.513297607984 -2563.2806030491442 277.79133819913295
6660.968054926811 -1331.0703468077713 -1363.3902784430907
6299.566569388552 19.41135105347546 -2883.4286857059565
5220.789828553879 1848.3700468324373 -4162.446213982898
3714.505506472181 2945.961409969722 -5052.0131592877515
1878.171069301513 3781.791173692488 -5492.686564995309
-125.04710959458505 4281.592195515471 -5445.310665145067
-2117.154304043014 4400.954961309033 -4914.095016344423
-3921.143047598578 4129.2735655175475 -3946.240460190799
-5376.721023722167 3490.6880924112584 -2627.745121358207
-6354.553741536468 2541.939663661851 -1075.7630968234146
-6767.756472915483 1367.3287406775905 571.8051997727567
-6579.614341865858 71.22465866080928 2168.566095043293
-5806.84460237949 -1231.2080468422753 3572.640376173701
-4518.111237053906 -2424.2425143158894 4659.269881607006
-2827.92386091148 -3401.8723957794996 5331.902811190439
-886.4630395875994 -4077.2309860069863 5530.772777329509
1133.763912982586 -4390.309710494269 5238.20931080629
3053.250966443272 -4313.290150647315 4480.207959515009
4701.443272564334 -3853.0158323532924 3324.120469952013
5931.891711974073 -3050.3841486732003 1872.6702889713738
6635.2655410969055 -1976.7124469931405 254.8251347374182
6749.066908510053 -727.4011697380475 -1385.6623509996382
6263.184063309793 586.5428935957104 -2903.027655971289
5020.4364115528915 2311.3411457635525 -4177.558748086484
3418.922779214233 3269.986948451965 -5061.346573292861
1513.622854246901 3938.080060669059 -5495.411544108576
-526.1691037447562 4256.257477516014 -5441.185083013904
-2519.20862781363 4196.247739207381 -4903.485449046002
-4288.405409936269 3763.3829743402835 -3930.0896143389127
-5676.558552028925 2996.125116868883 -2607.4880704835946
-6560.324555606899 1962.648394485185 -1053.1997687929056
-6861.176932909087 754.7817493108481 594.6699542461118
-6552.383629943263 -520.1505665949047 2189.7006421842466
-5661.382286795039 -1748.8652220155307 3590.166818721311
-4267.34228289813 -2822.1855276914584 4671.630918227404
-2494.1301902425616 -3644.742264274808 5338.000109534386
-499.30368487384544 -4143.447655989368 5530.064565681596
1539.8881440540029 -4273.989540248718 5230.758516879367
3442.254153694839 -4024.768697762807 4466.676619046745
5038.760775696357 -3417.9294940741556 3305.7109019243326
6187.551390539801 -2507.3922555004797 1851.018264292586
6786.550910711743 -1374.062211515931 231.85453081861303
6782.535600178824 -118.64071006546752 -1407.9104951954823
6175.862236902776 1147.3225391204928 -2922.576495198013
4779.17986526948 2753.2942086336984 -4192.599141864924
3095.2623244523406 3564.760682778972 -5070.592585250629
1136.317142772632 4059.482526564747 -5498.041625507769
-923.5948036880701 4193.501533119604 -5436.96553958028
-2901.4412987120677 3954.9095255784187 -4892.791205730803
-4621.482001580057 3364.9064508550096 -3913.8709015916056
-5930.883747567964 2475.9166713243844 -2587.185992106427
-6713.300445329822 1366.9308301652281 -1030.618253543859
-6899.210937690353 136.48718606877912 617.524439639748
-6472.096261548589 -1106.0839434740526 2210.7973764000244
-5469.907430241604 -2250.374660669773 3607.6312643426654
-3981.693319464259 -3194.709713658452 4683.911282619429
-2139.6882838792067 -3855.180788835909 5344.005228429343
-107.56255440407847 -4173.10213274307 5529.2608579126445
1934.1205800603295 -4120.225038798932 5223.217395408791
3803.948613237997 -3701.2478688477468 4453.068145610876
5335.779118775945 -2953.398583090701 3287.2442491077545
6393.502233929681 -1943.1268724498268 1829.3342752376086
6883.134618176327 -760.1998119199726 208.87992311138217
6761.170285459261 490.2743379809126 -1430.134326837755
6038.4463019720415 1697.1854614186943 -2942.0748658062294
4499.173887289747 3170.6292561052387 -4207.56713559263
2746.386836164172 3827.8669663118435 -5079.75103549596
749.5712623252945 4144.981898244146 -5500.576763775231
-1313.8470076104893 4093.796998564004 -5432.652107709538
-3260.5242051974724 3678.8602702292255 -4882.012471072755
-4917.4895185778505 2937.0406624721995 -3897.5846020223094
-6137.514308185278 1934.252102863865 -2566.8392368138793
-6812.194017472537 759.5967555905174 -1008.0189410260592
-6881.5803934863 -482.5520968524809 640.3682612901564
-6339.508152220666 -1681.824077845143 2231.855933380919
-5234.14279115693 -2731.6586089578673 3625.0334114523507
-3663.700873441586 -3538.7732849783333 4696.110762719145
-1767.7230552344881 -4031.452424977698 5349.9180641756975
285.32471395503717 -4165.919325280224 5528.361667901513
2313.0201301827797 -3930.2260116957627 5215.586076618697
4135.193557322114 -3345.3148694593688 4439.382774205812
5589.93688989536 -2463.157820399011 3268.720830394322
6547.989798767425 -1362.1383896061318 1807.6186962571803
6924.225078639059 -140.08698525089852 185.9017083536185
6685.212573812346 1094.4117625055012 -1452.3334621533922
5852.189594230263 2231.667222416346 -2961.522431087616
4182.887760052156 3559.9631202864343 -4222.462470794251
2375.3652102000697 4057.167719182829 -5088.821765875824
356.7810373031905 4193.875161642551 -5503.016915132834
-1693.5046964658704 3957.938391472327 -5428.24486188833
-3593.3151061310173 3370.3214260932327 -4871.1494312048235
-5173.843699612778 2483.2366115937975 -3881.230996871593
-6294.653575344849 1375.5053266498767 -2546.448155964635
-6856.155857275307 145.554357127392 -985.4022214965224
-6808.458603542442 -1097.3297557806122 663.2010247179471
-6155.799924456379 -2242.711304335197 2252.8759494764727
-4956.171407799358 -3188.8181115231464 3642.3729595407485
-3316.165311759357 -3851.584435604488 4708.229147859393
-1381.5033750177688 -4172.120580182465 5355.738514667422
675.9111992218408 -4121.94550216163 5527.367011175897
2673.2680972231483 -3705.51747741384 5207.864692290792
4433.0933933423585 -2959.837963402225 4425.620741157885
5799.018887153185 -1951.1638573073562 3250.140965656364
6649.676104265227 -769.1202799491668 1785.8719023475624
6909.480417890362 481.26300951125467 162.92028334542962
6555.347074630552 1688.883968588668 -1474.5075177958288
5618.742376123019 2746.440175511751 -2980.9188552112564
3833.084825221589 3918.1569940192107 -4237.284890249165
1985.4458421160573 4250.819875637987 -5097.804619751983
-38.60871704703927 4205.77875689056 -5505.362037442737
-2059.232722268974 3787.0357388373236 -5423.743878223336
-3896.8848633233215 3031.7979762557916 -4860.20227371582
-5388.281683073843 2007.1716586576592 -3864.8103685422825
-6400.906029198567 804.1993308600508 -2526.0131016828154
-6844.781784715562 -470.22963665512816 -962.7684855128925
-6680.4686408304615 -1702.8766373847018 686.022335634727
-5922.566541453825 -2784.2155759316133 2273.8570617017735
-4638.418414113833 -3618.1647422282017 3659.649609179273
-2942.126455315896 -4130.624093123364 4720.2662287734
-984.4136496538422 -4276.059366399253 5361.46647939386
1060.7686288080906 -4041.5479997931175 5526.276904912061
3011.6969594939715 -3447.9273573640967 5200.053375762076
4695.022798714396 -2547.943238253291 4411.782284117262
5961.175258500861 -1421.5631809589493 3231.5049757409665
6697.65113638279 -168.87099660912682 1764.0942690440654
6839.0113186392055 1098.8261168675717 139.93604494241836
6372.695332727691 2268.887707741595 -1496.6561108515778
5340.137400390474 3237.3486689330753 -3000.2638032292566
3452.7985638774076 4242.341866806982 -4252.034137995876
1580.0284635471696 4407.290279942927 -5106.699442003702
-433.1340996099116 4180.631610631117 -5507.612090208109
-2407.810797239002 3582.505476315081 -5419.149234439968
-4168.542939029732 2666.058008862127 -4849.171187647126
-5558.881747338294 1512.7195875189088 -3848.3230005945884
-6455.289517645117 224.96939236405385 -2505.5344268518825
-6778.1164857377125 -1082.7703205642613 -940.1181239266599
-6498.6780587982485 -2294.301138851138 708.8317999498588
-5641.803567355641 -3301.973232576387 2294.798907743722
-4283.630070306314 -4016.2505141163724 3676.863062025435
-2544.8372431093535 -4373.666312452032 4732.221797598396
-579.9244590278067 -4342.462665407853 5367.101859441443
1436.5171581949148 -3925.412153958659 5525.091367934544
3325.317921860303 -3159.5715462427365 5192.152261922556
4918.649595251056 -2112.989141091802 4397.867642053852
6074.937666965549 -878.6583780547337 3212.8131824643915
6691.440867545306 433.7450378012962 1742.286172414523
6713.380182139069 1707.6083035899032 116.94939004872667
6138.806206366105 2829.7430778889457 -1518.7788588468545
5018.772359450207 3700.4427615945906 -3019.556941082641
3045.3064880958427 4529.941640321637 -4266.709959336472
1162.6347594761132 4525.3679098743305 -5115.506079030414
-823.3421696616884 4118.695381384715 -5509.767034573836
-2736.161533847442 3346.0586936620925 -5414.4610098809935
-4405.8609383037265 2276.1100070708794 -4838.056363489451
-5684.080263589458 1003.9189578071797 -3831.7691777412297
-6457.244113279901 -357.47469648349266 -2485.012485108608
-6656.653486356361 -1687.1051552397319 -917.4515278764218
-6264.589984927391 -2866.8289172138775 731.6290237772786
-5315.890171637292 -3791.822349022094 2315.701125967288
-3894.8501881974307 -4379.895724981405 3694.01302082811
-2127.735673267714 -4578.79614492031 4744.0956478792095
-171.56250635394153 -4370.850433667125 5372.644557495407
1799.8547421390372 -3774.5354802214174 5523.810420715837
3611.3469982605016 -2842.8364850819194 5184.161487212903
5101.955225451273 -1658.5389926604525 4383.877055253132
6139.232341298964 -326.873032362615 3194.065908606533
6631.01172204486 1033.8370313193163 1720.4479890528728
6533.596611571428 2302.6861378494273 93.96071561024038
5855.642769943409 3366.9314758599485 -1540.8753797541772
4657.389371140883 4132.0101767049 -3038.7979356072083
2614.1020673202424 4778.693736271887 -4281.312100840983
736.8780186245293 4604.1733297201945 -5124.224378754389
-1205.8208757619166 4020.5519177409997 -5511.826833327177
-3041.377293679142 3079.686823969046 -5409.67928550519
-4606.693992188575 1865.1780409044109 -4826.857993179541
-5762.6857133484355 484.94000370641896 -3815.14918584249
-6406.637519747583 -938.3870809450631 -2464.447630836879
-6481.331467451474 -2278.334355410702 -894.7690887811092
-5980.130671417644 -3415.841624092437 754.4136134422977
-4947.569021857145 -4249.8363742995125 2336.5633554217743
-3475.39415265562 -4706.214512550324 3711.0991894326125
-1694.4152614745988 -4744.424838478827 4755.887574571825
237.11986150733324 -4361.072196943018 5378.09447784147
2147.585844210977 -3590.219152458705 5522.434085376021
3867.229400131227 -2500.3593808611895 5176.081189622095
5243.252652793109 -1188.3317056277583 4369.810765312088
6153.38989761906 229.28445655850916 3175.2634779054056
6516.771446334764 1626.5276885812893 1698.580096072565
6301.1092536631795 2879.2467975744025 70.9704186077347
5525.565851841111 3876.1321932366027 -1562.945291998979
4259.051675536608 4528.606233403771 -3057.986454539144
2162.864928822084 4986.667030781944 -4295.840310351793
306.43207691296055 4643.1652984035245 -5132.8541906233495
-1577.2286097849446 3887.097953066637 -5513.791450898426
-3320.745612949679 2785.6448963513835 -5404.804143885929
-4769.199795551715 1436.6750659940583 -4815.576270096862
-5793.889647030424 -39.9496487215297 -3798.463311901307
-6303.766977304566 -1513.0246618320855 -2443.840219161619
-6253.526948019456 -2851.6607939394976 -872.0711983332562
-5647.633606251825 -3936.914350198087 777.1851754884009
-4539.923234336847 -4672.355789577536 2357.3852358469776
-3028.8207599260763 -4992.637912757356 3728.1212727858315
-1248.5942692349172 -4869.302247558083 4767.597374046921
642.5753016434852 -4313.307709082317 5383.451526367485
2476.6492370755886 -3374.0568520154825 5520.9623856823955
4090.6620191973743 -2135.006236842452 5167.911508685057
5341.201529338865 -706.2509482054372 4355.6690151349485
6117.151844121771 785.2578365108853 3156.4062150514505
6349.566372875742 2206.993016405951 1676.6828711001133
6017.794064786639 3432.6271815640107 47.978896049959914
5151.314345386946 4353.257357803865 -1584.9882144661935
3827.1177402289813 4887.08151384757 -3077.1221665207772
1695.429585434183 5152.276972137972 -4310.2943369879995
-125.00018056173417 4642.144482625615 -5141.39536561308
-1934.3231319605222 3719.5370841164317 -5515.660853361511
-3571.772984447343 2466.4324927638704 -5399.835669209784
-4891.855132798421 994.1745506685542 -4804.211389060257
-5777.274485047721 -566.420163116831 -3781.711844058303
-6149.357646149055 -2076.685959715364 -2423.190605942672
-5975.043394378487 -3402.4290954069584 -849.3582484922043
-5269.820315971344 -4425.851474657476 799.9433166840557
-4096.350576264606 -5056.017527855389 2378.1664076795114
-2558.9021113183476 -5236.934235735891 3745.0789769412618
-794.0839642244853 -4952.526354863898 4779.224844093402
1041.2920278708027 -4228.0647735583125 5388.715610565061
2784.1446536549606 -3127.921082565427 5519.395347049058
4279.61380894431 -1749.84787673102 5159.652585480216
5394.820496533088 -216.29300796814567 4341.452048929038
6030.673708225106 1336.4804437389434 3137.4944456819962
6130.675095765656 2770.5017429720015 1654.7566922685155
5685.939097022905 3958.3518041953434 24.986544966854424
4735.982457176924 4794.484936675161 -1607.0037665067734
3365.212992494095 5204.6070422807925 -3096.2047411063872
1215.7529554709713 5274.297762617995 -4324.673931149719
-553.7184903384804 4601.254249589974 -5149.847756229987
-2273.9896183278224 3519.369104214172 -5517.435008434588
-3792.206789489639 2124.7725694320206 -5394.773947275038
-4973.469745579889 541.3806674450282 -4792.763546324589
-5712.818089062902 -1090.1152826544144 -3764.895071586794
-5944.55747504342 -2624.749705997876 -2402.4991477686335
-5648.096842105529 -3926.163599439083 -826.6306314773516
-4849.778018481828 -4878.7206273849415 822.687644029444
-3620.5351350157352 -5397.781917674818 2398.906512058964
-2069.591816346735 -5437.226596803505 3761.9720090642295
-334.7561825412597 -4993.549831930293 4790.76978392188
1429.8240071363373 -4106.174250657574 5393.88663953117
3067.3580591005557 -2853.947067565035 5517.732996536473
4432.343886634569 -1348.134163178916 5151.304562627084
5403.496508820318 277.4663777949616 4327.160112200557
5894.524753343539 1878.412813460654 3118.5284963756017
5861.798605836361 3312.4540273714656 1632.801938210816
5308.225928121147 4452.169164485264 1.993762402708263
4282.994081926574 5196.289533311983 -1628.9915679443636
2877.199415942867 5478.696773562914 -3115.233848767841
727.8809492461511 5351.871509927262 -4338.978844522404
-976.0567845397755 4520.978538706648 -5158.211216513661
-2593.267589664698 3288.3767843344067 -5519.113885480596
-3980.0551890805373 1763.5883218702195 -5389.619065490216
-5013.197418762033 82.0972976280279 -4781.232939577346
-5600.895057732035 -1606.6884317865063 -3748.0132848878557
-5690.92859169942 -3152.71284320076 -2381.7662019506865
-5275.298146065534 -4418.60488304419 -803.8887397613835
-4390.934309889123 -5291.884488300992 845.4177647633369
-3116.416690981232 -5694.956933719686 2419.605190834083
-1564.9917729102522 -5592.00746367052 3778.8000774367492
125.48953203705585 -4992.18359035368 4802.231994168142
1804.82054136115 -3948.782297197063 5398.964523969712
3323.7853252608056 -2554.514367988806 5515.975362851001
4547.417196819394 -933.266626883075 5142.8675842838
5366.991094428897 770.9059495943375 4312.793451750331
5709.684280645914 2406.580149385279 3099.508694646499
5545.046961990777 3828.419141800281 1610.8189880534744
4887.707886724975 4910.086292725652 -20.9990545907978
3796.074516370882 5555.470728983569 -1650.9512390818572
2367.143266438604 5707.2272111895545 -3134.2091609003132
235.91440377997878 5384.514279306194 -4353.208830081138
-1388.4143996275825 4402.136836479096 -5166.4856020393745
-2889.376490672 3028.610217271509 -5520.697455507786
-4133.604800700324 1385.9782894223235 -5384.371112872586
-5010.544184160524 -379.80389170754864 -4769.619767935229
-5442.274728447094 -2111.8388303173074 -3731.066775485222
-5390.435280081867 -3656.2276212013144 -2360.9921265164903
-4859.632001545766 -4875.74454285094 -781.1329660634817
-3897.0290935285484 -5662.030165015756 868.1332863698224
-2588.1580487208203 -5945.219559608805 2440.2620865689973
-1049.3178033397212 -5700.1501061643 3795.5628914627378
582.7589337234267 -4948.597301090379 4813.6112768966
2163.054982129794 -3757.339909253016 5403.949176193053
3551.1541029635023 -2232.2263776639056 5514.1224763444025
4623.717597765797 -508.76973645525624 5134.341796144632
5285.443493156134 1259.8933285366509 4298.352315669563
5477.53453939282 2916.6093423372954 3080.4353689387895
5182.922604040052 4314.171816741965 1588.8082214098647
4427.785250437109 5328.401192797934 -43.99150896136474
3279.219746317287 5869.178739570324 -1672.8824007078463
1839.2811771183628 5888.453998865217 -3153.1303498279112
-256.0253478989479 5372.119003447371 -4367.363642094898
-1787.2866552397309 4245.876303331364 -5174.670769920607
-3159.739699884143 2742.3688609431274 -5522.18569117022
-4251.436005904582 995.1899105725515 -5379.030180046609
-4965.373565680781 -840.4160306713724 -4757.924231940718
-5238.115893963257 -2601.34731948515 -3714.0558360203063
-5045.428637974112 -4131.137483137993 -2340.1772802039063
-4404.432906002079 -5293.857952215776 -758.3637033425518
-3372.0839817963147 -5986.195910526209 890.8338165850803
-2040.1105976611286 -6146.634092198331 2460.8768425493217
-526.8644340458497 -5760.916860719198 3812.2601616729103
1033.1959466408696 -4863.31688479794 4824.907435603683
2501.4523333628217 -3533.589861347764 5408.840510123547
3747.4437028227435 -1889.8878718131343 5512.174369013317
4660.458253901038 -78.26105123159549 5125.727345437463
5159.370637036047 1740.3196071948478 4283.836953335526
5199.850297545284 3404.265231255219 3061.3088486209003
4778.30043995045 4765.726950146655 1566.7700183737115
3932.1776190399223 5703.732915469318 -66.98320366295955
2736.663560600433 6134.937180832913 -1694.7846741032415
1297.9849351513674 6021.025354951123 -3171.9970888094085
-743.8309840451408 5314.955233731968 -4381.44303613081
-2169.294544217326 4053.6611252352122 -5182.766578811484
-3402.0067643435123 2432.1814365624427 -5523.57856676825
-4332.435753996969 594.5917537987099 -5373.5963592423695
-4877.908814326661 -1295.8300156130088 -4746.146533558589
-4989.958270153177 -3071.111601481133 -3696.9807602471333
-4658.628035605395 -4573.511444206394 -2319.3220224548654
-3913.3582560416708 -5669.534724589517 -735.581344790435
-2820.369421938805 -6261.794964349526 913.5189634041839
-1476.7783877093223 -6297.667242092489 2481.4491027884073
-1.9691129966512462 -5773.964148518044 3828.8915997298586
1473.0151260470634 -4737.219001723465 4836.12027522127
2817.1155069210936 -3279.551157682583 5413.638441295014
3910.902812297418 -1530.4808012083852 5510.131074498704
4657.189240086804 354.5794908575327 5117.024380921247
4989.663966156131 2208.133839114314 4269.247615407299
4878.785152052825 3865.485805530035 3042.1294639798393
4334.4048669936365 5179.372394719343 1544.7047595125243
3404.893688279585 6033.049017336475 -89.97374166269573
2172.842763232081 6350.662759163712 -1716.65768104788
747.7252233079756 6103.9922454147745 -3190.8090520438373
-1223.4434892817483 5213.665742754174 -4395.446769058321
-2531.213282959343 3827.259186440681 -5190.772888909239
-3614.073668399483 2100.783855761609 -5524.87605824895
-4375.807748301249 187.6446603600404 -5368.069744294002
-4748.732106850441 -1742.167586579547 -4734.286876172475
-4699.710778238368 -3517.180598075013 -3679.841843027274
-4233.099522638766 -4979.676678538703 -2298.4267134091447
-3390.358797801437 -5999.70663316305 -712.7862838251305
-2246.369815434916 -6486.636324151978 936.1883350878503
-902.7810169354391 -6397.199911605354 2501.978512033431
521.023836707994 -5739.344213263174 3845.4569184329903
1898.533435984457 -4571.522594875344 4847.249602120033
3107.350007896955 -2997.5011321363636 5418.342886854207
4040.0648952269057 -1157.138539490008 5507.992628085272
4613.802287083173 786.0408904088644 5108.233052883443
4777.583098394258 2659.3771377112944 4254.584553821391
4516.854685334913 4296.4160558437325 3022.897546215515
3854.783911593266 5551.6995529031265 1522.612825861029
2850.198670865982 6313.690181454886 -112.96272594755817
1592.3607703414032 6514.681730211377 -1738.5010438269455
193.03462741186036 6136.815218028707 -3209.5659146761263
-1690.8859511108692 5069.260014421973 -4409.3745990534735
-2869.9994813803155 3568.7261822027795 -5198.689561956613
-3794.100962943861 1751.095367597944 -5526.078143206541
-4381.079923811999 -222.12795497339798 -5362.450430638063
-4578.780707396867 -2175.614233952867 -4722.345464581291
-4369.636731481355 -3935.787640719822 -3662.63938032474
-3772.2313561387678 -5346.2490436892585 -2277.491713898145
-2839.6466706386072 -6281.672757499406 -689.978914083936
-1654.746916868041 -6658.942280138879 958.8415401692274
-322.81563779651447 -6444.535558901131 2522.464715771557
1037.7992273463196 -5657.503571876538 3861.9558317235005
2306.201076832534 -4367.77756494523 4858.29522411279
3369.6868400454478 -2689.9553536924122 5422.953765562234
4133.761139893201 -773.1188045893746 5505.75906670086
4530.532621749476 1212.4127430774265 5099.353513137411
4524.7463982483705 3090.2160979360942 4239.848021787406
4116.916600740382 4693.440191303179 3003.613427434995
3343.280696465676 5879.631526849942 1500.4945989145565
2272.579630564338 6543.391798898102 -135.94975953149475
999.9498914358974 6625.742994412233 -1760.3143852375063
-361.5297837544319 6119.367848278629 -3228.2673528027112
-2142.296576299576 4883.104683885547 -4423.226285603045
-3182.8167039138743 3280.387311940315 -5206.516461244252
-3940.52959982441 1386.1931315865268 -5527.1848008827765
-4348.109148061216 -631.170391717065 -5356.738515311874
-4369.340117130075 -2592.451655870948 -4710.322504995734
-4002.3360422586456 -4323.382213614002 -3645.373669200876
-3279.7068460701066 -5670.1612888271075 -2256.5173854386626
-2265.661303851811 -6513.121650434952 -667.1596294167892
-1050.3018120954102 -6777.362571038069 981.4781874605834
258.38160483925515 -6439.405085238684 2542.907360236002
1544.106682294948 -5529.278198752077 3878.3880546892974
2692.631104828162 -4127.850679468653 4869.256950457801
3601.903437280434 -2359.6455125400803 5427.470997795974
4191.13084263745 -381.7754866885641 5503.4304289158035
4407.957880151369 1630.0169665493822 5090.385915019819
4233.118516009297 3496.97525909775 4225.038273783686
3682.1479949851623 5053.21195365215 2984.277440646786
2804.0024657662634 6160.448590469147 1478.3504606225695
1676.7090123019007 6720.302335339594 -158.93444546208013
400.43260497821086 6683.027726154078 -1782.0973285950972
-911.4239965673355 6051.936775515659 -3246.913043477127
-2573.960652760289 4656.91101493245 -4437.00158950864
-3467.0592070912717 2964.8167135801887 -5214.253451613066
-4052.094335933474 1009.2854363424722 -5528.196012167297
-4277.083100704885 -1035.9252810904536 -5350.934096951851
-4122.034262308634 -2989.08949121527 -4698.2182050347255
-3600.724590456848 -4676.659982642443 -3628.0450078092626
-2759.474737223375 -5948.688711427531 -2235.5040902266765
-1673.0334438321725 -6692.15034281186 -644.3288238793251
-437.93578697014334 -6840.985048219291 1004.0978860601729
836.0743864137146 -6381.968210924036 2563.306092412211
2035.7956815127202 -5355.885491281975 3894.7533035699394
3054.6275963671164 -3853.9088418231663 4880.134591862117
3802.0424442718786 -2009.4954791679888 5431.8945055494305
4211.629136014636 13.47037533691895 5501.006754942267
4246.9940965924525 2035.2393278794018 5081.330413387956
3904.99499406142 3876.1683346390814 4210.155565552905
3216.0199495197503 5372.682774581547 2964.8899197550772
2241.2874191921537 6391.810772372426 1456.1807933818977
1067.4066659415118 6842.998333038438 -181.91638682740017
-201.31785381504645 6686.155461810422 -1803.8494977401865
-1452.1543987912553 5935.218336090609 -3265.5026647155833
-2982.341191993802 4392.71952709082 -4450.7002728909465
-3720.3736551089196 2624.8148187608704 -5221.900399456543
-4127.834592376734 623.6837949739148 -5529.111759597964
-4168.519311408133 -1432.8642709877145 -5345.037275791804
-3838.8127963752218 -3362.09605845084 -4686.03277372179
-3168.0109180318964 -4992.590856805035 -3610.6536953904947
-2215.7173670345173 -6179.472047908001 -2214.452191131002
-1066.5476044606075 -6817.280029387929 -621.4868917261366
177.38959323669937 -6849.342763116097 1026.700245358901
1405.564947113512 -6272.811334495769 2583.660560043978
2508.8496872191254 -5138.913091026351 3911.0512957615433
3389.212122709807 -3548.3998676705924 4890.927960484776
3968.4281877852964 -1642.5957441759708 5436.224212435103
4195.031993215805 409.16021960137306 5498.488086633556
4048.88879645441 2424.5605022971154 5072.187164617083
3542.984061872218 4224.52794435522 4195.20015409764
2722.2696452632163 5649.127539521838 2945.4511995539806
1659.669624188997 6571.777362014071 1433.9859800302454
449.6006736654174 6910.495926121404 -204.89518676297942
-800.4172697533918 6635.186600980986 -1825.5705170445954
-1979.3146261812763 5770.311828306619 -3284.035895502537
-3364.1079988108686 4092.8819082947507 -4464.322099193763
-3940.6786323445936 2263.383825933486 -5229.457172723092
-4167.102676011159 232.7741579417151 -5529.932027361161
-4023.261359885244 -1818.5185154957394 -5339.048153661201
-3521.935616141854 -3708.2278383943403 -4673.766421481534
-2707.6704371443725 -5268.44484456178 -3593.2000322671097
-1652.8168573906273 -6360.5374061004995 -2193.3620516871497
-451.1032465904122 -6887.468306348539 -598.6342274039596
790.6928673033558 -6802.417422420688 1049.284875047114
1962.2324500387197 -6112.9418985935945 2603.970411639414
2959.4190684728796 -4880.304660872784 3927.281749821633
3693.648315476551 -3214.030937169172 4901.636869940107
4099.68070034148 -1262.1764601556133 5440.460043685295
4141.438463828639 801.8279343129127 5495.874467483381
3815.211245401277 2794.5863980538043 5062.9563265977185
3149.9857650412364 4539.033596487196 4180.172297675977
2204.870225972435 5880.167740651864 2925.9616157217415
1063.8422914123544 6698.823176368518 1411.766403839554
-171.7126993346984 6922.25877556351 -227.8704484585756
-1392.0102631970926 6530.621304717405 -1847.260011418167
-2488.6216064380005 5558.709471787616 -3302.512415796215
-3716.1649287945575 3760.04037139111 -4477.866833188086
-4126.181790837148 1883.701504064409 -5236.9236409183
-4169.569293313318 -160.01250838632623 -5530.656801292063
-3842.4722662251393 -2189.508707263593 -5332.966833983418
-3173.954715871055 -4024.4574489997967 -4661.419360135868
-2223.4173603409718 -5501.815485351753 -3575.684319838316
-1075.3196150382223 -6490.313071510621 -2172.23403609095
168.32499702306822 -6902.1178589959845 -575.7712255448615
1397.0131944167908 -6700.63918526423 1071.8513851213124
2501.5706387951554 -5903.779314651011 2624.2352964771285
3383.852553954628 -4582.342743622275 3943.444385474021
3965.464319902899 -2853.7449105427727 4912.261135300914
4194.727178874256 -871.5793187082637 5444.601926153392
4051.2701197456095 1188.029920456293 5493.165942625124
3547.8399317714775 3142.077487604875 5053.638058732932
2729.1685964203534 4816.9376811998245 4165.072255796984
1667.9986545181719 6063.791823037327 2906.4215048149463
458.61971227050094 6771.851450885863 1389.5224485093831
-791.5096040318451 6878.202359542568 -250.84177516504667
-1971.3098185332756 6373.394804060034 -1868.9176063150617
-2975.9505047073844 5302.28315105434 -3320.9319065341697
-4035.675109688841 3397.1046338216556 -4491.334240976167
-4275.3944911463295 1489.0935534766793 -5244.29967510719
-4135.226309805775 -551.2300238741427 -5531.286068874885
-3627.6251236972207 -2542.5743945706154 -5326.793421773945
-2797.693525777509 -4307.999872405567 -4648.991802900474
-1719.1745806166662 -5690.6406562311995 -3558.1068605748205
-487.8994294946437 -6567.643044785512 -2151.068509192316
786.727727049377 -6861.081527183847 -552.8982809593797
1991.4506725472572 -6544.882806531548 1094.3993858908875
3019.22448645201 -5647.142526773793 2644.4548646121875
3778.7269550870733 -4247.628851435386 3959.538923613662
4202.4729510925345 -2470.6947122347683 4922.800573101689
4252.810783144643 -474.2285053869485 5448.649788315144
3925.267713961629 1564.3749852820486 5490.362558831047
3248.94738263948 3463.976893362192 5044.232521935567
2283.943818599075 5055.789253054866 4149.900289216304
1116.0018233537774 6198.372550647928 2886.831204262712
-151.10183138985434 6790.203246006018 1367.2544981602841
-1404.7794253150146 6778.694584640326 -273.80877020120226
-2533.636202527977 6164.869161618129 -1890.5429277403277
-3437.3682844669797 5003.268059503457 -3339.2940496387246
-4320.08392046545 3007.2267193227735 -4504.724089995592
-4387.1438165818845 1083.0047622565198 -5251.585147916446
-4064.386731931488 -937.44692062436 -5531.819819243098
-3380.4910498815834 -2874.6023306897137 -5320.528023638569
-2396.223903009072 -4556.3367086887365 -4636.483964381094
-1199.0417466988065 -5833.220574966456 -3540.467958013609
104.68053071366008 -6591.797194491532 -2129.865836488918
1399.1014835893163 -6764.663705660526 -530.0157886298653
2569.206129792288 -6336.460160343873 1116.9284879848728
3511.025536587846 -5345.234322683258 2664.6287668822542
4140.874916575786 -3879.060958277766 3975.565086311406
4402.789388295701 -2068.2160047506727 4933.255001341759
4273.496701542554 -73.60098298502719 5452.603560269912
3764.4850789259744 1927.5538091114086 5487.464364511478
2920.9824368761497 3757.4369863377538 5034.739878625479
1817.9376867895996 5253.45539808735 4134.656659931575
553.3611953436455 6282.681243307614 2867.1910523608467
-760.3838666942072 6753.663288967478 1344.9629373271578
-2006.565485286618 6624.552713439402 -296.77103696065325
-3074.454954843735 5906.82155795148 -1912.135602256288
-3869.1656096396346 4664.243385380125 -3357.59852802256
-4567.139541079685 2593.7737982879326 -4518.036149023269
-4460.581863350608 668.969206495946 -5258.779933536616
-3957.6819121217363 -1315.2762350162307 -5532.258043179613
-3103.1245549998507 -3182.653611052513 -5314.17074777156
-1972.8409633283995 -4767.238246901478 -4623.896060569782
-667.2617943952753 -5928.232843832757 -3522.767916752755
697.606513200029 -6562.47793696817 -2108.626384119871
2000.489420701761 -6613.618066443883 -507.1241437034545
3125.6200641709092 -6077.109207331216 1139.4383023586538
3973.025648380749 -5000.622526192672 2684.7566549135713
4467.410468396077 -3479.8085887314014 3991.522596818899
4564.846263386481 -1649.798387272888 4943.624239488457
4256.675435377123 326.8036409158055 5456.463173741826
3570.280314822047 2274.367731454945 5484.471409713997
2566.6501203779226 4019.8442681559504 5025.160292726721
1334.961799179704 5408.1400008352675 4119.341631177968
-15.343736259008459 6315.8987612089 2847.5013882660455
-1364.2859133962343 6662.462199783928 1322.6481509526568
-2592.0053000580688 6417.03663417436 -319.7281789186613
-3589.413640981851 5601.429202916961 -1933.6952569890714
-4267.886828022079 4288.110205513209 -3375.8450255941357
-4774.910906712321 2160.2992993878734 -4531.270188179419
-4495.192232523328 250.57975036291302 -5265.883907724283
-3816.056001648441 -1681.4049091329298 -5532.600733116945
-2797.846448541154 -3463.989363728404 -5307.721703953751
-1531.0359603340762 -4938.783161889664 -4611.228308841213
-128.18620821066844 -5974.744402624103 -3505.007042446004
1286.0534510481534 -6479.823383451435 -2087.3505188594204
2586.021617428735 -6409.141620422567 -484.22374148530594
3656.2104145318362 -5768.979498364414 1161.9284403006786
4401.528871288655 -4616.218231127045 2704.8381811269733
4755.752172040175 -3053.285716113997 4007.4111795732874
4687.40602203127 -1219.0553661005606 4953.908108480211
4202.563276622368 723.4934029272905 5460.228562081015
3344.3043414403983 2601.756608106537 5481.383746122547
2188.8892892835843 4248.842321034693 5015.4939296647235
838.9818179914921 5518.39974800151 4103.955467423609
-585.4728696402099 6297.623140259978 2827.762551989979
-1957.9057234990207 6517.275079842399 1300.3105243804619
-3156.370061697179 6157.838527990214 -342.6797996389857
-4074.377068411689 5251.250999696808 -1955.2215196350007
-4630.357792488551 3878.0667753448956 -3394.0332272631263
-4941.802922431771 1710.5125390117198 -4544.425978931559
-4490.793673671981 -168.54289247629765 -5272.8969478042145
-3640.757699482986 -2032.622548329515 -5532.84788313734
-2467.2244264929523 -3716.0947707464734 -5301.181003550701
-1074.4674359729377 -5069.3756649693405 -4598.48092794892
413.76070145595236 -5972.220284770996 -3487.185641797708
1865.224384801537 -6344.406923613703 -2066.03860811065
3150.954696155129 -6152.865165322132 -461.3149774318481
4156.708855018393 -5414.614335687657 1184.398513439184
4793.121190696926 -4195.251260683691 2724.872998743895
5003.643674316143 -2603.121700611076 4023.230560202001
4769.570459343781 -779.6933538277335 4964.10643072966
4111.69997814351 1113.0141690711446 5463.899660264735
3088.4869099870352 2906.82549866581 5478.201427056562
1790.8482262766559 4442.352626310419 5005.740956363428
334.0848186535968 5583.157228163952 4088.498434365039
-1152.3634912139169 6227.873809013184 2807.9748843934567
-2536.419247823191 6319.216471357543 1277.950443348695
-3695.1030233708293 5849.069018797064 -365.62550278072945
-4525.4606795994505 4859.206115699852 -1976.7140184670125
-4953.711294788571 3437.581424947891 -3412.1628189459134
-5066.568817510202 1248.2471269643413 -4557.5032940984365
-4447.540854365758 -584.7812712553458 -5279.8189326714655
-3433.329368599326 -2365.8492872536867 -5532.999488972878
-2114.0515015151263 -3936.7012117208765 -5294.548759510727
-606.9308811590678 -5157.75995759799 -4585.654138021511
954.1182114602768 -5920.529096785756 -3469.304022557353
2430.3897139125584 -6157.2332439101065 -2044.6910198990472
3690.710424694118 -5846.840196740014 -438.3982471439721
4623.095317825692 -5016.92973965398 1206.8481337488856
5144.697903848809 -3741.2430587661606 2744.8607617923426
5209.171503980075 -2133.1305139322267 4038.980465527502
4810.787355910097 -335.479961846355 4974.2190301267065
3984.9436394749087 1491.9794570791707 5467.476404898495
2805.020193035267 3186.8699537991706 5474.9245074700375
1375.8583928160824 4598.593069775672 4995.901541242408
-175.55446345992547 5601.711010909323 4072.970798922588
-1711.3685352494638 6107.092346019814 2788.13872718053
-3095.120002464949 6069.831725653107 1255.5682939832277
-4203.856474751013 5493.239919444337 -388.5648921051835
-4939.061850935182 4428.5496397066045 -1998.1723823411237
-5235.409906947826 2970.3632901109245 -3430.233487571
-5148.319542892163 777.4284165358561 -4570.501907853966
-4365.922254237822 -994.5522184541147 -5286.649742793492
-3195.5936137601825 -2678.162524313956 -5533.055548005549
-1741.3224570684145 -4123.80633696578 -5287.825086362979
-132.32715839834307 -5203.0318595521985 -4572.748160558875
1488.4259890035878 -5819.945168288166 -3451.362493514335
2976.9259554326727 -5919.730808413031 -2023.3081228662206
4200.912986697198 -5493.52238789963 -415.47394635998023
5051.630463690671 -4579.190395295437 1229.276913557706
5453.4884052700845 -3257.9772406231814 2764.8011251129215
5370.7799698015715 -1647.2785107239247 4054.6606235719614
4810.8541647365 109.78814381582525 4984.245732041561
3823.462855048812 1857.0996399802248 5470.958734217145
2496.3400916996866 3439.399683384812 5471.553043950576
947.4065561949723 4716.093971363775 4985.975854213956
-685.7082094528386 5573.74261374955 4057.3728292357937
-2257.8947915098797 5936.139764937106 2768.2544228926236
-3629.4575127331573 5771.084847689708 1233.164462791021
-4678.527006338152 5093.243715736366 -411.49757148268884
-5311.888844052398 3962.8455283079597 -2019.596240702793
-5473.266047132352 2480.3311250281977 -3448.2449210843647
-5186.530140338777 302.04027447141414 -4583.421595731101
-4246.75520683204 -1394.3375134359126 -5293.3892602122005
-2929.6374366199793 -2966.822294325104 -5533.016059267296
-1352.2085236621483 -4275.691894678266 -5281.010100215448
345.37005069245595 -5204.64750662446 -4559.763218428348
2012.2609804115243 -5671.147347387684 -3433.361364492596
3500.353691359161 -5633.740858915298 -2001.8902862635027
4677.4246157803855 -5095.751771863742 -392.5424709490601
5438.885836549678 -4104.982777543782 1251.6844655534453
5717.078182584175 -2749.4680490188407 2784.6937443647407
5487.283043111704 -1149.6510184967888 4070.270763562003
4769.918724713745 552.3175501791173 4994.1863633277535
3628.7261951814226 2205.2102807159567 5474.346588085958
2165.1054188046332 3662.160400405242 5468.087094718417
509.10552455839763 4793.711497392331 4975.96406668017
-1192.1306297176575 5499.320290979701 4041.7047946587436
-2787.440745964171 5716.290343343919 2748.3223149025553
-4135.074519449541 5425.3429131750445 1210.7393366534477
-5115.288775406191 4652.329956445341 -434.42314489939844
-5640.987175592947 3465.937066671728 -2040.9852235933606
-5665.459110163783 1971.5804585100361 -3466.1968084549235
-5181.043037343734 -173.90854854538222 -4596.262134625745
-4091.1781367042067 -1780.7139281841821 -5300.03736854599
-2637.794104778936 -3229.2950607694925 -5532.881023440032
-950.0304908753438 -4390.93915567743 -5274.103918752976
822.14750128269 -5162.429037284346 -4546.699535860887
2521.274080016865 -5475.214443981863 -3415.300946345292
3996.3743923124794 -5301.503019748764 -1980.437879945583
5116.379302050983 -4656.729786948184 -369.60421690421157
5781.77145794151 -3598.185676855173 1274.0704027904992
5933.427846907799 -2219.926978995843 2804.5382760313737
5557.873133257107 -644.4180270636347 4085.810615933368
4688.4770013920015 988.35029455512 5004.040752325128
3402.4891129107878 2533.2993551988184 5477.6399080016545
1814.17513516993 3853.1536509319812 5464.526719625431
64.66373529275047 4830.638335493569 4965.8663515299595
-1690.593321237313 5378.899605039376 4025.9669657555046
-3295.633742128836 5449.222039765312 2728.3427474086575
-4607.842642381746 5035.3571827410615 1188.2933028196194
-5510.624502674683 4174.078742729222 -457.34121646423864
-5923.7631929276495 2941.9150887830433 -2062.3389616563622
-5810.549527482397 1448.3493688167616 -3484.0888396798587
-5132.068247823596 -646.4181635609945 -4609.023302800589
-3900.640063079155 -2150.3823996286505 -5306.593952991761
-2322.6228910531186 -3463.2757226916056 -5532.650442855626
-538.2304824943933 -4468.44179945819 -5267.106661235204
1293.9860664195562 -5076.567212909081 -4533.557338447163
3011.226274767799 -5233.617351344726 -3397.1815509494077
4460.905814054067 -4925.637620761942 -1958.9512743641205
5514.214295398919 -4179.993371769791 -346.659580335499
6077.5606378667135 -3062.938368097113 1296.4343386964456
6100.889046724486 -1673.7278489353866 2824.3343774268083
5582.126690470175 -135.79926536202777 4101.279912335561
4567.3678810081165 1414.1956788839548 5013.808728862813
3146.7783917546635 2838.533130965609 5480.838637093421
1446.583832984305 4010.6544576634874 5460.871980154086
-382.14604757532356 4826.411535330788 4955.68288313609
-2176.920574787572 5213.320767725779 4010.1596142953217
-3778.266155671338 5137.003571626971 2708.3160654288176
-5043.89620797578 4604.241064820249 1165.8267488996776
-5861.353947427661 3662.37153402513 -480.25139041563773
-6158.004666522458 2395.084220379115 -2083.657086144013
-5907.489647038358 914.9831630984354 -3501.9207057899753
-5040.18048460613 -1111.5311215012523 -4621.70487988894
-3676.887464551756 -2500.196080898223 -5313.0589003269
-1986.8868575170625 -3666.7076465776227 -5532.324321495868
-120.34263388266594 -4507.416146777102 -5260.01844849453
1756.8945608871861 -4947.620941865493 -4520.33685313369
3478.023963917413 -4948.207903992251 -3379.0034912003835
4890.11567469682 -4509.124878996571 -1937.4308405613292
5867.699147860227 -3669.3863205334496 -323.7089574632156
6323.911801762675 -2503.606684654284 1318.7758870788803
6218.217140048672 -1115.3706079466263 2844.081706701347
5560.006597244889 371.97104200038734 4116.678385636412
4407.765068588826 1826.2614324976432 5023.490124262151
2863.874270430242 3118.2804803011877 5483.942720123889
1065.515675438718 4133.226623081469 5457.122939416381
-827.5186632540929 4780.917442034696 4945.413837352152
-2647.024337210936 5003.80276555251 3994.2830132480117
-4231.330282531578 4782.07825452423 2688.242614794521
-5439.663963362217 4135.445104776704 1143.340062858111
-6164.659629476 3121.3595093678528 -503.1532711284484
-6341.898234347653 1829.9274236910653 -2104.939228923501
-5955.631350135508 375.89825591508986 -3519.6920988550464
-4906.313215658393 -1565.3655421746166 -4634.306646898511
-3421.9486216702912 -2827.1870337813402 -5319.432098911219
-1633.5288756725836 -3837.800550530658 -5531.902664992399
300.0370795520052 -4507.408646455001 -5252.839402934013
2206.9434235673807 -4776.513703704781 -4507.0383082189
3917.753159387092 -4621.204556995255 -3360.767081006703
5280.4533342187115 -4055.281105574525 -1915.8769501636343
6173.962057417214 -3129.028131615487 -300.7527446110148
6518.887157827966 -1924.7472766486349 1341.0946621319627
6284.580526600609 -549.4441795372512 2863.7799228475296
5491.861336157405 874.6794441220887 4132.005769926905
4211.166165360106 2221.0839607036596 5033.084771339617
2556.2904003722397 3370.13542031029 5486.952103490086
674.2770152156472 4219.735558226662 5453.279662152764
-1267.648841758804 4694.3936737901095 4935.0593915095415
-3096.9385361576915 4751.934310429982 3978.337436779256
-4651.051650928022 4387.244730067907 2668.1227421448684
-5791.898415709422 3632.729202332914 1120.8336330071045
-6418.1095889274875 2555.429743001119 -526.0464631207202
-6474.043559759324 1251.0691366849428 -2126.185022483406
-5954.730349434342 -164.4544526521381 -3537.402711989122
-4731.7497215930725 -2004.1475169078076 -4646.8283862152375
-3138.1155755657733 -3128.5913366272953 -5325.713438688913
-1265.6460892560608 -3975.046086490516 -5531.385480626607
719.2816062804256 -4468.300547366618 -5245.5696485252565
2640.2979745835414 -4564.52689579522 -4493.661933349199
4326.712281088102 -4255.174998436068 -3342.472635284479
5628.679213953889 -3567.732128937955 -1894.2899753751603
6430.513297607988 -2563.280603049137 -277.7913381991249
6660.968054926811 -1331.070346807766 1363.3902784430948
6299.566569388548 19.41135105348938 2883.4286857059687
5378.420948967565 1368.1682651883266 4147.261800525494
3979.379024419237 2595.3574248536465 5042.592504409692
2226.751810334057 3591.937687782252 5489.866735224367
276.2679259613258 4269.358524192497 5449.342214731009
-1698.7635760148992 4567.428119956951 4924.619724414378
-3522.852479361056 4459.661683435063 3962.3231602458122
-5033.920480132483 3955.634735437024 2647.956794920637
-6097.702555247975 3100.1322821782924 1098.3078479997698
-6619.67699900278 1969.1694709415713 -548.930571060496
-6553.464091422155 663.2373106538184 -2147.3940999398833
-5904.9471399152 -701.626395254541 -3555.0522393558413
-4518.111237053913 -2424.242514315885 -4659.269881607001
-2827.923860911465 -3401.872395779508 -5331.902811190443
-886.4630395876017 -4077.230986006986 -5530.772777329509
1133.7639129825852 -4390.309710494269 -5238.20931080629
3053.25096644329 -4313.290150647313 -4480.207959515001
4701.4432725643355 -3853.0158323532905 -3324.120469952013
5931.891711974079 -3050.384148673194 -1872.670288971366
6635.265541096906 -1976.712446993132 -254.82513473741017
6749.066908510053 -727.4011697380495 1385.6623509996327
6263.184063309786 586.5428935957239 2903.0276559713006
5220.789828553899 1848.3700468324212 4162.446213982882
3714.505506472198 2945.9614099697137 5052.013159287745
1878.1710693015211 3781.7911736924852 5492.686564995308
-125.04710959458707 4281.592195515471 5445.310665145067
-2117.154304043009 4400.954961309034 4914.095016344427
-3921.1430475985812 4129.273565517547 3946.240460190798
-5376.721023722168 3490.688092411257 2627.7451213582076
-6354.553741536469 2541.939663661849 1075.7630968234155
-6767.756472915486 1367.3287406775748 -571.8051997727745
-6579.61434186586 71.22465866081052 -2168.5660950432894
-5806.844602379495 -1231.2080468422723 -3572.640376173696
-4267.342282898127 -2822.18552769146 -4671.630918227406
-2494.130190242561 -3644.7422642748074 -5338.000109534386
-499.3036848738512 -4143.447655989367 -5530.064565681596
1539.88814405398 -4273.989540248719 -5230.758516879372
3442.254153694839 -4024.7686977628077 -4466.676619046745
5038.76077569635 -3417.9294940741606 -3305.71090192434
6187.5513905397975 -2507.392255500484 -1851.0182642925924
6786.550910711747 -1374.0622115159185 -231.85453081859512
6782.535600178825 -118.64071006547233 1407.910495195477
6175.862236902776 1147.3225391204917 2922.5764951980123
5020.436411552913 2311.341145763535 4177.558748086468
3418.922779214251 3269.9869484519563 5061.346573292854
1513.622854246905 3938.080060669058 5495.411544108576
-526.1691037447566 4256.257477516015 5441.185083013904
-2519.208627813623 4196.2477392073815 4903.485449046005
-4288.405409936283 3763.3829743402785 3930.0896143389027
-5676.558552028924 2996.1251168688846 2607.488070483595
-6560.324555606898 1962.6483944851864 1053.1997687929065
-6861.176932909087 754.7817493108388 -594.6699542461246
-6552.383629943263 -520.1505665949045 -2189.700642184247
-5661.382286795045 -1748.8652220155254 -3590.166818721306
-3981.6933194642615 -3194.7097136584503 -4683.911282619428
-2139.688283879212 -3855.1807888359076 -5344.005228429342
-107.56255440407497 -4173.10213274307 -5529.2608579126445
1934.1205800603211 -4120.225038798933 -5223.217395408794
3803.9486132379984 -3701.2478688477468 -4453.068145610876
5335.779118775957 -2953.398583090693 -3287.2442491077422
6393.502233929677 -1943.1268724498318 -1829.3342752376147
6883.134618176327 -760.1998119199711 -208.87992311137901
6761.170285459264 490.2743379809021 1430.1343268377425
6038.4463019720515 1697.185461418683 2942.0748658062166
4779.179865269507 2753.2942086336807 4192.599141864904
3095.2623244523593 3564.760682778965 5070.592585250622
1136.3171427726484 4059.482526564744 5498.041625507767
-923.5948036880706 4193.501533119604 5436.965539580279
-2901.441298712072 3954.9095255784173 4892.7912057308
-4621.4820015800515 3364.9064508550127 3913.8709015916093
-5930.883747567964 2475.916671324386 2587.185992106428
-6713.3004453298145 1366.9308301652436 1030.618253543879
-6899.210937690353 136.48718606877017 -617.5244396397611
-6472.096261548582 -1106.083943474063 -2210.7973764000385
-5469.907430241595 -2250.374660669781 -3607.631264342676
