-1373.0708384470977 -4086.751779608635 -5423.302786377633
689.5279937104837 -4148.755280959273 -5505.584211767331
2690.859237683113 -3842.1236690840115 -5098.670319083146
4453.095829746361 -3194.102508328622 -4238.71719340226
5819.655315247465 -2262.2713226202504 -3002.135443783559
6669.1128868521255 -1129.4274020828993 -1498.800785330304
6925.990511540129 103.77109954004452 137.70890027847216
6567.463485069048 1327.749083576886 1761.9825457719512
5625.388507110791 2433.750734807029 3229.696309740535
4183.473073684887 3323.5029529103876 4410.437383299871
2369.8376987928805 3917.9473486951797 5199.291740467353
345.6318445016987 4164.26492891966 5526.166209778318
-1709.2849159538491 4040.5692956339876 5362.01656016951
-3612.3242105535974 3557.851348684936 4721.428208367535
-5194.392646621944 2759.0026960317573 3661.320240605693
-6314.916500821277 1715.004546152236 2275.887902026786
-6874.332311368009 518.6207161736269 688.2329357832798
-6822.933528539241 -723.8448403665641 -960.5745470651011
-6165.287159749131 -1901.993606299422 -2524.0307659947766
-4959.827970898247 -2911.1418935511024 -3863.215774839225
-3313.6663009865156 -3661.622448224987 -4859.137108646016
-983.242339986065 -4191.796623297564 -5427.812848471236
1076.8707858837383 -4068.6219061582633 -5503.248299277328
3041.2992166581753 -3583.93227780365 -5089.695988085249
4735.494865510732 -2780.7945387384398 -4223.9018525888505
6008.921014185748 -1730.5710015904772 -2982.7955012019524
6748.428161034815 -526.5786364654587 -1476.6546797508172
6888.307850786746 724.2025513618108 160.69339018851923
6416.131159155164 1910.6351643900327 1783.7631472182777
5373.8530573048265 2927.299458377876 3248.3377207020408
3854.084528547228 3683.86034924677 4424.283232606149
1991.8636760568584 4113.094081730213 5207.111763646015
-47.34300520097069 4176.861355035853 5527.265563452344
-2082.3430526852785 3869.496167092415 5356.297561940526
-3932.317781726574 3218.309263698572 4709.399016325598
-5432.888819169092 2281.1614589075402 3644.049701252969
-6450.723843188567 1141.3224477803801 2254.910578575277
-6895.383745205404 -99.92807144310407 665.4127554791216
-6727.35854156759 -1332.2995429917796 -983.2099110571727
-5961.578008984798 -2446.290353445376 -2544.47006225039
-4666.085108349506 -3342.9175306269685 -3879.642882189729
-2955.990069060175 -3942.511815060383 -4870.092406514117
-585.7589020611753 -4259.911899429671 -5432.229180181295
1455.2525062791144 -3952.5087390133917 -5500.817353743959
3366.9583431660603 -3293.907831836862 -5080.633765487118
4979.495155609364 -2342.628758725205 -4209.01357117271
6149.581971322228 -1183.1968399438204 -2963.4040501077684
6773.251441887123 81.36731044037332 -1454.4830745062864
6795.087797915974 1338.7016182173847 183.6751051589269
6213.150783348351 2477.086412420485 1805.5129456858351
5079.148055717119 3395.371208365349 3266.923037625495
3493.8407338612833 4011.9623721058397 4438.052681016539
1598.0903303343798 4272.073072877838 5214.841867625845
-439.6574121466503 4152.591333440756 5528.269469340003
-2438.3396641536656 3664.1336306805542 5350.486068292328
-4220.364736523303 2850.101575048773 4697.288499855491
-5627.391881287188 1782.8254870091941 3626.716234495473
-6534.4005619962245 557.1375306480435 2233.8943161184634
-6860.799077027345 -718.054540268984 642.5810844705704
-6577.585485943739 -1929.4443141526463 -1005.8282964531535
-5709.9245591755725 -2969.3944934969304 -2564.8654192322288
-4334.911777733435 -3745.500941120922 -3896.0029937860395
-2574.723061392697 -4188.803193266164 -4880.96360501442
-184.0977538777298 -4290.581583128649 -5436.551705244235
1821.3468702749017 -3801.38972200128 -5498.291417146095
3664.956832154541 -2974.427701950064 -5071.483807780063
5182.919296099092 -1883.1747275196117 -4194.052606252655
6240.356635718529 -624.5934143728762 -2943.9614253629943
6743.310902900347 689.4857646239623 -1432.286352467886
6647.092403826983 1942.3011076754933 206.6536483290901
5960.250574389044 3022.534473662047 1827.2315655874377
4743.814325287819 3834.202387489662 3285.4519395696866
3105.8693554984743 4305.184593068794 4451.745490752827
1191.9542635899154 4393.632254562358 5222.481918919268
-827.8711954437018 4091.6864091004877 5529.177910105311
-2774.1366657092794 3426.17627011998 5344.582179580899
-4473.907919128326 2456.2353340124077 4685.096868088146
-5776.152820511311 1268.0471094666048 3609.3201396567993
-6565.16119556272 -32.81266548839355 2212.8394775763945
-6770.826187653011 -1330.756891118737 619.7383170272257
-6374.873559689012 -2510.457527042747 -1028.429312666613
-5412.485440274807 -3467.092994727616 -2585.2164847423287
-3969.174237191066 -4115.662034743928 -3912.295827112995
-2173.1844846986596 -4398.536441687893 -4891.750516417225
218.23391594737006 -4283.615283839949 -5440.780349016364
2171.9311363800116 -3616.5449366303155 -5495.670533102965
3932.6427439825047 -2628.128700855026 -5062.2462729704675
5343.921785663731 -1406.1916966559231 -4179.019216182675
6280.369925274231 -59.308389238334286 -2924.4679627132973
6658.779636074659 1292.8447288336815 -1410.0648969405486
6445.527554636716 2530.1229191931675 229.62862289323476
5659.562064237536 3542.588584920771 1848.918631874308
4370.719647851801 4240.279708484244 3303.9241065676088
2693.519610167192 4561.20337178788 4465.361425360237
776.9885348030906 4476.8440989968585 5230.0317855937665
-1208.581381636255 3994.6975817032353 5529.990870060825
-3086.7635385452177 3157.604653833676 5338.585997757766
-4690.6732090157575 2039.9446955512071 4672.8243315551545
-5877.795980184902 741.0266989191821 3591.861717142059
-6542.65078423183 -623.7347718539336 2191.746426535358
-6626.162354149698 -1933.0746709328646 596.8848476102183
-6120.9103204668245 -3070.652402340936 -1051.0125694110911
-5071.788543637955 -3935.3891924649038 -2605.5229073475407
-3572.01609752944 -4450.449382667343 -3928.5211008172
-1754.8543456209645 -4570.067614744362 -4902.45295444837
617.7293044230997 -4239.149381480103 -5444.915038475198
2503.914162591853 -3399.5497883444064 -5492.954746873399
4167.615259168013 -2257.8852778357837 -5052.92132057703
5461.005450688782 -915.5977518250979 -4163.9136605673975
6269.161342688142 508.0446524697755 -2904.923998782246
6520.2747376282605 1886.5450598755042 -1387.8190916562628
6192.033108375706 3097.4176597446435 252.59963210713317
5313.602164154265 4033.0711077519413 1870.573770042553
3963.034349288653 4610.368488994464 3322.3392196319624
2260.333540999016 4778.014397720946 4478.900249711502
356.7921782812059 4521.112759239104 5237.4913372742
-1578.4517352335683 3862.4904115223126 5530.708335167919
-3373.4432851514716 2860.6688404817896 5332.497626368207
-4868.689595071667 1604.664289126016 4660.471102185287
-5931.33146857736 206.0782737281654 3574.3412684326477
-6466.948511880542 -1210.8187006500573 2170.6155272414576
-6427.948800167029 -2520.129119885173 574.021070865516
-5817.797628969986 -3605.515007414001 -1073.577676706797
-4690.709607454582 -4370.535063992101 -2625.7843363856846
-3146.8314524767707 -4747.21390035728 -3944.6785347119376
-1323.343513304063 -4702.081948870649 -4913.070734292395
1010.9122946770697 -4157.645347545507 -5448.955702220702
2814.363349416055 -3152.26163066431 -5490.144105355049
4367.7458699292865 -1866.7856344262725 -5043.509111628026
5533.035002362252 -415.43754231564225 -4148.736200257669
6206.689693511159 1072.8239985473542 -2885.3298710654863
6328.8527677825095 2465.760419128864 -1365.549320767531
5888.669499923476 3639.603205659379 275.56627929507744
4925.252104995785 4490.051275231477 1892.196606139632
3524.204446426348 4941.538584733789 3340.6969607606584
1810.01575707546 4953.948505397603 4492.361730010949
-65.00077541490478 4526.178361311903 5244.86044514503
-1934.2417037584562 3696.2374070170567 5531.330293037018
-3631.616768443137 2537.86953843807 5326.317170549491
-5006.306746163997 1154.000824111793 4648.037393300715
-5936.164399672859 -332.40592768598304 3556.7590960810576
-6338.567795842405 -1789.2769540694906 2149.447144594379
-6177.761627004746 -3087.1628709713164 551.1473816170934
-5468.034226947347 -4110.740818996256 -1096.1242448873554
-4272.447989752707 -4769.061405564418 -2646.000421971537
-2697.2359993393525 -5003.629957566914 -3960.7678497819497
-882.3627537595078 -4793.604029771195 -4923.603672595801
1394.3674518492908 -4039.8852689296496 -5452.902270476529
3100.5302367470044 -2876.8039417875984 -5487.238657083585
4531.197303656921 -1458.1059597715598 -5034.009808658548
5559.247605305087 90.15113556280991 -4133.48709734601
6093.334360865601 1630.397906880666 -2865.6859179249373
6086.0016183058 3025.7766692888213 -1343.255968840704
5537.900923981337 4152.301896228444 298.52816785673195
4497.733429883217 4909.8768776114375 1913.7867667708135
3057.9225825619064 5231.187751778875 3358.9970129424287
1346.4018943077663 5087.684637511429 4505.745633798498
-484.75251084303443 4492.1184162648005 5252.138981952548
-2272.834528104071 3497.4077603960704 5531.85673292782
-3858.9652233730076 2191.937076894996 5320.044737029031
-5102.209923755304 691.7031649543773 4635.523419613428
-5892.100881732483 -869.9916086817715 3539.1155037057147
-6158.452819308911 -2354.3838099912805 2128.2416441411524
-5877.5991979646815 -3629.578677739874 528.2641748600412
-5074.495094462052 -4582.269551827606 -1118.6518846065335
-3820.4998327615385 -5127.805667276742 -2666.170815002883
-2227.036394932804 -5217.713746183814 -3976.7887681883144
-435.69100022603214 -4844.005061182821 -4934.0515874701605
1764.7694572094279 -3886.9646161279184 -5456.754675091216
3359.8745332032577 -2575.548187950176 -5484.2384522318425
4656.4400123554615 -1035.2830006659885 -5024.42357570763
5539.260361959457 596.9716244919834 -4118.1666151621075
5929.893119759644 2176.182701047014 -2845.9924785829126
5793.628850961854 3562.030394593533 -1320.9394208493477
5142.575233834662 4631.376055867508 321.4849012738623
4034.5812393615533 5289.203630118592 1935.3438791056371
2568.0969963030398 5477.062250545818 3377.23906016214
873.4260652149445 5178.259854320249 4519.051729953744
-898.8526047346421 4419.346345619252 5259.326822007078
-2591.264276203881 3267.7545201279763 5532.2876457494785
-4053.430745156412 1825.8083652188332 5313.680434122589
-5155.4321042139745 221.6311246319405 4622.929397221398
-5799.350696570975 -1402.23901399067 3521.410795985577
-5927.971529506295 -2901.5140625956446 2106.9993920696975
-5529.866077570405 -4142.9768536542615 505.3718457538863
-4640.407757224816 -5016.31797011123 -1141.1602068449656
-3338.628843555771 -5443.937221174998 -2686.2951671665674
-1740.1981058054296 -5387.8387598123645 -3992.7410132732507
12.856870379314348 -4853.007180499449 -4944.414298495262
2118.91172839205 -3700.282321061128 -5460.512849539377
3590.0863698080716 -2251.0935277979584 -5481.14354260897
4742.266082432127 -601.8851958286864 -5014.750578315503
5473.074642540157 1100.8032771196329 -4102.775018268266
5717.576502466027 2705.6805481002552 -2826.2498931162845
5454.046598976588 4070.1462286986557 -1298.600062167553
4705.900720478803 5072.96155533466 344.43608311728514
3539.6149114613104 5625.021985454074 1956.8675708842977
2058.8187842163006 5677.274527163491 3395.4227874063386
395.087573016239 5225.07631282553 4532.2797886998615
-1303.7489028595605 4308.607138223303 5266.423841185141
-2886.7415673084756 3009.299311378933 5532.623024060762
-4213.234575245317 1442.6020346260366 5307.224371732346
-5165.36320169622 -252.2767636581493 4610.255543604964
-5658.526639853354 -1924.7396643929417 3503.645278655077
-5648.905154024372 -3426.1809993655374 2085.7207552026257
-5137.353655448366 -4623.191116996844 482.4707896156416
-4169.325739680587 -5409.410415342936 -1163.648822916885
-2830.8349351575544 -5714.979859479195 -2706.3731309444825
-1240.8120237312694 -5512.748263324705 -4008.6243095648074
459.46248121740894 -4820.684791676533 -4954.691626722261
2453.733980863893 -3481.5282527234344 -5464.17672892284
3789.106584991751 -1906.244530655055 -5477.953981659521
4787.800440822705 -161.5826166216696 -5004.990983520666
5361.07721657041 1597.4366219922035 -4087.312572454835
5457.998754925976 3214.5166065069216 -2806.4585024506027
5069.953151873338 4545.972683859731 -1276.2382785633367
4231.419962153828 5473.499138579046 367.38131705368227
3016.906539516285 5914.681174780292 1978.3574704241548
1534.327731366431 5830.31783245149 3413.547880668683
-84.58282900165376 5227.905164780995 4545.429581607643
-1695.9778338273288 4160.970180935766 5273.429916931607
-3156.6777654413004 2724.3147363975227 5532.862862070175
-4336.893024743613 1045.5919720720522 5300.676661345063
-5131.756306655892 -726.0362274768136 4597.502077623052
-5470.640520380173 -2433.152922056854 3485.8192584986837
-5323.43431635818 -3924.0733017964167 2064.4061009908514
-4703.21761182105 -5066.322548159325 459.5614019130226
-3665.0993827430807 -5758.406802927977 -1186.117344476779
-2301.3209894846646 -5938.831342904446 -2726.4043596195847
-733.0601271297218 -5591.564655931769 -4024.438382781719
900.3363445020609 -4747.462911102243 -4964.883394676741
2766.348495043873 -3232.668201060499 -5467.746249971769
3955.1448646395625 -1543.9870987459733 -5474.669824462554
4792.509256144651 281.884032967874 -4995.144959857039
5204.038168660837 2082.7085313248426 -4071.779544735624
5153.16545234616 3698.475236857752 -2786.6186483542288
4644.411371296411 4985.616187104613 -1253.8544561920287
3722.9809582433836 5829.7632601109435 390.3202068524642
2470.7473490176058 6155.910283961737 1999.813206626096
998.9769951354436 5935.077664315208 3431.6140269553116
-561.5568487028155 5186.887348534947 4558.500881599414
-2072.1939021822077 3977.8193295571323 5280.344928261797
-3398.707433779544 2415.304606775569 5533.00715563607
-4423.2308949036615 638.1794702923064 5294.037416030108
-5054.730879986523 -1195.6507127309046 4584.669219509332
-5237.095844061478 -2923.2420829012394 3467.9330433456716
-4954.121859775007 -4391.090565569217 2043.055797507256
-4230.952407441833 -5468.771381502821 436.64407825762413
-3131.8442664786276 -6060.527860881982 -1208.5653835261799
-1754.458018566605 -6113.77984363332 -2746.388507281852
-221.18047639275292 -5623.7956573969095 -4040.182959838068
1331.7499217431262 -4634.112547380045 -4974.989426361785
3054.064864806868 -2955.926500722362 -5471.221351045762
4086.6955791766704 -1167.4627989847263 -5471.291127730654
4756.205457168462 724.7350957687983 -4985.212677351037
5003.1056080269755 2552.5370968156913 -4056.1762033432806
4805.45786984496 4153.534975185964 -2766.7306734323884
4180.824111522702 5385.473043522943 -1231.448981589451
3184.7057836472395 6138.888198183723 413.25235639254396
1905.6123710435868 6346.836196368752 2021.2344089809642
457.19693663053044 5990.839945874522 3449.62091429035
-1031.8424519778048 5102.531275821285 4571.493462952953
-2429.1981105619298 3760.8403098216254 5287.168755763589
-3610.7088566623033 2084.982178118451 5533.055902266704
-4471.392275513393 223.86423009588404 5287.306750437533
-4934.772868303319 -1657.1450371827052 4571.757190868487
-4959.677235850456 -3390.9096956464 3449.9869420647924
-4543.892515807226 -4823.377146889798 2021.6702134403315
-3724.3630051906557 -5827.266371590081 413.719214398083
-2573.907497465044 -6313.377406637316 -1230.9925524203095
-1194.7490131826548 -6238.517153304413 -2766.325228834317
290.5681639906865 -5609.337273618818 -4055.857768848071
1750.0670846560683 -4481.7431610010235 -4985.009547261021
3314.413016319908 -2653.766446431427 -5474.60197213491
4182.551179312505 -779.9418237522713 -5467.817949808965
4679.051315199652 1163.1840526855801 -4975.194307518644
4759.797208052822 3002.9559214932065 -4040.502817724672
4417.614230944495 4575.901978421123 -2746.7949211213186
3682.9068430360076 5742.25906355126 -1209.0222416653567
2620.957019953297 6398.39123139602 436.1773696692856
1326.1236637673132 6485.998259453812 2042.6207075759392
-86.54159954227845 5997.29587882458 3467.5682317211786
-1491.5172619509444 4975.707440662329 4584.407101305408
-2763.9650702195836 3512.005560864778 5293.901281599468
-3790.8224525382957 1736.2465748018274 5533.009101120296
-4480.848624198646 -193.78553882484465 5280.48478079608
-4772.731731718646 -2106.598956913121 4558.766214672346
-4640.536680087219 -3832.2318130223957 3431.9812645589627
-4096.009579770251 -5217.354055072313 2000.2497180878136
-3187.5340532487185 -6138.891493347916 390.78720621324425
-1995.8321378332378 -6514.961482357965 -1253.3984638747859
-626.7917784061992 -6312.14855322295 -2786.2141799989777
797.9417811626338 -5548.473524726405 -4071.4625391307122
2151.7747117653466 -4291.7922744829 -4994.9435843416295
3545.1643011698047 -2328.8686704886914 -5477.888054860834
4241.8130328972065 -384.7948120232056 -5464.250350674189
4561.558061761798 1593.469754134765 -4965.090023362437
4475.988638771011 3430.1475398110197 -4024.7596585362453
3992.707982672814 4962.041663620508 -2726.811735682273
3154.657700603758 6053.03661005614 -1186.5746236967316
2036.3022378487499 6606.192690374654 459.09485080125387
737.0123850957119 6572.359559354259 2063.9717331009583
-627.7642523986887 5954.54343916036 3485.4556693239097
-1936.761281169385 4807.640003313603 4597.2415736571265
-3073.668570771304 3233.5566551917755 5300.54238950857
-3937.4669192878428 1372.1576080264992 5532.866753005033
-4451.404052736684 -611.1636642264016 5273.57162491118
-4569.814401434943 -2540.180362865244 4545.696515256068
-4282.176686265518 -4243.49088886558 3413.916321759871
-3614.048780498547 -5569.748627137155 1978.7946813503152
-2624.796780592421 -6401.109757448359 367.84844970532515
-1402.3200679997112 -6663.704195002781 -1275.782730972313
-55.24106338497046 -6334.199271647003 -2806.0550173227593
1296.7463521329328 -5441.87294582973 -4086.9970012144536
2533.5121635861897 -4066.012327509411 -5004.791366057319
3744.3504844149475 -1984.1076702521902 -5481.079542477699
4263.89960719302 14.536227827584309 -5460.588391933539
4404.582538056777 2011.888518273733 -4954.899999368626
4153.898981222091 3830.475684843899 -4008.9469976393175
3534.1232708203897 5308.70827705003 -2706.7814621956195
2600.3251985617826 6315.238841957701 -1164.1065153210589
1435.4768210717693 6760.632721788255 482.00440403709746
143.08002854325093 6605.3147157398835 2085.2871168550764
-1162.030052417682 5863.085510251834 3503.2829182086766
-2363.8886637364026 4599.895427450956 4609.996658375564
-3355.705393527621 2927.9844496124565 5307.091964808678
-4049.352972833348 995.909204177767 5532.62886037906
-4383.197770210004 -1024.6569445236855 5266.56740216291
-4327.5762103569095 -2954.177827071244 4532.548318314226
-3887.430512958209 -4621.207045487677 3395.7924256226406
-3101.8695547753555 -5877.621738079434 1957.3054737248808
-2040.6938743203837 -6611.783945724681 344.90334099307654
-798.19358769446 -6758.460134456355 -1298.144967169374
515.2297020129589 -6304.617481227792 -2825.8473981834395
1782.8725716482263 -5290.581897434031 -4102.460886841863
2892.0993892851266 -3806.454894717027 -5014.55272235131
3910.2804663878655 -1622.526689113682 -5484.176379873175
4248.551923549001 414.5676442945026 -5456.832136823686
4209.32089783979 2414.8258232070207 -4944.624411504005
3796.0732380570093 4200.516130438996 -3993.0651080953758
3045.5278122798327 5612.972145820072 -2686.704446554848
2024.37387530294 6526.69095392246 -1141.6183045296848
823.3454356869496 6860.484628857356 504.90563376236076
-450.8408590817616 6584.694137777368 2106.5664907527466
-1684.9679650385463 5723.824676101577 3521.0496705249834
-2769.37827294151 4354.3682733633195 4622.672135199078
-3607.7171680772562 2598.007140706295 5313.549894398215
-4125.49456062332 610.8016724309621 5532.295427350433
-4276.703657023318 -1430.6762048988398 5259.472233503966
-4047.908865491922 -3345.0322230042843 4519.321850896933
-3459.4396073061002 -4962.167448663663 3377.609889120429
-2563.5839585104713 -6138.392320396098 1935.7824662987198
-1439.942624898268 -6769.19409657034 321.95227630491314
-188.35606997974338 -6798.52327114529 -1320.4847863028522
1079.966748343479 -6223.77381825102 -2845.590980795571
2252.3297817203816 -5096.014749023599 -4117.853928974281
3224.563429804971 -3515.452405853069 -5024.227484659292
4041.5545966333807 -1247.3111684392295 -5487.178513569421
4195.836234795103 811.8042630565606 -5452.981650209655
3977.299410371247 2798.787323235487 -4934.263437212937
3405.362079244927 4537.085847469065 -3977.114264161409
2530.8433831923603 5872.24438348171 -2666.581035460673
1431.4481461198889 6685.628236101994 -1119.1103796611121
204.86245945794542 6904.964680548341 527.7981445063451
-1039.9261557509192 6510.764711189574 2127.80948733039
-2192.3127683805624 5538.054725221279 3538.7556194670146
-3149.902770733468 4073.264273564212 4635.2677852407405
-3827.610088786069 2246.5464159751396 5319.916066758188
-4165.2174532598265 220.21305052009717 5531.866459677052
-4132.726968255721 -1825.6872108627226 5252.286241457499
-3733.025555948516 -3709.3671516640006 4506.017341405926
-3001.6284408824545 -5263.45354275033 3359.3690262390232
-2003.5234664145496 -6349.8589882778515 1914.226030742651
-827.396639637774 -6872.051596799707 298.9956519721889
422.24800954114613 -6783.6322634441885 -1342.8018025967822
1634.3740700674618 -6092.457434001806 -2865.2854242163735
2701.27882213583 -4859.94102523927 -4133.175861796385
3528.1630964905576 -3195.597528884338 -5033.815485912254
4137.076459120815 -861.76100001176 -5490.085891723979
4106.1438994427335 1202.769642697455 -5449.036998583716
3710.3624347834584 3160.428924385404 -4923.817255414284
2984.8989851363076 4837.270226827824 -3961.0947412851533
1994.2141616463775 6084.298841605804 -2646.4115764149115
826.3346584294432 6790.71080380145 -1096.583129394262
-414.9683054988641 6893.738310535811 550.6815409488644
-1619.3995144251712 6384.226915706785 2149.01573975253
-2679.9399698770985 5307.448942698845 3556.4004592789606
-3502.3559982825946 3759.0808397760593 4647.783390992098
-4013.572326404535 1876.701907784635 5326.19037195412
-4168.165140053391 -172.4302244841418 5531.341964766562
-3952.3981893170617 -2206.2411746099433 5245.009550115091
-3385.4433146461456 -4044.017914441704 4492.6350195906025
-2517.6769446956387 -5522.46591569501 3341.070151971442
-1426.2039295656418 -6510.218585396313 1892.6365393047643
-208.00643650085715 -6919.50976416147 276.0338644221765
1028.6733412682204 -6713.972134612428 -1365.0956306689568
2173.950978407009 -5911.868617121662 -2884.930388351645
3126.0635308876263 -4584.469629191499 -4148.426420720839
3800.411620145004 -2849.720396094121 -5043.31656053946
4196.0620296419365 -469.26181861251683 -5492.898464130684
3980.1884507908726 1584.0362057882564 -5444.9982500642245
3410.6576613177203 3496.585661876349 -4913.286046498314
2538.074971211853 5098.4481373933195 -3945.0068161003355
1439.9731817552859 6247.291121731726 -2626.1964177146133
213.92345588151483 6841.034874118768 -1074.0369427417684
-1031.134307834949 6826.922656553286 573.5554279271698
-2184.571263241888 6206.208401496433 2170.1848818182248
-3143.8994750767133 5034.045294469638 3573.983885260259
-3823.8784217753687 3414.585171485312 4660.218736326967
-4164.088989885222 1491.724171354318 5332.372701637941
-4134.301977440231 -563.683067725225 5530.721951676222
-3737.164091214279 -2569.0045925549884 5237.6422851345515
-3007.962775209444 -4346.058785445286 4479.175116544084
-2011.4907664000448 -5736.946582883902 3322.713582312452
-836.288975714148 -6618.081500257897 1871.0143648039507
413.2207604576443 -6911.170833361667 253.06731017135388
1626.0140186733586 -6590.172308747607 -1387.3658855375957
2694.328795684941 -5683.6080540065 -2904.525533961603
3523.2406353327615 -4272.030281563773 -4163.6053423927815
4039.0970830443966 -2480.863871108005 -5052.730544471258
4218.046128910784 -73.25558242330877 -5495.616182220529
3818.999883085124 1952.2549861116245 -5440.865474394463
3080.618738242412 3804.2991318006348 -4902.669992323593
2068.5110994341844 5318.314604737429 -3928.8507664218687
872.6071719298095 6359.774486004046 -2605.935908445982
-400.83173217404766 6836.140494778582 -1051.4722090432765
-1638.654977853157 6705.085420683602 596.4194104427125
-2730.876537631073 5978.254082178176 2191.3165479673735
-3580.4477327861896 4720.228633335286 3591.505593770876
-4111.880434347176 3042.7901560383693 4672.573606505138
-4277.954514626335 1094.9864203127888 5338.462949049876
-4063.9135627867795 -950.1116641263002 5530.00643111275
-3488.7760567026926 -2910.788157711441 5230.184573737757
-2603.645487739017 -4612.82834970049 4465.637864699204
-1487.1695912797077 -5904.99849975485 3304.299634253146
-238.55215029892437 -6672.483619446906 1849.359880623572
1031.2616961047686 -6847.089287839028 230.09638581845402
2209.4434151921423 -6413.301025050234 -1409.6121826279923
3191.306390856967 -5409.662821877751 -2924.0705226667633
3889.607788876739 -3925.3523370671364 -4178.71236469448
4242.300465592171 -2092.257070983107 -5062.057275141915
4202.886118125246 322.7893051479401 -5498.238999062497
3623.91620075635 2304.184735845549 -5436.638742941414
2722.9454256559334 4080.8432410151454 -4891.969276213824
1580.0290000368232 5494.90091573492 -3912.626871241077
296.720063921374 6420.71253011617 -2585.6303984783412
-1012.9537520080327 6776.015659363759 -1028.889317958707
-2232.6221817972178 6529.24006122194 619.2730936679789
-3253.91233303264 5702.312830542495 2212.4103732870367
-3986.0780939190554 4368.710080681633 3608.9652822365692
-4364.0633235451505 2646.9282683838196 4684.847788176074
-4354.282375497809 689.9552635867398 5344.461009020242
-3957.604329934018 -1328.3232941988476 5529.195415432139
-3209.2757719950455 -3228.574498044109 5222.636544708467
-2175.7889780395635 -4841.952689372322 4452.0234978244725
-948.9737850926062 -6025.102135690412 3285.828625775453
362.1618931627071 -6672.894816527197 1827.6734607048484
1641.1178978892049 -6727.771509398956 207.12148803776356
2774.2533754609763 -6184.856179321647 -1431.834137779157
3660.884266012637 -5092.3892359173105 -2943.5650169537935
4222.229524003082 -3547.4411613196553 -4193.747226749762
4408.411159836778 -1687.2873718496128 -5071.29659149245
4150.762807433987 715.4080748673765 -5500.766869364383
3396.5723002723407 2636.720141755435 -5432.318128694547
2340.581438619449 4323.748052992794 -4881.184082954739
1076.6196446727881 5626.5919752659 -3896.3354107208966
-283.00452937056497 6429.488508644472 -2565.2802384581664
-1617.48250903441 6661.096772684391 -1006.2886594615375
-2808.240069565482 6300.8373567295885 642.116082953309
-3749.473176157099 5380.720890860051 2233.465993517739
-4357.549136755137 3982.5037609328906 3626.36264915404
-4578.43773376306 2230.4236949169667 4697.041069382624
-4392.512045983085 280.16069555450906 5350.366777971345
-3816.2923866958945 -1694.995811072946 5528.288918639446
-2900.978401327481 -3519.544501519969 5214.998328390103
-1727.8997542670934 -5031.366217740296 4438.332251020082
-401.28963127689366 -6096.128965727426 3267.300875846649
960.9768364827996 -6619.223902688342 1805.95547954051
2237.856295143598 -6554.171747909746 184.14301357212562
3315.8924013103037 -5906.752670820398 -1454.0313672504626
4099.296916066454 -4734.492697571517 -2963.0086801812768
4518.460910361894 -3141.552271164406 -4208.709668928576
4536.139823832573 -1269.4711389892898 -5080.448333973391
4062.178571673873 1101.1696134053354 -5503.199749473566
3138.8862770689966 2946.918906825759 -5427.903706264544
1936.69016197097 4530.821523034134 -4870.314598790828
562.4106269570727 5712.140763738125 -3879.9766661909875
-861.8415603603712 6385.911230267148 -2544.8857798029107
-2209.515342910416 6492.265459877079 -983.67062383203
-3360.8639909444596 6021.753412539235 664.9479838337122
-4213.585124474414 5016.182148467681 2254.4830450596983
-4691.910728681059 3564.9010873519924 3643.697394096239
-4753.339474533295 1796.862920314346 4709.153239564679
-4392.41314838654 -130.8344025962975 5356.180153919197
-3641.2016382180377 -2046.9065146789135 5527.286956388538
-2566.453383343659 -3781.1020002310383 5207.270056683472
-1263.6644826640384 -5179.329979969804 4424.56436071383
151.40655280053642 -6117.351761873015 3248.7167044138723
1553.0244516120704 -6511.819994177769 1784.2063121683054
2816.6493125623197 -6327.684443348463 161.16135922614717
3830.0025214294815 -5581.306361141845 -1476.2034877282174
4503.043198578409 -4339.004715588238 -2982.401176585626
4775.968726254059 -2711.163459646037 -4223.599432851424
4624.528473608495 -842.4234325694266 -5089.51234454754
3937.952691698188 1476.7061691705649 -5505.537597377766
2853.0432721911016 3232.027463232796 -5423.395551882016
1514.6284375756588 4700.168933667884 -4859.36101142218
41.63221944418886 5750.679767994957 -3863.5509201429177
-1435.0632040848566 6290.217468493171 -2524.4473746950293
-2784.2469642598426 6270.841742751081 -961.0356016506346
-3886.0381631937785 5694.274209029836 687.7684020356799
-4642.537817730363 4611.74542292551 2275.4611649792164
-4986.527613719958 3119.442817682805 3660.9692177174975
-4887.442548214535 1349.9640286396675 4721.184089562779
-4354.086764111896 -539.4649885676868 5361.901036475294
-3433.8512634228805 -2380.9601741376664 5526.189545981841
-2208.5030087706655 -4010.8965995639105 5199.451863044521
-786.9195699333641 -5284.447260589078 4410.720064657021
704.5851260321695 -6088.451592096073 3230.076432398555
2133.484341528844 -6351.470280915604 1762.4263341645353
3372.814110638871 -6050.13296230755 138.17692185940626
4312.454544667699 -5211.214779427272 -1498.350116332366
4868.914467507742 -3909.2572943554887 -3001.7421712868277
4992.749973030509 -2259.9451431871703 -4238.416261393887
4672.957733127146 -409.826948440761 -5098.488466692703
3779.2139634002497 1838.7424869016286 -5507.7803727057735
2541.476994477218 3489.5050940402502 -5418.793743396195
1077.9186415068045 4830.209860132508 -4848.323510001202
-481.4175131295477 5741.729283125165 -3847.058456225313
-1997.9776090583541 6143.070862148204 -2503.965376075863
-3337.0086264420274 5998.573636646932 -938.3839837909899
-4379.531783145171 5321.076819222757 710.5769434839981
-5032.91432165719 4170.778975249635 2296.3999910148727
-5239.1003361092535 2649.8891161635183 3678.1778217587025
-4979.769294284877 893.5449802594412 4733.133411621757
-4277.963897305681 -942.1945483982726 5367.529326848371
-3196.0426345155265 -2694.215956678121 5524.996706370023
-1830.1389580465964 -4206.844453835117 5191.543882482011
-301.6194037226692 -5345.676359836076 4396.799601920386
1253.7003582569384 -6009.5214621512705 3211.3803816909085
2697.6233416320206 -6139.394210203775 1740.6159216375138
3901.8506527780664 -5723.754840391949 115.19009837945103
4759.381410435223 -4799.5347347268935 -1520.4708706230526
5194.020243573899 -3448.8549054700866 -3021.031330294177
5167.147584488622 -1791.7291828117886 -4253.1598986910385
4681.15118686785 24.59954061331294 -5107.3765454043905
3587.3906399475813 2184.124120729686 -5509.928036728141
2206.849074186448 3717.0462543940616 -5414.098360273579
630.2192835862061 4919.692516366708 -4837.202285129397
-1002.4082560324591 5685.202508545175 -3830.4995592388705
-2545.967423106436 5945.55730873912 -2483.4401376395504
-3863.3062118434186 5677.623250403105 -915.7161614133997
-4837.373289818044 4905.207450429522 733.3732143085149
-5381.618522529306 3696.9424423369355 2317.299161583776
-5447.683332669941 2160.1878744780233 3695.322909052443
-5029.697571938315 431.4911341434041 4745.000999394312
-4164.801109475725 -1335.5454870275248 5373.064927846092
-2929.843791507583 -2983.913030731223 5523.708458151682
-1434.556995256303 -4367.146806967782 5183.546251555192
188.19648547318835 -5362.340424497165 4382.803212889972
1794.2278825817189 -5881.066563066623 3192.628875144372
3240.8342584834786 -5877.234128872093 1718.7754512211575
4399.478288352105 -5351.183650510116 92.20128573509339
5167.209365508178 -4349.657021517654 -1542.5653686072128
5475.811214614038 -2961.6442780079 -3040.268320512149
5297.863207099724 -1310.4764434353224 -4267.830090141793
4649.176804344856 457.13297406763377 -5116.176427198479
3364.1977955791103 2509.844682626607 -5511.980552357851
1852.0264227157234 3912.600898187123 -5409.30948359656
175.2943747099539 4967.705353777475 -4825.997528854032
-1517.0133477554741 5581.407388268816 -3813.8745151315034
-3074.5277769694057 5699.176882709585 -2462.8720138269027
-4358.856920856682 5310.549500695805 -893.0325259579786
-5255.882498797321 4450.05649058257 756.1568208510184
-5685.899851659372 3194.1564325298214 2338.158315787845
-5610.700050540972 1654.4415581221726 3712.4041835281582
-5036.964927780391 -32.277709121809345 4756.786647944565
-4015.673366830005 -1716.1289602619493 5378.507743876732
-2637.5716047444607 -3247.494622174911 5522.324823572979
-1025.1100307850547 -4490.306135512198 5175.459108371444
678.4370680309157 -5334.134243325339 4368.731139262884
2321.7020560802794 -5704.001115156444 3173.8222365700026
3758.6736278252542 -5567.042456309298 1696.9053000683996
4861.670553070416 -4935.427644655658 69.21088090948042
5532.686714585473 -3865.2784280068718 -1564.633228745219
5712.09938171387 -2451.682260534662 -3059.4528097460893
5383.9669516417325 -820.2433651836042 -4282.4265824134645
4577.445430766417 884.0777527427657 -5124.88796011391
3111.622221387021 2813.071792428129 -5513.937884150968
1480.0567903327092 4074.392633033139 -5404.42719606203
-283.01818166492706 4973.685808015599 -4814.709434664865
-2020.9457462167964 5431.045172295204 -3797.1836109933847
-3579.303412442959 5405.832339267204 -2442.261359819342
-4819.624262959256 4900.28757979084 -870.3334691379104
-5631.700347138929 3959.33076429221 778.9273696719631
-5943.375141165398 2666.570035149345 2358.977093420018
-5726.95497182711 1136.8728563336051 3729.4213502172397
-5001.669720914048 -493.84046485171604 4768.490153751623
-3831.964165831723 -2080.673893551797 5383.857680950821
-2321.7717783174894 -3482.6303159228073 5520.845826527255
-605.2797793721076 -4575.13975145267 5167.282592583883
1164.9939841970263 -5261.1279423958495 4354.583624043281
2831.7529197783606 -5479.64182757747 3154.9607907309614
4246.898181494407 -5211.265489366748 1675.0058458447877
5284.687902578963 -4479.845343163865 46.219280913234144
5852.909912048501 -3350.3712787434065 -1586.674069957421
5901.075190760438 -1923.202023344377 -3078.584466707924
5424.904042331371 -325.1478283381533 -4296.949123445995
4466.7063629419035 1301.7971781036401 -5133.510993715245
2831.9049846186476 3091.1715068927424 -5515.799998307232
1094.1427295035867 4200.934544787414 -5399.451581979948
-740.8389086941798 4937.426112880139 -4803.338197490752
-2509.9937587364575 5235.205703305844 -3780.4271350520125
-4056.1246483887976 5067.814292671004 -2421.60853153269
-5241.851063021964 4450.125342395636 -847.6193829326832
-5961.816007221142 3437.023226394993 801.6844675573182
-6152.047436180091 2118.5265136011844 2379.7551349704754
-5795.642452618945 611.7894230734237 3746.374115258124
-4924.269203384618 -949.3078424880779 4780.11131471308
-3615.3530256300983 -2426.0549402756633 5389.114646682784
-1985.1968658329372 -3687.2364100529917 5519.271492554626
-178.64725261356023 -4620.790743626656 5159.016845388994
1643.7759529811085 -5143.767541622919 4340.360911538016
3320.142451561443 -5209.698020493923 3136.044863336752
4701.499723115364 -4812.723967860848 1653.0774667218298
5665.108112078798 -3988.118270392064 23.226882777674433
6125.346784366556 -2809.150763030181 -1608.6875116307701
6041.321514221727 -1380.5778826179921 -3097.662961021952
5420.498315635507 170.66540123104676 -4311.397462456325
4318.040054240031 1706.744315227914 -5142.045379095319
2527.521803010612 3341.731018428054 -5517.56686267066
697.6141852916787 4291.042552626356 -5394.382727271887
-1194.2795142198736 4859.0761250937385 -4791.884013696317
-2980.056237883673 4995.359460142182 -3763.6053766671885
-4501.041887050074 4687.783185383078 -2400.9138856110517
-5622.090212055121 3963.6768026050104 -824.8906595813035
-6243.591149582542 2887.3803416063383 824.427721525277
-6310.32161392109 1554.527466196031 2400.492081632856
-5816.352310472467 83.54800348277931 3763.2621859013743
-4805.574579596661 -1394.8550659843 4791.649930148473
-3367.8004584070004 -2749.319141618038 5394.278550292505
-1630.782487139009 -3859.4941463306754 5517.601848841535
251.13766468236307 -4626.736159030747 5150.662009524102
2110.7431328972075 -4982.872359903729 4326.063247352526
3782.7998109104783 -4896.258484624084 3117.074781037804
5118.738125180794 -4374.590556109144 1631.1205413705188
5999.854093816539 -3464.221059109446 0.23408354784981567
6347.856696290668 -2246.0403185241353 -1630.6731736253244
6131.824374189085 -828.2890390523892 -3116.6879632304986
5370.95254737276 663.0593564257341 -4325.7713499427955
4132.848016685333 2095.4920182973783 -5150.490968877787
2201.161404340086 3562.5794290709578 -5519.238446730091
293.899946322035 4343.846176679337 -5389.220719469539
-1639.4758116853666 4739.143128834788 -4780.347081078547
-3427.176949103475 4713.3464166062095 -3746.718626326076
-4910.358374675398 4268.748191082111 -2380.1777794206773
-5957.232909904636 3444.852955687467 -802.147691575579
-6474.781158202802 2314.8674176918075 847.156738833149
-6417.016686485546 979.1957510058954 2421.187575310433
-5789.072121560158 -443.4817552866706 3780.0852705147263
-4646.74309370958 -1826.7539614343968 4803.105800802813
-3091.530550086709 -3047.711061530956 5399.3493026069345
-1261.6219501302787 -3997.8656591507847 5515.836924220285
680.3872966319512 -4592.792348610589 5142.218229265017
2561.9411462579624 -4779.6292827591005 4311.690878386545
4215.855282145428 -4541.775180076836 3098.050871419655
5495.172175238086 -3900.364421392654 1609.1354489548185
6286.2189053949505 -2912.389167400397 -22.758719724261333
6518.7074991901845 -1665.6353550752428 -1652.6306762808708
6171.980324805688 -270.8825319313175 -3135.659144799624
5276.84561327268 1147.939392923113 -4340.070537689424
3912.840011944839 2464.76186506728 -5158.847617219678
1855.7020585846635 3751.8064219214825 -5520.814721619712
-113.5018001551429 4358.796622218657 -5383.965647713247
-2072.6205258567356 4578.4886143677995 -4768.727598863384
-3847.577822290615 4391.36180076402 -3729.767175638121
-5280.660944396785 3814.0432199885126 -2359.400571043771
-6244.5341677944625 2897.830161464023 -779.3908716532869
-6653.553126696755 1724.1321761752658 869.871126984072
-6471.374691655077 397.23748080390845 2441.841258622327
-5714.186216099762 -964.9535079848723 3796.84307858815
-4449.267218950823 -2241.404142960446 4814.47872884998
-2789.0113041104955 -3318.6961835939323 5404.326816061599
-880.9394955254401 -4101.107504456773 5513.9767491685425
1105.4076531763455 -4519.117426134778 5133.685650423456
2993.5344808918335 -4535.5839326805335 4297.244052829838
4615.672633070379 -4149.043902725376 3078.973462997382
5827.688016254908 -3393.8431142338013 1587.122569125116
6521.887744807566 -2337.0844714073523 -45.75112998660184
6636.589126401112 -1072.6656171700918 -1674.5596404234723
6161.600439922238 287.0642844682655 -3154.5761781247834
5139.126514618119 1621.287264670744 -4354.294778770157
3660.0186458049375 2811.451756505256 -5167.115179813903
1494.1864856780558 3907.7786703575302 -5522.295660119563
-521.0535576021748 4335.672107269339 -5378.617602750387
-2489.9957056835747 4378.322050666618 -4757.025767702271
-4237.690808148824 4031.938865912322 -3712.7513173300704
-5608.848485510256 3327.300219049433 -2338.5826192722907
-6481.635360907931 2327.0163461074962 -756.6205927913871
-6778.500490300657 1119.9668588708794 892.5704937338057
-6473.066104170734 -186.5965986700211 2462.452774909655
-5592.47138810251 -1476.5801295534272 3813.535320738792
-4214.961047044954 -2635.3630360608104 4825.768517896151
-2462.9329199055333 -3559.9823717140175 5409.211004702128
-492.0623944294326 -4168.281650915106 5512.021355808807
1522.5300341719915 -4406.210813229657 5125.064420344571
3401.8389877242385 -4252.628808451082 4282.723020157948
4978.879618492653 -3721.182071687491 3059.842885209892
6113.52494570467 -2859.091977715926 1565.0822820116173
6704.9567527285135 -1742.959014605807 -68.74275019387582
6700.62372805436 -471.9564941983104 -1696.4596873720511
6100.910879939674 840.981431865671 -3173.438736536508
4959.105326735931 2079.194467122159 -4368.443827553178
3376.66150257645 3132.661949580198 -5175.293513891759
1119.795355702418 4029.153844844008 -5523.681236656003
-925.2089966009949 4274.580384005187 -5373.176676933879
-2888.004469343607 4140.191697360467 -4745.2417896687175
-4594.188071186174 3637.9288094732674 -3695.6713452408935
-5892.157901641589 2812.419982076736 -2317.7242836018336
-6666.583645227079 1737.0152971708956 -733.8372481992831
-6848.654176113693 507.2691803453258 915.25444709752
-6422.191728628789 -767.5500292680399 2483.0217682417006
-5425.0893627310115 -1974.1690504431344 3830.1617087160735
-3945.943999342053 -3005.3744879881665 4836.974972983205
-2116.184195121534 -3769.53921340674 5414.001784185732
-98.39213844309474 -4198.763837363756 5509.97077790786
1928.1424915228072 -4254.909868399397 5116.354687904389
3783.353199602984 -3932.9884852633377 4268.128031127864
5302.396372926347 -3261.603815575952 3040.6594684142888
6350.298359331991 -2300.411333562055 1543.0149682178123
6833.948468685655 -1134.817209372299 -91.73318331448809
6710.372266307706 131.61040393348262 -1718.3304389448504
5990.550040084679 1386.3438552870045 -3192.246494306006
4738.441153704256 2517.8945712285076 -4382.5174397051105
3065.300976510705 3425.7193049180223 -5183.382478225397
735.8196103482419 4114.8920978296965 -5524.971427302158
-1322.4435573624862 4175.958428253769 -5367.642964220546
-3263.2018115535984 3865.9725264357785 -4733.375868254774
-4914.010264462891 3212.478000102979 -3678.527554316708
-6128.187340595818 2273.540705733521 -2296.8259242253075
-6797.848078409605 1132.589342390603 -711.0412313119601
-6863.490182591771 -108.99755431020247 937.9225953565291
-6319.281064120083 -1340.899539982665 2503.547883422083
-5213.5760913931645 -2453.656717086928 3846.721955406621
-3644.6220035441165 -3348.3957271828863 4848.097900592048
-1751.8272565199566 -3945.615082726021 5418.699071782659
296.6250300133043 -4192.249223122355 5507.8250508761785
2318.720880912356 -4066.383622661575 5107.556603507231
4134.788206003397 -3579.201992296702 4253.459337773677
5583.461453771834 -2773.9925578470397 3021.4235438800865
6536.019648755635 -1722.301711166844 1520.921008813931
6907.82381509771 -517.5767992529027 -114.72203233725921
6665.8375209828455 733.1370826230518 -1740.1715174659641
5831.562310582519 1918.7085173888283 -3210.9991266508637
4479.127197497231 2933.7942802709836 -4396.515372195284
2728.701976588367 3688.1995466069147 -5191.381933130219
345.6318445016584 4164.264928919661 -5526.166209778319
-1709.2849159538703 4040.5692956339844 -5362.016560169505
-3612.324210553598 3557.851348684936 -4721.428208367534
-5194.392646621945 2759.0026960317573 -3661.320240605692
-6314.916500821273 1715.0045461522413 -2275.887902026792
-6874.332311368012 518.6207161736162 -688.2329357832645
-6822.933528539243 -723.8448403665591 960.5745470650954
-6165.287159749131 -1901.993606299421 2524.030765994776
-4959.827970898261 -2911.1418935510937 3863.215774839214
-3313.6663009865356 -3661.62244822498 4859.137108646008
-1373.0708384471081 -4086.7517796086336 5423.3027863776315
689.5279937104839 -4148.755280959273 5505.584211767331
2690.8592376831443 -3842.1236690840033 5098.670319083135
4453.095829746375 -3194.1025083286163 4238.717193402251
5819.655315247468 -2262.2713226202486 3002.1354437835553
6669.1128868521255 -1129.427402082901 1498.800785330305
6925.99051154013 103.77109954003306 -137.7089002784581
6567.463485069048 1327.7490835768858 -1761.982545771952
5625.388507110793 2433.750734807026 -3229.6963097405323
4183.473073684874 3323.5029529103936 -4410.437383299879
2369.837698792902 3917.947348695175 -5199.291740467346
-47.34300520094915 4176.861355035854 -5527.2655634523435
-2082.343052685299 3869.4961670924104 -5356.2975619405215
-3932.3177817265746 3218.3092636985725 -4709.399016325598
-5432.888819169092 2281.1614589075407 -3644.049701252968
-6450.723843188568 1141.3224477803776 -2254.910578575272
-6895.383745205405 -99.92807144311607 -665.4127554791039
-6727.35854156759 -1332.2995429917758 983.2099110571696
-5961.578008984786 -2446.290353445388 2544.4700622504092
-4666.085108349523 -3342.9175306269603 3879.642882189718
-2955.990069060176 -3942.511815060382 4870.092406514116
-983.2423399860818 -4191.796623297563 5427.812848471233
1076.870785883738 -4068.6219061582638 5503.248299277328
3041.299216658175 -3583.93227780365 5089.695988085248
4735.494865510744 -2780.794538738433 4223.901852588841
6008.921014185747 -1730.5710015904792 2982.795501201953
6748.428161034815 -526.5786364654605 1476.6546797508176
6888.307850786746 724.2025513618098 -160.6933901885199
6416.131159155163 1910.6351643900318 -1783.7631472182784
5373.853057304815 2927.2994583778827 -3248.337720702053
3854.0845285472305 3683.8603492467682 -4424.283232606148
1991.8636760568643 4113.094081730213 -5207.111763646014
-439.65741214665474 4152.591333440755 -5528.269469340003
-2438.3396641536865 3664.133630680547 -5350.486068292324
-4220.36473652328 2850.101575048787 -4697.288499855504
-5627.391881287209 1782.8254870091744 -3626.7162344954527
-6534.400561996233 557.1375306480268 -2233.8943161184443
-6860.799077027345 -718.0545402689759 -642.581084470582
-6577.585485943742 -1929.4443141526383 1005.8282964531408
-5709.924559175557 -2969.394493496943 2564.8654192322474
-4334.911777733439 -3745.500941120922 3896.002993786037
-2574.7230613927 -4188.803193266165 4880.963605014419
-585.7589020611543 -4259.91189942967 5432.229180181298
1455.2525062791158 -3952.5087390133917 5500.817353743959
3366.9583431660612 -3293.907831836861 5080.633765487117
4979.495155609376 -2342.628758725195 4209.0135711727
6149.581971322225 -1183.196839943824 2963.404050107774
6773.251441887122 81.36731044036812 1454.483074506294
6795.087797915977 1338.7016182173772 -183.67510515891533
6213.150783348351 2477.0864124204863 -1805.512945685836
5079.148055717102 3395.3712083653595 -3266.923037625512
3493.8407338612838 4011.96237210584 -4438.052681016539
1598.090330334358 4272.07307287784 -5214.841867625852
-827.8711954437058 4091.686409100487 -5529.177910105311
-2774.1366657092844 3426.1762701199777 -5344.582179580898
-4473.907919128327 2456.2353340124073 -4685.096868088146
-5776.152820511323 1268.047109466591 -3609.320139656786
-6565.161195562722 -32.81266548839815 -2212.8394775763895
-6770.826187653013 -1330.7568911187288 -619.7383170272373
-6374.87355968901 -2510.4575270427504 1028.4293126666173
-5412.485440274806 -3467.092994727617 2585.2164847423305
-3969.174237191069 -4115.662034743927 3912.295827112992
-2173.184484698663 -4398.536441687893 4891.7505164172235
-184.09775387772743 -4290.581583128649 5436.551705244236
1821.3468702749012 -3801.38972200128 5498.291417146095
3664.9568321545416 -2974.4277019500632 5071.483807780063
5182.91929609909 -1883.1747275196137 4194.052606252657
6240.356635718526 -624.5934143728805 2943.9614253629993
6743.310902900344 689.4857646239357 1432.2863524679199
6647.092403826986 1942.3011076754854 -206.65364832907846
5960.250574389035 3022.534473662056 -1827.2315655874522
4743.814325287801 3834.2023874896704 -3285.4519395697025
3105.8693554984698 4305.184593068795 -4451.74549075283
1191.954263589944 4393.632254562359 -5222.481918919259
-1208.5813816362818 3994.6975817032267 -5529.990870060827
-3086.763538545222 3157.6046538336736 -5338.585997757765
-4690.673209015761 2039.944695551203 -4672.824331555151
-5877.795980184912 741.0266989191675 -3591.861717142045
-6542.650784231831 -623.7347718539381 -2191.7464265353524
-6626.162354149701 -1933.074670932852 -596.8848476102347
-6120.910320466824 -3070.652402340939 1051.0125694110952
-5071.788543637955 -3935.389192464904 2605.522907347542
-3572.016097529444 -4450.4493826673415 3928.521100817197
-1754.854345620985 -4570.067614744363 4902.452954448363
218.23391594737174 -4283.6152838399485 5440.780349016364
2171.931136380016 -3616.5449366303133 5495.670533102964
3932.642743982511 -2628.128700855022 5062.246272970466
5343.921785663736 -1406.1916966559181 4179.019216182671
6280.369925274228 -59.30838923833897 2924.467962713302
6658.779636074658 1292.844728833665 1410.0648969405684
6445.527554636721 2530.1229191931543 -229.62862289321583
5659.562064237528 3542.588584920779 -1848.9186318743225
4370.719647851801 4240.279708484244 -3303.924106567609
2693.5196101671945 4561.20337178788 -4465.361425360236
776.9885348031194 4476.844098996862 -5230.031785593758
-1578.451735233571 3862.4904115223117 -5530.708335167919
-3373.4432851514757 2860.6688404817887 -5332.497626368207
-4868.689595071672 1604.664289126013 -4660.4711021852845
-5931.331468577363 206.07827372816203 -3574.3412684326436
-6466.948511880542 -1210.81870065006 -2170.6155272414526
-6427.9488001670325 -2520.12911988516 -574.0210708655325
-5817.797628969988 -3605.5150074139997 1073.5776767067966
-4690.709607454574 -4370.5350639921035 2625.7843363856928
-3146.831452476793 -4747.213900357277 3944.678534711923
-1323.3435133040452 -4702.0819488706475 4913.070734292402
617.7293044231011 -4239.149381480102 5444.915038475198
2503.9141625918637 -3399.5497883444004 5492.954746873397
4167.615259168018 -2257.8852778357796 5052.9213205770275
5461.005450688783 -915.5977518250996 4163.913660567398
6269.161342688147 508.04465246978623 2904.923998782234
6520.2747376282605 1886.5450598754844 1387.819091656285
6192.033108375715 3097.41765974463 -252.59963210711425
5313.602164154254 4033.0711077519477 -1870.5737700425675
3963.034349288695 4610.368488994453 -3322.339219631928
2260.333540999018 4778.014397720946 -4478.900249711501
356.7921782812087 4521.112759239105 -5237.4913372742
-1934.2417037584548 3696.2374070170567 -5531.330293037017
-3631.6167684431407 2537.8695384380662 -5326.31717054949
-5006.3067461639985 1154.0008241117912 -4648.037393300715
-5936.164399672867 -332.40592768600027 -3556.7590960810444
-6338.567795842403 -1789.27695406948 -2149.447144594392
-6177.761627004746 -3087.162870971317 -551.1473816170951
-5468.034226947347 -4110.740818996257 1096.124244887355
-4272.447989752698 -4769.061405564421 2646.0004219715447
-2697.2359993393725 -5003.6299575669145 3960.7678497819356
-882.362753759488 -4793.604029771191 4923.603672595808
1010.9122946770898 -4157.645347545499 5448.9557022207055
2814.363349416051 -3152.261630664312 5490.144105355049
4367.745869929285 -1866.7856344262739 5043.509111628027
5533.035002362251 -415.43754231564174 4148.73620025767
6206.689693511161 1072.8239985473617 2885.3298710654803
6328.852767782512 2465.7604191288483 1365.5493207675531
5888.669499923474 3639.603205659382 -275.56627929508056
4925.252104995777 4490.051275231483 -1892.1966061396422
3524.204446426367 4941.538584733787 -3340.6969607606406
1810.0157570754504 4953.948505397602 -4492.361730010954
-65.00077541490342 4526.178361311903 -5244.860445145029
-2272.834528104064 3497.4077603960764 -5531.85673292782
-3858.9652233729985 2191.937076895006 -5320.044737029035
-5102.209923755317 691.7031649543572 -4635.523419613416
-5892.100881732496 -869.9916086818095 -3539.115503705684
-6158.45281930891 -2354.383809991277 -2128.241644141156
-5877.599197964687 -3629.5786777398635 -528.2641748600576
-5074.495094462053 -4582.269551827607 1118.6518846065328
-3820.499832761526 -5127.805667276745 2666.1708150028953
-2227.036394932792 -5217.713746183814 3976.788768188322
-435.6910002260345 -4844.005061182823 4934.05158747016
1394.367451849267 -4039.8852689296637 5452.902270476526
3100.5302367470013 -2876.8039417876016 5487.238657083585
4531.197303656929 -1458.1059597715503 5034.009808658544
5559.247605305088 90.15113556280991 4133.487097346011
6093.334360865602 1630.3979068806677 2865.685917924936
6086.001618305803 3025.776669288808 1343.2559688407214
5537.900923981336 4152.301896228445 -298.52816785673264
4497.733429883204 4909.876877611443 -1913.7867667708279
3057.922582561907 5231.187751778875 -3358.997012942427
1346.4018943077458 5087.6846375114255 -4505.745633798508
-484.752510843033 4492.118416264801 -5252.1389819525475
-2591.264276203873 3267.7545201279827 -5532.2876457494785
-4053.4307451564105 1825.808365218835 -5313.68043412259
-5155.432104213985 221.63112463192056 -4622.929397221387
-5799.350696570979 -1402.2390139906893 -3521.410795985561
-5927.971529506295 -2901.5140625956406 -2106.9993920697016
-5529.866077570405 -4142.9768536542615 -505.3718457538857
-4640.407757224816 -5016.31797011123 1141.160206844965
-3338.6288435557576 -5443.937221175 2686.2951671665796
-1740.1981058054303 -5387.8387598123645 3992.7410132732502
12.856870379311268 -4853.00718049945 4944.414298495261
1764.7694572094244 -3886.96461612792 5456.754675091215
3359.874533203254 -2575.5481879501795 5484.238452231843
4656.440012355463 -1035.2830006659867 5024.42357570763
5539.260361959457 596.9716244919825 4118.166615162108
5929.893119759645 2176.1827010470206 2845.992478582906
5793.628850961855 3562.0303945935325 1320.9394208493482
5142.575233834647 4631.376055867521 -321.48490127388754
4034.5812393615533 5289.203630118592 -1935.343879105638
2568.0969963030393 5477.062250545818 -3377.2390601621405
873.4260652149571 5178.259854320253 -4519.051729953737
-898.8526047346404 4419.346345619252 -5259.326822007077
-2886.7415673084683 3009.2993113789403 -5532.623024060762
-4213.234575245315 1442.60203462604 -5307.224371732347
-5165.363201696218 -252.27676365814463 -4610.255543604966
-5658.526639853359 -1924.7396643929608 -3503.6452786550617
-5648.905154024374 -3426.1809993655343 -2085.7207552026293
-5137.353655448367 -4623.191116996844 -482.47078961564085
-4169.325739680586 -5409.410415342936 1163.6488229168867
-2830.834935157547 -5714.9798594791955 2706.3731309444906
-1240.8120237312712 -5512.7482633247055 4008.624309564807
459.46248121740587 -4820.684791676535 4954.69162672226
2118.911728392047 -3700.282321061131 5460.5128495393765
3590.0863698080702 -2251.0935277979606 5481.14354260897
4742.266082432129 -601.8851958286846 5014.750578315502
5473.074642540158 1100.8032771196317 4102.775018268267
5717.576502466029 2705.6805481002607 2826.249893116279
5454.046598976589 4070.146228698659 1298.600062167549
4705.900720478795 5072.961555334668 -344.43608311730054
3539.614911461311 5625.021985454074 -1956.8675708842986
2058.8187842163015 5677.274527163491 -3395.4227874063386
395.08757301623734 5225.076312825529 -4532.279788699862
-1303.7489028595721 4308.607138223295 -5266.423841185145
-3156.6777654412936 2724.3147363975304 -5532.862862070175
-4336.893024743611 1045.5919720720558 -5300.676661345064
-5131.756306655893 -726.0362274768186 -4597.5020776230485
-5470.640520380173 -2433.152922056867 -3485.8192584986714
-5323.434316358181 -3924.073301796414 -2064.4061009908532
-4703.217611821051 -5066.322548159325 -459.56140191302194
-3665.099382743082 -5758.406802927976 1186.1173444767785
-2301.32098948467 -5938.831342904444 2726.4043596195797
-733.0601271297305 -5591.564655931773 4024.438382781714
900.3363445020761 -4747.462911102233 4964.883394676748
2453.7339808639026 -3481.528252723424 5464.176728922841
3789.1065849917404 -1906.24453065507 5477.953981659523
4787.800440822706 -161.5826166216686 5004.990983520666
5361.077216570413 1597.4366219922124 4087.312572454829
5457.998754925977 3214.5166065069197 2806.4585024506036
5069.953151873349 4545.9726838597135 1276.2382785633613
4231.419962153819 5473.499138579052 -367.38131705369756
3016.9065395162847 5914.681174780291 -1978.3574704241557
1534.3277313664496 5830.317832451494 -3413.5478806686683
-84.58282900166799 5227.905164780987 -4545.429581607652
-1695.9778338273302 4160.970180935765 -5273.429916931608
-3398.7074337795375 2415.304606775578 -5533.00715563607
-4423.230894903662 638.1794702923041 -5294.037416030108
-5054.730879986521 -1195.65071273089 -4584.669219509339
-5237.0958440614795 -2923.242082901237 -3467.933043345673
-4954.121859775008 -4391.090565569214 -2043.0557975072575
-4230.952407441835 -5468.771381502819 -436.6440782576234
-3131.8442664786294 -6060.52786088198 1208.5653835261794
-1754.458018566612 -6113.77984363332 2746.388507281847
-221.1804763927553 -5623.7956573969095 4040.182959838068
1331.7499217431405 -4634.112547380033 4974.989426361793
2766.3484950438856 -3232.6682010604827 5467.746249971771
3955.1448646395534 -1543.9870987459897 5474.669824462556
4792.509256144651 281.8840329678749 4995.144959857038
5204.038168660838 2082.7085313248504 4071.7795447356175
5153.165452346162 3698.47523685775 2786.618648354229
4644.411371296416 4985.616187104605 1253.8544561920387
3722.9809582433863 5829.763260110942 -390.3202068524624
2470.7473490176076 6155.910283961737 -1999.8132066260969
998.9769951354635 5935.077664315214 -3431.614026955297
-561.5568487028149 5186.887348534946 -4558.500881599414
-2072.193902182208 3977.819329557131 -5280.344928261798
-3610.7088566623033 2084.98217811845 -5533.055902266704
-4471.3922755133935 223.8642300958825 -5287.306750437532
-4934.772868303323 -1657.1450371827257 -4571.757190868475
-4959.677235850459 -3390.9096956463864 -3449.986942064802
-4543.892515807224 -4823.377146889803 -2021.6702134403217
-3724.3630051906557 -5827.26637159008 -413.7192143980798
-2573.9074974650466 -6313.377406637315 1230.9925524203088
-1194.7490131826626 -6238.517153304414 2766.325228834312
290.5681639906832 -5609.3372736188185 4055.85776884807
1750.0670846560804 -4481.743161001011 4985.009547261027
3054.06486480688 -2955.9265007223453 5471.221351045765
4086.695579176669 -1167.4627989847302 5471.291127730654
4756.205457168462 724.7350957687954 4985.212677351037
5003.105608026977 2552.537096815692 4056.176203343279
4805.457869844967 4153.534975185947 2766.7306734324034
4180.824111522709 5385.473043522935 1231.4489815894615
3184.705783647239 6138.888198183722 -413.25235639254714
1905.6123710435904 6346.836196368751 -2021.2344089809624
457.1969366305388 5990.839945874523 -3449.620914290345
-1031.8424519778032 5102.531275821286 -4571.493462952954
-2429.1981105619298 3760.8403098216245 -5287.168755763589
-3790.822452538297 1736.2465748018242 -5533.009101120296
-4480.8486241986475 -193.7855388248494 -5280.484780796079
-4772.731731718647 -2106.5989569131348 -4558.7662146723405
-4640.536680087216 -3832.2318130224016 -3431.981264558958
-4096.009579770245 -5217.354055072321 -2000.2497180878042
-3187.5340532487144 -6138.891493347918 -390.78720621324106
-1995.8321378332362 -6514.961482357965 1253.3984638747854
-626.7917784062093 -6312.148553222954 2786.214179998965
797.9417811626348 -5548.473524726405 4071.4625391307113
2151.774711765348 -4291.7922744829 4994.9435843416295
3314.4130163199197 -2653.766446431407 5474.601972134913
4182.551179312504 -779.9418237522723 5467.817949808965
4679.051315199651 1163.1840526855804 4975.194307518644
4759.797208052822 3002.95592149319 4040.5028177246827
4417.6142309445 4575.90197842111 2746.7949211213345
3682.9068430360144 5742.2590635512515 1209.022241665372
2620.9570199532964 6398.39123139602 -436.1773696692839
1326.1236637673103 6485.998259453812 -2042.6207075759398
-86.54159954226017 5997.295878824591 -3467.5682317211604
-1491.5172619509467 4975.707440662327 -4584.407101305408
-2763.965070219586 3512.0055608647754 -5293.901281599468
-3937.466919287845 1372.1576080264929 -5532.866753005033
-4451.404052736684 -611.1636642264069 -5273.571624911179
-4569.814401434941 -2540.180362865257 -4545.6965152560615
-4282.176686265513 -4243.49088886559 -3413.916321759863
-3614.0487804985346 -5569.74862713717 -1978.7946813502963
-2624.7967805924172 -6401.109757448362 -367.84844970532197
-1402.320067999708 -6663.7041950027815 1275.7827309723145
-55.241063384969216 -6334.199271647003 2806.0550173227584
1296.7463521329441 -5441.872945829722 4086.9970012144613
2533.512163586201 -4066.012327509397 5004.791366057325
3545.1643011698175 -2328.8686704886645 5477.888054860837
4241.813032897209 -384.79481202319477 5464.250350674188
4561.558061761796 1593.4697541347484 4965.090023362443
4475.988638771013 3430.147539811005 4024.7596585362558
3992.7079826728122 4962.041663620508 2726.8117356822736
3154.657700603758 6053.03661005614 1186.5746236967348
2036.3022378487492 6606.1926903746535 -459.09485080125216
737.0123850956852 6572.359559354254 -2063.9717331009865
-627.7642523986717 5954.543439160373 -3485.4556693238915
-1936.7612811693875 4807.640003313602 -4597.2415736571265
-3073.6685707713036 3233.556655191778 -5300.542389508569
-4049.3529728333588 995.9092041777272 -5532.62886037906
-4383.197770210003 -1024.656944523666 -5266.567402162917
-4327.576210356908 -2954.177827071259 -4532.548318314219
-3887.430512958204 -4621.207045487687 -3395.792425622632
-3101.869554775352 -5877.621738079439 -1957.3054737248754
-2040.6938743203718 -6611.7839457246855 -344.90334099306114
-798.1935876944599 -6758.460134456355 1298.1449671693733
515.2297020129628 -6304.617481227791 2825.847398183443
1782.8725716482338 -5290.581897434024 4102.46088684187
2892.099389285146 -3806.4548947169956 5014.5527223513245
3744.3504844149443 -1984.1076702521993 5481.079542477697
4263.89960719302 14.536227827582273 5460.58839193354
4404.582538056777 2011.8885182737267 4954.8999993686275
4153.898981222091 3830.475684843899 4008.946997639318
3534.1232708203893 5308.70827705003 2706.78146219562
2600.325198561784 6315.238841957699 1164.1065153210618
1435.4768210717698 6760.632721788255 -482.00440403709564
143.08002854324945 6605.3147157398835 -2085.287116855078
-1162.0300524176778 5863.085510251838 -3503.2829182086716
-2363.888663736403 4599.895427450956 -4609.996658375564
-3355.705393527619 2927.9844496124597 -5307.091964808677
-4125.494560623323 610.8016724309381 -5532.295427350432
-4276.703657023317 -1430.6762048988633 -5259.47223350396
-4047.9088654919183 -3345.032223004297 -4519.321850896926
-3459.4396073060952 -4962.167448663673 -3377.609889120421
-2563.5839585104677 -6138.3923203961 -1935.7824662987148
-1439.9426248982775 -6769.194096570337 -321.9522763049272
-188.35606997975083 -6798.523271145291 1320.4847863028417
1079.9667483434825 -6223.773818251017 2845.5909807955745
2252.3297817203797 -5096.014749023601 4117.8539289742785
3224.563429804968 -3515.452405853075 5024.227484659289
3910.280466387862 -1622.5266891136973 5484.176379873174
4248.551923549002 414.5676442945125 5456.832136823685
4209.32089783979 2414.8258232070143 4944.624411504007
3796.0732380570093 4200.516130438996 3993.0651080953767
3045.5278122798354 5612.972145820068 2686.704446554853
2024.37387530295 6526.690953922455 1141.6183045296998
823.3454356869483 6860.484628857355 -504.90563376236145
-450.8408590817779 6584.694137777361 -2106.5664907527657
-1684.967965038542 5723.824676101582 -3521.0496705249784
-2769.378272941524 4354.368273363298 -4622.67213519909
-3607.7171680772526 2598.0071407063056 -5313.549894398213
-4165.2174532598265 220.21305052009214 -5531.866459677052
-4132.726968255721 -1825.6872108627217 -5252.286241457499
-3733.025555948512 -3709.367151664014 -4506.017341405919
-3001.6284408824577 -5263.453542750325 -3359.369026239027
-2003.523466414527 -6349.858988277869 -1914.226030742618
-827.3966396377724 -6872.051596799707 -298.9956519721858
422.24800954114477 -6783.632263444189 1342.8018025967815
1634.3740700674678 -6092.457434001802 2865.2854242163817
2701.278822135825 -4859.941025239278 4133.17586179638
3528.1630964905567 -3195.5975288843406 5033.815485912253
4041.5545966333775 -1247.3111684392459 5487.178513569419
4195.836234795102 811.8042630565698 5452.981650209654
3977.299410371249 2798.787323235479 4934.26343721294
3405.362079244936 4537.085847469046 3977.114264161423
2530.8433831923558 5872.244383481716 2666.581035460665
1431.448146119892 6685.628236101993 1119.110379661115
204.8624594579569 6904.964680548342 -527.798144506331
-1039.9261557509337 6510.764711189565 -2127.809487330409
-2192.3127683805637 5538.054725221277 -3538.7556194670165
-3149.9027707334626 4073.264273564222 -4635.267785240734
-3827.610088786066 2246.546415975151 -5319.916066758186
-4168.16514005339 -172.43022448414678 -5531.341964766561
-3952.3981893170635 -2206.2411746099365 -5245.009550115093
-3385.4433146461465 -4044.017914441701 -4492.635019590603
-2517.6769446956396 -5522.465915695009 -3341.070151971442
-1426.2039295656318 -6510.218585396319 -1892.6365393047497
-208.00643650085567 -6919.509764161471 -276.0338644221734
1028.673341268219 -6713.972134612428 1365.0956306689561
2173.950978407014 -5911.868617121656 2884.930388351653
3126.0635308876144 -4584.469629191521 4148.426420720824
3800.4116201450006 -2849.7203960941297 5043.316560539456
4137.0764591208135 -861.7610000117767 5490.085891723977
4106.143899442731 1202.7696426974767 5449.036998583712
3710.3624347834507 3160.4289243854305 4923.817255414273
2984.8989851363094 4837.27022682782 3961.0947412851547
1994.214161646369 6084.298841605813 2646.411576414899
826.3346584294463 6790.710803801449 1096.5831293942651
-414.9683054988527 6893.738310535813 -550.6815409488504
-1619.3995144251844 6384.226915706775 -2149.0157397525486
-2679.9399698771 5307.448942698844 -3556.400459278964
-3502.35599828259 3759.0808397760698 -4647.783390992093
-4013.5723264045323 1876.7019077846467 -5326.190371954116
-4134.301977440228 -563.6830677252474 -5530.721951676222
-3737.1640912142784 -2569.004592554992 -5237.6422851345515
-3007.9627752094475 -4346.058785445281 -4479.175116544086
-2011.4907664000466 -5736.946582883901 -3322.713582312452
-836.288975714161 -6618.08150025789 -1871.014364803964
413.22076045765164 -6911.170833361667 -253.06731017134092
1626.014018673359 -6590.172308747606 1387.3658855375998
2694.3287956849413 -5683.608054006498 2904.5255339616065
3523.2406353327583 -4272.030281563778 4163.605342392779
4039.097083044395 -2480.8638711080093 5052.7305444712565
4196.0620296419365 -469.2618186125344 5492.898464130682
3980.188450790873 1584.0362057882542 5444.9982500642245
3410.6576613177112 3496.5856618763737 4913.286046498303
2538.074971211857 5098.448137393316 3945.0068161003373
1439.9731817552783 6247.291121731733 2626.1964177146015
213.92345588151204 6841.034874118768 1074.0369427417615
-1031.1343078349362 6826.92265655329 -573.5554279271558
-2184.571263241899 6206.208401496423 -2170.1848818182434
-3143.8994750767133 5034.045294469636 -3573.9838852602616
-3823.8784217753646 3414.5851714853225 -4660.218736326961
-4164.088989885222 1491.7241713543067 -5332.3727016379435
-4063.9135627867768 -950.1116641263162 -5530.006431112749
-3488.776056702692 -2910.7881577114445 -5230.184573737756
-2603.6454877390156 -4612.828349700493 -4465.637864699201
-1487.1695912797093 -5904.998499754851 -3304.299634253145
-238.55215029892474 -6672.483619446906 -1849.3598806235693
1031.2616961047647 -6847.089287839028 -230.0963858184558
2209.443415192143 -6413.301025050234 1409.6121826279964
3191.306390856988 -5409.6628218777205 2924.0705226667997
3889.6077888767372 -3925.3523370671405 4178.712364694478
4242.300465592172 -2092.257070983106 5062.057275141917
4218.046128910784 -73.25558242330195 5495.616182220529
3818.999883085125 1952.2549861116238 5440.865474394463
3080.6187382424164 3804.2991318006284 4902.669992323596
2068.5110994341985 5318.314604737414 3928.850766421881
872.6071719298017 6359.774486004052 2605.9359084459697
-400.831732174041 6836.140494778582 1051.472209043282
-1638.6549778531446 6705.085420683606 -596.4194104426986
-2730.876537631085 5978.254082178164 -2191.3165479673944
-3580.4477327861896 4720.228633335284 -3591.5055937708785
-4111.880434347174 3042.790156038379 -4672.573606505134
-4277.954514626335 1094.9864203128193 -5338.46294904987
-3957.604329934016 -1328.3232941988565 -5529.195415432139
-3209.2757719950505 -3228.5744980441013 -5222.636544708468
-2175.788978039562 -4841.952689372327 -4452.023497824469
-948.9737850925977 -6025.10213569042 -3285.8286257754407
362.1618931627058 -6672.894816527198 -1827.6734607048454
1641.117897889216 -6727.771509398954 -207.12148803774326
2774.253375460972 -6184.8561793216495 1431.8341377791564
3660.8842660126443 -5092.389235917293 2943.565016953813
4222.229524003079 -3547.4411613196603 4193.747226749761
4408.411159836778 -1687.287371849619 5071.296591492449
4202.886118125248 322.7893051479338 5498.238999062497
3623.9162007563514 2304.1847358455475 5436.638742941414
2722.9454256559407 4080.843241015136 4891.9692762138275
1580.0290000368357 5494.900915734909 3912.6268712410856
296.7200639213821 6420.712530116167 2585.6303984783463
-1012.9537520080241 6776.0156593637585 1028.8893179587124
-2232.622181797211 6529.240061221943 -619.2730936679748
-3253.9123330326534 5702.312830542476 -2212.4103732870644
-3986.0780939190463 4368.710080681653 -3608.9652822365547
-4364.063323545149 2646.9282683838296 -4684.84778817607
-4354.282375497809 689.9552635867416 -5344.461009020242
-3816.2923866958895 -1694.9958110729578 -5528.288918639445
-2900.9784013274802 -3519.5445015199693 -5214.998328390103
-1727.8997542670875 -5031.3662177403 -4438.33225102008
-401.2896312768995 -6096.12896572742 -3267.3008758466567
960.9768364828058 -6619.223902688342 -1805.955479540505
2237.856295143599 -6554.171747909746 -184.1430135721274
3315.892401310297 -5906.752670820405 1454.031367250448
4099.296916066455 -4734.492697571516 2963.0086801812763
4518.460910361893 -3141.5522711644194 4208.709668928567
4536.139823832574 -1269.4711389892916 5080.44833397339
4150.762807433988 715.4080748673741 5500.766869364383
3396.5723002723394 2636.7201417554365 5432.318128694547
2340.581438619453 4323.748052992787 4881.184082954743
1076.6196446727906 5626.5919752658965 3896.3354107209
-283.0045293705662 6429.488508644472 2565.2802384581673
-1617.4825090344075 6661.096772684391 1006.2886594615429
-2808.240069565481 6300.837356729589 -642.1160829533048
-3749.4731761570993 5380.7208908600505 -2233.4659935177374
-4357.549136755133 3982.5037609329074 -3626.3626491540253
-4578.437733763062 2230.4236949169676 -4697.041069382624
-4392.5120459830805 280.1606955544875 -5350.36677797135
-3641.201638218037 -2046.906514678914 -5527.286956388538
-2566.4533833436653 -3781.1020002310297 -5207.270056683476
-1263.6644826640336 -5179.329979969807 -4424.564360713827
151.40655280054304 -6117.351761873018 -3248.7167044138682
1553.0244516120772 -6511.819994177769 -1784.2063121683
2816.6493125623256 -6327.684443348461 -161.16135922614157
3830.0025214294856 -5581.306361141841 1476.2034877282215
4503.043198578411 -4339.004715588238 2982.4011765856253
4775.96872625406 -2711.163459646044 4223.59943285142
4624.528473608494 -842.4234325694231 5089.512344547541
4062.1785716738746 1101.1696134053332 5503.199749473566
3138.8862770689952 2946.9189068257606 5427.903706264544
1936.690161970975 4530.821523034128 4870.314598790832
562.4106269570589 5712.1407637381335 3879.976666190978
-861.8415603603728 6385.911230267148 2544.885779802911
-2209.5153429104007 6492.2654598770805 983.6706238320522
-3360.863990944459 6021.753412539236 -664.947983833708
-4213.585124474415 5016.182148467681 -2254.483045059697
-4691.910728681057 3564.9010873520065 -3643.6973940962266
-4753.339474533295 1796.862920314341 -4709.153239564679
-4392.41314838654 -130.83440259629657 -5356.180153919197
-3433.85126342288 -2380.960174137667 -5526.189545981841
-2208.5030087706655 -4010.89659956391 -5199.451863044522
-786.9195699333394 -5284.447260589095 -4410.720064657005
704.5851260321768 -6088.451592096076 -3230.076432398551
2133.4843415288615 -6351.470280915603 -1762.4263341645183
3372.814110638887 -6050.132962307543 -138.1769218593859
4312.454544667704 -5211.214779427269 1498.3501163323706
4868.914467507745 -3909.2572943554837 3001.7421712868313
4992.749973030509 -2259.945143187166 4238.416261393889
4672.957733127142 -409.82694844074643 5098.488466692707
3937.952691698192 1476.7061691705571 5505.537597377765
2853.04327219111 3232.027463232784 5423.3955518820185
1514.628437575653 4700.168933667887 4859.361011422177
41.632219444196245 5750.679767994951 3863.550920142925
-1435.063204084859 6290.217468493171 2524.44737469503
-2784.2469642598403 6270.84174275108 961.0356016506403
-3886.0381631937794 5694.274209029836 -687.7684020356782
-4642.537817730365 4611.74542292551 -2275.461164979215
-4986.527613719958 3119.4428176828196 -3660.969217717485
-4887.442548214536 1349.9640286396684 -4721.184089562777
-4354.086764111897 -539.4649885676857 -5361.901036475293
-3196.0426345155424 -2694.2159566781 -5524.996706370025
-1830.1389580465989 -4206.844453835115 -5191.543882482011
-301.6194037226532 -5345.676359836085 -4396.799601920375
1253.7003582569378 -6009.52146215127 -3211.3803816909085
2697.623341632036 -6139.394210203774 -1740.6159216374945
3901.850652778079 -5723.754840391941 -115.1900983794307
4759.381410435223 -4799.534734726894 1520.470870623052
5194.020243573897 -3448.8549054701048 3021.031330294162
5167.1475844886245 -1791.7291828118136 4253.159898691024
4681.1511868678535 24.599540613304153 5107.376545404388
3779.2139634002488 1838.7424869016295 5507.7803727057735
2541.4769944772324 3489.5050940402343 5418.793743396199
1077.9186415067918 4830.209860132518 4848.323510001195
-481.417513129546 5741.729283125165 3847.058456225314
-1997.977609058353 6143.0708621482045 2503.965376075864
-3337.008626442023 5998.573636646934 938.3839837909956
-4379.531783145171 5321.076819222758 -710.5769434839985
-5032.914321657187 4170.778975249644 -2296.399991014865
-5239.100336109253 2649.88911616354 -3678.1778217586866
-4979.769294284878 893.5449802594444 -4733.133411621756
-4277.963897305674 -942.1945483982846 -5367.529326848374
-2929.84379150759 -2983.9130307312153 -5523.708458151683
-1434.5569952563058 -4367.14680696778 -5183.546251555192
188.19648547322555 -5362.340424497183 -4382.8032128899495
1794.2278825817186 -5881.066563066623 -3192.6288751443717
3240.834258483494 -5877.234128872091 -1718.7754512211382
4399.478288352116 -5351.183650510107 -92.20128573507307
5167.209365508179 -4349.657021517652 1542.5653686072171
5475.811214614037 -2961.644278007897 3040.2683205121525
5297.863207099723 -1310.4764434353217 4267.830090141794
4649.176804344852 457.13297406763957 5116.176427198481
3587.3906399475836 2184.1241207296816 5509.92803672814
2206.8490741864543 3717.0462543940557 5414.0983602735805
630.219283586193 4919.6925163667165 4837.2022851293905
-1002.4082560324474 5685.2025085451705 3830.4995592388777
-2545.967423106448 5945.557308739122 2483.4401376395376
-3863.3062118434145 5677.623250403107 915.7161614134052
-4837.373289818045 4905.2074504295215 -733.3732143085181
-5381.618522529304 3696.9424423369437 -2317.2991615837677
-5447.683332669942 2160.187874478029 -3695.32290905244
-5029.697571938318 431.49113414341195 -4745.000999394309
-4164.801109475718 -1335.5454870275364 -5373.064927846096
-2637.5716047444685 -3247.4946221749037 -5522.32482357298
-1025.110030785052 -4490.306135512199 -5175.459108371442
678.437068030933 -5334.134243325346 -4368.7311392628735
2321.7020560802775 -5704.001115156444 -3173.8222365700035
3758.673627825259 -5567.042456309298 -1696.9053000683941
4861.670553070428 -4935.427644655647 -69.21088090945763
5532.686714585473 -3865.278428006869 1564.633228745223
5712.09938171387 -2451.682260534673 3059.4528097460807
5383.966951641732 -820.2433651836031 4282.426582413465
4577.445430766418 884.0777527427625 5124.887960113909
3364.1977955791076 2509.8446826266095 5511.980552357851
1852.0264227157209 3912.600898187125 5409.309483596559
175.29437470995552 4967.705353777474 4825.997528854033
-1517.0133477554627 5581.407388268814 3813.8745151315115
-3074.527776969402 5699.176882709585 2462.8720138269055
-4358.856920856693 5310.549500695799 893.0325259579599
-5255.882498797321 4450.05649058257 -756.156820851019
-5685.89985165937 3194.1564325298305 -2338.158315787837
-5610.700050540972 1654.441558122178 -3712.4041835281546
-5036.964927780384 -32.27770912182419 -4756.786647944573
-4015.673366829996 -1716.1289602619604 -5378.507743876736
-2321.771778317488 -3482.6303159228087 -5520.845826527255
-605.279779372126 -4575.139751452661 -5167.282592583889
1164.9939841970559 -5261.127942395858 -4354.583624043263
2831.752919778376 -5479.64182757747 -3154.9607907309464
4246.89818149441 -5211.265489366746 -1675.0058458447827
5284.687902578964 -4479.845343163865 -46.21928091323101
5852.9099120485 -3350.371278743403 1586.6740699574252
5901.07519076044 -1923.2020233443923 3078.5844667079114
5424.904042331371 -325.1478283381571 4296.949123445993
4466.706362941905 1301.7971781036372 5133.510993715243
3111.6222213870324 2813.0717924281184 5513.937884150968
1480.0567903327064 4074.3926330331406 5404.427196062029
-283.01818166492546 4973.685808015599 4814.7094346648655
-2020.945746216775 5431.045172295201 3797.1836109933993
-3579.303412442954 5405.832339267205 2442.2613598193466
-4819.624262959265 4900.287579790835 870.3334691378965
-5631.70034713893 3959.3307642922105 -778.9273696719638
-5943.3751411653975 2666.5700351493583 -2358.977093420005
-5726.954971827108 1136.8728563336033 -3729.4213502172415
-5001.66972091404 -493.84046485173076 -4768.490153751632
-3831.9641658317073 -2080.6738935518138 -5383.857680950826
-1985.1968658329374 -3687.2364100529912 -5519.271492554626
-178.64725261355935 -4620.790743626658 -5159.016845388993
1643.775952981135 -5143.767541622926 -4340.360911537999
3320.1424515614385 -5209.6980204939255 -3136.0448633367537
4701.499723115372 -4812.723967860845 -1653.077466721815
5665.108112078798 -3988.1182703920663 -23.2268827776713
6125.346784366553 -2809.1507630301985 1608.6875116307556
6041.32151422173 -1380.5778826180106 3097.662961021939
5420.498315635512 170.6654012310356 4311.397462456321
4318.040054240034 1706.7443152279095 5142.045379095318
2831.9049846186276 3091.1715068927583 5515.799998307235
1094.142729503581 4200.934544787418 5399.451581979946
-740.838908694176 4937.426112880139 4803.338197490752
-2509.9937587364325 5235.205703305844 3780.427135052027
-4056.124648388794 5067.814292671007 2421.6085315326904
-5241.85106302197 4450.125342395632 847.6193829326693
-5961.816007221137 3437.0232263950093 -801.6844675573018
-6152.047436180091 2118.5265136012017 -2379.755134970462
-5795.642452618949 611.7894230734364 -3746.374115258118
-4924.269203384622 -949.30784248807 -4780.111314713077
-3615.3530256301005 -2426.0549402756606 -5389.114646682784
-1630.7824871390067 -3859.494146330677 -5517.601848841535
251.13766468235656 -4626.736159030746 -5150.662009524103
2110.7431328972343 -4982.872359903733 -4326.063247352509
3782.7998109104747 -4896.258484624087 -3117.0747810378048
5118.738125180802 -4374.59055610914 -1631.1205413705038
5999.85409381654 -3464.221059109444 -0.23408354784176655
6347.856696290666 -2246.040318524147 1630.6731736253141
6131.824374189088 -828.289039052407 3116.6879632304863
5370.952547372757 663.0593564257348 4325.771349942798
4132.848016685337 2095.4920182973738 5150.490968877786
2527.521803010626 3341.7310184280436 5517.566862670659
697.6141852916722 4291.042552626359 5394.382727271885
-1194.2795142198752 4859.07612509374 4791.884013696315
-2980.0562378836426 4995.3594601421855 3763.605376667209
-4501.041887050074 4687.7831853830785 2400.913885611048
-5622.090212055127 3963.6768026050045 824.8906595812872
-6243.591149582537 2887.3803416063542 -824.4277215252608
-6310.321613921089 1554.5274661960345 -2400.4920816328563
-5816.352310472472 83.54800348279191 -3763.262185901367
-4805.5745795966695 -1394.8550659842888 -4791.649930148468
-3367.8004584070027 -2749.3191416180352 -5394.278550292505
-1261.621950130284 -3997.865659150783 -5515.836924220286
680.3872966319491 -4592.792348610589 -5142.218229265019
2561.94114625798 -4779.629282759099 -4311.690878386535
4215.855282145428 -4541.775180076835 -3098.0508714196567
5495.17217523809 -3900.36442139265 -1609.1354489548132
6286.218905394954 -2912.3891674003903 22.758719724268026
6518.707499190185 -1665.6353550752492 1652.630676280861
6171.980324805687 -270.88253193131186 3135.6591447996275
5276.845613272672 1147.939392923122 4340.070537689428
3912.8400119448206 2464.761865067294 5158.847617219683
2201.16140434011 3562.5794290709455 5519.23844673009
293.8999463220616 4343.846176679328 5389.220719469544
-1639.4758116853668 4739.143128834788 4780.3470810785475
-3427.176949103467 4713.34641660621 3746.718626326084
-4910.358374675398 4268.74819108211 2380.1777794206782
-5957.232909904638 3444.852955687463 802.1476915755748
-6474.781158202802 2314.8674176918066 -847.1567388331472
-6417.016686485544 979.1957510058807 -2421.187575310447
-5789.072121560152 -443.4817552866811 -3780.0852705147336
-4646.7430937095605 -1826.7539614344164 -4803.105800802824
-3091.5305500867134 -3047.7110615309534 -5399.349302606934
-880.9394955254452 -4101.1075044567715 -5513.9767491685425
1105.4076531763376 -4519.117426134777 -5133.685650423459
2993.5344808918358 -4535.583932680533 -4297.2440528298375
4615.672633070394 -4149.043902725369 -3078.9734629973686
5827.688016254911 -3393.8431142337968 -1587.1225691251104
6521.887744807566 -2337.084471407353 45.7511299865987
6636.589126401111 -1072.6656171700827 1674.559640423481
6161.600439922233 287.0642844682755 3154.576178124791
5139.126514618115 1621.2872646707488 4354.294778770159
3660.0186458049184 2811.4517565052693 5167.11517981391
1855.7020585846942 3751.80642192147 5520.814721619709
-113.5018001551418 4358.796622218657 5383.965647713248
-2072.620525856736 4578.4886143677995 4768.727598863384
-3847.577822290606 4391.361800764021 3729.7671756381283
-5280.660944396786 3814.0432199885113 2359.400571043772
-6244.534167794465 2897.830161464019 779.3908716532825
-6653.553126696755 1724.1321761752652 -869.8711269840702
-6471.374691655078 397.2374808039065 -2441.841258622327
-5714.18621609977 -964.9535079848634 -3796.8430785881405
-4449.26721895083 -2241.4041429604413 -4814.478728849976
-2789.0113041105005 -3318.69618359393 -5404.326816061597
-492.0623944294408 -4168.281650915105 -5512.021355808808
1522.5300341720097 -4406.210813229658 -5125.064420344565
3401.838987724239 -4252.628808451081 -4282.723020157949
4978.879618492656 -3721.182071687489 -3059.8428852098914
6113.5249457046775 -2859.091977715918 -1565.0822820116073
6704.956752728514 -1742.9590146058033 68.74275019387758
6700.623728054359 -471.9564941983008 1696.4596873720602
6100.910879939669 840.9814318656809 3173.438736536516
4959.1053267359375 2079.194467122155 4368.443827553173
3376.6615025764304 3132.661949580209 5175.293513891765
1494.1864856780874 3907.7786703575207 5522.29566011956
-521.0535576021543 4335.672107269337 5378.617602750392
-2489.995705683564 4378.322050666618 4757.0257677022755
-4237.6908081488245 4031.9388659123215 3712.751317330071
-5608.848485510252 3327.300219049436 2338.582619272298
-6481.635360907933 2327.0163461074912 756.6205927913829
-6778.500490300657 1119.9668588708764 -892.5704937338063
-6473.0661041707335 -186.59659867002424 -2462.452774909656
-5592.471388102499 -1476.580129553441 -3813.535320738804
-4214.961047044957 -2635.3630360608095 -4825.768517896148
-2462.9329199055387 -3559.982371714016 -5409.211004702127
-98.39213844308975 -4198.7638373637565 -5509.97077790786
1928.1424915228092 -4254.909868399396 -5116.354687904387
3783.353199602982 -3932.9884852633386 -4268.128031127865
5302.396372926333 -3261.603815575961 -3040.659468414303
6350.298359331991 -2300.411333562055 -1543.0149682178117
6833.948468685653 -1134.8172093723094 91.73318331447513
6710.372266307709 131.61040393347398 1718.3304389448406
5990.550040084667 1386.343855287018 3192.2464943060213
4738.441153704264 2517.8945712285017 4382.517439705105
3065.3009765107086 3425.719304918021 5183.382478225396
1119.7953557024523 4029.1538448440006 5523.6812366560025
-925.2089966009725 4274.580384005187 5373.176676933884
-2888.0044693436 4140.1916973604675 4745.241789668719
-4594.188071186173 3637.9288094732688 3695.6713452408944
-5892.1579016415835 2812.4199820767412 2317.724283601841
-6666.583645227082 1737.0152971708867 733.8372481992691
-6848.654176113694 507.2691803453262 -915.2544470975207
-6422.191728628789 -767.5500292680396 -2483.0217682417006
-5425.089362731002 -1974.169050443143 -3830.161708716083
-3945.9439993420524 -3005.374487988166 -4836.974972983205
-2116.184195121541 -3769.539213406738 -5414.00178418573
296.625030013303 -4192.249223122355 -5507.8250508761785
2318.720880912352 -4066.383622661576 -5107.556603507232
4134.788206003394 -3579.201992296703 -4253.459337773678
5583.461453771832 -2773.9925578470425 -3021.4235438800897
6536.019648755636 -1722.3017111668426 -1520.921008813928
6907.82381509771 -517.576799252893 114.72203233727328
6665.837520982849 733.1370826230429 1740.171517465954
5831.562310582515 1918.7085173888304 3210.999126650867
4479.127197497242 2933.794280270976 4396.515372195276
2728.7019765883874 3688.1995466069084 5191.381933130214
735.8196103482829 4114.892097829692 5524.971427302156
-1322.4435573624642 4175.958428253771 5367.64296422055
-3263.201811553581 3865.9725264357835 4733.375868254782
-4914.010264462891 3212.4780001029803 3678.527554316709
-6128.18734059582 2273.5407057335174 2296.8259242253016
-6797.848078409605 1132.5893423906043 711.0412313119607
-6863.490182591771 -108.99755431020222 -937.9225953565299
-6319.281064120093 -1340.8995399826504 -2503.547883422066
-5213.576091393154 -2453.656717086936 -3846.721955406631
-3644.6220035440983 -3348.395727182894 -4848.097900592056
-1751.8272565199413 -3945.6150827260244 -5418.699071782662
