3059.493539869423 -3740.87831257125 -4964.313193009774
4755.765094221446 -3031.963863380939 -4023.551944239887
6029.466049620526 -2053.6461193749806 -2725.2804481574176
6767.422486634899 -892.852905384986 -1184.8558245598833
6904.06373736733 347.274207468902 460.8484387039382
6427.248627050001 1556.5444830014096 2065.6042957888385
5379.344270703244 2627.5089504362986 3486.822146437768
3853.461569040997 3465.00771699181 4598.22054770874
1985.1818963319095 3994.6253419566838 5301.046874357276
-59.48989969353302 4169.302975164135 5532.851922958133
-2098.875757064086 3973.5197423435093 5273.038797683419
-3951.7672926549344 3424.6718429114885 4544.693034884916
-5453.526962248283 2571.526821311935 3412.531351879996
-6470.716828836982 1489.890356679232 1977.1512826133599
-6912.95510891042 275.8705955794503 366.09264530104787
-6740.946990553347 -962.6614785757558 -1277.494930117404
-5969.976149927003 -2115.656855789155 -2807.5714748007163
-4668.546729570803 -3080.6668369585286 -4088.182973123543
-2952.2964447123577 -3771.9460503803916 -5005.541473588856
-973.7216648016813 -4128.071304313348 -5478.13564766884
1091.3725581337594 -4117.399307115527 -5463.973429051124
3398.926756894722 -3450.0872771551894 -4954.116614446674
5021.69730813034 -2592.2386609559408 -4007.7339755055355
6198.268016182924 -1504.0582638787575 -2705.2465851898564
6824.095410346477 -282.2356896049856 -1162.3861640009764
6843.5719802512995 964.6647642611272 483.75736890707066
6254.967147189824 2125.850520461039 2086.9169366534657
5110.581033629318 3098.1451287766463 3504.6447762940797
3512.0973678153814 3795.1559464144866 4610.969547680682
1601.548438285622 4154.950503445845 5307.589439849277
-451.3050982653968 4145.559474546083 5532.606718314652
-2464.0581963157038 3767.817293844798 5266.0276104130935
-4257.868910282108 3055.288011791539 4531.538839744785
-5673.349286219958 2071.2829819800254 3394.4029568345272
-6584.727680993927 903.2353695439182 1955.6594751174778
-6911.024124710105 -345.06866925928733 343.14706676600525
-6623.245746415953 -1562.7118424899143 -1299.8554643437558
-5746.962917917543 -2641.501210667313 -2827.3601331247773
-4360.0372140307645 -3485.581604239817 -4103.641446412124
-2585.703069969208 -4019.9527760526744 -5015.2962086518655
-581.6178609698287 -4197.133502441064 -5481.319893487996
1474.1466473646058 -4001.3804983205646 -5460.304251411558
3710.7021433036884 -3128.6206116305752 -4943.834485540682
5246.933814558397 -2129.3006895803724 -3991.846799071299
6316.952390599794 -940.7830569787869 -2685.16600657329
6825.6820252474245 331.327278793793 -1139.8964307343292
6727.919857939629 1573.9977318397484 506.6579453284925
6032.3524862639015 2676.8115790364595 2108.1935395170967
4800.784123640761 3541.778970441652 3522.4068860646453
3142.6450237380345 4092.0437574820908 4623.638922957325
1205.2681222056542 4278.712499031999 5314.04035104004
-839.202141216757 4085.1988582223826 5532.2659736508795
-2809.1056116140926 3528.6973712598087 5258.925486553493
-4529.407720862604 2658.655637427442 4518.306391561452
-5847.252077134078 1552.380682891557 3376.2159454181706
-6645.542426109111 308.1698921703085 1934.1338962448099
-6853.347167041741 -963.4231458515139 320.19556258336263
-6452.20193676405 -2149.4118094516225 -1322.193551968737
-5477.750249383029 -3144.4158012436033 -2847.099967077601
-4016.5764136333123 -3860.024650053609 -4119.029055819178
-2198.5121370770235 -4232.653369267185 -5024.964336889938
-185.10040912981262 -4229.192261928007 -5484.409484935257
1844.7583024683295 -3849.948862611977 -5456.540782309472
3992.05877520351 -2779.10903040006 -4933.466983849092
5429.45943220026 -1646.9184100022542 -3975.890689285464
6384.428791855765 -368.3918614933317 -2665.0390590699003
6772.1136357506 942.867920570325 -1117.387013124702
6558.066464177802 2170.349750183583 529.5497725087574
5761.30630766214 3204.986480070045 2129.4337369639416
4452.628802634424 3954.846096350755 3540.108169023807
2748.31568845298 4353.300281414476 4636.228454757103
799.8026645677446 4364.944632330902 5320.3994965317725
-1219.7763359405344 3988.744497420713 5531.829694850975
-3130.9728561002185 3258.1269095977727 5251.732548747896
-4763.9686979473 2238.0104478026465 4504.99591883989
-5973.665014649507 1019.0369363731523 3357.9706316939823
-6652.574979802961 -290.482478823019 1912.5749177106811
-6740.374463656486 -1574.191251014415 297.2385290919898
-6229.262096767998 -2718.0262223286595 -1344.5088072463263
-5164.652455915215 -3620.352635927386 -2866.7906357810866
-3641.1407796503813 -4200.994830168101 -4134.345535623198
-1794.0977662304751 -4408.360197986223 -5034.545691348649
212.35870698735337 -4224.023416443186 -5487.404368657904
2199.946177168527 -3664.36361752773 -5452.683086734477
4240.485831043962 -2404.430697930355 -4923.0142884035085
5567.608028956661 -1149.0341450197839 -3959.865921686686
6400.023820451173 208.45913412910267 -2644.866090242617
6663.769409456663 1547.429904402777 -1094.858299876825
6335.409842961539 2748.9047368859706 552.4324551395226
5444.121309431105 3706.127320127115 2150.6371622068477
4069.0987064248634 4334.044226903093 3557.7483194963415
2332.5188264072544 4576.862284478909 4648.737925677226
388.68441257305483 4413.006042849467 5326.666766511342
-1589.6863170316935 3857.034848154813 5531.297889448836
-3426.8064411447003 2958.3491808829567 5244.448921207823
-4959.4397746696 1796.8012063881208 4491.607651432491
-6051.405120072155 475.59955957346193 3339.66733073185
-6605.676564402326 -887.8611952435868 1890.9829118069986
-6573.0046574512135 -2172.431586548552 274.2763627262838
-5956.292441529725 -3263.971897829698 -1366.8008448246692
-4810.337503419466 -4065.4939822839233 -2886.431799206235
-3236.9629683119624 -4505.779085285736 -4149.590621331002
-1375.970068291914 -4545.705943274081 -5044.0401065720125
607.2838106410359 -4181.726879700566 -5490.304492938678
2536.5778579774465 -3446.1830316595 -5448.731231303326
4453.744673071106 -2007.687472985703 -4912.476579706675
5660.077415604134 -639.7317504840702 -3943.7727729992457
6363.487440920124 785.0669454646262 -2624.6474484490773
6501.473681405685 2140.108998099258 -1072.3106800285777
6061.775454051038 3304.9929745391014 575.3055980703462
5083.461875940513 4176.213821468385 2171.8034490937166
3653.460401747674 4676.359743347695 3575.327032862637
1898.8329379126956 4760.990580163846 4661.16711969744
-24.514165346988307 4422.586510669403 5332.842052752166
-1945.6830774368773 3691.2162215007725 5530.670566627963
-3693.969509607001 2631.865172416199 5237.0747297108555
-5114.030540130351 1338.6613530123684 4478.141820535022
-6079.6875146097245 -73.4884022251749 3321.306358602978
-6505.137573146829 -1479.10839042649 1869.3582513961574
-6352.577610983798 -2753.3031071781406 251.30946000923484
-5635.56325025718 -3782.854760185351 -1389.0692797529239
-4417.804363483232 -4476.283166965405 -2906.0231181789027
-2807.504171798684 -4771.974170515454 -4164.764049682273
-947.7449139206841 -4643.654327551482 -5053.447418605385
996.2256386692205 -4102.725419243192 -5493.109807696678
2851.6771713991225 -3197.2513529212115 -5444.685284258784
4629.8886751278515 -1592.1791913509694 -4901.8540397293955
5705.941246016126 -123.20302095329363 -3927.6115211282654
6274.9958970851385 1356.7202785236354 -2604.383482835618
6286.489625332206 2716.0930273848544 -1049.7445429443685
5739.4011625631865 3834.1289913850005 598.1688063155349
4682.341719553264 4611.485768702658 2192.932232113754
3209.235666642867 4979.091798299101 3592.8440055640453
1450.974941252495 4904.283671232216 4673.515822183758
-436.21127516683424 4393.708417881943 5338.9252486160785
-2284.6382055059225 3492.732890131054 5529.947737221304
-3930.0650053161867 2281.41271748619 5229.610101598485
-5226.288282597909 867.3790130778622 4464.5986586827075
-6058.132910782424 -623.7251230725071 3302.8880323744884
-6351.685844165548 -2059.408544865316 1847.701309904355
-6080.8636163803385 -3312.1044798812545 228.3382175456228
-5269.729970849285 -4270.505396928656 -1411.3137274878254
-3990.357691579226 -4849.45316865468 -2925.564254385668
-2356.4246200160187 -4997.505744871041 -4179.865558654114
-513.1128799652753 -4701.508004462872 -5062.767464998255
1375.7911912291686 -3987.7606456301273 -5495.82026448822
3142.450177522668 -2919.6832534338155 -5440.545315468426
4767.280623393582 -1161.3762005277092 -4891.146851907381
5704.657817472855 396.2868929693211 -3911.382445154925
6135.151129991183 1918.738156949646 -2584.074543331315
6020.509340942519 3270.701115441299 -1027.160278308348
5370.918876381042 4332.047926590544 621.0216850609364
4244.0986997638265 5008.47326858303 2214.023146403799
2740.171728752241 5239.873781338986 3610.298935108114
992.7684745954494 5005.688513815636 4685.783819892163
-842.8466152218607 4326.725854737536 5344.9162490552035
-2603.5710845052336 3263.3146159423477 5529.1294137110635
-4132.9568373468255 1909.9435527003493 5222.055165773916
-5295.111238007804 386.8656231516946 4450.978399746113
-5986.771767958849 -1170.5870147457974 3284.412670103891
-6146.48135381158 -2624.02785934662 1826.0124613153423
-5760.049097989016 -3844.312313287903 205.3630320152326
-4861.8112022509895 -4723.012747706861 -1433.5338039002868
-3531.5800454859327 -5182.052772891992 -2945.05487037976
-1887.5525035956935 -5180.6446681416455 -4194.894887465564
-75.80763837324348 -4718.913549742251 -5072.000084807059
1742.6730681950032 -3837.886253837241 -5498.435816507685
3406.309625059342 -2615.845921992365 -5436.311396423458
4864.607536843662 -718.8903751390653 -4880.35520113811
5656.075690217862 914.4347697276735 -3895.085825331605
5944.976697236876 2466.5083723732373 -2563.7209806417723
5705.640435605867 3799.42188203972 -1004.5582761177124
4959.332982480641 4794.740083998673 643.8638396707876
3772.3670301876887 5364.02458812406 2235.0758277546174
2250.2097125025102 5456.69196796044 3627.691520073745
528.1113869788059 5064.508320145246 4697.9709009722965
-1240.911952856598 4222.320882856462 5350.814950613729
-2899.674820028298 3004.9617057758737 5528.215610228491
-4300.788854427121 1520.5984940798633 5214.410052699833
-5319.758925409081 -98.87656685173769 4437.281278927176
-5866.045070490909 -1709.5660109058674 3265.880590833699
-5891.107368344841 -3168.3530125841635 1804.2920801637204
-5392.718923822463 -4345.617945006174 182.38430016581728
-4415.163737361253 -5136.755652584136 -1455.7291252821337
-3045.3018772085743 -5471.4700781491065 -2964.494629586717
-1404.8515811787483 -5320.020376119581 -4209.851776582117
360.4259429284347 -4695.863517146948 -5081.145118597972
2093.6780403032344 -3654.458577218183 -5500.956418588319
3640.8976558423337 -2288.338955376274 -5431.983600237466
4920.892775733577 -268.4448551251184 -4869.479273777589
5560.436071765206 1426.9350119624455 -3878.7219430770783
5705.91022124872 2995.525441236011 -2543.323146243266
5344.38920759971 4297.950289408868 -981.9389266759573
4507.995759389731 5218.483393123565 666.6948756945136
3271.047104944433 5675.331346422065 2256.0899126172503
1743.4515604710282 5627.901203809573 3645.0214601164503
60.942693838617394 5080.407341600957 4710.076854971089
-1626.9811985839476 4081.4969920907033 5356.621251429714
-3170.3406716229533 2719.927723478648 5527.206342553635
-4432.00146317737 1116.6809404293087 5206.674894396146
-5299.859475210415 -585.7878446507809 4423.507532755124
-5696.801714820783 -2236.2068090460193 3247.292114585746
-5587.558122066769 -3687.9289850255905 1782.5405415286814
-4981.835469572187 -4811.96248647583 159.4024188065023
-3933.454873181248 -5508.432004053151 -1477.899308352647
-2535.569549625764 -5715.453164714656 -2983.883196310369
-912.3877444223251 -5414.631229838169 -4224.735967720195
791.8637158206881 -4632.695548472792 -5090.202408449647
2425.754609876362 -3439.1245373760485 -5503.382027203012
3844.106561595748 -1939.9722187840005 -5427.562001645155
4935.505329089853 186.15723986470712 -4858.519257637164
5418.371938315202 1929.515455285348 -3862.291080971618
5419.792422687638 3501.4277549647513 -2522.8813923765283
4939.640565936985 4762.222832852938 -959.3026205861416
4020.5799676472507 5599.873513371463 689.5143988735387
2744.2731952074705 5939.950857586787 2277.065038109218
1224.1257063289822 5752.237501060535 3662.2884559735303
-404.79072354404207 5053.412599286558 4722.101472836444
-1997.7397212353521 3905.5698115300406 5362.335051236846
-3413.180777758512 2410.7000067082795 5526.101628115072
-4525.34574368071 701.6289271077401 5198.849824437717
-5235.4138811241755 -1069.784961714148 4409.657399082395
-5480.292519994363 -2746.143762013752 3228.647562355846
-5238.22311859545 -4178.495637805037 1760.758221027516
-4530.714605545807 -5239.569839151257 136.417784800722
-3420.632217079854 -5835.085266815378 -1500.043970265215
-2006.6116449291237 -5912.127761673028 -3003.2202357385436
-414.29482225626793 -5463.85175996068 -4239.547203851584
1214.8339134769374 -4530.08855165731 -5099.1717979559435
2736.0193247868897 -3193.807095573025 -5505.712600465054
4014.097412266474 -1573.7418632555064 -5423.046677001061
4908.166195833482 641.0648572728549 -4847.475341980275
5230.903892774229 2417.9729926482173 -3845.7935227522034
5088.852823398348 3980.0336165270464 -2502.3960720407285
4494.63484860074 5188.450787487619 -936.6497487441401
3501.0488431248004 5935.851336838669 712.3220151480897
2196.379283837423 6155.825445857063 2298.000842020749
696.5517865293743 5828.827449616034 3679.492209469254
-865.1673937789674 4983.912555088684 4734.044546920811
-2350.012654425497 3696.155158501686 5367.956251366154
-3626.04897786563 2079.978155772084 5524.901485989604
-4579.894936968573 278.98596606832126 5190.934977952056
-5126.797132383965 -1546.7953510303528 4395.731117080525
-5218.160904008399 -3235.137113190383 3209.947256108115
-4845.868179789732 -4636.022745678074 1738.9454948089767
-4042.998802054514 -5624.977412361538 113.43079505946439
-2880.8912383487373 -6114.128151149894 -1522.1627286139374
-1462.8038455327164 -6060.011772299127 -3022.505413948875
85.26008836784051 -5467.436753555942 -4254.285229207925
1625.7482892591763 -4389.055985808311 -5108.053132228624
3021.7816201709675 -2920.688332666675 -5507.9480981288525
4149.316393260347 -1192.8047039379762 -5418.437704278231
4838.951798571059 1092.4115500179137 -4836.347717519176
4999.432786070544 2888.208717163434 -3829.2295533075085
4715.692230878248 4427.375865093781 -2481.8675389873647
4012.941726497917 5573.1512381915845 -913.980702331884
2953.623739213538 6223.727666404691 735.1173306640353
1631.863320935751 6321.298579078733 2318.89696282118
165.10468527859558 5857.19437243973 3696.632423519951
-1316.3242262155354 4872.652741935324 4745.9058709847795
-2680.7919536167224 3455.1545320255814 5373.484754747749
-3807.059551477305 1730.650679249501 5523.605936901928
-4595.053201183495 -147.62908121334857 5182.930491616976
-4974.756208905692 -2012.7913499508456 4381.728927236016
-4912.430296108576 -3699.108274255832 3191.1915187694717
-4413.613393656936 -5056.743195123923 1717.102739546929
-3522.6275723555177 -5965.0642919532465 90.44184653438298
-2318.640832453843 -6343.363249189038 -1544.2552014402318
-908.6326794009418 -6158.026544343276 -3041.73839791456
582.1114746855774 -5425.5221569782325 -4268.949789285089
2021.1324696921542 -4210.936316453846 -5116.846257900052
3280.5669751728174 -2622.190304822897 -5510.088481590639
4248.508708378329 -800.4511773158233 -5413.735163066879
4728.294394061036 1536.3482321156705 -4825.136576411655
4725.72915548565 3336.2622895957384 -3812.5994586730253
4303.262142924548 4839.7348016993055 -2461.2961477141594
3498.431404409721 5913.175637845548 -891.2958728106307
2382.7496829997563 6461.204869025326 757.8999517796111
1055.3501957305025 6435.127693061664 2339.7530396650877
-365.8217877574591 5837.261181476731 3713.7088021392274
-1754.4889000206808 4720.728397518837 4757.68524020064
-2987.261974069381 3184.738178866001 5378.9204659124625
-3954.6037123387327 1365.7699970276665 5522.215003224279
-4570.561556274251 -574.5528426294968 5174.836503658237
-4780.404948355785 -2463.824140835431 4367.651071346203
-4565.488382314325 -4134.173851813958 3172.380674224047
-3944.9081381884644 -5437.184073535716 1695.230332433776
-2973.8054940403445 -6257.076629634511 67.45133621100076
-1738.467181416288 -6521.0004684617625 -1566.3210072394272
-348.65843058582277 -6205.504798726984 -3060.9188555101173
1072.1301518645216 -5338.622795216042 -4283.54063084759
2397.6552653560284 -3997.3807281898958 -5125.551023125815
3510.1381865838143 -2300.9538412477023 -5512.133713889123
4310.729925945922 -400.0771079410209 -5408.9391345730055
4576.979469686771 1969.0758747644927 -4813.842112257714
4411.919560354749 3758.345242566323 -3795.9035260261558
3854.8412366951125 5213.669142339697 -2440.6822534589182
2955.24335246298 6205.7356590060035 -868.5956519142027
1793.0591274926771 6646.39532894724 780.6694850723109
471.55373033427605 6496.49360668603 2360.568712398543
-891.8512851438023 5769.3499180781455 3730.7210504430127
-2176.011400111934 4529.5741708739315 4769.382451155934
-3266.8233529114027 2887.325880878689 5384.26329099352
-4067.363714586513 988.5260155464916 5520.7287089760475
-4506.500960888956 -998.1087243419944 5166.653153847166
-4545.215820362685 -2896.0571239447136 4353.497792515048
-4180.068307846101 -4536.678138947568 3153.515047307596
-3443.5033822497517 -5774.19539242086 1673.3286511739948
-2400.9680695748293 -6498.650045638431 44.45966110176652
-1145.0962074433749 -6645.6711234450395 -1588.3597649673407
212.52247789138872 -6202.19515788619 -3080.046455517116
1551.257608425966 -5207.626934664004 -4298.057501932949
2752.1566928700076 -3750.338205002527 -5134.167277587359
3708.514577511826 -1959.815467738452 -5514.083759706135
4335.354667393553 4.845474342709174 -5404.049701617009
4386.1401407313515 2386.8778660295766 -4802.4645200961995
4060.4699215065643 4150.872941741409 -3779.1420436812195
3374.009130677159 5546.044740773678 -2420.026212193446
2387.7528219919027 6448.4261261717265 -845.8804316421878
1189.3341965919913 6777.836551807467 803.4255373456207
-114.76199148226479 6505.006455769321 2381.3436215653614
-1408.6610729886315 5654.177989385425 3747.66887465468
-2577.3944363526616 4300.950995693206 4780.99730185696
-3517.1149933375577 2565.565631621096 5389.513137728153
-4144.324448559482 602.2185023801386 5519.14707982336
-4403.292489458621 -1414.6383835896786 5158.3805834982395
-4271.008669138549 -3305.7984411392704 4339.269335148961
-3759.226985552682 -4903.223799936124 3134.5949638018647
-2913.4214872045654 -6064.976206665406 1651.398073977564
-1808.7457043787028 -6687.82886172278 21.467218239257885
-543.3549281690173 -6716.43857336253 -1610.3710940469293
770.315317882312 -6148.2632431538195 -3099.1208676299007
2015.5396674667268 -5033.787742582037 -4312.500151856058
3081.674472546557 -3472.038110668199 -5142.694872494581
3873.9889770349555 -1601.7826558332038 -5515.938585367239
4322.082560193188 410.79821727995875 -5399.066948632241
4157.248588637026 2786.1517595062564 -4791.003996401508
3674.1659959948643 4510.494934855839 -3762.3153010844844
2864.6176307966507 5834.060841262521 -2399.3283806173313
1800.5354179347482 6639.24483956871 -823.150604253169
576.467731669789 6854.502798033137 826.1677156358395
-698.82164234098 6460.708102402245 2402.0774084132695
-1912.017646701495 5492.851139522396 3764.55198211011
-2955.3224924013466 4036.930247915784 4792.529591732205
-3736.033965432201 2222.3103880052404 5394.669915459193
-4184.78242531938 210.22849767196382 5517.470143078636
-4261.694602101749 -1820.5331172520507 5150.018935466636
-3959.9365113486565 -3689.5323754302367 4324.965944952573
-3306.320683667092 -5230.700490805284 3115.6207504290533
-2358.9237536923642 -6307.097913021276 1629.4389795534355
-1201.9260962356802 -6823.082007422019 -1.5255953306908625
61.86796943732841 -6732.805322861108 -1632.354614374705
1320.164794522741 -6044.289338934472 -3118.141762461317
2461.1591841670083 -4818.711722316648 -4326.868331213474
3383.4687796788558 -3164.970422602902 -5151.133660588399
4005.1423260080674 -1230.0076115969405 -5517.698158842312
4270.941400393856 814.2467734988829 -5393.990961663542
3892.104605529812 3163.4401419127826 -4779.460739080092
3256.0911428097343 4834.123432264367 -3745.4235888091666
2330.7596929303727 6075.273641458031 -2378.5891161518307
1198.330015963706 6776.609126708897 -800.4065622579969
-40.576541705983814 6875.813152392346 848.8956272187902
-1275.8776955778908 6364.071005476705 2422.7697149001056
-2397.8115171006502 5286.853221458856 3781.370081262764
-3306.689262706483 3739.875327741181 4803.979121635938
-3921.7531561540404 1860.5930989811268 5399.733535136636
-4188.352071347049 -184.01099170171358 5515.69792770012
-4082.7975247205513 -2212.2648982529086 5141.56835414578
-3614.468500960804 -4043.949360229756 4310.587868924501
-2824.9780890569295 -5516.311174970721 3096.59273484599
-1784.4759767282076 -6498.524533882661 1607.4517471030383
-585.4153428233284 -6903.315469653944 -24.518382555844724
665.662013344302 -6694.716531245515 -1654.3099463274666
1857.5923784166853 -5891.262649756316 -3137.1088115483008
2884.4675087568417 -4564.344228455973 -4341.161791887777
3655.045042666786 -2831.863792162598 -5159.48349614329
4100.855784634818 -847.759830505984 -5519.362449746091
4182.287493828846 1211.6713124237967 -5388.821828365788
3592.8213348854865 3515.4603564202666 -4767.834947467113
2809.601558143084 5118.959677715106 -3728.4671985504137
1776.7363532262966 6267.616967460452 -2357.8087769336876
586.0003262462792 6859.368984662903 -777.648698412995
-656.8044013407616 6841.635965733064 871.6088796167516
-1841.2491755300584 6215.9935672229285 2443.4201837000137
-2862.0908802845856 5038.0328618265685 3798.1228816886596
-3628.6232502468683 3412.4208276138743 4815.345693851527
-4072.7365204738753 1483.6002277055159 5404.7039093191825
-4154.969277946937 -577.0447631068241 5513.830464291376
-3868.0147812920695 -2586.4167943978778 5133.028985464843
-3237.3701968161176 -4365.974343203547 4296.135355353075
-2319.071063387934 -5757.595911852767 3077.511245638694
-1194.712288902009 -6637.629816940354 1585.4367563136775
35.80191536138065 -6927.881184034121 -47.51074638441296
1263.1349623307894 -6602.559905420644 -1676.2367107687662
2378.23292472065 -5690.572204353625 -3156.0216873577006
3282.014455045773 -4272.952190265007 -4355.380287051825
3894.1745981568743 -2475.6616225295215 -5167.74423496982
4160.320238917997 -458.3976553701527 -5520.931429338714
4056.803169186597 1599.5969551137696 -5383.559638002341
3261.8083220980648 3839.132827622839 -4756.1268223229745
2338.299180226974 5362.517985081009 -3711.4464231202546
1207.0218947357816 6409.4198865421695 -2336.987721808945
-31.504583031047307 6886.816703808178 -754.8774057131848
-1267.2317403399488 6752.289634643508 894.3070806050795
-2390.359796364772 6017.791999505766 2464.0284582096297
-3301.0938945613952 4748.587136566719 3814.8100940914655
-3918.5113136142836 3057.4494677123225 4826.629112094906
-4187.751806348885 1094.6439962556678 5409.580952175745
-4084.892173443281 -965.425398034341 5511.867785100765
-3619.0719446732055 -2939.712509009411 5124.4009768862215
-2831.6812915832747 -4652.793262843154 4281.608653812045
-1792.6833291074968 -5952.452916826361 3058.376612316569
-594.3975857792963 -6723.211007240172 1563.394387352054
656.7029915162154 -6896.582295335141 -70.50228977192967
1849.4526261219241 -6457.16198133667 -1698.1345290555066
2877.8702787075 -5443.994488507837 -3174.8800632918205
3650.576527704234 -3947.1041947987515 -4369.523571173013
4098.913031923219 -2099.496371800359 -5175.915734417118
4183.043125472264 -65.33908267940095 -5522.405070526193
3895.4914803406955 1974.6238706734534 -5378.204481443525
2901.7520116835844 4131.607745306848 -4744.336565829862
1846.0024835841039 5562.647235726884 -3694.361556442592
626.227533769716 6499.421107977267 -2316.1263103267506
-649.1904805744034 6858.692892544134 -732.0930773854474
-1866.9250717939574 6608.539714730453 916.9898382190668
-2918.775177518904 5771.188782164103 2484.594182554219
-3711.2792998874 4421.04239985765 3831.431430307446
-4174.019969779944 2678.0669988988498 4837.8291815179555
-4265.880647972614 697.1335925844111 5414.36457948693
-3978.6991100840296 -1345.7431927515347 5509.809924020883
-3337.99269603102 -3269.044789714771 5115.684477402983
-2400.690982396002 -4901.877411145048 4267.008015156286
-1250.0773397162332 -6099.156713060417 3039.189165306692
11.611160471373974 -6754.4991753119875 1541.3250208576187
1272.2679580963552 -6809.674744205679 -93.49261568809185
2419.8781643885177 -6259.780828311284 -1720.0030230443515
3352.4715763143263 -5153.677915225746 -3193.683613694146
3987.183176605422 -3589.648102829388 -4383.591400017528
4267.616054189958 -1706.6623035854125 -5183.997853375349
4168.852517235133 327.9679308963183 -5523.783347860906
3699.668139416022 2333.456775454342 -5372.75645116506
2515.5938497149227 4390.289877506337 -4732.4643815882455
1336.7154005587013 5717.549651878212 -3677.2128935480596
39.063921983901245 6536.780048627348 -2295.224902733116
-1262.0585574883385 6775.188851869177 -709.2961068817827
-2451.041595674996 6411.592393195876 939.6567607607085
-3422.2388318670446 5478.297813577356 2505.1170015938205
-4089.355129599968 4058.2324321084984 3847.9866033104536
-4393.11427822853 2277.575289787129 4848.945708711871
-4306.525944372015 294.54558799358864 5419.054708646499
-3837.2838814802235 -1714.655781885159 5507.656916587981
-3027.082306075974 -3571.502460900441 5106.879637536353
-1947.9111836449674 -5111.005472984344 4252.33369151746
-695.6596042796657 -6196.373219515505 3019.9492359481906
618.4043837777596 -6731.166013156714 1519.2290379360052
1877.520428513597 -6667.865167293442 -116.48132712362043
2969.8105438133243 -6012.095239871812 -1741.8418150984496
3798.2199594963085 -4822.124266742191 -3212.432013854847
4289.1408635643 -3203.686390968733 -4397.583530654555
4398.952779319953 -1300.5869202115289 -5191.990452278155
4117.898436146718 718.0754059381483 -5525.066237542021
3470.950745822204 2672.933581048218 -5367.215641246454
2106.506170651466 4612.861298622826 -4720.510474613376
814.5946240806679 5825.796683623031 -3660.0007305689637
-549.6972296293484 6521.084467195691 -2274.28385996482
-1865.1460721801993 6636.945278550174 -686.4868878725146
-3014.8685011591456 6163.08437615085 962.3074568053851
-3896.7066332775926 5141.606380680226 2525.5965609293903
-4432.305280613932 3663.274094718192 3864.475327216881
-4574.0741529163715 1859.4438294268616 4859.978501710508
-4309.4164637383865 -109.60618014388469 5423.6512586627805
-3661.8482101945933 -2068.917199610025 5505.408799981345
-2688.9086734188286 -3844.395846597231 5097.986609332995
-1477.047800928438 -5278.2830517609955 4237.585936299659
-133.94474940804463 -6243.171644412144 3000.657156486517
1221.0598809041048 -6653.327038749775 1497.1068201525075
2467.5679822649013 -6472.305128049689 -139.46802709712586
3494.821839657728 -5716.190503479159 -1763.6505280938222
4211.545439823925 -4452.1672675856635 -3231.1249400165057
4554.054745599026 -2792.5494319529216 -4411.499721460487
4491.916302087576 -884.8013243898517 -5199.893393105036
4030.651382685632 1101.5652637319367 -5526.25371741591
3211.2453997098232 2990.052944031587 -5361.582147369384
1677.8660668246957 4797.301835515927 -4708.475051331727
283.9155596175603 5886.341870838706 -3642.7253647341704
-1135.2620910045403 6452.354599151655 -2253.3035436429905
-2453.566722825216 6445.047305638197 -663.6658142394489
-3553.861184022684 5865.069275394543 984.9415352087569
-4338.379483156809 4763.954101599488 2546.0325069089404
-4737.41372654766 3239.540699609128 3880.8973172906
-4715.507970537047 1427.2798899682607 4870.9273699936575
-4274.6086376783305 -511.8010014109078 5428.154150160086
-3453.8915685508687 -2405.4061278130052 5503.065613022658
-2326.2810764041533 -4085.2803638080118 5089.005546362489
-991.9703019025903 -5402.159511521068 4222.765004175025
430.4813871129985 -6239.033079648952 2981.3132600676095
1814.6829157471368 -6521.541179104319 1474.9587495254482
3037.6419037123474 -6224.581725484191 -162.4523186619242
3990.6930780607836 -5374.540869427808 -1785.428785425925
4589.153659555396 -4046.948471338634 -3249.76206937966
4779.847799229385 -2359.7669418301866 -4425.339732123059
4545.831485925273 -462.90976387347786 -5207.70653938378
3907.898096043801 1475.078978049451 -5527.345766976531
2922.7308108005186 3282.000479495194 -5355.856066816044
1233.2274563039814 4941.907053295651 -4696.358319577444
-250.9627939314211 5898.530566195367 -3625.3870943639454
-1712.853898593936 6331.043753013591 -2232.284316066996
-3022.550417630862 6201.015919048661 -640.8332800691132
-4063.6800678172344 5520.000607966124 1007.5586051134135
-4743.733910811809 4348.509018742116 2566.424486633522
-5002.28617829737 2790.6333200853633 3897.252289947881
-4816.363366669887 984.7976044464016 4881.792124490402
-4202.485533651283 -908.5417000607216 5432.56330538007
-3215.1984186637656 -2721.15308744786 5500.627396175328
-1942.2268145120986 -4291.978081431639 5079.93660371467
-496.679834569063 -5481.441987844619 4207.871151079374
992.9993283190041 -6183.855718725658 2961.9178807322683
2394.4461431801424 -6336.806731594076 1452.7852085195805
3583.1359103659015 -5926.704657742056 -185.43380491295062
4453.4483275827 -4989.9888661346595 -1807.1762110161108
4928.052317257698 -3609.8906655657333 -3268.3430801083264
4964.777232142958 -1909.0378376170286 -4439.10332364555
4560.359902386289 -38.5586201214848 -5215.4297561927915
3750.7345824928057 1835.3466999835443 -5528.342367365792
2607.8400351172295 3546.173411508712 -5350.037498467464
776.2915805454597 5045.303622912877 -4684.16048858875
-785.6337451503097 5862.106431243115 -3607.986218864861
-2277.752064892562 6158.035357727051 -2211.2265402081057
-3567.4821179188257 5906.795818583879 -617.9896796460032
-4540.225729130572 5130.711549413043 1030.1582759556582
-5109.550359856643 3898.741043320067 2586.7721479635507
-5224.8690182170185 2320.3502861848397 3913.5399627622833
-4875.9351353487855 535.7862234325798 4892.572577582333
-4093.75301801591 -1296.3847965307787 5436.878648183077
-2947.8229798931147 -3013.366338231388 5498.0941915437925
-1539.965933698724 -4462.597056839796 5070.779937996891
4.72384373398979 -5515.306443163364 4192.904634207725
1548.9938869206644 -6077.956648488182 2942.4713534103053
2955.6290256067628 -6100.553732921403 1430.5865800394993
4099.643554803327 -5581.089846345464 -208.412088993579
4879.386763166215 -4565.721634712354 -1828.8924293181979
5225.575044785673 -3144.6690194956645 -3286.8676513356813
5107.448051617546 -1444.1987617440825 -4452.790258350885
4535.501885396598 384.59489375033155 -5223.062910163408
3560.556472935961 2179.2156051681413 -5529.243501373858
2269.239992610267 3780.203446736567 -5344.126542801798
310.8761769860629 5106.461934381482 -4671.88176900433
-1315.6792964742424 5777.214644227503 -3590.523038724565
-2825.330890679313 5934.636480045031 -2190.1305797033006
-4083.9394364871464 5564.739820887327 -595.1354074456386
-4979.672041290054 4700.3916081853195 1052.7401574722585
-5432.938932293539 3418.3929737672142 2607.0751395246816
-5403.465357102936 1832.6551222594087 3929.760054469528
-4893.870172216586 84.0778206643226 4903.268543106802
-3949.433146133277 -1671.9701642662276 5441.100104049449
-2654.0716532141428 -3279.4562627815008 5495.4660428727875
-1122.88424670531 -4595.548280691885 5061.535707331369
508.07635281964787 -5503.305666631338 4177.865712009955
2093.892138740202 -5922.070193231456 2922.974013914782
3493.656419239404 -5814.632794585979 1408.3632474230883
4582.99399523052 -5190.539755045809 -231.3867741024654
5265.112442607517 -4105.244479961295 -1850.5770653248662
5479.402543893458 -2655.1802172635385 -3305.3354631694824
5206.823683192455 -969.191540195448 -4466.400299885725
4471.59568847042 802.9140584460297 -5230.605869482238
3339.0467935533375 2503.677219464243 -5530.049153439464
1909.8089378635366 3981.9776723265586 -5338.1233018926105
-159.1164165352476 5124.705842394113 -4659.522372859712
-1836.7067149980567 5644.401785476095 -3572.997855506616
-3351.097561578628 5662.567859869269 -2168.996798848926
-4567.7286837634965 5177.589930143306 -572.2708581278503
-5378.497067248817 4232.560413644944 1075.3038597071884
-5711.362383163464 2911.4493301087996 2627.333110713967
-5536.748087433047 1331.6431969075306 3945.912284972379
-4870.1694265154265 -366.4852781588801 4913.879836360141
-3770.854839665404 -2032.0499279667245 5445.227600080826
-2336.483252187222 -3517.0580241704833 5492.742995546597
-694.5048742643158 -4689.560080571793 5052.204071352437
1009.1833095214157 -5445.374144018849 4162.754644186221
2623.2011275281293 -5717.342818138991 2903.4261989362176
4004.1360136254716 -5481.3004927217835 1386.1155944346806
5029.285843050692 -4758.220564235235 -254.35746350044425
5607.561554663466 -3612.351857509366 -1872.2297445742197
5687.580813765833 -2145.5098356987914 -3323.7461966976493
5262.233558027812 -488.0298495715197 -4479.93321322458
4369.313757727397 1212.813730373918 -5238.058503893419
3088.1612556353302 2805.8934880301913 -5530.759309650181
1532.6120738075867 4149.657295814256 -5332.027879407073
-629.7319590684758 5099.7194550223385 -4647.082513583549
-2344.38498455174 5464.612393733897 -3555.4109718452773
-3850.7291159935507 5343.9505402057 -2147.825562594477
-5014.919066832938 4748.455229639545 -549.396426529927
-5733.511450974373 3731.0388336673777 1097.8489930182975
-5942.656181596162 2382.1032639296313 2647.545711705894
-5623.769831566026 821.5073655037272 3961.9963753454535
-4805.186852493838 -812.0830674728669 4924.4062741008465
-3559.641934362394 -2373.516356136656 5449.26106500139
-1997.807209131533 -3724.0523005527252 5489.9250965882575
-258.45854613678455 -4743.689855330359 5042.785191203791
1503.8552929088657 -5341.829749121837 4147.571691682554
3132.5449896193104 -5465.324627470098 2883.8282460367413
4482.8943170548055 -5103.201428485556 1363.8440052587666
5434.918811562301 -4287.636387549477 -277.3237605172813
5904.026918914138 -3091.096037597236 -1893.8500931561223
5848.536325125064 -1619.8982396529634 -3342.099533993775
5273.377612969711 -4.765374309197514 -4493.388764673844
4229.656158065491 1610.790915454475 -5245.420684700854
2810.1111919768423 3083.2213635404887 -5531.3739577426495
1140.875514511222 4281.694062981826 -5325.840380604219
-1096.9975317421056 5031.5509009209145 -4634.562405994035
-2834.4808362234235 5239.182214467718 -3537.7626914402927
-4320.108079492047 4981.28919648661 -2126.6172365362013
-5421.874761415748 4280.78677337008 -526.5125076598472
-6041.884077282162 3199.917659516299 1120.3751680841458
-6125.045478510507 1834.721819007139 2667.7125934584283
-5663.969709653829 306.5028933350792 3978.012047840064
-4699.625376172753 -1248.9501594755588 4934.847674552746
-3317.698704052452 -2693.428509689311 5453.2004291591065
-1640.9799425961298 -3898.583916900841 5487.012394658761
181.54708808172515 -4757.333034442004 5033.279229535696
1987.9428632772251 -5193.372234660835 4132.317116686307
3617.7011911269815 -5167.957521091391 2864.1804936443696
4926.010892124943 -4683.347102564939 1341.548864493041
5796.622907914855 -3782.6007414453497 -300.285268558715
6152.1795402758835 -2545.7537047784126 -1915.4377377188134
5961.088022088177 -1082.705279585772 -3360.395158122556
5240.3276733340235 476.5462610719212 -4506.766721875845
4053.9412140049208 1993.4545751445532 -5252.692284770459
2507.344287383495 3333.23570208427 -5531.893087102795
737.9588175288936 4376.844209229845 -5319.560912333093
-1556.955011977647 4920.613035779343 -4621.96226629509
-3302.8940573831405 4969.828188679797 -3520.053319051626
-4755.3564712783345 4577.452297284271 -2105.3721869108526
-5785.2845941622945 3778.349681456486 -503.6194966893789
-6301.1647925516445 2643.5241154168416 1142.8819959106697
-6257.158846916555 1273.809830807886 2687.8334077190557
-5657.176878643602 -209.088047290715 3993.9590258889666
-4554.529918591353 -1673.40753481974 4945.203857408137
-3047.1929880469197 -2989.037419252029 5457.0456245269215
-1269.099588128335 -4039.0782118091192 5484.004940056209
621.7588795472634 -4730.2291800441835 5023.686350502211
2457.3713422311757 -5001.078527363471 4116.991182621665
4074.635577161335 -4827.560100654883 2844.4832810469625
5329.850559816999 -4225.091773604554 1319.2305571419677
6111.4849305689995 -3247.205500959601 -323.24159111304994
6350.087045430069 -1980.7907694277737 -1936.9923054752949
6024.456059406673 -538.3740854751561 -3378.6327531453544
5163.525714615019 951.8794985877053 -4520.066853812833
3843.7934503204633 2357.554411946645 -5259.873178532348
2182.523269755222 3553.750269846993 -5532.3166887660145
327.326318826612 4434.179820895255 -5313.189583030922
-2005.6945151324874 4767.681074468074 -4609.282312072668
-3745.6917846314946 4658.635257940087 -3502.283160494191
-5152.8679013683195 4135.64925466004 -2084.0907805893335
-6102.189092080275 3245.1926661056123 -480.71778894732915
-6509.304002945133 2066.38646787427 1165.3690878378893
-6338.038687538202 703.9727637846172 2707.9078070307382
-5603.610820718847 -720.9920097008663 4009.837034111202
-4371.277541437579 -2081.8934791031047 4955.4746438308985
-2750.537069564052 -3257.809576647988 5460.7965847039395
-885.3993085266316 -4144.2549966458555 5480.90278471494
1058.4100665842489 -4662.465173428236 5014.006719758311
2908.175062523044 -4766.39485866011 4101.594154145082
4499.535941840592 -4446.809443720722 2824.7369483866014
5691.093306837367 -3732.105495204929 1296.8894686100482
6376.972056570033 -2685.787595364966 -346.192331758215
6496.228854195515 -1400.8256812921 -1958.51342420973
6038.267209894958 8.605741985810145 -3396.812004125604
5043.779025496017 1417.272507322633 -4533.288930810988
3601.1289404220925 2700.008390785856 -5266.963241982991
1838.502745697615 3742.8366799360924 -5532.644755417328
-87.48248611851042 4453.0975049057815 -5306.726502721239
-2439.3875216187794 4573.887161197833 -4596.522762291053
-4159.14149392614 4308.040087937903 -3484.452522632698
-5509.337492406366 3659.404747342159 -2062.773385070388
-6370.0046773569375 2685.615235911828 -457.8077799126561
-6664.6689924192415 1473.1970251424066 1187.8360555466406
-6367.148220086955 129.87879367039451 2727.935444737981
-5503.8783866302065 -1224.979738582912 4025.645798316809
-4151.564805148904 -2470.9934453280803 4965.659856459579
-2430.3664718880173 -3497.4485406797457 5464.453244916574
-493.2194121123408 -4213.13998489187 5477.705982204636
1487.75235688729 -4554.475452386072 5004.240504457051
3336.530800083802 -4491.12578894945 4086.126297140713
4888.843839568608 -4028.719890183773 2804.9418366535297
6006.761649569936 -3208.3445494292287 1274.5259846951676
6590.9523267676495 -2102.893715869752 -369.13709416851077
6589.507965814179 -810.5915472581706 -1980.0007222838694
6002.556904518708 553.7352375497159 -3414.932597134255
4882.252320469653 1868.8602164742374 -4546.432724544389
3328.138192335447 3017.9287638070555 -5273.962352687372
1478.3043805183565 3898.841096513369 -5532.877281391503
-502.88326293970897 4433.324288012134 -5300.171783011978
-2854.3194095632693 4340.7119158296755 -4583.683837288978
-4539.742411366158 3920.8118386449 -3466.5617133760848
-5821.789377587729 3152.530423397179 -2041.420368474224
-6586.5448091087665 2104.1328453787214 -434.8898652076888
-6766.05682976468 868.7738302134549 1210.282511065298
-6344.375008744664 -443.779552317426 2747.9159749928026
-5358.967626366545 -1716.901174130412 4041.3850455115617
-3897.3924529436895 -2837.4685921252103 4975.7593194104675
-2089.516856651679 -3705.9144736838803 5468.015542019644
-95.97851795253588 -4245.073591117916 5474.414587729398
1906.087933261525 -4407.0392907825235 4994.387873246675
3738.7901068761607 -4177.420209487721 4070.5878787158085
5239.284372084717 -3576.619010273295 2785.0982876803623
6274.245228612791 -2658.01951626207 1252.1404915819712
6751.711862506925 -1503.2433237044572 -392.075482121488
6629.259268017843 -214.8973649610369 -2001.453828643539
5917.767895540256 1092.5431677207314 -3432.994219255163
4680.456875847248 2302.9064454037957 -4559.4980080389805
3027.266722888517 3308.646379274257 -5280.870389781094
1105.090636659943 4020.398562590716 -5533.014262673157
-915.2776022462193 4374.920690392493 -5293.5255370935565
-3246.921117449359 4069.973020023948 -4570.765758775887
-4884.255080654948 3500.0301339574917 -3448.611041672486
-6087.601545743965 2619.0942108596605 -2020.0320995362038
-6750.037898494276 1505.4402734213163 -411.9644405912706
-6812.703761909957 258.0213611736532 1232.708066776381
-6270.030999021919 -1012.3238813223621 2767.8490527606778
-5170.238466292939 -2192.719704452726 4057.0545039017093
-3611.0475566160535 -3178.2827592505205 4985.7728582806185
-1730.9992247126177 -3881.4414432247604 5471.483414497495
302.855984671503 -4239.717021543257 5471.0286581267865
2309.8011107559573 -4221.275136805939 4984.448996267703
4111.510271754526 -3827.754431402597 4054.9791671960975
5547.893702042066 -3094.1209469454893 2765.2066441361458
6491.32243037268 -2085.5612380261277 1229.7333758351847
6857.968674065379 -891.6902607734223 -415.00709950473083
6615.2543053675545 381.41130926726044 -2022.8723728249963
5784.745561072459 1620.6228106835958 -3450.9965585905816
4440.236787738308 2715.834863384629 -4572.484555676437
2701.1934901554455 3569.7330702289287 -5287.687233972462
722.1372969798388 4106.444828267855 -5533.055696896824
-1321.0839640797558 4278.280942478865 -5286.787879736904
-3613.7996678892837 3763.8109319828186 -4557.7687498280875
-5189.728838023349 3049.060407238797 -3430.6008175037155
-6304.527826149158 2063.3874847304046 -1998.6089476004242
-6859.1418499569545 894.3735291768838 -389.0319019519301
-6804.291019547857 -354.1094393375997 1255.1123354233887
-6144.849071912627 -1571.1282301832396 2787.7343338265523
-4939.410318011952 -2648.545382994444 4072.65390289863
-3295.0832811107457 -3490.6276555766203 4995.700300150887
-1357.973634448091 -4022.552342593638 5474.85680246505
699.7979290044423 -4197.055601291021 5467.548251866857
2695.389375452297 -3998.6320513385604 4974.424045149994
4451.483647369777 -3444.9124959169353 4039.3004321211843
5812.04406220421 -2585.097347483615 2745.2672495204424
6656.178856376553 -1495.5849552134996 1207.3050243928865
6908.882949000034 -273.1832764062066 -437.9315503227902
6547.70247247143 973.4919353548322 -2044.2559849613224
5604.729897144722 2133.6681165606055 -3468.939304266419
4163.752474504645 3104.258522161682 -4585.392143198069
2352.8073721780897 3799.02193525453 -5294.412767544567
332.80500970839057 4156.225577666857 -5533.001583346995
-1716.7685383646187 4144.1303382079495 -5279.958927291522
-3951.7672926549617 3424.6718429114776 -4544.693034884901
-5453.526962248295 2571.526821311926 -3412.5313518799835
-6470.716828836982 1489.8903566792321 -1977.1512826133592
-6912.95510891042 275.87059557944883 -366.0926453010448
-6740.94699055335 -962.6614785757474 1277.4949301173938
-5969.9761499269935 -2115.6568557891637 2807.571474800729
-4668.54672957081 -3080.6668369585245 4088.1829731235375
-2952.296444712362 -3771.9460503803903 5005.541473588854
-973.7216648016979 -4128.071304313347 5478.135647668838
1091.3725581337337 -4117.399307115531 5463.973429051129
3059.4935398694106 -3740.8783125712544 4964.313193009779
4755.765094221446 -3031.96386338094 4023.5519442398877
6029.466049620545 -2053.6461193749606 2725.2804481573908
6767.422486634901 -892.8529053849766 1184.8558245598697
6904.06373736733 347.2742074689054 -460.8484387039438
6427.248627050001 1556.5444830014094 -2065.6042957888394
5379.344270703256 2627.5089504362886 -3486.8221464377557
3853.4615690409973 3465.0077169918095 -4598.22054770874
1985.181896331915 3994.6253419566824 -5301.046874357275
-59.489899693550285 4169.302975164135 -5532.851922958133
-2098.875757064066 3973.5197423435134 -5273.038797683424
-4257.868910282093 3055.2880117915474 -4531.538839744794
-5673.349286219969 2071.2829819800163 -3394.402956834515
-6584.727680993926 903.2353695439192 -1955.659475117477
-6911.024124710104 -345.0686692592881 -343.1470667660022
-6623.245746415953 -1562.7118424899138 1299.8554643437574
-5746.962917917531 -2641.501210667323 2827.360133124794
-4360.037214030768 -3485.5816042398146 4103.641446412122
-2585.703069969182 -4019.952776052679 5015.2962086518755
-581.6178609698521 -4197.133502441063 5481.319893487993
1474.1466473646026 -4001.3804983205655 5460.304251411558
3398.9267568947052 -3450.087277155197 4954.1166144466815
5021.69730813034 -2592.238660955942 4007.7339755055364
6198.268016182923 -1504.0582638787596 2705.2465851898573
6824.095410346481 -282.2356896049763 1162.3861640009625
6843.5719802512995 964.6647642611262 -483.7573689070714
6254.967147189825 2125.850520461037 -2086.9169366534643
5110.581033629321 3098.145128776645 -3504.6447762940793
3512.0973678153814 3795.1559464144857 -4610.969547680682
1601.5484382856043 4154.950503445846 -5307.589439849282
-451.3050982653952 4145.559474546083 -5532.606718314652
-2464.0581963156988 3767.817293844799 -5266.0276104130935
-4529.40772086261 2658.6556374274373 -4518.306391561448
-5847.252077134088 1552.380682891545 -3376.2159454181583
-6645.542426109102 308.16989217033006 -1934.1338962448372
-6853.347167041739 -963.4231458515359 -320.19556258333495
-6452.20193676404 -2149.411809451638 1322.1935519687577
-5477.750249383041 -3144.415801243596 2847.0999670775877
-4016.5764136333246 -3860.024650053605 4119.029055819169
-2198.512137076995 -4232.653369267188 5024.964336889948
-185.100409129816 -4229.192261928007 5484.409484935256
1844.7583024683247 -3849.9488626119783 5456.540782309473
3710.7021433037035 -3128.6206116305675 4943.834485540675
5246.933814558397 -2129.300689580372 3991.8467990712998
6316.952390599794 -940.7830569787868 2685.1660065732904
6825.682025247427 331.3272787938049 1139.8964307343153
6727.91985793963 1573.9977318397466 -506.65794532848827
6032.352486263905 2676.811579036455 -2108.1935395170885
4800.784123640771 3541.7789704416477 -3522.4068860646366
3142.6450237380336 4092.0437574820917 -4623.638922957326
1205.2681222056349 4278.712499031999 -5314.040351040045
-839.202141216757 4085.1988582223835 -5532.2659736508795
-2809.1056116141153 3528.6973712597996 -5258.925486553487
-4763.968697947305 2238.010447802643 -4504.995918839887
-5973.66501464951 1019.0369363731478 -3357.970631693978
-6652.574979802962 -290.48247882302206 -1912.574917710678
-6740.374463656485 -1574.191251014425 -297.23852909197683
-6229.262096767996 -2718.026222328661 1344.508807246328
-5164.652455915228 -3620.352635927379 2866.790635781073
-3641.1407796503804 -4200.994830168101 4134.345535623198
-1794.097766230473 -4408.360197986224 5034.54569134865
212.35870698734982 -4224.023416443188 5487.404368657904
2199.9461771685224 -3664.363617527732 5452.683086734478
3992.0587752035094 -2779.10903040006 4933.466983849092
5429.4594322002595 -1646.9184100022549 3975.8906892854643
6384.428791855764 -368.3918614933317 2665.0390590699008
6772.1136357506 942.8679205703231 1117.387013124705
6558.066464177803 2170.349750183581 -529.5497725087532
5761.306307662164 3204.9864800700257 -2129.433736963908
4452.628802634434 3954.846096350751 -3540.1081690237984
2748.31568845296 4353.300281414478 -4636.228454757112
799.8026645677256 4364.944632330901 -5320.399496531777
-1219.7763359405399 3988.7444974207115 -5531.829694850975
-3130.972856100194 3258.126909597785 -5251.732548747903
-4959.43977466962 1796.8012063881017 -4491.607651432477
-6051.405120072158 475.599559573457 -3339.667330731845
-6605.676564402327 -887.8611952435908 -1890.9829118069936
-6573.004657451212 -2172.4315865485605 -274.27636272627086
-5956.292441529726 -3263.9718978296974 1366.8008448246687
-4810.337503419484 -4065.493982283915 2886.4317992062174
-3236.962968311961 -4505.779085285736 4149.590621331003
-1375.9700682919124 -4545.705943274081 5044.040106572013
607.2838106410318 -4181.726879700567 5490.304492938677
2536.5778579774246 -3446.1830316595106 5448.731231303329
4240.485831043961 -2404.4306979303565 4923.0142884035085
5567.6080289566635 -1149.03414501978 3959.865921686682
6400.023820451176 208.45913412910568 2644.866090242613
6663.769409456661 1547.4299044027855 1094.8582998768136
6335.409842961542 2748.9047368859656 -552.4324551395159
5444.12130943112 3706.1273201271047 -2150.637162206828
4069.098706424879 4334.044226903087 -3557.7483194963283
2332.5188264072344 4576.862284478909 -4648.737925677235
388.6844125730516 4413.006042849466 -5326.666766511342
-1589.686317031691 3857.034848154814 -5531.297889448836
-3426.8064411446762 2958.3491808829704 -5244.44892120783
-5114.030540130351 1338.6613530123693 -4478.141820535022
-6079.687514609726 -73.48840222517786 -3321.306358602974
-6505.13757314683 -1479.108390426493 -1869.3582513961521
-6352.577610983798 -2753.3031071781415 -251.30946000923169
-5635.5632502571825 -3782.8547601853506 1389.069279752923
-4417.80436348325 -4476.283166965399 2906.0231181788854
-2807.5041717986883 -4771.974170515453 4164.764049682271
-947.744913920677 -4643.654327551481 5053.447418605388
996.2256386691934 -4102.725419243203 5493.109807696676
2851.6771713991375 -3197.2513529212024 5444.6852842587805
4453.74467307111 -2007.6874729857002 4912.476579706672
5660.07741560414 -639.731750484064 3943.7727729992403
6363.487440920126 785.0669454646286 2624.647448449073
6501.473681405686 2140.1089980992597 1072.3106800285739
6061.775454051033 3304.9929745391087 -575.305598070359
5083.461875940528 4176.213821468375 -2171.803449093697
3653.460401747692 4676.3597433476925 -3575.327032862625
1898.832937912676 4760.990580163844 -4661.167119697449
-24.51416534693589 4422.586510669417 -5332.842052752155
-1945.6830774368773 3691.216221500773 -5530.670566627963
-3693.9695096070004 2631.8651724162005 -5237.0747297108555
-5226.288282597907 867.3790130778641 -4464.59865868271
-6058.132910782426 -623.7251230725136 -3302.888032374483
-6351.685844165548 -2059.4085448653163 -1847.7013099043563
-6080.863616380331 -3312.10447988127 -228.33821754560245
-5269.729970849293 -4270.50539692865 1411.3137274878109
-3990.3576915792246 -4849.45316865468 2925.5642543856675
-2356.424620016022 -4997.505744871041 4179.865558654111
-513.1128799652666 -4701.508004462869 5062.767464998257
1375.791191229144 -3987.7606456301396 5495.8202644882185
3142.4501775226845 -2919.6832534338037 5440.545315468425
4629.888675127863 -1592.179191350956 4901.854039729389
5705.941246016123 -123.20302095329683 3927.611521128269
6274.995897085138 1356.7202785236316 2604.383482835623
6286.489625332205 2716.093027384859 1049.7445429443642
5739.401162563181 3834.128991385007 -598.1688063155431
4682.341719553278 4611.485768702651 -2192.9322321137342
3209.2356666428636 4979.091798299102 -3592.8440055640476
1450.974941252482 4904.283671232215 -4673.515822183765
-436.21127516680747 4393.708417881952 -5338.925248616071
-2284.6382055059335 3492.7328901310475 -5529.947737221304
-3930.065005316187 2281.412717486189 -5229.610101598485
-5295.111238007798 386.86562315170545 -4450.97839974612
-5986.771767958845 -1170.5870147457854 -3284.4126701039017
-6146.481353811579 -2624.0278593466396 -1826.0124613153205
-5760.049097988999 -3844.312313287931 -205.36303201519013
-4861.811202250997 -4723.012747706857 1433.5338039002766
-3531.580045485952 -5182.052772891991 2945.0548703797426
-1887.5525035956957 -5180.644668141646 4194.894887465563
-75.80763837322799 -4718.913549742248 5072.000084807064
1742.6730681950164 -3837.886253837233 5498.435816507686
3406.3096250593385 -2615.8459219923684 5436.311396423458
4767.280623393564 -1161.376200527732 4891.146851907392
5704.657817472854 396.28689296931657 3911.3824451549285
6135.1511299911845 1918.7381569496547 2584.0745433313073
6020.509340942518 3270.7011154413026 1027.160278308344
5370.91887638104 4332.047926590547 -621.0216850609395
4244.098699763841 5008.473268583026 -2214.0231464037815
2740.1717287522365 5239.873781338987 -3610.2989351081173
992.7684745954293 5005.688513815631 -4685.783819892173
-842.846615221859 4326.725854737537 -5344.9162490552035
-2603.5710845052536 3263.3146159423336 -5529.129413711063
-4132.956837346826 1909.9435527003493 -5222.055165773916
-5319.758925409074 -98.87656685172622 -4437.281278927183
-5866.045070490908 -1709.5660109058676 -3265.880590833698
-5891.107368344838 -3168.353012584182 -1804.292080163699
-5392.718923822453 -4345.617945006187 -182.38430016579449
-4415.163737361261 -5136.755652584132 1455.7291252821235
-3045.301877208573 -5471.4700781491065 2964.4946295867185
-1404.8515811787513 -5320.020376119581 4209.851776582114
360.4259429284486 -4695.8635171469405 5081.145118597978
2093.678040303232 -3654.458577218184 5500.956418588318
3640.89765584233 -2288.338955376278 5431.983600237467
4864.60753684366 -718.8903751390715 4880.355201138113
5656.075690217859 914.4347697276678 3895.0858253316087
5944.976697236875 2466.508372373241 2563.7209806417686
5705.6404356058665 3799.4218820397236 1004.5582761177081
4959.332982480637 4794.740083998678 -643.8638396707955
3772.367030187688 5364.02458812406 -2235.0758277546183
2250.209712502482 5456.691967960436 -3627.6915200737653
528.1113869788029 5064.508320145245 -4697.970900972297
-1240.9119528566016 4222.32088285646 -5350.814950613731
-2899.6748200282887 3004.961705775882 -5528.215610228491
-4300.78885442712 1520.5984940798637 -5214.410052699833
-5299.859475210412 -585.7878446507685 -4423.507532755131
-5696.801714820784 -2236.2068090460175 -3247.2921145857476
-5587.558122066771 -3687.928985025585 -1782.5405415286875
-4981.835469572177 -4811.9624864758425 -159.40241880647955
-3933.454873181257 -5508.432004053148 1477.899308352637
-2535.5695496257645 -5715.453164714656 2983.883196310368
-912.3877444223239 -5414.631229838169 4224.735967720196
791.8637158206944 -4632.695548472789 5090.20240844965
2425.75460987636 -3439.1245373760503 5503.382027203012
3844.1065615957446 -1939.972218784005 5427.562001645156
4920.892775733573 -268.4448551251249 4869.479273777592
5560.436071765205 1426.9350119624423 3878.7219430770806
5705.9102212487205 2995.5254412360155 2543.3231462432623
5344.389207599709 4297.950289408871 981.9389266759533
4507.995759389727 5218.483393123568 -666.6948756945192
3271.047104944425 5675.3313464220655 -2256.08991261726
1743.4515604710127 5627.901203809571 -3645.0214601164616
60.9426938386135 5080.407341600955 -4710.076854971091
-1626.981198583951 4081.4969920907015 -5356.621251429715
-3170.3406716229574 2719.9277234786446 -5527.206342553635
-4432.001463177379 1116.6809404292962 -5206.674894396141
-5235.413881124173 -1069.784961714136 -4409.657399082402
-5480.292519994364 -2746.1437620137494 -3228.6475623558476
-5238.22311859545 -4178.49563780504 -1760.7582210275132
-4530.714605545797 -5239.569839151265 -136.41778480070414
-3420.632217079859 -5835.085266815377 1500.0439702652097
-2006.6116449291255 -5912.127761673028 3003.220235738543
-414.29482225627083 -5463.851759960681 4239.547203851583
1214.83391347693 -4530.088551657315 5099.171797955941
2736.0193247868824 -3193.8070955730327 5505.712600465053
4014.097412266484 -1573.7418632554914 5423.046677001057
4935.5053290898595 186.15723986472176 4858.519257637156
5418.371938315199 1929.5154552853362 3862.2910809716254
5419.792422687638 3501.427754964754 2522.881392376524
4939.640565936983 4762.222832852944 959.3026205861325
4020.5799676472516 5599.873513371462 -689.5143988735394
2744.2731952074882 5939.950857586786 -2277.0650381092005
1224.1257063289688 5752.237501060531 -3662.2884559735417
-404.79072354404485 5053.412599286557 -4722.101472836446
-1997.7397212353362 3905.569811530054 -5362.3350512368415
-3413.1807777585245 2410.700006708264 -5526.101628115072
-4525.345743680712 701.6289271077377 -5198.849824437716
-5126.797132383963 -1546.7953510303394 -4395.7311170805315
-5218.160904008398 -3235.1371131903866 -3209.94725610811
-4845.868179789738 -4636.022745678062 -1738.9454948089906
-4042.9988020545147 -5624.977412361537 -113.4307950594637
-2880.8912383487436 -6114.128151149892 1522.1627286139321
-1462.803845532718 -6060.011772299126 3022.5054139488743
85.26008836783585 -5467.436753555943 4254.285229207923
1625.7482892591686 -4389.055985808316 5108.0531322286215
3021.781620170964 -2920.6883326666784 5507.948098128852
4149.316393260355 -1192.8047039379603 5418.437704278228
4908.166195833487 641.0648572728722 4847.475341980267
5230.903892774229 2417.972992648205 3845.7935227522107
5088.852823398348 3980.0336165270483 2502.396072040725
4494.634848600737 5188.4507874876235 936.649748744131
3501.048843124802 5935.851336838668 -712.3220151480905
2196.379283837432 6155.825445857062 -2298.000842020741
696.5517865293798 5828.827449616036 -3679.492209469251
-865.1673937789681 4983.912555088682 -4734.044546920811
-2350.0126544254817 3696.1551585017005 -5367.956251366149
-3626.0489778656306 2079.978155772083 -5524.901485989604
-4579.894936968574 278.9859660683189 -5190.934977952055
-4974.756208905692 -2012.7913499508409 -4381.728927236017
-4912.430296108577 -3699.108274255835 -3191.1915187694667
-4413.61339365693 -5056.743195123931 -1717.102739546914
-3522.6275723555286 -5965.064291953239 -90.44184653439704
-2318.640832453842 -6343.363249189037 1544.2552014402359
-908.6326794009403 -6158.026544343274 3041.738397914564
582.1114746855753 -5425.522156978233 4268.949789285089
2021.1324696921465 -4210.936316453854 5116.846257900049
3280.566975172814 -2622.1903048229015 5510.088481590639
4248.508708378336 -800.4511773158077 5413.735163066876
4838.951798571063 1092.41155001793 4836.347717519167
4999.432786070546 2888.208717163433 3829.229553307508
4715.692230878248 4427.37586509378 2481.8675389873624
4012.9417264979193 5573.151238191583 913.9807023318846
2953.623739213554 6223.727666404685 -735.1173306640164
1631.8633209357608 6321.2985790787325 -2318.896962821171
165.10468527859746 5857.194372439729 -3696.632423519951
-1316.3242262155316 4872.652741935326 -4745.905870984779
-2680.791953616717 3455.1545320255877 -5373.484754747748
-3807.0595514773054 1730.6506792495006 -5523.605936901928
-4595.053201183496 -147.6290812133504 -5182.930491616974
-4780.404948355784 -2463.82414083543 -4367.651071346205
-4565.488382314323 -4134.173851813965 -3172.3806742240427
-3944.908138188459 -5437.184073535723 -1695.2303324337684
-2973.8054940403404 -6257.076629634513 -67.45133621099762
-1738.4671814162807 -6521.0004684617625 1566.3210072394338
-348.65843058581737 -6205.504798726983 3060.9188555101205
1072.1301518645234 -5338.622795216042 4283.54063084759
2397.655265356017 -3997.3807281899108 5125.551023125809
3510.138186583814 -2300.9538412477045 5512.133713889123
4310.729925945922 -400.07710794102206 5408.939134573006
4728.294394061038 1536.3482321156903 4825.136576411648
4725.729155485648 3336.2622895957406 3812.599458673024
4303.2621429245455 4839.734801699308 2461.2961477141575
3498.431404409728 5913.175637845543 891.2958728106457
2382.7496829997685 6461.204869025323 -757.8999517795924
1055.3501957305123 6435.127693061667 -2339.753039665075
-365.8217877574572 5837.261181476733 -3713.708802139224
-1754.4889000206845 4720.728397518833 -4757.685240200641
-2987.2619740693663 3184.738178866023 -5378.920465912456
-3954.6037123387346 1365.769997027663 -5522.215003224279
-4570.561556274252 -574.5528426295023 -5174.836503658236
-4545.215820362684 -2896.057123944716 -4353.497792515048
-4180.068307846097 -4536.678138947575 -3153.5150473075905
-3443.503382249747 -5774.195392420865 -1673.3286511739893
-2400.968069574822 -6498.650045638435 -44.45966110175846
-1145.0962074433555 -6645.671123445039 1588.3597649673613
212.5224778913942 -6202.195157886189 3080.0464555171197
1551.2576084259708 -5207.626934664 4298.057501932952
2752.156692870008 -3750.3382050025284 5134.167277587359
3708.5145775118326 -1959.8154677384377 5514.083759706137
4335.354667393557 4.845474342725642 5404.049701617007
4576.979469686771 1969.0758747645184 4813.842112257704
4411.919560354746 3758.345242566336 3795.903526026147
3854.841236695116 5213.66914233969 2440.682253458928
2955.243352462988 6205.735659005996 868.5956519142179
1793.0591274926746 6646.395328947241 -780.6694850723115
471.5537303342772 6496.493606686031 -2360.568712398539
-891.8512851438007 5769.349918078147 -3730.721050443009
-2176.011400111958 4529.574170873905 -4769.382451155951
-3266.82335291139 2887.325880878713 -5384.263290993514
-4067.3637145865146 988.5260155464881 -5520.7287089760475
-4506.500960888956 -998.1087243419939 -5166.653153847167
-4271.008669138542 -3305.7984411392995 -4339.269335148942
-3759.2269855526874 -4903.223799936112 -3134.5949638018765
-2913.421487204556 -6064.976206665414 -1651.3980739775498
-1808.7457043786962 -6687.828861722782 -21.46721823924983
-543.3549281690131 -6716.4385733625295 1610.3710940469334
770.3153178823242 -6148.263243153812 3099.1208676299125
2015.5396674667265 -5033.787742582036 4312.5001518560575
3081.674472546559 -3472.0381106681953 5142.694872494583
3873.988977034958 -1601.7826558331953 5515.93858536724
4322.082560193193 410.79821727999587 5399.066948632235
4386.1401407313515 2386.8778660295648 4802.464520096205
4060.4699215065634 4150.87294174141 3779.1420436812186
3374.0091306771587 5546.044740773677 2420.0262121934466
2387.752821991904 6448.426126171725 845.8804316421908
1189.33419659199 6777.836551807468 -803.4255373456216
-114.76199148226188 6505.006455769323 -2381.343621565358
-1408.661072988629 5654.177989385426 -3747.6688746546774
-2577.394436352663 4300.950995693205 -4780.99730185696
-3517.114993337555 2565.5656316211016 -5389.513137728152
-4144.324448559483 602.218502380136 -5519.14707982336
-4403.292489458621 -1414.6383835896766 -5158.38058349824
-3959.936511348651 -3689.532375430253 -4324.965944952563
-3306.3206836670815 -5230.7004908052995 -3115.6207504290364
-2358.923753692355 -6307.097913021284 -1629.4389795534232
-1201.9260962356745 -6823.08200742202 1.5255953306975565
61.86796943733229 -6732.805322861107 1632.3546143747092
1320.16479452273 -6044.289338934481 3118.141762461304
2461.159184167002 -4818.711722316656 4326.868331213467
3383.468779678858 -3164.9704226028985 5151.1336605884
4005.1423260080664 -1230.0076115969453 5517.698158842312
4270.9414003938555 814.2467734988752 5393.990961663543
4157.248588637028 2786.1517595062387 4791.003996401515
3674.1659959948593 4510.494934855851 3762.315301084476
2864.6176307966507 5834.060841262521 2399.3283806173317
1800.5354179347498 6639.244839568709 823.1506042531721
576.4677316697879 6854.502798033136 -826.16771563584
-698.8216423409697 6460.70810240225 -2402.0774084132568
-1912.0176467014962 5492.851139522395 -3764.5519821101107
-2955.322492401359 4036.9302479157636 -4792.5295917322155
-3736.033965432199 2222.3103880052468 -5394.669915459192
-4184.782425319384 210.22849767193358 -5517.4701430786345
-4261.694602101749 -1820.5331172520416 -5150.018935466639
-3614.468500960804 -4043.9493602297557 -4310.5878689245
-2824.9780890569295 -5516.3111749707205 -3096.592734845989
-1784.4759767281976 -6498.524533882667 -1607.4517471030238
-585.4153428233316 -6903.315469653944 24.51838255584159
665.6620133443265 -6694.716531245505 1654.309946327499
1857.5923784166873 -5891.262649756314 3137.108811548304
2884.467508756841 -4564.344228455974 4341.161791887777
3655.0450426667894 -2831.8637921625877 5159.483496143293
4100.855784634817 -847.7598305059898 5519.362449746091
4182.287493828846 1211.6713124237924 5388.821828365789
3892.1046055298166 3163.440141912765 4779.460739080099
3256.0911428097293 4834.123432264377 3745.423588809158
2330.759692930374 6075.2736414580295 2378.5891161518316
1198.3300159637217 6776.609126708891 800.4065622580171
-40.57654170599481 6875.813152392343 -848.8956272188054
-1275.877695577887 6364.071005476707 -2422.7697149001015
-2397.8115171006402 5286.853221458867 -3781.370081262753
-3306.6892627064926 3739.87532774116 -4803.979121635949
-3921.75315615404 1860.5930989811277 -5399.733535136636
-4188.352071347049 -184.0109917017032 -5515.697927700121
-4082.7975247205527 -2212.264898252898 -5141.568354145783
-3237.3701968161154 -4365.974343203551 -4296.135355353072
-2319.0710633879407 -5757.59591185276 -3077.5112456387023
-1194.7122889020127 -6637.6298169403535 -1585.4367563136814
35.801915361381155 -6927.881184034121 47.51074638441475
1263.1349623307985 -6602.559905420639 1676.2367107687792
2378.2329247206517 -5690.5722043536225 3156.021687357704
3282.0144550457726 -4272.9521902650085 4355.380287051825
3894.174598156876 -2475.6616225295115 5167.744234969823
4160.320238917996 -458.39765537017547 5520.931429338712
4056.803169186599 1599.5969551137593 5383.5596380023435
3592.821334885493 3515.460356420249 4767.83494746712
2809.601558143075 5118.95967771512 3728.4671985504015
1776.7363532262777 6267.616967460467 2357.8087769336616
586.0003262462824 6859.368984662902 777.6486984129981
-656.8044013407705 6841.635965733061 -871.6088796167644
-1841.2491755300548 6215.993567222931 -2443.4201837000096
-2862.0908802845765 5038.032861826581 -3798.1228816886487
-3628.623250246877 3412.4208276138497 -4815.345693851539
-4072.7365204738744 1483.6002277055184 -5404.703909319182
-4154.969277946939 -577.0447631068137 -5513.830464291378
-3868.014781292072 -2586.416794397868 -5133.028985464845
-2831.681291583265 -4652.793262843171 -4281.6086538120335
-1792.6833291074945 -5952.452916826363 -3058.3766123165638
-594.3975857793 -6723.211007240171 -1563.394387352056
656.7029915162125 -6896.582295335141 70.502289771929
1849.4526261219078 -6457.161981336679 1698.1345290554868
2877.8702787075053 -5443.994488507827 3174.8800632918314
3650.576527704234 -3947.104194798748 4369.5235711730165
4098.913031923219 -2099.4963718003555 5175.91573441712
4183.043125472264 -65.33908267940782 5522.4050705261925
3895.491480340697 1974.6238706734468 5378.204481443525
3261.8083220980734 3839.132827622822 4756.126822322983
2338.299180226976 5362.517985081008 3711.4464231202555
1207.0218947357632 6409.419886542183 2336.987721808919
-31.50458303104267 6886.816703808177 754.8774057131877
-1267.2317403399556 6752.289634643505 -894.3070806050921
-2390.359796364778 6017.791999505759 -2464.0284582096406
-3301.093894561386 4748.587136566733 -3814.8100940914546
-3918.5113136142886 3057.449467712298 -4826.629112094917
-4187.751806348885 1094.6439962556713 -5409.580952175744
-4084.8921734432824 -965.42539803433 -5511.867785100766
-3619.0719446732014 -2939.712509009423 -5124.400976886216
-2400.6909823959945 -4901.877411145062 -4267.008015156277
-1250.0773397162318 -6099.15671306042 -3039.1891653066873
11.611160471375891 -6754.499175311988 -1541.325020857613
1272.2679580963525 -6809.67474420568 93.49261568809116
2419.878164388515 -6259.780828311285 1720.0030230443504
3352.4715763143245 -5153.677915225749 3193.683613694145
3987.1831766054224 -3589.648102829385 4383.591400017531
4267.61605418996 -1706.6623035853615 5183.997853375365
4168.852517235135 327.9679308963115 5523.783347860906
3699.668139416021 2333.456775454347 5372.756451165059
2901.7520116835813 4131.607745306857 4744.336565829857
1846.0024835841064 5562.647235726883 3694.361556442592
626.2275337697195 6499.421107977267 2316.1263103267515
-649.1904805743894 6858.692892544135 732.0930773854627
-1866.9250717939642 6608.539714730449 -916.9898382190795
-2918.7751775188985 5771.1887821641085 -2484.5941825542136
-3711.2792998873933 4421.042399857664 -3831.431430307436
-4174.019969779949 2678.0669988988257 -4837.829181517967
-4265.880647972614 697.1335925844147 -5414.364579486929
-3978.6991100840323 -1345.7431927515286 -5509.809924020884
-3337.9926960310327 -3269.0447897147455 -5115.684477402992
-1947.9111836449624 -5111.005472984351 -4252.333691517452
-695.659604279677 -6196.373219515501 -3019.9492359481987
618.404383777762 -6731.166013156715 -1519.2290379359974
1877.520428513605 -6667.865167293439 116.48132712363693
2969.8105438133207 -6012.095239871814 1741.841815098449
3798.2199594963145 -4822.124266742175 3212.4320138548646
4289.140863564298 -3203.6863909687368 4397.583530654555
4398.952779319951 -1300.5869202115027 5191.990452278163
4117.89843614672 718.0754059381406 5525.066237542021
3470.9507458222083 2672.9335810482116 5367.215641246456
2515.593849714929 4390.28987750633 4732.464381588248
1336.715400558705 5717.54965187821 3677.2128935480596
39.063921983909324 6536.780048627346 2295.2249027331204
-1262.0585574883246 6775.188851869177 709.2961068817955
-2451.0415956749885 6411.59239319588 -939.656760760702
-3422.238831867039 5478.29781357736 -2505.1170015938164
-4089.355129599966 4058.232432108503 -3847.9866033104527
-4393.114278228531 2277.5752897870966 -4848.945708711885
-4306.525944372019 294.54558799361723 -5419.054708646495
-3837.2838814802267 -1714.6557818851518 -5507.656916587982
-3027.0823060759744 -3571.502460900441 -5106.879637536351
-1477.047800928428 -5278.283051761004 -4237.5859362996525
-133.94474940804213 -6243.171644412144 -3000.6571564865167
1221.0598809041132 -6653.327038749776 -1497.1068201525
2467.5679822648954 -6472.305128049692 139.46802709711534
3494.8218396577317 -5716.190503479155 1763.6505280938266
4211.545439823927 -4452.1672675856635 3231.1249400165057
4554.054745599025 -2792.5494319529403 4411.499721460476
4491.916302087576 -884.8013243898512 5199.893393105036
4030.651382685636 1101.5652637319224 5526.253717415908
3211.2453997098246 2990.052944031583 5361.582147369386
2106.5061706514684 4612.861298622821 4720.510474613378
814.5946240806662 5825.79668362303 3660.0007305689637
-549.6972296293459 6521.084467195688 2274.283859964825
-1865.1460721802007 6636.9452785501735 686.4868878725152
-3014.8685011591465 6163.08437615085 -962.3074568053833
-3896.706633277592 5141.606380680227 -2525.5965609293867
-4432.305280613933 3663.2740947181924 -3864.47532721688
-4574.0741529163715 1859.443829426862 -4859.978501710508
-4309.416463738393 -109.60618014386033 -5423.651258662777
-3661.848210194592 -2068.9171996100267 -5505.408799981345
-2688.9086734188154 -3844.395846597249 -5097.986609332987
-991.9703019025875 -5402.159511521069 -4222.765004175025
430.48138711299214 -6239.033079648947 -2981.3132600676176
1814.6829157471439 -6521.541179104319 -1474.9587495254427
3037.6419037123537 -6224.581725484188 162.45231866193092
3990.693078060787 -5374.540869427803 1785.4287854259292
4589.153659555399 -4046.9484713386273 3249.7620693796653
4779.847799229386 -2359.7669418301834 4425.33973212306
4545.831485925274 -462.90976387347723 5207.70653938378
3907.898096043805 1475.078978049443 5527.345766976531
2922.7308108005172 3282.000479495196 5355.856066816044
1677.8660668246991 4797.301835515923 4708.47505133173
283.9155596175584 5886.341870838706 3642.7253647341704
-1135.2620910045375 6452.354599151652 2253.3035436429955
-2453.566722825228 6445.047305638193 663.6658142394349
-3553.861184022685 5865.069275394543 -984.9415352087552
-4338.379483156805 4763.954101599501 -2546.032506908926
-4737.413726547661 3239.5406996091274 -3880.8973172905994
-4715.507970537048 1427.279889968261 -4870.9273699936575
-4274.608637678337 -511.80100141088957 -5428.154150160083
-3453.891568550865 -2405.4061278130107 -5503.065613022657
-2326.2810764041524 -4085.2803638080118 -5089.005546362489
-496.6798345690601 -5481.441987844619 -4207.871151079373
992.9993283190073 -6183.855718725658 -2961.9178807322673
2394.446143180167 -6336.806731594074 -1452.7852085195539
3583.135910365908 -5926.704657742052 185.4338049129573
4453.44832758271 -4989.988866134645 1807.176211016129
4928.052317257702 -3609.8906655657142 3268.343080108342
4964.777232142958 -1909.0378376170252 4439.103323645551
4560.359902386288 -38.55862012148116 5215.429756192792
3750.734582492804 1835.3466999835475 5528.342367365792
2607.84003511722 3546.173411508723 5350.03749846746
1233.2274563039887 4941.907053295643 4696.358319577449
-250.96279393141177 5898.530566195363 3625.3870943639554
-1712.8538985939463 6331.043753013591 2232.2843160669872
-3022.5504176308564 6201.015919048664 640.8332800691237
-4063.6800678172353 5520.000607966123 -1007.5586051134119
-4743.73391081181 4348.509018742113 -2566.4244866335225
-5002.28617829737 2790.6333200853633 -3897.2522899478795
-4816.363366669887 984.7976044464025 -4881.7921244904
-4202.485533651291 -908.5417000607042 -5432.5633053800675
-3215.1984186637646 -2721.1530874478603 -5500.627396175328
-1942.2268145120972 -4291.978081431639 -5079.93660371467
4.723843733965538 -5515.306443163351 -4192.904634207742
1548.9938869206649 -6077.9566484881825 -2942.471353410305
2955.6290256067723 -6100.553732921401 -1430.5865800394865
4099.643554803327 -5581.089846345463 208.41208899358082
4879.3867631662215 -4565.721634712341 1828.8924293182156
5225.575044785674 -3144.6690194956464 3286.8676513356972
5107.448051617547 -1444.1987617440877 4452.790258350882
4535.501885396605 384.59489375031046 5223.062910163401
3560.5564729359776 2179.215605168117 5529.243501373857
2269.2399926102744 3780.2034467365593 5344.1265428018
776.291580545456 5045.303622912878 4684.160488588747
-785.6337451502918 5862.10643124311 3607.986218864875
-2277.7520648925774 6158.035357727052 2211.226540208088
-3567.482117918828 5906.795818583879 617.989679645999
-4540.225729130571 5130.711549413044 -1030.1582759556588
-5109.550359856642 3898.741043320067 -2586.772147963551
-5224.8690182170185 2320.3502861848374 -3913.5399627622865
-4875.935135348787 535.7862234325881 -4892.572577582329
-4093.7530180159224 -1296.3847965307543 -5436.878648183072
-2947.8229798931156 -3013.366338231387 -5498.0941915437925
-1539.965933698713 -4462.597056839806 -5070.7799379968865
508.07635281963564 -5503.305666631333 -4177.865712009962
2093.8921387402015 -5922.070193231455 -2922.9740139147816
3493.6564192394344 -5814.632794585972 -1408.3632474230496
4582.993995230521 -5190.539755045809 231.38677410246723
5265.112442607521 -4105.244479961278 1850.5770653248867
5479.402543893457 -2655.1802172635203 3305.335463169498
5206.823683192454 -969.1915401954469 4466.400299885726
4471.59568847042 802.9140584460304 5230.605869482238
3339.0467935533366 2503.677219464244 5530.049153439464
1909.808937863532 3981.9776723265622 5338.12330189261
310.87617698606414 5106.461934381481 4671.88176900433
-1315.6792964742342 5777.214644227502 3590.5230387245706
-2825.3308906793286 5934.63648004503 2190.1305797032833
-4083.939436487138 5564.739820887332 595.1354074456491
-4979.67204129006 4700.391608185311 -1052.7401574722733
-5432.93893229354 3418.3929737672142 -2607.075139524682
-5403.465357102936 1832.6551222594067 -3929.76005446953
-4893.870172216589 84.07782066433094 -4903.2685431067985
-3949.433146133278 -1671.9701642662249 -5441.100104049449
-2654.071653214148 -3279.4562627814953 -5495.466042872788
-1122.8842467052987 -4595.5482806918935 -5061.535707331364
1009.1833095214033 -5445.374144018845 -4162.754644186229
2623.2011275281334 -5717.342818138991 -2903.426198936213
4004.136013625482 -5481.30049272178 -1386.1155944346656
5029.285843050691 -4758.2205642352355 254.35746350044357
5607.561554663465 -3612.351857509367 1872.229744574219
5687.58081376583 -2145.5098356987696 3323.7461966976684
5262.23355802781 -488.0298495715179 4479.933213224582
4369.313757727405 1212.8137303739059 5238.058503893415
3088.1612556353293 2805.8934880301927 5530.759309650181
1532.6120738075906 4149.657295814253 5332.027879407074
-159.11641653524896 5124.7058423941135 4659.52237285971
-1836.706714998058 5644.401785476096 3572.9978555066145
-3351.0975615786288 5662.56785986927 2168.9967988489243
-4567.728683763489 5177.589930143312 572.2708581278607
-5378.497067248814 4232.560413644947 -1075.3038597071843
-5711.362383163465 2911.449330108783 -2627.3331107139848
-5536.748087433047 1331.6431969075309 -3945.912284972379
-4870.16942651543 -366.48527815887275 -4913.879836360138
-3770.854839665406 -2032.0499279667224 -5445.227600080826
-2336.483252187207 -3517.058024170497 -5492.742995546594
-694.5048742643037 -4689.560080571801 -5052.204071352432
1503.8552929088632 -5341.829749121836 -4147.571691682554
3132.5449896192968 -5465.3246274701 -2883.8282460367536
4482.8943170548255 -5103.201428485546 -1363.8440052587375
5434.918811562309 -4287.636387549466 277.32376051730023
5904.026918914138 -3091.0960375972363 1893.8500931561216
5848.536325125063 -1619.898239652961 3342.0995339937776
5273.377612969709 -4.765374309196498 4493.388764673845
4229.656158065503 1610.790915454459 5245.420684700849
2810.1111919768455 3083.221363540486 5531.3739577426495
1140.8755145112264 4281.694062981825 5325.840380604221
-629.7319590684665 5099.719455022336 4647.082513583554
-2344.384984551741 5464.612393733898 3555.410971845276
-3850.729115993551 5343.950540205701 2147.8255625944757
-5014.919066832925 4748.455229639558 549.3964265299496
-5733.511450974369 3731.038833667381 -1097.8489930182934
-5942.656181596162 2382.103263929618 -2647.5457117059073
-5623.769831566026 821.5073655037274 -3961.996375345454
-4805.1868524938445 -812.0830674728546 -4924.406274100841
-3559.6419343623916 -2373.516356136659 -5449.26106500139
-1997.8072091315164 -3724.052300552737 -5489.925096588256
-258.4585461367633 -4743.689855330369 -5042.785191203784
1987.9428632772197 -5193.3722346608365 -4132.3171166863085
3617.7011911269833 -5167.957521091393 -2864.1804936443646
4926.01089212496 -4683.3471025649305 -1341.548864493012
5796.622907914853 -3782.600741445354 300.28526855871434
6152.179540275883 -2545.7537047784053 1915.4377377188264
5961.088022088175 -1082.7052795857726 3360.395158122559
5240.3276733340335 476.5462610719032 4506.766721875836
4053.9412140049367 1993.4545751445366 5252.692284770455
2507.3442873835056 3333.235702084263 5531.893087102795
737.9588175289 4376.844209229843 5319.560912333094
-1096.9975317421265 5031.550900920922 4634.562405994024
-2834.480836223427 5239.18221446772 3537.7626914402877
-4320.108079492046 4981.289196486613 2126.6172365362
-5421.874761415734 4280.786773370097 526.5125076598698
-6041.8840772821595 3199.9176595163026 -1120.3751680841467
-6125.045478510504 1834.7218190071292 -2667.712593458442
-5663.969709653837 306.50289333509704 -3978.012047840054
-4699.625376172763 -1248.950159475545 -4934.8476745527405
-3317.698704052461 -2693.4285096893022 -5453.200429159105
-1640.9799425961357 -3898.583916900838 -5487.012394658762
181.54708808172305 -4757.333034442005 -5033.279229535696
2457.371342231173 -5001.078527363472 -4116.991182621664
4074.6355771613303 -4827.560100654886 -2844.4832810469634
5329.850559817014 -4225.091773604543 -1319.2305571419383
6111.484930568997 -3247.205500959605 323.24159111304925
6350.0870454300675 -1980.7907694277658 1936.9923054753078
6024.456059406671 -538.3740854751518 3378.6327531453617
5163.525714615027 951.8794985876926 4520.066853812827
3843.7934503204797 2357.554411946629 5259.8731785323425
2182.523269755221 3553.750269846993 5532.3166887660145
327.32631882661855 4434.179820895252 5313.189583030923
-1556.9550119776352 4920.613035779343 4621.962266295094
-3302.8940573831446 4969.828188679799 3520.0533190516217
-4755.356471278335 4577.452297284271 2105.3721869108463
-5785.284594162277 3778.3496814565056 503.6194966894065
-6301.1647925516445 2643.5241154168416 -1142.8819959106752
-6257.158846916551 1273.809830807876 -2687.8334077190693
-5657.1768786436105 -209.08804729069814 -3993.9590258889566
-4554.529918591352 -1673.4075348197405 -4945.20385740814
-3047.1929880469293 -2989.037419252021 -5457.045624526921
-1269.0995881283463 -4039.078211809114 -5484.00494005621
621.7588795472608 -4730.229180044184 -5023.686350502211
2908.1750625230366 -4766.394858660111 -4101.594154145088
4499.535941840593 -4446.809443720721 -2824.7369483866023
5691.093306837378 -3732.1054952049176 -1296.8894686100307
6376.972056570034 -2685.7875953649645 346.1923317582143
6496.228854195515 -1400.8256812920984 1958.513424209729
6038.267209894953 8.605741985820126 3396.812004125611
5043.779025496025 1417.2725073226256 4533.288930810982
3601.128940422089 2700.00839078586 5266.963241982993
1838.5027456976047 3742.8366799360974 5532.644755417328
-87.48248611853133 4453.097504905787 5306.726502721234
-2005.6945151324692 4767.681074468073 4609.282312072678
-3745.6917846314764 4658.63525794009 3502.283160494207
-5152.867901368318 4135.64925466004 2084.090780589336
-6102.1890920802725 3245.1926661056154 480.71778894733717
-6509.304002945134 2066.3864678742675 -1165.36908783789
-6338.038687538201 703.9727637846106 -2707.9078070307432
-5603.610820718848 -720.9920097008663 -4009.8370341112004
-4371.277541437566 -2081.893479103118 -4955.474643830905
-2750.5370695640386 -3257.809576647997 -5460.796584703942
-885.3993085266021 -4144.254996645866 -5480.902784714936
1058.4100665842454 -4662.465173428234 -5014.006719758312
3336.5308000837945 -4491.125788949451 -4086.12629714072
4888.8438395686035 -4028.719890183774 -2804.941836653535
6006.7616495699385 -3208.344549429225 -1274.5259846951647
6590.952326767654 -2102.893715869738 369.1370941685273
6589.507965814179 -810.5915472581668 1980.0007222838713
6002.5569045187085 553.7352375497156 3414.932597134253
4882.2523204696445 1868.860216474246 4546.432724544395
3328.1381923354365 3017.928763807062 5273.962352687374
1478.304380518352 3898.841096513371 5532.877281391503
-502.88326293973006 4433.324288012138 5300.171783011973
-2439.38752161875 4573.887161197834 4596.52276229107
-4159.141493926144 4308.040087937901 3484.4525226326964
-5509.3374924063655 3659.4047473421597 2062.773385070391
-6370.004677356936 2685.615235911832 457.80777991266416
-6664.668992419242 1473.1970251424036 -1187.8360555466413
-6367.148220086952 129.8787936703869 -2727.935444737986
-5503.878386630208 -1224.9797385829106 -4025.645798316806
-4151.564805148901 -2470.9934453280844 -4965.659856459581
-2430.366471888036 -3497.4485406797367 -5464.45324491657
-493.21941211234895 -4213.139984891867 -5477.705982204637
1487.7523568872866 -4554.475452386071 -5004.240504457052
3738.7901068761503 -4177.420209487723 -4070.587878715816
5239.284372084731 -3576.619010273286 -2785.098287680348
6274.24522861279 -2658.0195162620707 -1252.1404915819753
6751.711862506925 -1503.2433237044534 392.07548212148987
6629.259268017843 -214.89736496103123 2001.453828643543
5917.7678955402525 1092.5431677207373 3432.9942192551666
4680.456875847239 2302.906445403804 4559.498008038985
3027.2667228885066 3308.6463792742634 5280.8703897810965
1105.090636659953 4020.398562590714 5533.014262673157
-915.2776022462409 4374.920690392496 5293.525537093552
-2854.31940956324 4340.711915829679 4583.683837288994
-4539.742411366146 3920.8118386449037 3466.5617133760966
-5821.789377587726 3152.5304233971806 2041.4203684742295
-6586.544809108766 2104.1328453787214 434.88986520769197
-6766.056829764681 868.7738302134595 -1210.282511065289
-6344.3750087446615 -443.77955231743306 -2747.9159749928076
-5358.967626366545 -1716.9011741304141 -4041.3850455115617
-3897.392452943685 -2837.4685921252135 -4975.759319410468
-2089.5168566516627 -3705.9144736838866 -5468.015542019645
-95.97851795253808 -4245.073591117916 -5474.414587729398
1906.0879332615214 -4407.039290782523 -4994.3878732466765
4111.510271754527 -3827.7544314025977 -4054.9791671960975
5547.8937020420635 -3094.1209469454907 -2765.206644136147
6491.322430372677 -2085.5612380261314 -1229.7333758351888
6857.968674065378 -891.6902607734349 415.0070995047154
6615.2543053675545 381.41130926725924 2022.8723728249956
5784.745561072466 1620.6228106835879 3450.996558590574
4440.236787738318 2715.8348633846226 4572.484555676432
2701.1934901554255 3569.733070228936 5287.687233972467
722.1372969798507 4106.444828267852 5533.055696896824
-1321.0839640797499 4278.280942478866 5286.787879736906
-3246.9211174493275 4069.973020023955 4570.765758775902
-4884.255080654934 3500.0301339574994 3448.6110416724982
-6087.601545743965 2619.094210859662 2020.0320995362044
-6750.037898494275 1505.4402734213195 411.9644405912738
-6812.703761909959 258.02136117366115 -1232.708066776372
-6270.030999021911 -1012.3238813223729 -2767.849052760691
-5170.238466292939 -2192.7197044527265 -4057.0545039017097
-3611.0475566160535 -3178.2827592505205 -4985.7728582806185
-1730.9992247126027 -3881.4414432247645 -5471.4834144974975
302.8559846715047 -4239.717021543258 -5471.0286581267865
2309.801110755952 -4221.27513680594 -4984.4489962677035
4451.483647369776 -3444.9124959169353 -4039.3004321211833
5812.044062204208 -2585.097347483617 -2745.267249520444
6656.178856376552 -1495.5849552135 -1207.3050243928858
6908.8829490000335 -273.18327640620976 437.9315503227871
6547.702472471429 973.4919353548345 2044.2559849613265
5604.72989714471 2133.6681165606155 3468.9393042664324
4163.752474504656 3104.2585221616755 4585.3921431980625
2352.8073721780856 3799.0219352545314 5294.412767544569
332.80500970840876 4156.225577666856 5533.001583346995
-1716.7685383645953 4144.130338207951 5279.958927291527
-3613.799667889254 3763.8109319828286 4557.768749828103
-5189.728838023335 3049.0604072388055 3430.6008175037277
-6304.527826149151 2063.3874847304123 1998.608947600434
-6859.141849956953 894.373529176887 389.03190195193326
-6804.291019547854 -354.10943933760706 -1255.1123354233991
-6144.849071912626 -1571.1282301832393 -2787.734333826553
-4939.410318011952 -2648.5453829944436 -4072.65390289863
-3295.083281110767 -3490.6276555766117 -4995.700300150879
-1357.9736344480755 -4022.5523425936403 -5474.856802465052
699.7979290044673 -4197.055601291021 -5467.548251866854
2695.3893754523137 -3998.6320513385567 -4974.424045149986
