6218.651379157367 -1837.9958690933672 -2439.1029002400574
6842.582303777548 -653.2241659927346 -866.8577468379694
6858.519762529249 589.5893708833761 782.4115215132194
6265.047642261991 1780.0153047861804 2362.160092621576
5114.898545271021 2812.279067390227 3732.020373331676
3510.2682661701792 3594.6594933732326 4770.274266169594
1593.7352470615435 4057.6386484666727 5384.6683564545365
-464.40814274044607 4160.0788029899295 5520.611033040619
-2481.2868310383633 3892.877699662402 5166.023192538563
-4277.692295450626 3279.7773291074664 4352.411520660082
-5694.006027068657 2375.2543497955935 3152.068984927596
-6604.382335447758 1259.6795978723594 1671.6512872573946
-6927.930290467828 32.176785665292236 42.70003679351589
-6635.901236458506 -1198.1850751536351 -1590.045299325493
-5754.243236416929 -2322.0829338965555 -3081.508132800552
-4361.295472739166 -3239.6535336696707 -4299.165445700598
-2580.8274670786336 -3869.3666999908496 -5134.823042173311
-571.0416151933224 -4155.269654581775 -5514.229077549175
1489.483790176769 -4071.958665262573 -5403.671660589053
3417.662024297684 -3626.8362790385136 -4812.974302963095
5042.16598939698 -2859.4535733130288 -3794.6230571290316
6366.412180969436 -1272.400491708854 -2418.443648084988
6876.41901209114 -36.92727991422778 -844.141394796633
6775.425837320749 1201.8270827534814 805.1665258729054
6072.406343437869 2333.7938349872466 2382.9318673035154
4829.826897624208 3258.392763296854 3748.96325499997
3158.0961366104107 3893.4691953664105 4781.882805435406
1205.75467478215 4182.593803219525 5389.911083660859
-853.7233812677475 4100.076596646002 5519.022108867844
-2837.344368388638 3653.2495915707 5157.743799872321
-4568.854856897546 2881.815328262563 4338.177319872277
-5894.402541281788 1854.3191264000436 3133.144747223997
-6696.2066927136675 662.0585326114045 1649.7185142055835
-6903.023493678866 -589.0288671957421 19.707551529587807
-6496.476363811058 -1787.7784672419618 -1612.0545135850061
-5512.6887997016975 -2827.6761049371426 -3100.578460782847
-4039.074643702483 -3616.3223116564736 -4313.602405075691
-2206.570980423228 -4083.6424110160397 -5143.343845745173
-178.00380215606634 -4188.11296138729 -5516.076614527514
1866.379795089455 -3920.4512959082704 -5398.681769205569
3744.927357068484 -3304.4403281706523 -4801.590356964976
5290.72168902891 -2394.8153359775647 -3777.8565700758545
6462.713980950355 -695.1510733881126 -2397.742632947855
6854.763533599167 580.153853377003 -821.4104656689279
6637.737264653387 1803.909564306318 827.9076261851375
5830.918910512965 2867.3799941202674 2403.6624922398555
4505.997822607278 3676.0711281668 3765.8413975599788
2780.699053917196 4158.1272103032725 4793.408768584116
808.3229713897597 4270.715442163591 5395.060734991648
-1235.8761544125728 4003.8318652616517 5517.337879261098
-3170.262260342177 3381.19025660448 5149.375340519722
-4822.95665197362 2458.1150555389477 4323.868205111684
-6047.11017988053 1316.6255445285487 3114.1664046964033
-6733.951430999138 58.148075970741374 1627.7572529296642
-6822.451546014354 -1205.4961043156854 -3.2852740549118336
-6304.746901330703 -2362.026665501176 -1634.035890022567
-5226.8378265378 -3308.6807918735453 -3119.5952463132476
-3684.5012732569917 -3961.3441099814795 -4327.964874850789
-1814.7806126797534 -4262.024619845265 -5151.7758312968235
216.19126936759153 -4184.005538648813 -5517.828896936262
2227.9536083918542 -3734.2192041375406 -5393.598650489641
4041.752492097159 -2952.631105987576 -4790.12349452919
5496.423929940946 -1908.688776662437 -3761.0248449691117
6506.66129794829 -110.93012550318575 -2377.0002123048466
6777.750538627704 1193.0247440562653 -798.6653519847284
6446.606900281718 2390.974129603476 850.6344297444198
5542.653948377284 3376.4749711182685 2424.351609443061
4146.211869623314 4061.961194032843 3782.654509550876
2381.3606709021838 4386.52433923451 4804.851956579214
404.9151261422657 4321.325546950187 5400.117221519957
-1607.5089045161667 3872.158015994534 5515.558373304562
-3477.0987145717054 3078.932252632201 5140.917958991814
-5037.733044841183 2012.1298469518492 4309.484423475768
-6150.742686349188 766.540874283426 3095.1342850729966
-6717.231848085363 -547.1586189742809 1605.76788266842
-6686.865482032723 -1812.240667770089 -26.278042907550383
-6062.341773075649 -2916.2971803473347 -1655.9890490518776
-4899.152393432119 -3761.2278904913464 -3138.558160999715
-3300.651824055982 -4271.956996688469 -4342.252607007095
-1408.8738554405145 -4403.103976555322 -5160.11885322019
608.0887379719093 -4143.0158454016955 -5519.485894516061
2571.0199784620686 -3514.8025750585516 -5388.422392219289
4305.504811130516 -2574.2836714644186 -4778.573913671652
5657.42664693337 -1405.0283666028538 -3744.1281724680757
6497.784718607813 475.5135671502668 -2356.2167443472545
6645.963973333501 1796.721681191394 -775.9064465188544
6203.620163695991 2958.2831890754533 873.3465440921211
5210.057478375405 3856.9882533982113 2444.9988616423316
3753.5583221405177 4412.98298529237 3799.4023006348325
1963.5390367640339 4576.86481288645 4816.212171813574
-0.9493088780491389 4334.072116615154 5405.08045592767
-1965.3533042603108 3706.178093020404 5513.6836217277
-3755.127033748167 2748.9738815661062 5132.37180133519
-5211.2412471839225 1547.5112770614915 4295.026223351381
-6204.313806651863 208.54550444856372 3076.048717010658
-6646.105857216093 -1148.950451421471 1583.750783146105
-6497.362236411512 -2404.3571175967163 -49.27035797683471
-5771.299467697228 -3446.126102526071 -1677.913611574127
-4532.431414347498 -4181.691660170666 -3157.466877380442
-2890.83693958533 -4545.695562757511 -4356.465354816351
-992.3789165120478 -4505.794466136941 -5168.372767443508
994.2563282764614 -4065.533757846775 -5521.0475786529905
2892.5475350755896 -3264.0325338708853 -5383.153083780927
4533.823199647453 -2172.5076952897325 -4766.941813836727
5772.248776575258 -887.9460140890862 -3727.166844353538
6436.045524611655 1059.4037065333607 -2335.392587975138
6460.432591719521 2386.3521198334174 -753.1341422842928
5910.781871911649 3501.2626749524984 896.0435770232716
4835.932243745411 4305.070676363879 2465.603892289856
3331.3888135833045 4726.354255688833 3816.084481602004
1530.8368677752806 4727.680518131811 4827.489218112915
-405.7366517015003 4308.931619454545 5409.950352506984
-2306.258689128602 3507.3152369538034 5511.713656904726
-4001.8595211771317 2394.0585040502783 5123.737015129488
-5341.877572897768 1068.0791669092334 4280.49385441048
-6207.246359822862 -352.80369139995315 3056.9100300891982
-6521.074067625707 -1742.3383934747544 1561.706334565779
-6255.475727257817 -2977.058683163202 -72.26182221915074
-5434.05091681999 -3947.2542442457716 -1699.8091989841475
-4129.78683548305 -4566.718943487159 -3176.3210689295843
-2458.5730705424053 -4780.410623883723 -4370.602872845219
-568.9042990138609 -4569.341841861727 -5176.537431433756
1371.3141160774505 -3952.2669849639237 -5522.513922379051
3189.6852540424147 -2984.0158622140834 -5377.790816167795
4724.638859482528 -1750.6218349685955 -4755.227395893743
5839.787568521463 -361.6773752087922 -3710.1411535228426
6321.83679516473 1635.9755331149322 -2314.5281027911965
6222.621860009124 2957.134511385126 -730.3488325253948
5570.499665065452 4015.539111147691 918.7251365933472
4423.414129145582 4717.145438981639 2486.166345566908
2883.288836017953 4999.612693710274 3832.7007643755464
1086.9706767054606 4837.842420163821 4838.682900739157
-805.9295973245222 4246.208617064046 5414.726827161915
-2627.219489868449 3277.280544158538 5509.64851285405
-4215.069401374752 2017.1517127957493 5115.013749484847
-5428.391899041496 577.7900996265806 4265.8875676058
-6159.3779543729315 -912.9106994845031 3037.718554805728
-6343.076248473386 -2322.4953767037787 1539.6349176028507
-5963.164381765353 -3525.7161475998146 -95.25203860556219
-5053.39919082158 -4415.661566431166 -1721.6754331772347
-3694.617305296264 -4913.256077273468 -3195.1204100628624
-2007.5524586343565 -4974.286224180873 -4384.66491695946
-142.10776602397397 -4593.329210774271 -5184.612704199134
1735.9638252273478 -3804.234739497134 -5523.884900372633
3459.7874124554396 -2677.1173170064985 -5372.335681978406
4876.193705059883 -1312.126272563993 -4743.430862133573
5859.32878814612 169.45294936709607 -3693.0513939847197
6155.980970133966 2200.514848830223 -2293.623649094535
5934.422297565897 3504.4372517087663 -707.5509107111425
5185.5641610758 4496.975025803416 941.3908311249629
3975.9458924006053 5089.936834205591 2506.685866390019
2413.0473830344645 5230.635418068705 3849.2508620165704
635.7390242016747 4906.569090770956 4849.79302639378
-1198.0575368261634 4146.5325676344155 5419.409797409745
-2925.4014281181 3018.0584291051036 5507.488225237687
-4392.810564609051 1621.4165546185175 5106.20215503927
-5469.8992049028175 80.7047037847541 4251.207615166553
-6060.963296583697 -1467.1781141470703 3018.474622568936
-6113.484201263777 -2884.695718031822 1517.5369133983638
-5622.795206078043 -4045.8954480907855 -118.24061012869616
-4632.496181601941 -4847.599612467151 -1743.5119365554447
-3230.5795420158674 -5218.573277935306 -3213.8645761431294
-1541.6117329568422 -5125.853806327286 -4398.6512443281335
284.3350438270377 -4577.679729588161 -5192.59844629152
2085.017404183091 -3622.7587200585194 -5525.160488958953
3700.4368182293147 -2345.93970003689 -5366.787775414944
4987.056181876355 -860.6736426801835 -4731.552416265089
5830.5537184281075 701.0670448327377 -3675.8978608543
5939.723888355275 2748.3966906579917 -2272.6795878745033
5598.134347728648 4023.8164284938066 -684.7407705282602
4759.126003298383 4941.702418430408 964.0402692148098
3497.248428394593 5420.496462185595 2527.162100417098
1924.6249832060018 5417.65560781867 3865.734488729117
180.99016218193904 4933.432277707023 4860.81940322117
-1578.7264290142484 4010.851839710145 5423.999182382426
-3198.1662488656975 2731.8896144216296 5505.232831360641
-4533.434962584002 1210.1870081916577 5097.302383956113
-5465.888085225079 -419.0460245343685 4236.454250594006
-5912.673064839122 -2011.0449790273167 2999.178565693366
-5834.09109530384 -3424.3537618081714 1495.4127035525069
-5237.124529463744 -4533.393685323384 -141.22713980952514
-4174.816466438336 -5239.621685427121 -1765.318332034408
-2741.5576394895766 -5480.286305079614 -3232.553243486133
-1064.6993851446355 -5234.003436685456 -4412.561613427853
706.7620819266975 -4522.656393896035 -5200.494519808814
2415.424636444527 -3409.451483158276 -5526.340666110461
3909.466112097842 -1993.3018460105066 -5361.1471922816345
5056.134367281816 -400.03859238362423 -4719.59226341164
5753.542895452587 1228.7698457169784 -3658.680850348017
5674.725344636068 3275.123336641901 -2251.696280804369
5216.449900361295 4511.0520590777805 -661.9188058744861
4294.669990426079 5346.154009638717 986.6730597401985
2991.289804992684 5706.226715232806 2547.5946940535528
1422.120393326596 5559.276135814976 3882.1513598650777
-273.41065615910884 4918.3594752485005 4871.761840811955
-1944.6479690021888 3840.424991441139 5428.494902827998
-3443.0947758523725 2421.251893716745 5502.882370170267
-4635.60750209551 786.9399397467082 5088.314589921385
-5416.226158749017 -917.2950812988827 4221.627728657196
-5715.589352480663 -2540.0244088878962 2979.8307173936782
-5507.09734979366 -3937.061421033712 1473.2626701180025
-4809.275580078831 -4984.273248411199 -164.2112307043845
-3684.1285699157183 -5588.61052454448 -1787.0942430495923
-2231.630568783695 -5696.375230358639 -3251.1860893658927
-580.8423982657739 -5297.991998824482 -4426.395784046902
1121.5561683229396 -4428.8589283398305 -5208.300788397392
2724.2995474879895 -3166.202306344896 -5527.425411447228
4084.9769564670723 -1622.2147147812657 -5355.41402998309
5082.686236237957 65.9137731627066 -4707.550610107581
5628.776538917934 1748.185533103337 -3641.4006597784337
5363.046237678528 3776.3613312202265 -2230.6740902351335
4792.430615361771 4962.182522120609 -639.085410851717
3795.986501634785 5707.092019751236 1009.2888118659776
2462.252328825158 5944.901346266163 2567.9832944583973
909.7362311830434 5654.480099395491 3898.5011919291223
-723.6139229113927 4861.633481416318 4882.6201502062595
-2292.6678044277187 3636.8093936862024 5432.8968811119485
-3658.0080903137273 2088.838831451897 5500.436882255587
-4698.318304471262 355.265772324856 5079.2389281411315
-5321.162319046237 -1409.8742097313864 4206.728305388446
-5471.1977100377435 -3049.740681121952 2960.4314117788854
-5135.09317453671 -4418.624309428288 1451.0871955935079
-4342.713075492867 -5394.893777028522 -187.1924859116206
-3164.4638620090423 -5891.803257438383 -1808.8392935628158
-1705.0381473648006 -5865.200162672116 -3269.7627920204473
-94.11231089052058 -5317.448294445464 -4440.153517289402
1525.1758174114543 -4297.217810019844 -5216.017117254421
3008.945381212594 -2895.1606651442057 -5528.414706237288
4225.356943353679 -1235.8557899671905 -5349.588387522632
5066.326998404253 533.2602956122083 -4695.427664294628
5457.131666436776 2254.9938637521823 -3624.0575875491463
5007.132409288325 4247.977224353006 -2209.6133791892626
4329.483222607255 5373.536901174787 -616.2409797593166
3267.1404519733683 6021.634242948888 1031.8871350512088
1914.4979145719205 6134.682956730367 2588.3275495503435
391.7438358250389 5702.638168193623 3914.7837025835724
-1165.8184018744191 4763.888952797456 4893.394143896943
-2619.792558457527 3401.8472979629178 5437.20504121856
-3840.986649451398 1737.5365819434087 5497.896409846597
-4720.892220749249 -81.16188443549463 5070.0755553387635
-5181.325800939242 -1892.6487612092149 4191.756238078988
-5181.375845842024 -3535.9654897972314 2940.980983846619
-4721.037908748359 -4865.096167287792 1428.8866629170116
-3841.215035528785 -5761.9417001919555 -210.17050857860704
-2620.0833495079373 -6146.813427169396 -1830.553108068939
-1166.1457598369252 -5985.513806296411 -3288.2830306573323
391.40899814198195 -5292.375016739292 -4453.8345755794335
1914.1853489658758 -4128.985481739668 -5223.643373130195
3266.8779312701126 -2598.7174669331293 -5529.308533396968
4329.294072923331 -837.5420009058162 -5343.670365500585
5007.0334374031945 998.0527473944979 -4683.223635318327
5239.875907965463 2744.966129206463 -3606.651933149631
4609.795302582671 4686.071729085835 -2188.514511354403
3831.3319986185356 5741.764975152815 -593.3859070871591
2712.438033053607 6287.277205856893 1054.4676390559318
1352.5320449136098 6274.137265559021 2608.6271080138945
-127.5523509060777 5703.512695618342 3930.998610653314
-1596.3031605934855 4626.105993218767 4904.083635832919
-2923.2154292011214 3137.6494719899383 5441.419308752205
-3990.387178604619 1370.3990258268968 5495.260996813538
-4702.995515663408 -518.6173876779733 5060.8246297523
-4997.722062399606 -2361.5523703726712 4176.711785274511
-4848.37907174958 -3994.65306145792 2921.4797694772924
-4268.236323813491 -5272.811297786413 1406.66145545921
-3308.8420476599895 -6082.457110955314 -233.14490190852385
-2055.4426349577298 -6351.649917392462 -1852.235311602153
-619.4081239780406 -6056.470754912728 -3306.7464854591462
871.663517044861 -5223.147587474869 -4467.438722665146
2285.284029345998 -3925.724835484215 -5231.179424330437
3495.8470268359692 -2279.4842041010966 -5530.106877491183
4395.788674719569 -430.70139783192894 -5337.660066112524
4905.145208253466 1456.351117736545 -4670.938733924386
4978.65806415885 3214.000445402506 -3589.1839971500626
4174.189593244503 5087.012014785217 -2167.3778510771244
3301.988643401341 6063.864609829004 -570.5205875088785
2136.3915120534857 6501.916223457943 1077.0299339478822
780.9666194599337 6362.244047443262 2628.881619305376
-643.8505844881745 5657.258567565123 3947.145636130598
-2011.458838512765 4449.600837488508 4914.688441422306
-3200.3401475937744 2846.5765462493873 5445.539610938657
-4104.857190099655 990.621436880613 5492.530688666138
-4644.639657396126 -953.3547344256316 5051.4863111317045
-4771.725508467522 -2812.621153849766 4161.595206770684
-4474.8226077391 -4421.97384076972 2901.928105428336
-3780.3120808774843 -5638.414746424732 1384.4119570169248
-2749.9042360035955 -6353.85775808433 -256.11526916722437
-1475.1553320047913 -6504.732624492637 -1873.8855297425507
-69.33240314483506 -6077.63345166582 -3325.152837589024
1342.6510139947754 -5110.509875403401 -4480.965723622831
2635.3339964140346 -3689.2950696081916 -5238.625140718573
3693.8559882791533 -1940.2702066735415 -5530.8097247336955
4424.162665365659 -18.843821140389625 -5331.557593147523
4761.363074516351 1904.2569205958196 -4658.573172255072
4675.495479598572 3658.1560782432466 -3571.654081196116
3703.7879729674305 5447.461868220398 -2146.203763356614
2745.7198022747216 6337.206325671197 -547.6454158750872
1543.6823777570125 6663.862190714206 1099.573630109265
204.4819996370581 6398.404656234705 2649.090733659011
-1152.8875015051133 5564.420789112407 3963.2245001799374
-2407.817888775088 4236.013715819048 4925.208377535629
-3448.8030900926447 2531.218234435142 5449.565876626323
-4183.347002032381 601.5129048534383 5489.705532552818
-4546.18217452561 -1381.6394860204432 5042.060760736062
-4505.069110220365 -3242.0271453363453 4146.4067636087175
-4063.6608853018843 -4814.346465387338 2882.326329328362
-3261.178557642262 -5958.889974577195 1362.1385518064199
-2168.926203689757 -6573.959959367929 -279.08121369008643
-883.9552383635213 -6604.904752420717 -1895.5033886225258
479.5590290649612 -6048.974773073832 -3343.5017691962153
1800.4623722508738 -4955.566839650792 -4494.415344860973
2961.386732463343 -3421.8350453778758 -5245.980393717979
3859.178885664817 -1584.058190847375 -5531.417062987365
4414.066059147376 394.4691854647887 -5325.363051986358
4576.744092464843 2337.946243548891 -4646.127163845535
4332.758328456173 4073.686517985572 -3554.062488003807
3202.3532878908204 5764.4094718303 -2124.992613838349
2167.0124968512655 6559.554840304363 -524.7607872065182
939.1231356887487 6771.854975085115 1122.0983382434258
-372.2114373537025 6382.4460775334765 2669.254102092977
-1650.473390764294 5425.928837089708 3979.234925142884
-2782.083540422295 3987.294008174021 4935.643262508997
-3666.493358541262 2194.370608680505 5453.498036287491
-4225.11915161275 206.46775076891333 5486.78557725989
-4408.324566433439 -1799.7806728672738 5032.548141330832
-4199.830997912802 -3646.110685511802 4131.1467180707805
-3618.164014572848 -5168.467763055422 2862.67477967137
-2715.007280486844 -6231.583798404378 1339.8416244568027
-1570.610234916373 -6740.996266410035 -302.04233888888143
-286.6575774641077 -6651.441633770293 -1917.0885149332964
1022.7658637219173 -5970.877222599223 -3361.7929634215284
2241.3120695821744 -4759.774167437113 -4507.787354124323
3260.707862224044 -3125.74428957333 -5253.245056314201
3990.3754519265544 -1213.9783144780438 -5531.928881764348
4365.480671251139 805.6549613146709 -5319.0765495996875
4352.69377533868 2753.7022582360214 -4633.600923620129
3953.150936005371 4457.071025089767 -3536.4095213542046
2673.9082568393633 6035.192567762794 -2103.7447688078896
1570.5377465314673 6729.0874085749665 -501.86709668721414
327.61806525284976 6825.0733030215615 1144.6036693816284
-944.4119188516712 6314.621483153827 2689.37137641543
-2132.5267594827947 5243.087833247912 3995.1766345428437
-3131.15723909431 3705.682820445965 4945.992916147222
-3851.5706571550845 1839.0116269261807 5457.336022019519
-4229.755119988201 -191.0638200155982 5483.770873210715
-4232.107278435751 -2204.1624080792444 5022.94861718503
-3858.418132897399 -4021.411493377609 4115.815333675525
-3141.8916038620296 -5481.34051981572 2842.973795810853
-2146.1942178593135 -6454.228386601538 1317.5215600033741
-959.7980571816117 -6853.629737323052 -324.9982482585252
311.8803728810871 -6644.056009224705 -1938.640535931351
1555.8468631488279 -5844.128747747184 -3380.0261044028107
2661.5695319042866 -4524.925000495746 -4521.081520497825
3530.8000676445536 -2803.661809643939 -5260.419003057156
4086.303522713704 -833.2809633380956 -5532.345172226284
4278.720977342098 1211.140553353614 -5312.6981945462085
4090.9552962759108 3147.9469168770984 -4620.994667888679
3539.6902842739955 4805.044382298524 -3518.6954860881647
2122.7030143727197 6257.520797451399 -2082.4605951843932
961.112676772559 6844.408809310799 -478.96473965770167
-285.87673993237684 6823.141062269611 1167.0892348897462
-1507.4647537449075 6195.607288984397 2709.4422092304862
-2595.1079087870858 5017.566619098168 4011.0493530897957
-3452.1643376900615 3393.693135876619 4956.257159726927
-4002.4808156156014 1468.275124555414 5461.0797675460135
-4197.15930847594 -587.6055750017758 5480.6614724648125
-4018.9017778479433 -2591.2749405554946 5013.262354068389
-3483.547187598196 -4364.698156018069 4100.412875173515
-2638.66414243532 -5750.298786156057 2823.2237179539666
-1559.3242086301973 -6624.9601343735085 1295.1787438809786
-341.4314759066969 -6910.964701493185 -347.9485453841405
906.7989417984512 -6582.899726616138 -1960.159079444818
2074.4562941032127 -5669.915222449608 -3398.200877280408
3057.7891010753883 -4253.1338687553225 -4534.297614410694
3769.42392753058 -2458.442906251536 -5267.502110063269
4146.128896180223 -445.3085028283342 -5532.665927184445
4154.432117417284 1607.3935152753345 -5306.228096970776
3793.595813596757 3517.2715656165656 -4608.3086143427845
3095.681873817143 5114.624602060708 -3500.9206881011874
1553.1807418513545 6429.495029427441 -2061.140460514386
343.661422868366 6904.562855241231 -456.0541116081664
-896.3937216698132 6766.129971191826 1189.5546464749732
-2056.8003502785837 6026.4967465296995 2729.4662539442397
-3034.4512416454036 4751.3828390930685 4026.8528066851563
-3742.477823722108 3054.087715302844 4966.435815999645
-4117.968827567682 1085.4234953647815 5464.729208217962
-4127.56022967532 -979.6853654389773 5477.4574287169835
-3770.399791876584 -2957.744882245099 5003.489519248491
-3078.2227864426563 -4672.995786414105 4084.939608542675
-2112.532177875108 -5973.030507855971 2803.424887155648
-959.1338146085861 -6742.3352564622 1272.8135619173538
279.48779717534904 -6912.553929280835 -370.8928339476429
1493.2756916682324 -6468.561850239595 -1981.6437738799639
2574.379487823958 -5449.80966398845 -3416.3169682025864
3426.738369008224 -3946.817972996148 -4547.435407640333
3974.616508112477 -2093.1341847777157 -5274.494255017657
4169.332528153673 -53.46623867373537 -5532.8911410998635
3993.585056253986 1990.9524173691223 -5299.666368602504
3462.9900265467622 3858.466213978006 -4595.542982052006
2624.693135899459 5383.1383548748045 -3483.085434338011
969.9416657800734 6549.6235125696085 -2039.784732965389
-276.8248520724468 6909.040330933699 -433.13560817160464
-1498.9942669924749 6654.558596070239 1211.9995161925328
-2587.9714630622507 5808.790126896526 2749.443164770721
-3446.996037513216 4446.885163492481 4042.586722426397
-3999.7398871381897 2689.8549384779944 4976.528709194883
-4197.089295221545 693.8192979457713 5468.28428101487
-4021.508900801469 -1363.8652319847545 5474.158797296375
-3488.599792444046 -3300.364350829476 4993.630281487893
-2645.7132830599435 -4943.611613692587 4069.3958009836683
-1567.7435379544686 -6147.5972899968665 2783.577645312727
-350.4728995725362 -6805.341968798586 1250.426400326448
897.9387939614113 -6858.402148921223 -393.8307177347214
2066.5646851123993 -6302.0632005101015 -2003.0942482275302
3051.567235021385 -5185.758280584841 -3434.3740643309743
3765.4246445164977 -3608.675980104206 -4560.494673316297
4144.707550052423 -1710.9469823776635 -5281.395317176207
4155.7150010167015 338.80716310033273 -5533.020810083423
3797.468937085748 2358.4568053060952 -5293.013122752839
3101.8010931767735 4168.547210443226 -4582.697991460155
2130.5246101091484 5608.243902564336 -3465.1900327873436
377.7057164684889 6616.83471786451 -2018.3937813195598
-895.3284989187977 6857.7832927808895 -410.20962511705795
-2088.808848092741 6489.387727247403 1234.4234564523738
-3096.689364527018 5544.38158393899 2769.3725967379314
-3829.4154413256056 4106.732805779799 4058.250828611824
-4221.881151049555 2304.1827957269743 4986.53566502315
-4239.214193082482 296.8960325341644 5471.744924545832
-3879.8744505749646 -1736.7712460560676 5470.765635165523
-3175.790836585271 -3616.1187777391697 4983.6848110412
-2189.5242700364365 -5174.158286944265 4053.7817209152945
-1008.7088635258685 -6272.4511259347055 2763.682335157995
261.7347521548832 -6813.409156187455 1228.0176457017756
1508.9220865026557 -6748.965882759363 -416.76180064174986
2622.035071669159 -6084.847373299147 -2024.5101320692206
3502.1687341064644 -4880.06347180843 -3452.371853845952
4071.11933550407 -3241.664515041698 -4573.475185924149
4278.3331181291915 -1315.2294403031385 -5288.205177367687
4105.398228052894 728.0695419956949 -5533.054931895932
3567.6806891707233 2706.6763504076453 -5286.268474313599
2712.9590645468948 4444.783087032386 -4569.773864381393
1617.1791214133184 5787.951340764984 -3447.2347924766063
-218.7258485698779 6630.486758781882 -1996.9679749673182
-1506.846153374775 6751.1856948003915 -387.2765583426864
-2661.076564766918 6272.012154745442 1256.826080025907
-3578.85864543734 5235.542810469383 2789.2542056937586
-4178.643429898184 3733.8725116819196 4073.8448547452645
-4407.1374079379175 1900.4312544019128 4996.456510678961
-4244.037886878412 -101.87165973692494 5475.111079050601
-3703.8369749162625 -2095.1228298516985 5467.278000919372
-2834.533893711936 -3902.2131422390953 4973.6532796521215
-1713.3700369042153 -5362.574692358188 4038.0976379698745
-439.96573331699847 -6346.4479477898385 2743.7393002544086
872.5314564332604 -6766.411452132281 1205.5876850097345
2107.50039723821 -6585.149605045196 -439.68568668248906
3155.208679135364 -5818.768317096795 -2045.8910555840891
3922.562823486123 -4535.363928930171 -3470.3100259520356
4341.380047086723 -2848.972552561295 -4586.376721309451
4374.446601671126 -909.4374623872686 -5294.923717995766
4018.8243787543324 1110.9051373204431 -5532.993505948155
3306.1119734649133 3032.5389404503526 -5279.432539754983
2299.6370106997174 4684.718350643291 -4556.770823996488
1088.8292077430435 5920.63997683372 -3429.2200234665065
-814.5095431664354 6590.373308333793 -1975.5076839009932
-2106.4294032290118 6590.090334040829 -364.3368038689848
-3211.1837669015317 6004.248913433238 1279.2070000525425
-4030.6103608369713 4884.903627654771 2809.087648311899
-4491.899536169834 3331.5132175126696 4089.368531540679
-4554.063725337572 1482.1032378896423 5006.291074843839
-4211.57936732958 -498.99811852283136 5478.382686400613
-3494.8777003227165 -2435.761302287382 5463.695954784255
-2467.640812624002 -4156.096405181281 4963.535860550536
-1221.1432096603237 -5507.144103746132 4022.343822988563
133.8583263803893 -6368.857880989319 2723.7488849889296
1476.965962694619 -6664.670686234151 1183.136905582922
2688.838691665067 -6368.298253581504 -462.6019799949256
3661.796303106826 -5506.074574281563 -2067.236649554871
4309.38724348915 -4154.612006046415 -3488.1882708832572
4574.070215853029 -2433.9939288595556 -4599.1990566815675
4432.326976561845 -497.1048096871185 -5301.550823041088
3896.752034456575 1483.9542533345698 -5532.8365333008305
3014.9335734752085 3333.157468721477 -5272.50543712359
1865.2250336724924 4886.195015691878 -4543.689094848905
549.7830642227501 6005.072692804394 -3411.146036845738
-1404.799153356547 6496.725959559904 -1954.0132787083955
-2689.2250200798953 6375.782139479264 -341.39075783194255
-3734.7014422995526 5688.322096646809 1301.5658300465832
-4448.3332519035375 4495.429672736956 2828.8725820978534
-4766.711130886964 2903.098594536212 4104.821590926913
-4661.545807523824 1052.8144661725694 5016.039187689266
-4142.18168230537 -891.0168477106369 5481.559690100002
-3254.7665369491606 -2755.6774045117654 5460.019558616877
-2078.1511014773346 -4375.4839308309065 4953.332728449465
-716.8828208233576 -5606.509508400751 4006.5205480166806
708.0836444492318 -6339.3721123874675 2703.7114345667724
2070.1337705385954 -6508.953684312257 1160.6656951134241
3248.2434264832004 -6100.186157313134 -485.5102848482788
4137.732399303272 -5149.390320010729 -2088.546545374401
4659.565690305706 -3741.0485550481435 -3506.0062799084767
4767.376121557241 -2000.298208648353 -4611.941970617539
4451.584263122896 -81.81258824605179 -5308.08637806325
3740.2496074543133 1843.9424396505276 -5532.584016664643
2696.57736034837 3605.855089776039 -5265.487286040335
1413.3023810406264 5047.371691140545 -4530.52890284098
4.449283002092668 6040.407167721367 -3393.0131447255953
-1984.7853172080836 6350.213005324653 -1932.4851305664417
-3250.5144270961323 6109.977858197255 -318.4388164761653
-4227.421065489078 5326.84436517284 1323.9021839037453
-4828.702790481541 4070.397373831343 2848.6086653947805
-5000.933082126545 2452.2777131802914 4120.203766052244
-4728.808523191252 616.2624160696674 5025.700680879563
-4036.508574936019 -1274.5105011318096 5484.64203528656
-2985.547125871599 -3052.037567210525 5456.248875903212
-1669.3067128157265 -4558.377701796321 4943.044059542055
-204.74107269433637 -5659.68597346645 3990.6280862990284
1278.0167102273604 -6258.106309271289 2683.627295005411
2647.217099961381 -6300.46643625018 1138.174441646176
3781.20063324295 -5783.0024712266895 -508.4102056496093
4579.207896735207 -4751.693358346371 -2109.8203750519774
4970.33244307968 -3298.175438114133 -3523.7637453367647
4919.821139911863 -1551.6001564009525 -4624.605243065882
4432.162138183414 332.8416082936055 -5314.530270202769
3550.686080254182 2187.7089354399413 -5532.235960400189
2353.7159821651485 3848.1887230699026 -5258.378207698411
947.6078899483008 5166.740055157025 -4517.290475229955
-542.699321799186 6026.2038594781825 -3374.8216602345856
-2549.734859231642 6151.934642687951 -1910.9236112347423
-3785.7520805387317 5794.812222091915 -295.4813761481188
-4685.388615990586 4922.795305448434 1346.2156759079216
-5168.707811422407 3613.3664225844814 2868.2955573893673
-5192.764635308715 1982.8740760765531 4135.514791289019
-4755.421533275585 176.19466620964653 5035.275387574917
-3895.538359187244 -1646.1404129675468 5487.629668732699
-2689.5195065966045 -3322.208692484351 5452.383971757431
-1244.5250430828994 -4703.084150401211 4932.670031498559
311.05093201689414 -5666.06994241006 3974.6667122751605
1838.9886667824826 -6125.600554897401 2663.4968131285236
3203.524188235608 -6040.84467632683 1115.663533572167
4283.41252712963 -5419.333238454409 -531.3013469508165
4982.700865541941 -4316.290259993093 -2131.0577712197028
5239.254365828249 -2829.725950203605 -3541.4603605226885
5030.277123621643 -1091.7280716907303 -4637.188655350433
4374.33768397369 743.274636961619 -5320.882388183076
3329.719144639923 2512.234132312917 -5531.792370517887
1989.240447073111 4057.9706002502994 -5251.178324861207
472.00900614592905 5243.13857224478 -4503.974040624085
-1087.162506354696 5962.430672960655 -3356.5718975130094
-3095.0295566035816 5903.4146364767375 -1889.3290930491742
-4290.602451578136 5432.82070717173 -272.5188332891865
-5104.936489731246 4479.496816493535 1368.505920737745
-5465.674518126944 3128.149975721885 2887.932918117823
-5340.763379869508 1498.853281947309 4150.754402238245
-4741.30197775661 -263.62310353759665 5044.763142434145
-3720.555088059012 -2002.6754193822517 5490.52253884636
-2369.2205514002967 -3563.7812356184672 5448.424912920775
-807.37037159652 -4808.229449673627 4922.210823463265
826.2182088101064 -5625.445376557881 3958.6367015746405
2386.393675565085 -5942.815794874556 2643.3203365600684
3734.5275917299564 -5732.140950199058 1093.133359621889
4750.832342665199 -5012.140227012155 -554.1833134553948
5345.004791270312 -3846.788849240117 -2152.258367138771
5464.250108003881 -2339.6334008582767 -3559.0958198715975
5097.972823174673 -624.5912574981285 -4649.691990174072
4278.7182809211445 1145.9485600643366 -5327.142622312382
3079.2808425618628 2814.6658191526635 -5531.253254677888
1606.2357881395524 4233.287668251774 -5243.887761860156
-9.530364908591746 5275.763330549756 -4490.57982897875
-1624.449703211292 5849.464268622361 -3338.2641717075912
-3616.2040187083335 5606.588505798745 -1867.7019489154743
-4760.975306316344 5026.919025368778 -249.55158442887216
-5482.713044762144 4000.585729263999 1390.7725334733304
-5717.287668690919 2618.782834832822 2907.520408471671
-5443.85619335283 1004.28959318756 4165.92233573416
-4686.714205265935 -699.4391860646898 5054.163781617611
-3513.1370927346197 -2341.019724196804 5493.320595671912
-2027.402332365648 -3774.590386438171 5444.371767760394
-361.52397765738635 -4872.772128327436 4911.666616051385
1336.4773689875533 -5537.986682806523 3942.538331012302
2915.726836363647 -5711.126817463996 2623.098213718265
4235.901178872363 -5376.8082715225555 1070.584308858442
5179.697112692098 -4564.736714921894 -577.0557100252732
5663.2542273227755 -3347.0682691832694 -2173.421796706011
5643.606351073988 -1831.9981193605613 -3576.669818844937
5122.499283973734 -154.1468970413362 -4662.115031622522
4146.235675774584 1537.4009535425055 -5333.310864485609
2801.5608323272754 3092.3439826311687 -5530.6186221899325
1207.9550144804589 4372.518678335011 -5236.506644592608
-492.9829074261663 5264.175900986587 -4477.108071592337
-2150.1171345881526 5688.087993380083 -3319.898798965914
-4108.982368405275 5263.788325862065 -1846.0425523027286
-5193.058995776846 4580.379515539943 -226.58002617794784
-5815.709542009615 3489.983884597657 1413.0151296028341
-5921.608773613864 2089.487869966854 2927.057690203634
-5501.347079130446 503.33168852302714 4181.018329848725
-4592.266554402284 -1127.5477222808024 5063.477142790032
-3275.142993485624 -2658.2395697983275 5496.023790891009
-1667.008604869484 -3952.7351660470476 5440.224606268172
89.24681383608923 -4896.012896499927 4901.037591345946
1837.5722614791086 -5404.258395300074 3926.371878583431
3422.6213496366877 -5432.311819480477 2602.83079380958
4703.555510952643 -4977.680499192272 1048.016770670943
5566.558123907074 -4080.7604223597523 -599.9181416876548
5934.947619114388 -2821.2468738784282 -2194.547694459888
5775.990973274756 -1311.0531598150296 -3594.1820539654277
5103.812181940761 315.6333809599903 -4674.457565168008
3978.137280530486 1914.2745107024173 -5339.387008186248
2498.987423977179 3342.823949513603 -5529.888484013194
797.7915681777838 4474.348810669252 -5229.03510051966
-974.2915695048144 5208.308144640575 -4463.559001102378
-2659.8046256287626 5479.486443676755 -3301.476096431121
-4569.3134228935705 4877.724265358561 -1824.35127723706
-5583.351483840942 4096.804625710595 -203.60455522160748
-6101.284263314646 2951.8659165372455 1435.2333250291915
-6077.0911609478535 1544.6409666293575 2946.5444259334276
-5512.921840055555 0.16788829124044075 4196.042123896228
-4458.905220615308 -1544.320107658328 5072.703065123296
-3008.695304740099 -2951.5884849053155 5498.632077823428
-1291.1496075968992 -4096.59527243571 5435.983500059518
541.1203982980365 -4877.601592397964 4890.323932894648
2325.3094821364316 -5225.2116058736265 3910.13762345899
3902.884614034426 -5108.538637703968 2582.5184268226617
5133.671320448418 -4537.949593121761 1025.4311347677174
5908.308801295059 -3564.143812726906 -622.770213641763
6157.967116960527 -2273.6482135837564 -2215.635695587118
5860.4630304904595 -781.1289929228436 -3611.6322228224567
5042.231085542918 780.796966687368 -4686.719377673049
3775.974781178214 2273.345689336378 -5345.370948488178
2174.206546913433 3563.897671074607 -5529.06285275609
379.2505196071138 4537.7817048305305 -5221.473258663939
-1449.403580679781 5108.463920385241 -4449.932851481518
-3149.271812220412 5225.236698489059 -3282.996382236308
-4993.404084011342 4451.463006605022 -1802.628498295026
-5928.6888595550545 3580.097702426445 -180.62556831259687
-6337.183612304782 2390.625006387268 1457.4267360766833
-6182.591790829001 988.734787445537 2965.9802791536613
-5478.649556880887 -501.0088563518487 4210.993458437741
-4287.905267146314 -1946.2356646212475 5081.841389299233
-2716.161777263463 -3218.530893174505 5501.145411427867
-903.0753937911423 -4204.845527579012 5431.648522372128
990.253201500627 -4817.541184197467 4879.5258257066935
2795.593454184468 -5002.177165168709 3893.8358459808314
4352.532960204222 -4742.347753321783 2562.161463522406
5522.730811933529 -4061.1399321418867 1002.8277911696395
6202.209794917566 -3019.082005972141 -645.6115312658211
6330.595219673803 -1708.7653945486143 -2236.6854359287736
5896.479477802482 -246.61747902600615 -3629.020024077105
4938.435658054439 1237.4434817710226 -4698.900257394105
3541.5901581203216 2611.5521587814374 -5351.262582057515
1830.05883062477 3753.6129658762493 -5528.141742676065
-44.08125505265731 4562.1487884937505 -5213.821249607388
-1914.3045277712474 4965.317670593385 -4436.229858033411
-3614.4334424103226 4927.296287723107 -3264.4599754990904
-5377.750662165452 3988.4032213912246 -1780.8745905971894
-6226.271100759358 3034.4313251272833 -157.64346226434768
-6521.560028510114 1810.8368892432704 1479.594979497592
-6237.379728332955 426.3416490231636 2985.3649142355907
-5398.980867003334 -996.035917682137 4225.872075285595
-4080.8588626031546 -2329.9113220697805 5090.891957512346
-2400.1346397065527 -3456.7638808440774 5503.563748302735
-506.1479212546555 -4276.467799046945 5427.2197480647255
1432.812261194302 -4716.188786334671 4868.643456249587
3244.4607864431023 -4736.855703302967 3877.4668276567786
4767.8247327347935 -4336.632203683922 2541.7602554437512
5867.546528268774 -3551.079901770592 980.2071302033943
6445.9110654622455 -2449.9985669274847 -668.4417001236611
6451.528117074613 -1131.2241077712479 -2257.696551986648
5883.898583420082 288.0645776557085 -3646.345157467508
4793.458839565043 1681.7574612073697 -4710.9999939852105
3277.0992420670173 2926.018814059693 -5357.06180715437
1469.5549955981512 3910.290554660763 -5527.125169679342
-468.56566126545226 4547.115819452747 -5206.079205489003
-2365.052202859078 4779.909888997256 -4422.450257388682
-4051.3934773680426 4587.987988615315 -3245.8671963160837
-5719.167874731444 3492.248299844876 -1759.0899298017582
-6473.684878424767 2464.213443559287 -134.65863394430446
-6652.986571371904 1217.2224087908692 1501.7376724787964
-6241.141211301963 -137.92417869119066 3004.697996434946
-5274.7430658107705 -1480.8155976262265 4240.677717507855
-3839.6608510935844 -2692.1300522599863 5099.854613472574
-2063.4079196826438 -3664.236937532285 5505.887046686894
-103.81213949140346 -4310.760290665895 5422.697253615756
1865.0078048657638 -4574.2536745139 4857.677012445912
3668.1136213086074 -4431.304545599725 3861.0308511558187
5145.291445246726 -3894.6145613493136 2521.3151548857018
6165.287544535063 -3011.8709820885233 957.5695424946838
6637.470789572706 -1861.5094486910712 -691.2603259717013
6519.885626896022 -545.7446316777487 -2278.668680929534
5822.980014222823 818.5119908210052 -3663.607323813971
4608.677073559027 2110.0402309546075 -4723.018378501611
2984.8729500632912 3214.08213680886 -5362.768523634619
1095.8497660552503 4032.5387400405016 -5526.01315132065
-890.5444787243008 4492.686579714765 -5198.247260002554
-2797.809938479107 4553.639500951053 -4408.594287500873
-4456.477707213363 4209.981569210037 -3227.2183657573714
-6014.81527855392 2966.976552387984 -1737.2748920979104
-6668.923215250177 1874.0515942342206 -111.67148026670519
-6730.468058183973 614.6089277927914 1523.8544326484093
-6193.98127797554 -699.4444390498903 3023.9791918976935
-5107.132079379849 -1951.3490980216309 4255.410129432767
-3566.4917832512824 -3029.867826279673 5108.729202407966
-1708.9530408894482 -3839.169501816813 5508.1152664603815
300.4336787723063 -4307.3441191996735 5418.081117122084
2283.125547643698 -4392.79230912332 4846.626683670122
4062.9516922754487 -4087.9216249298306 3844.5282003032144
5481.766749078745 -3419.8211648127467 2500.8265149052195
6413.5027738892295 -2447.854586564065 934.9154189615143
6775.370932046312 -1258.3853860662473 -714.0670147656618
6535.217649665472 42.89687831688331 -2299.6014605994496
5714.381599781583 1340.3675668116828 -3680.806225024154
4385.797667606501 2518.7407148890834 -4734.955203403404
2667.516365908521 3473.312697137029 -5368.38263295161
712.2145288968082 4119.2656038626355 -5524.805706802916
-1306.3706945093738 4399.20368458569 -5190.325548394276
-3208.879148795029 4288.253212345915 -4394.662187642298
-4826.264608776021 3796.2726234999514 -3208.5138058609605
-6262.2209169622565 2416.8091258395493 -1715.4298541994174
-6810.401837765068 1268.7154876794486 -88.6823981861055
-6753.44866832626 7.89091077282005 1545.9448780823313
-6096.421947685336 -1253.6348081846706 3043.208167665807
-4897.701383285503 -2403.769572949219 4270.069056653107
-3263.798557772271 -3340.318862388192 5117.515571067356
-1339.8929074568837 -3980.0661621561057 5510.248369145103
703.0681077091942 -4266.167117183775 5413.371418297626
2683.5584361417673 -4173.200402083638 4835.492660745218
4425.602820920911 -3709.426517470048 3827.95916007557
5774.412973623132 -2916.053808229098 2480.29468931113
6610.141193024987 -1863.5769212356329 912.2451508074321
6858.5293592997405 -645.5130466177682 -736.861372667408
6497.507093840353 629.9074949794565 -2320.4945295179073
5559.1528092530325 1849.357991344216 -3697.94156409819
4126.843401623299 2904.4849144041777 -4746.810262559096
2327.84584740535 3701.5356066972286 -5373.904038157902
322.00897406219286 4169.68861641377 -5523.502856976937
-1712.439809739458 4267.346494184847 -5182.3142074605385
-3594.7308015274834 3985.8319090059586 -4380.654198399943
-5157.614186383493 3350.158667176653 -3189.7538396271966
-6459.301984328649 1846.1758937395603 -1693.5551933381103
-6896.972088196331 653.0982715675393 -65.69178469028806
-6721.81595516429 -598.0099981078112 1568.0086273109102
-5949.396976312448 -1795.9824551276367 3062.384591683019
-4648.347967616638 -2834.37398947019 4284.654246030673
-2934.2728430590487 -3620.9189564029252 5126.213567723031
-959.4746995513534 -4085.729383918158 5512.2863179054975
1100.5769815968595 -4187.504825744179 5408.568238471984
3062.8375681276066 -3917.2020872405815 4824.275135939467
4752.951595688969 -3298.8387529274364 3811.3240165959905
6020.74501598883 -2387.35911870127 2459.720032658008
6753.568820013773 -1263.7521500255627 889.559129514787
6886.308396831882 -27.85525693512954 -759.6430060517514
6407.169252524826 1210.5166979747955 -2341.3475268921984
5358.7250027318 2341.328932004611 -3715.013045133865
3834.1345200687247 3264.103815673029 -4758.583351249162
1968.8643594753373 3896.8487510352443 -5379.332643906899
-71.34803967639442 4183.341573828909 -5522.104624341028
-2105.2208523971244 4098.126139495752 -5174.213375545459
-3952.0355537728583 3648.7742133380475 -4366.570561671267
-5447.694552973492 2875.2126859433606 -3170.938791013295
-6604.382335447768 1259.6795978723403 -1671.6512872573683
-6927.930290467828 32.17678566527961 -42.700036793498015
-6635.901236458507 -1198.185075153634 1590.0452993254926
-5754.243236416927 -2322.0829338965573 3081.5081328005554
-4361.295472739177 -3239.653533669665 4299.165445700592
-2580.827467078613 -3869.366699990854 5134.823042173317
-571.0416151933329 -4155.269654581775 5514.229077549174
1489.4837901767633 -4071.958665262574 5403.671660589054
3417.6620242976674 -3626.8362790385195 4812.974302963103
5042.165989396967 -2859.4535733130383 3794.6230571290434
6218.651379157363 -1837.995869093372 2439.102900240063
6842.582303777547 -653.2241659927378 866.8577468379725
6858.519762529242 589.5893708834033 -782.4115215132566
6265.047642261984 1780.0153047861904 -2362.16009262159
5114.898545271017 2812.2790673902296 -3732.0203733316807
3510.268266170179 3594.659493373232 -4770.274266169594
1593.735247061558 4057.63864846667 -5384.668356454534
-464.40814274044783 4160.0788029899295 -5520.611033040619
-2481.286831038359 3892.877699662403 -5166.023192538564
-4277.692295450636 3279.777329107462 -4352.411520660075
-5694.006027068647 2375.2543497956026 -3152.0689849276073
-6696.206692713663 662.0585326114166 -1649.7185142055969
-6903.023493678864 -589.0288671957541 -19.70755152956993
-6496.476363811059 -1787.77846724196 1612.0545135850057
-5512.688799701696 -2827.676104937144 3100.5784607828505
-4039.07464370248 -3616.3223116564745 4313.602405075694
-2206.570980423208 -4083.642411016042 5143.343845745179
-178.00380215607115 -4188.11296138729 5516.076614527514
1866.3797950894873 -3920.4512959082635 5398.681769205563
3744.9273570684622 -3304.440328170663 4801.590356964987
5290.721689028911 -2394.8153359775647 3777.856570075854
6366.412180969427 -1272.4004917088664 2418.443648085002
6876.419012091139 -36.92727991423169 844.1413947966361
6775.425837320749 1201.8270827534789 -805.1665258729037
6072.406343437859 2333.7938349872547 -2382.9318673035295
4829.826897624208 3258.392763296853 -3748.963254999971
3158.096136610416 3893.469195366409 -4781.882805435404
1205.7546747821486 4182.593803219525 -5389.91108366086
-853.723381267749 4100.076596646002 -5519.022108867844
-2837.344368388656 3653.249591570694 -5157.7437998723135
-4568.854856897546 2881.8153282625635 -4338.177319872276
-5894.402541281787 1854.3191264000461 -3133.144747223999
-6733.951430999139 58.14807597073794 -1627.757252929661
-6822.451546014352 -1205.4961043156968 3.285274054925899
-6304.74690133072 -2362.0266655011546 1634.0358900225333
-5226.837826537776 -3308.680791873561 3119.5952463132717
-3684.5012732569658 -3961.3441099814872 4327.964874850803
-1814.7806126797714 -4262.024619845264 5151.775831296818
216.19126936757448 -4184.005538648816 5517.82889693626
2227.9536083918874 -3734.2192041375297 5393.598650489635
4041.752492097154 -2952.631105987579 4790.1234945291935
5496.4239299409455 -1908.6887766624366 3761.0248449691117
6462.713980950364 -695.151073388097 2397.7426329478376
6854.763533599166 580.1538533770032 821.4104656689287
6637.737264653388 1803.9095643063174 -827.9076261851355
5830.9189105129535 2867.379994120277 -2403.662492239869
4505.997822607281 3676.071128166799 -3765.841397559976
2780.6990539172034 4158.127210303272 -4793.408768584113
808.3229713897719 4270.715442163592 -5395.060734991647
-1235.8761544125757 4003.8318652616513 -5517.337879261098
-3170.262260342195 3381.190256604472 -5149.375340519716
-4822.95665197362 2458.1150555389463 -4323.868205111683
-6047.110179880541 1316.6255445285335 -3114.166404696387
-6717.231848085364 -547.1586189742818 -1605.7678826684194
-6686.865482032722 -1812.2406677700924 26.27804290755462
-6062.341773075646 -2916.2971803473374 1655.9890490518815
-4899.152393432108 -3761.2278904913524 3138.558160999726
-3300.651824055978 -4271.956996688471 4342.252607007098
-1408.8738554405331 -4403.103976555322 5160.118853220185
608.0887379719101 -4143.0158454016955 5519.485894516061
2571.019978462075 -3514.8025750585484 5388.422392219287
4305.504811130511 -2574.2836714644227 4778.573913671656
5657.426646933369 -1405.0283666028542 3744.128172468076
6506.66129794829 -110.93012550318556 2377.000212304847
6777.750538627705 1193.0247440562634 798.6653519847314
6446.606900281717 2390.9741296034767 -850.6344297444203
5542.653948377285 3376.4749711182676 -2424.3516094430593
4146.211869623318 4061.9611940328427 -3782.6545095508727
2381.360670902228 4386.524339234507 -4804.851956579195
404.9151261422783 4321.325546950189 -5400.117221519954
-1607.508904516191 3872.158015994526 -5515.5583733045605
-3477.098714571722 3078.932252632192 -5140.9179589918085
-5037.733044841187 2012.1298469518445 -4309.484423475764
-6150.742686349177 766.5408742834426 -3095.1342850730143
-6646.105857216095 -1148.9504514214893 -1583.7507831460828
-6497.362236411511 -2404.357117596719 49.27035797683896
-5771.299467697224 -3446.126102526074 1677.913611574133
-4532.431414347486 -4181.691660170671 3157.4668773804533
-2890.836939585331 -4545.695562757511 4356.465354816351
-992.3789165120666 -4505.794466136943 5168.372767443501
994.2563282764618 -4065.5337578467747 5521.0475786529905
2892.54753507559 -3264.0325338708853 5383.153083780927
4533.823199647448 -2172.507695289737 4766.94181383673
5772.2487765752485 -887.9460140890993 3727.1668443535495
6497.7847186078125 475.5135671502636 2356.216744347257
6645.963973333501 1796.7216811913947 775.9064465188527
6203.62016369599 2958.283189075455 -873.3465440921243
5210.057478375394 3856.9882533982177 -2444.998861642345
3753.558322140527 4412.982985292368 -3799.402300634826
1963.5390367640623 4576.864812886451 -4816.212171813562
-0.9493088780289953 4334.072116615158 -5405.080455927666
-1965.3533042603324 3706.178093020395 -5513.683621727698
-3755.127033748171 2748.973881566104 -5132.371801335189
-5211.241247183923 1547.5112770614908 -4295.026223351381
-6204.313806651854 208.54550444858177 -3076.048717010676
-6521.074067625707 -1742.3383934747537 -1561.706334565778
-6255.475727257816 -2977.0586831632045 72.26182221915498
-5434.050916819986 -3947.254244245774 1699.8091989841537
-4129.786835483047 -4566.71894348716 3176.321068929588
-2458.5730705424103 -4780.410623883723 4370.602872845217
-568.9042990138803 -4569.341841861731 5176.5374314337505
1371.3141160774446 -3952.266984963927 5522.513922379051
3189.68525404242 -2984.0158622140807 5377.790816167794
4724.638859482507 -1750.6218349686171 4755.227395893757
5839.78756852147 -361.6773752087817 3710.1411535228326
6436.045524611656 1059.403706533361 2335.3925879751364
6460.43259171952 2386.3521198334265 753.1341422842788
5910.7818719116485 3501.2626749524993 -896.0435770232748
4835.932243745403 4305.070676363882 -2465.6038922898656
3331.388813583293 4726.354255688835 -3816.0844816020135
1530.836867775309 4727.680518131815 -4827.489218112904
-405.7366517014798 4308.931619454552 -5409.95035250698
-2306.2586891286223 3507.3152369537934 -5511.713656904724
-4001.8595211770917 2394.0585040503115 -5123.7370151295045
-5341.877572897768 1068.0791669092348 -4280.49385441048
-6207.246359822863 -352.8036913999521 -3056.910030089198
-6343.076248473385 -2322.4953767037787 -1539.6349176028525
-5963.164381765353 -3525.7161475998155 95.25203860556151
-5053.399190821582 -4415.661566431165 1721.6754331772295
-3694.6173052962445 -4913.256077273471 3195.1204100628775
-2007.552458634375 -4974.286224180874 4384.664916959448
-142.10776602396817 -4593.329210774269 5184.612704199135
1735.9638252273435 -3804.2347394971357 5523.884900372632
3459.7874124554455 -2677.1173170064935 5372.335681978405
4876.193705059864 -1312.1262725640138 4743.430862133586
5859.3287881461265 169.45294936711144 3693.051393984708
6321.836795164731 1635.9755331149436 2314.528102791186
6222.621860009123 2957.1345113851253 730.3488325253978
5570.499665065449 4015.5391111476924 -918.7251365933477
4423.414129145572 4717.145438981643 -2486.1663455669172
2883.288836017945 4999.6126937102745 -3832.7007643755524
1086.9706767054868 4837.842420163826 -4838.682900739145
-805.9295973245266 4246.208617064044 -5414.726827161915
-2627.2194898684616 3277.2805441585288 -5509.648512854049
-4215.0694013747325 2017.1517127957668 -5115.013749484855
-5428.391899041502 577.7900996265699 -4265.887567605793
-6159.3779543729315 -912.9106994845054 -3037.7185548057273
-6113.484201263778 -2884.6957180318145 -1517.536913398373
-5622.795206078049 -4045.895448090777 118.24061012868073
-4632.496181601923 -4847.59961246716 1743.5119365554674
-3230.579542015826 -5218.573277935311 3213.8645761431653
-1541.6117329568533 -5125.853806327289 4398.651244328126
284.3350438270183 -4577.679729588169 5192.598446291514
2085.017404183087 -3622.758720058522 5525.160488958952
3700.436818229325 -2345.9397000368804 5366.787775414941
4987.056181876365 -860.6736426801704 4731.552416265082
5830.553718428107 701.0670448327331 3675.8978608543043
6155.980970133966 2200.514848830202 2293.623649094558
5934.422297565898 3504.437251708765 707.5509107111455
5185.56416107579 4496.9750258034255 -941.3908311249781
3975.9458924005958 5089.936834205594 -2506.6858663900284
2413.047383034461 5230.635418068705 -3849.2508620165727
635.7390242016954 4906.569090770962 -4849.79302639377
-1198.0575368261673 4146.532567634414 -5419.409797409745
-2925.40142811812 3018.058429105089 -5507.488225237686
-4392.810564609047 1621.4165546185218 -5106.202155039272
-5469.899204902829 80.70470378473419 -4251.207615166541
-6060.963296583697 -1467.1781141470713 -3018.474622568935
-5834.091095303842 -3424.3537618081646 -1495.412703552516
-5237.124529463745 -4533.393685323384 141.22713980952446
-4174.816466438318 -5239.621685427128 1765.318332034431
-2741.5576394895547 -5480.286305079614 3232.5532434861516
-1064.6993851446466 -5234.00343668546 4412.561613427848
706.7620819266997 -4522.656393896034 5200.494519808815
2415.424636444523 -3409.4514831582796 5526.340666110461
3909.4661120978512 -1993.3018460104956 5361.147192281632
5056.134367281817 -400.0385923836225 4719.592263411638
5753.542895452585 1228.7698457169722 3658.6808503480215
5939.723888355277 2748.3966906579876 2272.6795878745083
5598.134347728652 4023.816428493801 684.7407705282683
4759.126003298377 4941.702418430412 -964.0402692148201
3497.248428394583 5420.496462185596 -2527.162100417107
1924.6249832059932 5417.6556078186695 -3865.734488729123
180.99016218193813 4933.432277707022 -4860.81940322117
-1578.726429014277 4010.851839710126 -5423.999182382431
-3198.166248865701 2731.889614421626 -5505.232831360641
-4533.434962584005 1210.1870081916534 -5097.30238395611
-5465.888085225075 -419.0460245343597 -4236.454250594013
-5912.673064839122 -2011.044979027318 -2999.1785656933657
-5507.097349793663 -3937.0614210337044 -1473.262670118011
-4809.275580078833 -4984.273248411198 164.21123070438136
-3684.128569915728 -5588.610524544477 1787.0942430495825
-2231.630568783673 -5696.375230358637 3251.1860893659114
-580.8423982657852 -5297.991998824487 4426.395784046897
1121.5561683229364 -4428.858928339833 5208.300788397391
2724.299547487991 -3166.2023063448946 5527.425411447228
4084.9769564670764 -1622.2147147812605 5355.414029983089
5082.686236237958 65.91377316270886 4707.550610107579
5628.776538917933 1748.1855331033316 3641.4006597784373
5674.72534463607 3275.123336641896 2251.696280804374
5216.449900361297 4511.052059077777 661.9188058744917
4294.669990426072 5346.154009638721 -986.6730597402088
2991.2898049926753 5706.226715232807 -2547.594694053562
1422.1203933265872 5559.276135814974 -3882.1513598650845
-273.4106561591188 4918.359475248496 -4871.761840811961
-1944.6479690022047 3840.4249914411266 -5428.494902828002
-3443.094775852376 2421.251893716741 -5502.882370170266
-4635.607502095513 786.9399397467041 -5088.314589921383
-5416.226158749018 -917.2950812988875 -4221.627728657192
-5715.589352480663 -2540.0244088879103 -2979.830717393665
-5135.093174536714 -4418.624309428279 -1451.0871955935193
-4342.713075492869 -5394.89377702852 187.19248591161747
-3164.463862009041 -5891.803257438384 1808.8392935628196
-1705.0381473647838 -5865.200162672113 3269.762792020463
-94.11231089052795 -5317.448294445467 4440.153517289397
1525.17581741145 -4297.217810019847 5216.01711725442
3008.945381212591 -2895.1606651442094 5528.414706237288
4225.356943353673 -1235.8557899671996 5349.588387522634
5066.326998404248 533.2602956121964 4695.427664294632
5457.131666436778 2254.9938637521955 3624.0575875491363
5363.046237678525 3776.361331220242 2230.6740902351157
4792.430615361776 4962.182522120601 639.0854108517275
3795.986501634778 5707.092019751237 -1009.2888118659879
2462.25232882515 5944.901346266161 -2567.9832944584064
909.7362311830415 5654.4800993954905 -3898.501191929124
-723.6139229113737 4861.633481416329 -4882.62015020625
-2292.6678044277337 3636.8093936861887 -5432.896881111952
-3658.00809031373 2088.838831451893 -5500.436882255586
-4698.318304471254 355.2657723248732 -5079.238928141138
-5321.162319046241 -1409.8742097314034 -4206.728305388434
-5471.1977100377435 -3049.740681121957 -2960.431411778881
-4721.037908748365 -4865.096167287783 -1428.8866629170227
-3841.215035528782 -5761.941700191957 210.17050857861372
-2620.083349507952 -6146.813427169394 1830.5531080689245
-1166.1457598369275 -5985.513806296411 3288.2830306573323
391.4089981419759 -5292.375016739295 4453.834575579431
1914.1853489658713 -4128.985481739671 5223.643373130193
3266.8779312701095 -2598.7174669331334 5529.308533396968
4329.294072923327 -837.5420009058265 5343.670365500587
5007.033437403194 998.0527473944902 4683.22363531833
5239.875907965463 2744.966129206475 3606.65193314962
5007.1324092883215 4247.977224353015 2209.61337918925
4329.483222607262 5373.53690117478 616.240979759327
3267.140451973362 6021.634242948889 -1031.8871350512193
1914.4979145719128 6134.682956730365 -2588.327549550353
391.7438358250381 5702.63816819362 -3914.783702583574
-1165.8184018744112 4763.888952797462 -4893.39414389694
-2619.7925584575232 3401.847297962921 -5437.20504121856
-3840.9866494514004 1737.5365819434053 -5497.896409846597
-4720.892220749242 -81.16188443547641 -5070.075555338769
-5181.325800939243 -1892.6487612092171 -4191.756238078986
-5181.375845842025 -3535.965489797236 -2940.9809838466144
-4268.236323813492 -5272.811297786411 -1406.6614554592093
-3308.842047659989 -6082.457110955314 233.14490190852806
-2055.442634957718 -6351.64991739246 1852.2353116021682
-619.4081239780564 -6056.470754912732 3306.7464854591335
871.6635170448625 -5223.147587474867 4467.438722665149
2285.284029345998 -3925.724835484214 5231.1794243304375
3495.847026835966 -2279.484204101101 5530.106877491182
4395.788674719565 -430.7013978319399 5337.660066112527
4905.145208253465 1456.3511177365365 4670.9387339243885
4978.65806415885 3214.0004454025184 3589.1839971500517
4609.795302582667 4686.071729085843 2188.51451135439
3831.3319986185384 5741.764975152812 593.3859070871598
2712.4380330536046 6287.277205856892 -1054.4676390559373
1352.5320449136138 6274.13726555902 -2608.627108013893
-127.55235090606003 5703.512695618351 -3930.998610653302
-1596.3031605934782 4626.105993218773 -4904.083635832915
-2923.2154292011223 3137.649471989936 -5441.419308752205
-3990.387178604618 1370.3990258268989 -5495.260996813538
-4702.995515663407 -518.6173876779661 -5060.824629752303
-4997.722062399608 -2361.552370372673 -4176.71178527451
-4848.379071749581 -3994.653061457923 -2921.479769477288
-3780.312080877482 -5638.4147464247335 -1384.4119570169241
-2749.904236003591 -6353.857758084333 256.1152691672286
-1475.1553320047856 -6504.732624492637 1873.8855297425548
-69.33240314482987 -6077.633451665819 3325.1528375890266
1342.6510139947839 -5110.509875403393 4480.965723622836
2635.333996414037 -3689.295069608189 5238.625140718573
3693.8559882791524 -1940.270206673544 5530.8097247336955
4424.162665365654 -18.84382114040923 5331.557593147528
4761.36307451635 1904.2569205958146 4658.5731722550745
4675.495479598571 3658.1560782432452 3571.6540811961177
4174.189593244496 5087.0120147852285 2167.3778510771117
3301.9886434013397 6063.864609829005 570.5205875088792
2136.39151205348 6501.9162234579435 -1077.0299339478877
780.9666194599436 6362.244047443266 -2628.8816193053635
-643.8505844881626 5657.258567565132 -3947.1456361305864
-2011.458838512757 4449.600837488517 -4914.6884414223
-3200.340147593774 2846.5765462493882 -5445.539610938656
-4104.857190099658 990.6214368806064 -5492.530688666137
-4644.639657396121 -953.3547344256078 -5051.486311131714
-4771.725508467522 -2812.6211538497664 -4161.595206770686
-4474.822607739097 -4421.973840769726 -2901.928105428331
-3261.178557642258 -5958.889974577197 -1362.138551806417
-2168.9262036897517 -6573.959959367929 279.08121369009064
-883.9552383635198 -6604.904752420717 1895.503388622525
479.5590290649709 -6048.974773073827 3343.5017691962225
1800.4623722508911 -4955.566839650774 4494.415344860984
2961.3867324633457 -3421.8350453778726 5245.9803937179795
3859.178885664818 -1584.0581908473716 5531.417062987365
4414.066059147375 394.4691854647863 5325.363051986359
4576.744092464843 2337.9462435489013 4646.12716384553
4332.758328456167 4073.686517985589 3554.0624880037944
3703.7879729674178 5447.461868220415 2146.2037633565924
2745.7198022747098 6337.206325671203 547.6454158750732
1543.6823777570141 6663.862190714207 -1099.5736301092606
204.4819996370674 6398.404656234709 -2649.0907336589985
-1152.8875015051156 5564.420789112405 -3963.2245001799374
-2407.8178887750882 4236.013715819049 -4925.208377535628
-3448.803090092644 2531.218234435143 -5449.565876626322
-4183.347002032392 601.5129048533995 -5489.7055325528145
-4546.182174525608 -1381.6394860204196 -5042.060760736071
-4505.069110220364 -3242.0271453363457 -4146.406763608718
-4063.6608853018843 -4814.346465387336 -2882.326329328365
-2715.0072804868246 -6231.583798404393 -1339.8416244567734
-1570.610234916384 -6740.996266410033 302.042338888866
-286.65757746409594 -6651.441633770289 1917.0885149333096
1022.7658637219254 -5970.877222599218 3361.792963421536
2241.3120695821763 -4759.774167437111 4507.787354124324
3260.7078622240506 -3125.7442895733175 5253.245056314205
3990.375451926554 -1213.9783144780456 5531.928881764348
4365.480671251139 805.6549613146736 5319.0765495996875
4352.693775338678 2753.7022582360323 4633.6009236201235
3953.1509360053587 4457.071025089798 3536.409521354179
3202.3532878908227 5764.409471830297 2124.9926138383544
2167.0124968512655 6559.554840304363 524.760787206519
939.1231356887492 6771.854975085116 -1122.098338243424
-372.2114373536996 6382.446077533478 -2669.2541020929734
-1650.4733907642951 5425.9288370897075 -3979.234925142885
-2782.0835404222944 3987.2940081740226 -4935.6432625089965
-3666.4933585412614 2194.3706086805064 -5453.498036287491
-4225.11915161275 206.46775076891058 -5486.78557725989
-4408.324566433439 -1799.7806728672692 -5032.548141330834
-4199.830997912802 -3646.110685511801 -4131.146718070781
-3618.1640145728497 -5168.46776305542 -2862.674779671374
-2146.194217859302 -6454.228386601544 -1317.5215600033591
-959.7980571815951 -6853.629737323053 324.99824825854665
311.8803728810986 -6644.056009224701 1938.6405359313642
1555.846863148835 -5844.128747747179 3380.026104402818
2661.5695319042884 -4524.925000495744 4521.081520497826
3530.800067644547 -2803.6618096439565 5260.419003057152
4086.3035227137016 -833.2809633381097 5532.345172226284
4278.720977342099 1211.1405533536165 5312.6981945462085
4090.9552962759108 3147.9469168770975 4620.99466788868
3539.690284273996 4805.044382298522 3518.695486088167
2673.9082568393724 6035.192567762786 2103.7447688079037
1570.5377465314566 6729.08740857497 501.86709668720005
327.61806525285067 6825.073303021562 -1144.6036693816266
-944.4119188516685 6314.621483153829 -2689.3713764154263
-2132.526759482795 5243.0878332479115 -3995.1766345428437
-3131.157239094304 3705.6828204459766 -4945.992916147216
-3851.570657155086 1839.0116269261764 -5457.336022019519
-4229.755119988204 -191.0638200156251 -5483.770873210713
-4232.107278435751 -2204.16240807924 -5022.948617185031
-3858.418132897392 -4021.4114933776295 -4115.815333675511
-3141.8916038620355 -5481.3405198157125 -2842.9737958108635
-1559.3242086301957 -6624.960134373509 -1295.1787438809756
-341.43147590669633 -6910.964701493185 347.9485453841424
906.7989417984608 -6582.899726616132 1960.1590794448311
2074.4562941032113 -5669.915222449608 3398.2008772804074
3057.7891010754042 -4253.133868755292 4534.297614410712
3769.4239275305813 -2458.4429062515314 5267.502110063271
4146.128896180222 -445.30850282833705 5532.665927184445
4154.432117417283 1607.3935152753438 5306.228096970774
3793.595813596758 3517.271565616564 4608.308614342785
3095.6818738171464 5114.624602060702 3500.920688101192
2122.70301437273 6257.520797451391 2082.460595184407
961.1126767725494 6844.408809310802 478.9647396576878
-285.8767399323747 6823.14106226961 -1167.0892348897444
-1507.4647537448932 6195.607288984407 -2709.4422092304694
-2595.107908787094 5017.566619098155 -4011.0493530898057
-3452.1643376900593 3393.6931358766237 -4956.257159726924
-4002.480815615598 1468.2751245554289 -5461.079767546011
-4197.15930847594 -587.6055750018022 -5480.661472464809
-4018.9017778479433 -2591.274940555495 -5013.262354068388
-3483.547187598201 -4364.6981560180575 -4100.4128751735225
-2638.6641424353274 -5750.298786156049 -2823.223717953976
-959.1338146085811 -6742.335256462202 -1272.813561917346
279.4877971753384 -6912.553929280836 370.8928339476299
1493.2756916682276 -6468.561850239598 1981.6437738799589
2574.37948782396 -5449.809663988447 3416.31696820259
3426.738369008228 -3946.8179729961366 4547.435407640339
3974.616508112477 -2093.134184777711 5274.494255017658
4169.332528153673 -53.46623867373826 5532.8911410998635
3993.5850562539845 1990.9524173691316 5299.666368602502
3462.9900265467695 3858.46621397799 4595.542982052015
2624.693135899461 5383.138354874801 3483.0854343380133
1553.180741851366 6429.495029427435 2061.1404605144003
343.6614228683563 6904.562855241232 456.0541116081524
-896.3937216698365 6766.129971191817 -1189.554646475005
-2056.80035027858 6026.496746529701 -2729.466253944236
-3034.451241645409 4751.382839093059 -4026.852806685164
-3742.4778237221058 3054.0877153028496 -4966.435815999642
-4117.96882756768 1085.423495364796 -5464.72920821796
-4127.560229675319 -979.6853654390067 -5477.457428716981
-3770.3997918765835 -2957.7448822450992 -5003.48951924849
-3078.2227864426627 -4672.995786414094 -4084.9396085426833
-2112.5321778751163 -5973.030507855963 -2803.424887155658
-350.47289957252315 -6805.341968798591 -1250.4264003264282
897.9387939614138 -6858.402148921222 393.83071773472807
2066.5646851123965 -6302.063200510103 2003.0942482275298
3051.567235021383 -5185.7582805848415 3434.3740643309743
3765.4246445164895 -3608.6759801042276 4560.494673316285
4144.707550052425 -1710.9469823776433 5281.395317176212
4155.7150010167015 338.807163100335 5533.020810083423
3797.468937085748 2358.456805306097 5293.013122752838
3101.801093176778 4168.547210443218 4582.697991460158
2130.524610109151 5608.243902564336 3465.190032787344
969.9416657800871 6549.623512569601 2039.784732965403
-276.8248520724421 6909.040330933699 433.1356081716077
-1498.9942669924958 6654.55859607023 -1211.9995161925647
-2587.971463062246 5808.79012689653 -2749.4431647707174
-3446.9960375132187 4446.885163492472 -4042.5867224264043
-3999.7398871381906 2689.854938477984 -4976.528709194888
-4197.0892952215445 693.8192979457871 -5468.284281014868
-4021.508900801464 -1363.8652319847824 -5474.158797296372
-3488.599792444047 -3300.364350829475 -4993.630281487893
-2645.713283059952 -4943.611613692575 -4069.3958009836765
-1567.7435379544652 -6147.59728999687 -2783.57764531272
261.73475215489265 -6813.409156187457 -1228.0176457017603
1508.9220865026582 -6748.965882759362 416.7618006417565
2622.03507166916 -6084.847373299145 2024.5101320692247
3502.1687341064626 -4880.063471808431 3452.3718538459516
4071.1193355040687 -3241.6645150417025 4573.475185924148
4278.3331181291915 -1315.2294403031349 5288.205177367688
4105.398228052894 728.0695419956973 5533.054931895932
3567.680689170707 2706.6763504076926 5286.268474313586
2712.9590645469 4444.78308703238 4569.773864381396
1617.179121413314 5787.951340764989 3447.234792476599
377.7057164684846 6616.834717864513 2018.3937813195514
-895.3284989187948 6857.7832927808895 410.2096251170586
-2088.8088480927395 6489.387727247404 -1234.4234564523747
-3096.6893645270084 5544.381583939001 -2769.372596737919
-3829.415441325608 4106.7328057797895 -4058.2508286118314
-4221.881151049553 2304.182795726987 -4986.535665023145
-4239.214193082484 296.8960325341801 -5471.744924545831
-3879.8744505749573 -1736.7712460560954 -5470.76563516552
-3175.7908365852722 -3616.118777739169 -4983.684811041199
-2189.5242700364415 -5174.15828694426 -4053.7817209152977
-1008.7088635258873 -6272.4511259346955 -2763.682335158014
872.5314564332646 -6766.411452132283 -1205.587685009724
2107.5003972381974 -6585.149605045201 439.68568668247616
3155.208679135364 -5818.768317096791 2045.8910555840953
3922.562823486128 -4535.363928930155 3470.310025952051
4341.380047086721 -2848.9725525613007 4586.376721309449
4374.446601671122 -909.437462387242 5294.923717995774
4018.824378754334 1110.9051373204386 5532.993505948155
3306.1119734649037 3032.538940450375 5279.4325397549765
2299.6370106997247 4684.718350643285 4556.770823996491
1088.8292077430513 5920.639976833716 3429.220023466511
-218.7258485698719 6630.486758781882 1996.9679749673207
-1506.8461533747704 6751.185694800392 387.27655834268705
-2661.0765647669145 6272.012154745444 -1256.8260800259077
-3578.858645437331 5235.542810469396 -2789.254205693747
-4178.643429898179 3733.872511681931 -4073.8448547452576
-4407.1374079379175 1900.43125440192 -4996.45651067896
-4244.037886878412 -101.87165973692186 -5475.111079050601
-3703.8369749162503 -2095.1228298517326 -5467.278000919367
-2834.53389371195 -3902.213142239075 -4973.65327965213
-1713.3700369042222 -5362.574692358185 -4038.097637969878
-439.9657333170036 -6346.447947789838 -2743.73930025441
1476.965962694629 -6664.670686234151 -1183.1369055829116
2688.83869166507 -6368.298253581503 462.60197999492743
3661.796303106832 -5506.074574281554 2067.2366495548795
4309.387243489147 -4154.612006046426 3488.1882708832472
4574.070215853029 -2433.9939288595515 4599.1990566815675
4432.326976561844 -497.1048096871122 5301.550823041089
3896.7520344565833 1483.9542533345468 5532.8365333008305
3014.9335734752076 3333.1574687214757 5272.50543712359
1865.2250336725024 4886.195015691866 4543.6890948489145
549.7830642227527 6005.072692804391 3411.1460368457424
-814.5095431664314 6590.37330833379 1975.5076839010005
-2106.429403229013 6590.090334040829 364.3368038689855
-3211.1837669015335 6004.248913433236 -1279.2070000525432
-4030.6103608369726 4884.9036276547695 -2809.0876483119
-4491.899536169835 3331.513217512672 -4089.368531540677
-4554.063725337572 1482.103237889646 -5006.291074843837
-4211.57936732958 -498.9981185228318 -5478.382686400613
-3494.877700322716 -2435.761302287382 -5463.695954784256
-2467.6408126240176 -4156.09640518126 -4963.535860550547
-1221.1432096603214 -5507.144103746134 -4022.343822988563
133.85832638040418 -6368.857880989325 -2723.7488849889164
2070.1337705385977 -6508.953684312256 -1160.6656951134237
3248.2434264831936 -6100.186157313138 485.5102848482659
4137.732399303276 -5149.390320010725 2088.546545374405
4659.565690305708 -3741.048555048135 3506.0062799084817
4767.376121557241 -2000.2982086483494 4611.94197061754
4451.584263122893 -81.81258824604271 5308.086378063252
3740.249607454313 1843.9424396505278 5532.584016664643
2696.57736034837 3605.8550897760383 5265.487286040336
1413.3023810406326 5047.371691140538 4530.528902840985
4.449283002091782 6040.407167721366 3393.0131447255962
-1404.7991533565425 6496.7259595599035 1954.013278708403
-2689.2250200798967 6375.782139479263 341.3907578319432
-3734.7014422995544 5688.322096646808 -1301.5658300465836
-4448.333251903544 4495.429672736941 -2828.872582097867
-4766.711130886964 2903.098594536215 -4104.82159092691
-4661.5458075238275 1052.8144661725903 -5016.039187689258
-4142.18168230537 -891.0168477106374 -5481.559690100002
-3254.7665369491597 -2755.6774045117654 -5460.019558616877
-2078.151101477344 -4375.483930830895 -4953.332728449472
-716.8828208233514 -5606.509508400754 -4006.520548016677
708.083644449234 -6339.372112387467 -2703.7114345667715
2647.217099961384 -6300.466436250179 -1138.1744416461754
3781.2006332429514 -5783.002471226689 508.41020564960854
4579.207896735219 -4751.69335834635 2109.8203750520015
4970.332443079682 -3298.175438114125 3523.7637453367697
4919.82113991186 -1551.60015640093 4624.605243065892
4432.162138183406 332.8416082936285 5314.530270202775
3550.6860802541814 2187.708935439942 5532.235960400189
2353.715982165146 3848.188723069904 5258.378207698411
947.6078899482991 5166.740055157025 4517.290475229955
-542.6993217991967 6026.203859478185 3374.8216602345783
-1984.7853172080752 6350.213005324653 1932.485130566454
-3250.5144270961237 6109.977858197259 318.43881647618065
-4227.421065489085 5326.844365172833 -1323.9021839037555
-4828.70279048154 4070.39737383135 -2848.6086653947727
-5000.933082126547 2452.2777131802945 -4120.20376605224
-4728.808523191252 616.2624160696655 -5025.700680879563
-4036.5085749360187 -1274.5105011318105 -5484.64203528656
-2985.547125871598 -3052.0375672105256 -5456.248875903212
-1669.3067128157365 -4558.377701796311 -4943.044059542061
-204.74107269433352 -5659.685973466451 -3990.6280862990275
1278.0167102273635 -6258.106309271289 -2683.6272950054104
3203.524188235586 -6040.844676326837 -1115.663533572195
4283.412527129629 -5419.333238454411 531.3013469508159
4982.700865541946 -4316.290259993084 2131.057771219716
5239.254365828249 -2829.725950203604 3541.46036052269
5030.277123621639 -1091.7280716907103 4637.188655350444
4374.33768397368 743.2746369616389 5320.88238818308
3329.719144639926 2512.2341323129117 5531.792370517887
1989.240447073128 4057.970600250283 5251.178324861213
472.0090061459538 5243.138572244766 4503.9740406241
-1087.1625063546903 5962.430672960654 3356.571897513014
-2549.7348592316425 6151.934642687951 1910.9236112347403
-3785.7520805387185 5794.812222091921 295.4813761481367
-4685.388615990595 4922.795305448421 -1346.2156759079437
-5168.707811422407 3613.3664225844773 -2868.295557389372
-5192.764635308715 1982.8740760765534 -4135.514791289019
-4755.421533275584 176.19466620964678 -5035.275387574917
-3895.538359187243 -1646.1404129675493 -5487.629668732699
-2689.5195065966095 -3322.208692484345 -5452.383971757432
-1244.5250430829217 -4703.084150401193 -4932.670031498569
311.0509320168943 -5666.06994241006 -3974.6667122751596
1838.988666782495 -6125.600554897403 -2663.4968131285104
3734.527591729944 -5732.140950199064 -1093.1333596219051
4750.832342665199 -5012.140227012156 554.1833134553965
5345.004791270321 -3846.7888492400875 2152.2583671388065
5464.25010800388 -2339.6334008582753 3559.095819871599
5097.972823174664 -624.5912574981037 4649.691990174086
4278.718280921133 1145.9485600643561 5327.142622312387
3079.2808425618628 2814.6658191526635 5531.253254677888
1606.2357881395526 4233.287668251775 5243.887761860156
-9.530364908589195 5275.763330549755 4490.579828978751
-1624.4497032113 5849.464268622363 3338.264171707584
-3095.029556603581 5903.414636476738 1889.3290930491748
-4290.602451578132 5432.820707171734 272.5188332891945
-5104.9364897312535 4479.496816493519 -1368.505920737767
-5465.674518126943 3128.1499757218944 -2887.932918117815
-5340.763379869504 1498.853281947292 -4150.754402238256
-4741.30197775661 -263.6231035375963 -5044.763142434145
-3720.55508805901 -2002.6754193822537 -5490.52253884636
-2369.220551400302 -3563.7812356184613 -5448.424912920776
-807.3703715965247 -4808.229449673623 -4922.210823463266
826.2182088101017 -5625.445376557879 -3958.636701574643
2386.3936755650975 -5942.815794874557 -2643.320336560055
4235.90117887235 -5376.808271522563 -1070.5843088584581
5179.697112692098 -4564.736714921894 577.0557100252751
5663.254227322777 -3347.068269183258 2173.4217967060235
5643.606351073989 -1831.9981193605654 3576.6698188449345
5122.499283973734 -154.14689704133735 4662.115031622521
4146.235675774567 1537.4009535425284 5333.310864485615
2801.5608323272754 3092.3439826311687 5530.6186221899325
1207.955014480473 4372.518678335002 5236.506644592612
-492.9829074261647 5264.175900986587 4477.108071592338
-2150.117134588146 5688.087993380084 3319.8987989659195
-3616.204018708331 5606.588505798745 1867.7019489154748
-4760.975306316344 5026.919025368778 249.55158442887037
-5482.713044762145 4000.5857292639953 -1390.7725334733361
-5717.287668690919 2618.7828348328308 -2907.5204084716634
-5443.856193352831 1004.2895931875624 -4165.922335734159
-4686.714205265921 -699.4391860647129 -5054.16378161762
-3513.137092734622 -2341.019724196802 -5493.320595671912
-2027.4023323656534 -3774.5903864381667 -5444.371767760394
-361.5239776573915 -4872.772128327433 -4911.666616051386
1336.4773689875715 -5537.986682806528 -3942.538331012289
2915.7268363636613 -5711.126817463997 -2623.0982137182505
4703.55551095264 -4977.680499192274 -1048.0167706709449
5566.558123907068 -4080.7604223597627 599.9181416876395
5934.947619114389 -2821.246873878405 2194.547694459914
5775.99097327475 -1311.0531598150142 3594.18205396544
5103.812181940761 315.63338095998864 4674.457565168007
3978.137280530485 1914.2745107024184 5339.387008186249
2498.987423977179 3342.823949513603 5529.888484013194
797.7915681778031 4474.348810669241 5229.035100519665
-974.291569504812 5208.308144640575 4463.559001102379
-2659.804625628756 5479.486443676754 3301.4760964311254
-4108.982368405265 5263.788325862069 1846.0425523027384
-5193.058995776846 4580.379515539944 226.58002617794608
-5815.709542009616 3489.9838845976537 -1413.0151296028394
-5921.608773613867 2089.4878699668766 -2927.057690203614
-5501.347079130447 503.33168852303055 -4181.0183298487245
-4592.266554402272 -1127.5477222808179 -5063.47714279004
-3275.142993485626 -2658.2395697983256 -5496.023790891009
-1667.008604869494 -3952.735166047041 -5440.2246062681725
89.24681383608889 -4896.012896499927 -4901.037591345946
1837.5722614791264 -5404.258395300077 -3926.3718785834185
3422.6213496367063 -5432.311819480475 -2602.83079380956
5133.671320448414 -4537.949593121765 -1025.4311347677192
5908.3088012950575 -3564.1438127269107 622.7702136417626
6157.967116960525 -2273.6482135837364 2215.6356955871443
5860.46303049046 -781.1289929228487 3611.632222822456
5042.231085542911 780.7969666873757 4686.7193776730555
3775.974781178214 2273.3456893363773 5345.370948488179
2174.2065469134527 3563.8976710745937 5529.062852756091
379.250519607137 4537.781704830522 5221.473258663946
-1449.403580679767 5108.463920385241 4449.932851481524
-3149.271812220404 5225.236698489061 3282.996382236312
-4569.313422893586 4877.724265358555 1824.3512772370375
-5583.351483840943 4096.804625710595 203.60455522160078
-6101.284263314646 2951.865916537246 -1435.233325029197
-6077.091160947858 1544.6409666293835 -2946.5444259334076
-5512.921840055553 0.1678882912411654 -4196.04212389623
-4458.905220615297 -1544.3201076583402 -5072.703065123303
-3008.695304740117 -2951.588484905301 -5498.632077823427
-1291.149607596912 -4096.595272435704 -5435.9835000595185
541.1203982980202 -4877.60159239796 -4890.323932894654
2325.309482136426 -5225.211605873628 -3910.1376234589916
3902.8846140344212 -5108.53863770397 -2582.518426822663
5522.730811933524 -4061.139932141892 -1002.8277911696437
6202.209794917564 -3019.082005972145 645.6115312658205
6330.595219673798 -1708.765394548593 2236.6854359288
5896.4794778024825 -246.6174790260108 3629.0200240771046
4938.435658054432 1237.4434817710294 4698.900257394112
3541.590158120315 2611.5521587814405 5351.262582057516
1830.0588306247855 3753.612965876241 5528.141742676065
-44.08125505263453 4562.148788493744 5213.821249607394
-1914.304527771247 4965.3176705933865 4436.22985803341
-3614.433442410314 4927.296287723109 3264.459975499095
-4993.404084011334 4451.463006605028 1802.6284982950333
-5928.6888595550545 3580.097702426444 180.62556831259013
-6337.1836123047815 2390.625006387264 -1457.426736076693
-6182.591790829008 988.734787445564 -2965.980279153639
-5478.649556880881 -501.00885635185216 -4210.993458437745
-4287.905267146301 -1946.2356646212584 -5081.841389299239
-2716.1617772634822 -3218.5308931744917 -5501.145411427865
-903.0753937911397 -4204.845527579013 -5431.6485223721265
990.253201500611 -4817.541184197465 -4879.5258257067
2795.593454184457 -5002.17716516871 -3893.8358459808364
4352.5329602042175 -4742.347753321786 -2562.1614635224073
5867.54652826877 -3551.079901770596 -980.2071302034034
6445.9110654622455 -2449.998566927483 668.4417001236603
6451.52811707461 -1131.22410777123 2257.696551986666
5883.898583420083 288.0645776557099 3646.3451574675073
4793.4588395650435 1681.757461207371 4710.9999939852105
3277.0992420670086 2926.0188140596997 5357.061807154372
1469.5549955981635 3910.290554660758 5527.125169679343
-468.56566126545584 4547.115819452747 5206.079205489002
-2365.0522028590926 4779.909888997256 4422.450257388676
-4051.393477368057 4587.98798861531 3245.8671963160723
-5377.750662165443 3988.40322139123 1780.874590597204
-6226.271100759351 3034.4313251272965 157.64346226437047
-6521.5600285101145 1810.8368892432718 -1479.5949794975882
-6237.379728332959 426.34164902316957 -2985.3649142355825
-5398.9808670033335 -996.0359176821406 -4225.872075285596
-4080.8588626031474 -2329.9113220697873 -5090.89195751235
-2400.1346397065554 -3456.763880844077 -5503.563748302735
-506.1479212546345 -4276.467799046951 -5427.219748064721
1432.8122611943127 -4716.188786334672 -4868.643456249583
3244.460786443129 -4736.855703302962 -3877.4668276567604
4767.824732734787 -4336.632203683924 -2541.7602554437594
6165.28754453506 -3011.870982088528 -957.5695424946929
6637.470789572706 -1861.5094486910737 691.2603259716957
6519.885626896022 -545.7446316777434 2278.6686809295375
5822.980014222814 818.5119908210196 3663.6073238139825
4608.677073559023 2110.040230954612 4723.018378501613
2984.8729500632935 3214.082136808859 5362.768523634617
1095.8497660552396 4032.538740040505 5526.013151320649
-890.5444787243116 4492.686579714767 5198.247260002552
-2797.8099384791108 4553.6395009510525 4408.594287500873
-4456.4777072133775 4209.981569210032 3227.2183657573596
-5719.1678747314245 3492.248299844891 1759.0899298017869
-6473.684878424768 2464.2134435592857 134.65863394430514
-6652.9865713719055 1217.222408790871 -1501.7376724787925
-6241.141211301967 -137.92417869118475 -3004.6979964349384
-5274.743065810769 -1480.8155976262308 -4240.677717507858
-3839.6608510935766 -2692.130052259992 -5099.854613472576
-2063.407919682646 -3664.2369375322846 -5505.887046686894
-103.8121394913969 -4310.760290665896 -5422.6972536157555
1865.0078048657458 -4574.253674513899 -4857.677012445919
3668.113621308602 -4431.304545599726 -3861.0308511558237
5145.29144524672 -3894.614561349317 -2521.31515488571
6413.502773889225 -2447.854586564072 -934.9154189615281
6775.370932046313 -1258.385386066234 714.0670147656758
6535.217649665473 42.89687831688129 2299.6014605994446
5714.381599781579 1340.3675668116882 3680.806225024157
4385.797667606496 2518.740714889088 4734.955203403406
2667.516365908518 3473.312697137031 5368.38263295161
712.2145288967972 4119.265603862638 5524.805706802915
-1306.3706945093847 4399.203684585691 5190.325548394273
-3208.879148795019 4288.253212345917 4394.662187642304
-4826.264608776035 3796.272623499944 3208.513805860949
-6014.815278553903 2966.976552388 1737.274892097939
-6668.923215250175 1874.0515942342315 111.67148026672305
-6730.468058183975 614.6089277927906 -1523.8544326484073
-6193.981277975543 -699.4444390498898 -3023.97919189769
-5107.132079379855 -1951.3490980216272 -4255.410129432761
-3566.4917832512742 -3029.8678262796784 -5108.729202407969
-1708.9530408894445 -3839.1695018168148 -5508.1152664603815
300.43367877231316 -4307.344119199675 -5418.081117122083
2283.125547643717 -4392.792309123318 -4846.626683670114
4062.951692275448 -4087.92162492983 -3844.5282003032157
5481.76674907874 -3419.8211648127494 -2500.826514905228
6610.141193024986 -1863.576921235635 -912.2451508074339
6858.5293592997405 -645.5130466177695 736.8613726674074
6497.507093840357 629.9074949794514 2320.494529517902
5559.1528092530425 1849.3579913442045 3697.9415640981783
4126.843401623301 2904.484914404176 4746.810262559095
2327.8458474053646 3701.535606697224 5373.9040381579
322.00897406220787 4169.688616413769 5523.502856976937
-1712.4398097394771 4267.346494184846 5182.314207460532
-3594.730801527472 3985.831909005962 4380.65419839995
-5157.614186383492 3350.1586671766545 3189.7538396271975
-6262.22091696224 2416.8091258395693 1715.429854199446
-6810.4018377650655 1268.7154876794627 88.68239818612338
-6753.44866832626 7.890910772820328 -1545.944878082332
-6096.42194768534 -1253.6348081846668 -3043.2081676658036
-4897.701383285512 -2403.7695729492125 -4270.0690566531
-3263.7985577722543 -3340.3188623881997 -5117.515571067363
-1339.89290745688 -3980.0661621561067 -5510.248369145103
703.068107709196 -4266.167117183775 -5413.371418297626
2683.558436141784 -4173.200402083637 -4835.492660745211
4425.602820920909 -3709.4265174700495 -3827.959160075571
5774.412973623125 -2916.053808229104 -2480.294689311138
6753.568820013773 -1263.7521500255614 -889.5591295147839
6886.308396831882 -27.855256935130882 759.6430060517507
6407.169252524826 1210.5166979747944 2341.347526892198
5358.7250027318 2341.3289320046097 3715.0130451338646
3834.134520068721 3264.10381567303 4758.583351249164
1968.864359475324 3896.8487510352475 5379.332643906902
-71.34803967637922 4183.341573828908 5522.104624341029
-2105.220852397127 4098.126139495751 5174.213375545458
-3952.0355537728474 3648.774213338052 4366.570561671273
-5447.694552973478 2875.2126859433733 3170.9387910133123
-6459.301984328634 1846.1758937395816 1693.5551933381394
-6896.9720881963285 653.0982715675535 65.69178469030594
-6721.815955164291 -598.0099981078072 -1568.0086273109064
-5949.3969763124505 -1795.982455127633 -3062.384591683016
-4648.347967616629 -2834.3739894701953 -4284.654246030679
-2934.272843059047 -3620.9189564029252 -5126.213567723031
-959.4746995513501 -4085.7293839181584 -5512.286317905498
1100.576981596837 -4187.5048257441795 -5408.568238471988
3062.8375681276234 -3917.2020872405774 -4824.275135939459
4752.951595688984 -3298.83875292743 -3811.3240165959796
6020.745015988836 -2387.3591187012644 -2459.720032657999
