6789.514382399988 829.8876858138597 1101.298155985828
6081.415382651869 1997.397107083365 2650.635487674567
4832.955938303314 2987.429029955675 3964.452224161163
3155.067149758689 3712.0147734000752 4926.009982819029
1196.836799173869 4106.771714319353 5449.87013706467
-867.737753249316 4136.623966150531 5489.485413270942
-2855.209998291908 3798.9190253139573 5041.335820298142
-4588.984305103568 3123.663457796683 4145.241416153992
-5915.007217980829 2170.8566840828844 2880.8241210922456
-6715.455781958878 1025.1597673406643 1360.4329605830126
-6919.206629417581 -211.62709356930324 -280.8386386357218
-6508.155603414374 -1429.6099585054342 -1897.1564923716053
-5518.826391477349 -2520.5657048883986 -3344.9036662261474
-4039.1252356868436 -3387.558127071622 -4495.44147046853
-2200.5300772964365 -3953.551143610542 -5246.539572139819
-166.40816467102087 -4168.253791166244 -5531.459608766805
1882.4998436555616 -4012.588797296351 -5324.885184744191
3764.1394796589066 -3500.3876798307683 -4645.171344183303
5311.318804240519 -2677.161755813897 -3552.713644693036
6386.564144726683 -1616.0582612621101 -2144.5817470447664
6894.335233978759 -411.36089824232164 -545.8943498295932
6684.102534143738 1434.8782295565015 1123.821394910071
5869.0732460644085 2533.753782121589 2670.795340750594
4532.551044068536 3407.4941919498488 3980.4573999731288
2793.29179103456 3978.463789281392 4936.43835125845
805.8363042080175 4195.9294197345225 5453.795091831581
-1253.2212746017701 4040.5683077112694 5486.55820490992
-3200.9246434922175 3526.1849698059086 5031.816544117908
-4864.211810781959 2698.4846229254244 4129.975901617815
-6095.292412441763 1631.0120751933132 2861.168776158272
-6784.779534505958 418.6169470016596 1338.134248904682
-6871.409220414717 -830.9741340012882 -303.79937866949666
-6347.484042406934 -2006.7295165283217 -1918.7390982473075
-5259.557051756402 -3004.178175124352 -3363.1904286979625
-3704.295335871342 -3734.6924192418255 -4508.807530440728
-1819.8907233617958 -4133.362852481926 -5253.797296527884
226.2191663773723 -4164.765857314896 -5531.964116908859
2252.228490437395 -3826.111138951512 -5318.591648877812
4078.117429380172 -3147.4896552800983 -4632.638972588948
5541.647738198925 -2189.1999032062113 -3535.0559935842875
6512.778326358181 -1036.390132586895 -2123.36777621193
6905.219979363562 208.50744943591928 -523.0090136771771
6524.848511791269 2027.6506405656723 1146.325227083674
5609.539113636153 3048.1397673257907 2690.909073100159
4195.797548177524 3797.788299217964 3996.3938391117276
2409.2409576090877 4209.986674405171 4946.781474632703
408.61273517725436 4248.109258349267 5457.625867539637
-1628.32252194252 3908.7686921686077 5483.536251719032
-3520.5741772120164 3222.1168743398907 5022.210375830708
-5100.007367050911 2249.1658321990753 4114.639068442606
-6226.282521313633 1076.3665355656983 2841.4640230272494
-6799.325149966853 -192.07265130944847 1315.8124296064211
-6768.217900698558 -1443.4453402187864 -326.75487253265413
-6135.724789118155 -2566.5615761941576 -1940.288570307081
-4958.045603839873 -3461.6275529547065 -3381.419113793567
-3339.8223086356106 -4049.1127305329414 -4522.09572990616
-1424.8411447403682 -4276.816472764762 -5260.964295526296
616.7434076774763 -4124.506302891487 -5532.373096127405
2603.527601789341 -3605.715647908509 -5312.206268718142
4358.976943089493 -2766.5413341863723 -4620.026602100038
5727.112053940896 -1681.5476821551106 -3517.3372972325556
6586.368125782385 -447.141139213893 -2102.117137925453
6860.396485847654 826.9958561930378 -500.11464592457094
6313.094989454052 2603.419541106441 1168.8092638984467
5305.041455539691 3536.4133244551927 2710.9763373885526
3825.6117075096467 4155.181264631849 4012.2612663779946
2006.25957084691 4404.743114733326 4957.039174331194
8.642466989330845 4262.92420919397 5461.362398036947
-1989.7425579871326 3742.325780132957 5480.4196058829875
-3811.3302248449945 2889.2052825809606 5012.517481321021
-5294.264475478195 1779.3662166030956 4099.231181473027
-6306.78009396818 511.42265366002687 2821.7102019714234
-6758.910624260525 -801.9630564020993 1293.467888153379
-6610.482284596585 -2044.0908295459965 -349.7047238174335
-5874.683584322556 -3104.5921621398593 -1961.8045364231389
-4616.893466957178 -3889.2368568493084 -3399.589406730261
-2948.872104149404 -4328.305789192865 -4535.305839397004
-1018.830513975859 -4382.785757709537 -5268.040445371475
1001.7386384285086 -4047.835978115211 -5532.686539359972
2933.298916750895 -3353.2182082297395 -5305.729154531366
4604.222713749679 -2360.6522851873287 -4607.33445051376
5866.041117333234 -1158.3320470540953 -3499.557861613791
6606.636024944284 146.911076716343 -2080.8301991527287
6760.202328994385 1439.1005066118983 -477.21164192401886
6050.609338764556 3157.5420406414737 1191.2731170879283
4958.171249145933 3994.655324473176 2730.996787083487
3425.1778854645413 4476.825952469292 4028.059407764691
1587.8424355140446 4561.210948361408 4967.211273218446
-390.5797829636183 4240.312334947057 5465.0046187991
-2334.2972736938455 3542.643362268462 5477.208321221701
-4070.6022077614916 2530.1949802179925 5002.738027970934
-5445.216272125951 1292.927670597389 4083.752506780734
-6335.998974774024 -59.2219364754424 2801.9076541103536
-6663.800363439893 -1406.1094146012267 1271.101010403072
-6399.493846207903 -2628.057900630182 -372.6485362134539
-5566.56421702417 -3616.491909145991 -1983.2866250462241
-4239.020928693121 -4283.584740820852 -3417.7009937336566
-2534.8220282107436 -4570.062270071766 -4548.4376307940765
-605.3930666386059 -4450.469711238862 -5275.025623868661
1377.827725628102 -3935.4333879977407 -5532.904441193855
3238.6224779753693 -3070.7165378680534 -5299.160418167757
4811.651410693863 -1933.153047731225 -4594.562737004992
5957.143999987789 -623.820425801051 -3481.7179937528585
6573.318202386942 740.9413785523793 -2059.507327488047
6605.424235972219 2039.8672898537627 -454.3003971768634
5739.568875979459 3685.5553678639762 1213.7163987342706
4571.860009026806 4419.200883025866 2750.9700764610984
2997.921316994921 4760.181006387265 4043.787990461037
1157.6041597870199 4678.19815762088 4977.29759563721
-785.5712070801163 4180.536872615414 5468.552466930274
-2658.9451247757565 3311.4165404941627 5473.902453189357
-4296.060099546559 2148.0623168378797 4992.872184657309
-5551.451281523413 793.8433297143587 4068.2033116597827
-6313.571654994258 -630.9121209783945 2782.056721405076
-6514.7034802659955 -1999.6082610099309 1248.712182598747
-6136.9753120107725 -3190.6304319144515 -395.5859135146764
-5213.949955610818 -4098.151087092341 -2004.7344652121308
-3827.6422646123547 -4641.53303374224 -3435.7535620431668
-2101.2317610716545 -4772.4944013119275 -4561.490877330522
-188.1175944560483 -4479.398697578333 -5281.91971039405
1741.7116459674614 -3788.2887620474917 -5533.026797866205
3516.782163271091 -2760.572745377322 -5292.500173059778
4979.371152223752 -1487.5677257064274 -4581.711682122532
5999.521162690952 -82.38578552306784 -3463.818001718148
6486.587389388091 1330.1164932480833 -2038.1488911461718
6397.291860618201 2624.4320844740264 -431.3813073268046
5382.542780276948 4183.21300300535 1236.1387212748452
4149.355065001884 4806.6688488439095 2770.8958606119304
2547.4789430566234 5003.031073743874 4059.4467428574403
719.2481375935806 4754.852032301456 4987.297967411457
-1172.8910212631208 4084.1835214645953 5472.005881164326
-2960.8136657331356 3050.6173816014257 5470.502058873458
-4485.655022685973 1745.9904999691144 4982.92012174882
-5611.92624590034 286.22470026143026 4052.5838646220163
-6239.553194633777 -1198.973420140899 2762.157746652177
-6312.768460195807 -2577.6374905555094 1226.3017913626816
-5825.066544941348 -3727.267158158456 -418.51645962616703
-4819.781904285353 -4545.712781916514 -2026.1476865480063
-3386.238490169122 -4960.251876469309 -3453.74679991736
-1651.81292593846 -4934.050824090981 -4574.465353595904
229.38346562340388 -4469.4377032667735 -5288.722585896861
2090.198129631906 -3607.6954287030003 -5533.053607264105
3765.289517139164 -2425.3935831883746 -5285.74853422012
5105.818407347765 -1027.5848741429998 -4568.781507785288
5992.672925548482 461.5292604519192 -3445.858194616324
6347.052155902237 1909.634494867887 -2016.7552589560792
6137.46794862447 3188.0603241218664 -408.45476815294194
4982.470833554086 4646.519016515095 1258.5396975089798
3694.1922963501406 5153.988906516407 2790.773795446821
2077.6685619196196 5203.504264265963 4075.035394550134
276.53485806420895 4790.665432933139 4997.212215849404
-1549.1701814834319 3952.1549543952297 5475.364801865843
-3237.2246519849095 2762.4781644129503 5467.007196993836
-4637.637505831118 1327.343066586848 4972.88201110301
-5625.9759153472605 -225.73228765460442 4036.8944353924267
-6114.421675596156 -1758.7503375281392 2742.211073477771
-6059.5742372707655 -3135.495701763538 1203.8702236895597
-5466.307035960319 -4233.638513001021 -441.43977857095643
-4387.334466011476 -4955.603963341756 -2047.5259192788808
-2918.5279752573397 -5237.242254229775 -3471.6803966393663
-1190.3974661525351 -5053.528587570406 -4587.360835539957
643.5050817931536 -4420.78672886048 -5295.43413290138
2420.229379246021 -3395.238568988265 -5532.984868924594
3981.9056753511604 -2068.0085625024067 -5278.905618239685
5189.772177896107 -557.0269199321181 -4555.772437278446
5936.504647494914 1003.4490089465236 -3427.83888258697
6155.75262724225 2474.7640898168124 -1995.326800354484
5828.034971983653 3726.1855209835603 -385.521175563051
4542.639157926168 5071.76033510416 1280.9189406045678
3210.1665509059585 5458.426075120536 2810.603537702946
1592.4565582538723 5360.086704454168 4090.553676345959
-166.75018797956534 4785.4801077439815 5007.040169746492
-1911.1404482398773 3785.6626027271896 5478.629171031184
-3485.717492772346 2449.4723623514 5463.4179279016425
-4750.573241252745 895.635753248262 4962.758026063367
-5593.319709700544 -737.7820229637499 4021.1352949044754
-5939.0751760621915 -2305.6446287323397 2722.2170463317425
-5757.117749828589 -3668.640591083278 1181.4178669396765
-5063.615146827607 -4705.661737352396 -464.35547449687795
-3920.1881167219144 -5324.5641878013585 -2068.8687942339666
-2428.4351689833106 -5470.355743699094 -3489.5540425221793
-720.9050994683106 -5130.082185508392 -4600.1771004766315
1050.68055177437 -4333.978312140404 -5302.054235509033
2728.9086251562376 -3152.7814463881846 -5532.820584034681
4164.661191574717 -1691.4461133708885 -5271.971543285636
5230.365334807169 -79.81837039158664 -4542.6846952496135
5831.3285649617965 1538.9015850741662 -3409.7603767972255
5914.1526617556565 3020.8833813477095 -1973.8638853794487
5471.478340721056 4234.446432260133 -362.58092558673354
4066.6531515630995 5455.5366733138935 1303.276064104853
2701.299996440227 5717.6024059956935 2830.3847449496766
1095.9244821738419 5471.634073619895 4106.001320266872
-606.8287317190544 4739.487041932338 5016.781659388343
-2255.662549774691 3586.2157876727833 5481.79893228947
-3704.0708514707776 2114.293522829749 5459.734313578298
-4823.356202966505 454.50700005897227 4952.548341456294
-5514.065188878598 -1245.664464238161 4005.3067152954764
-5714.825284682308 -2835.1531743792575 2702.176010481656
-5407.798074844309 -4172.726083111993 1158.9451088324229
-4620.2642743254255 -5139.533967653415 -487.2631516834031
-3422.1997173369105 -5649.671704695512 -2090.17594285305
-1920.057697386921 -5657.811317599497 -3507.367428914147
-247.3101249896624 -5163.229566038746 -4612.9139270877895
1447.412037315493 -4209.872209075727 -5308.58277940032
3013.5252882420896 -2882.4492316164237 -5532.560755431329
4311.873592670468 -1298.9079905078981 -5264.946429099291
5227.093006044485 400.04692572109195 -4529.51850770493
5677.862267111608 2063.4559170227303 -3391.6229894364233
5624.128548857714 3543.5177947697657 -1952.3668846641483
5070.666327956199 4708.7225659797905 -339.63441436851855
3558.4078462697576 5794.787888077104 1325.6106819350357
2171.808668339146 5929.515706344904 2850.117075594546
592.2347594012667 5537.380032852879 4121.378059554683
-1039.9618068888628 4653.223843049853 5026.436516553687
-2579.7532028397018 3355.6082944553514 5484.874030903564
-3890.322205657781 1759.832223054024 5455.956417634426
-4855.2190081053395 7.687335737878268 4942.253133588102
-5388.708294905083 -1745.1406050939252 3989.408969901824
-5443.387201745655 -3342.9051447397323 2682.0883120068574
-5014.397267799851 -4643.637892177797 1136.452337439411
-4139.856131290062 -5531.763034626638 -510.1624145484853
-2897.4706100557546 -5928.366755706663 -2111.4469971928615
-1397.632109777657 -5798.209074333154 -3525.1202482041203
226.39213686168338 -5152.855071683722 -4625.57109542704
1830.3004486353184 -4049.647282983175 -5315.019651836849
3271.578533406496 -2586.6105616051773 -5532.205387601396
4422.162508398584 -893.7421406750774 -5257.830396994091
5179.817938178933 878.5391915767959 -4516.274102005203
5477.223812895463 2572.7584612513283 -3373.427033710695
5287.954315435429 4038.376851279127 -1930.8361694302985
4628.826871243675 5145.167735945855 -316.6820381610691
3022.055931140758 6086.8185350169215 1347.9224084089503
1626.0674920036188 6092.555140133002 2869.800188889037
85.59582032233165 5556.941484310419 4136.683628675612
-1462.4814156256775 4527.569191370813 5036.004574517274
-2880.610759801368 3095.902506867772 5487.854413771013
-4042.785196616611 1389.1512984851372 5452.08430530877
-4845.740427241836 -441.03209895794686 4931.872580241952
-5218.1303557250185 -2232.027858971119 3973.44233325431
-5126.866502714142 -3824.6981486218065 2661.954297792534
-4580.058062054051 -5077.527223356056 1113.9399411778859
-3626.2913633266967 -5879.195721933926 -533.0528676553514
-2350.3127632502333 -6158.471880192494 -2132.681589933425
-865.498559981311 -5890.540785887252 -3542.812193826907
696.2189885198276 -5099.209292543465 -4638.148386923639
2196.0744245842584 -3854.7906760458004 -5321.364741663257
3500.799010710512 -2267.856991511204 -5531.754486681564
4494.462241731719 -479.41426095435736 -5250.623569853494
5088.772778952382 1351.6265305631248 -4502.9517068619225
5230.923523051607 3062.569373324738 -3355.1728238375813
4908.283756597915 4501.389487402108 -1909.2721114818614
4149.521438722018 5540.241391501404 -293.72419331832845
2461.973705525787 6329.319428306021 1370.2108582357444
1068.5740704822272 6205.513583724217 2889.4337449346062
-419.7730600837401 5530.3206247807 4151.917763324884
-1870.8215121175429 4363.734408913089 5045.485668052752
-3155.639262834717 2809.411240880516 5490.74002942497
-4160.064616754215 1005.4595551975465 5448.11804346704
-4794.849973332225 -887.8316243513023 4921.406860674827
-5003.591867927139 -2702.2350678916227 3957.4070810733792
-4767.742667155474 -4276.533067086534 2641.7743155236035
-4108.258607512991 -5470.842336014502 1091.4083088039815
-3083.7377417970133 -6179.043254991464 -555.9341157193895
-1785.2132449621834 -6338.209064477736 -2153.8793543844126
-328.06471703319323 -5934.1971838128175 -3560.4429602685
1158.2338006925086 -5002.905841570715 -4650.645584386167
2541.6181624013634 -3627.084360414385 -5327.617939309129
3699.168596673251 -1928.9805166377105 -5531.2080604582325
4528.031667596725 -59.47828876619582 -5243.326072128857
4954.559253914552 1815.3088460783765 -4489.551552333356
4940.8525077969025 3528.797823597223 -3336.860675040557
4488.129333787403 4928.737628615263 -1887.6750831985369
3636.6161726397268 5890.737465922011 -270.7612762886751
1882.7252412751238 6520.386030593254 1392.4756465265118
503.91153752745555 6267.596640645095 2909.0174046884936
-919.6769177088784 5457.9037842807975 4167.080200431283
-2261.5480428711153 4163.252225066881 5054.879633435504
-3402.470699784118 2498.677435524328 5493.530828035072
-4241.068903524578 612.0841905701114 5444.057700600769
-4702.829523562546 -1328.8954208034927 4910.8561556143695
-4746.723102404545 -3151.796842277176 3941.303490264376
-4368.849502946657 -4694.647282881962 2621.548713678866
-3602.784452771715 -5820.357710282374 1068.8578294059914
-2516.5961934088523 -6428.903812905103 -578.8057636149355
-1206.7973183611055 -6466.213598971524 -2175.0399244914406
210.23079436581094 -5928.971930258337 -3578.012243071368
1608.5789784307033 -4864.91508667692 -4663.06247200632
2863.997861129431 -3368.5891883160593 -5333.7791367908885
3864.937965419207 -1572.9493577631604 -5530.566118367382
4522.461370480599 362.4539260015693 -5235.938029837285
4778.144236279955 2265.6515878382133 -4476.073869820558
4609.268018145224 3967.5361634472 -3318.490903543631
4030.838109158761 5316.887739688217 -1866.045457529399
3094.2505451318502 6193.810507480411 -247.79368360805947
1289.0250486603052 6658.533525592844 1414.7163888009434
-63.289216551807286 6278.428247548304 2928.55082996955
-1409.9799571331425 5340.457067280541 4182.170678161725
-2631.387790928066 3927.962840375078 5064.186308445495
-3618.985271843904 2166.451877521296 5496.226761408314
-4285.020029701133 212.4421580322778 5439.90334682614
-4570.311953418751 -1760.4439794849911 4900.220647255825
-4449.511603591451 -3576.9069438438237 3925.131838912729
-3933.352621424984 -5075.5460292446 2601.2778415248413
-3067.6979976112534 -6123.200576280071 1046.2888923977275
-1929.4649443388284 -6626.781880889937 -601.6674163821203
-619.7904634444595 -6541.544534229442 -2196.1629348424435
744.955120032593 -5875.062248607311 -3595.5197388397128
2043.5081719130746 -4686.554899910381 -4675.398835362609
3160.4865549311553 -3081.6265817490053 -5339.848227713677
3996.641837976796 -1202.8822183037437 -5529.828671494414
4477.677954744393 782.7435089995123 -5228.459570559456
4560.852735266893 2698.819040514847 -4462.51889206338
4238.775735288365 4375.09265670815 -3300.06382656587
3540.064909668535 5662.620090575039 -1844.383607986417
2526.8037815056823 6446.998879395373 -224.82181189322284
685.6995523655586 6742.708453207754 1436.9327009940039
-628.3876342314555 6238.052831658736 2948.0336834641125
-1886.6398218933175 5179.118840772872 4197.188935925731
-2977.255781997457 3659.997412695673 5073.405532370071
-3803.3295003993308 1815.6691528663598 5498.827782989872
-4291.460702054118 -189.98927912795602 5435.655053882759
-4398.276787566302 -2178.766329917563 4889.50051925885
-4114.286678983444 -3973.950430935436 3908.8924062791752
-3464.724143723206 -5416.031596770451 2580.962049109822
-2507.3056636017022 -6376.874587369224 1023.7018875116797
-1327.102072139503 -6771.104286427058 -624.518679233633
-28.979637676194894 -6563.691655134112 -2217.2480206739488
1271.717764769696 -5773.0662159961 -3612.9651452447197
2459.417462974298 -4469.478508883045 -4687.654461424096
3428.5871266178783 -2768.7580222723413 -5345.825107273177
4093.1117779546735 -822.0212348883015 -5528.995732573955
4393.945485495016 1197.755746596333 -5220.890823437413
4304.357854136964 3111.1068737313954 -4448.88685313644
3832.3091380755254 4748.022502267756 -3281.5797623159215
3019.7429372844304 5963.055495124072 -1822.689908638044
1938.859324592015 6648.244838800592 -201.8460578347722
77.64769342484915 6772.296815298962 1459.1241994624343
-1186.771581241946 6146.934008472139 2967.465628731813
-2345.7409928541138 4975.3891396169665 4212.134714379978
-3296.281023136389 3361.75911157123 5082.537146006736
-3953.932019021996 1449.4220336254948 5501.33384786391
-4260.258803472621 -591.7025526916598 5431.312895132425
-4188.0428973968865 -2580.2517705582895 4878.69595674437
-3743.7010009638984 -4339.534295362434 3892.5854727950064
-2966.714841634018 -5713.230154291043 2560.6016872578084
-1926.1230494113295 -6579.280441913301 1001.0972047923635
-714.3867715966527 -6860.732789574914 -647.3591575616242
560.8259059090927 -6532.578921052852 -2238.294817877385
1786.206740530859 -5623.976747644841 -3630.348161029714
2852.875267617299 -4215.659559793129 -4699.829138554068
3666.0533075390385 -2432.762519936532 -5351.709672257427
4153.486422875977 -433.70385418111044 -5528.067315989642
4271.86404226544 1603.8913022963475 -5213.2319191723345
4010.667794733044 3498.9736780036956 -4435.177988445112
3393.1061131129 5083.1568874273435 -3263.039029986523
2474.0520629417483 6215.6793003365 -1800.9647341026935
1335.167629779584 6795.91133035142 -178.8668181902979
-530.1990201398607 6747.128589183286 1481.2905009915714
-1733.895124642023 6005.949837012034 2986.846330211401
-2783.5270382463355 4731.116085145507 4227.007755432747
-3585.8303591952463 3035.9019069528395 5091.580991665886
-4069.5169165723146 1070.9345214913444 5503.744912754354
-4191.6090371310975 -989.1900959234192 5426.876945557868
-3941.2583001674943 -2961.420832326144 4867.807146291348
-3340.7094673068464 -4670.516331795404 3876.2113200570434
-2443.3239378139515 -5964.615958961332 2540.1971075624583
-1328.838354095791 -6728.733282887535 978.47523458955
-96.27965110516583 -6894.97312606953 -670.188456944464
1144.8339214024488 -6448.564348909066 -2259.3029630053693
2284.223975972549 -5429.1723302894925 -3647.668486015509
3220.6507061256666 -3927.37452459337 -4711.922656513667
3870.908487446698 -2076.6122573878783 -5357.501821048602
4177.219062455983 -41.33387805071023 -5527.043437773872
4112.3653923421325 1997.6171977420365 -5205.482990022305
3682.1100103004096 3859.071219116691 -4421.392534721419
2924.682995169869 5377.62982741772 -3244.44194974899
1907.385061158546 6418.3624262129115 -1779.208459542356
720.6075940418307 6888.7953569194915 -155.8844897776869
-1132.9166869933147 6667.478615405995 1503.4312228018293
-2265.3156880984525 5816.384678297411 3006.175453226527
-3196.4314491419054 4448.479437738341 4241.807802248389
-3843.530248620729 2685.307277305734 5100.536913173544
-4149.114518454908 683.5337810076709 5506.060936025646
-4086.031755235215 -1378.974691371549 5422.347281761446
-3659.887139307856 -3318.955210891647 4856.834275933626
-2908.545489902833 -4964.031994928959 3859.7702308229523
-1898.7668097782869 -6168.032751921248 2519.748662380981
-720.2743660040387 -6823.976730939434 955.8363675515827
522.2176160616475 -6873.580430885011 -693.0061831535653
1718.3082712259982 -6312.436345335574 -2280.2720932779803
2761.719695820293 -5190.404588832419 -3664.925821105414
3559.74020583367 -3607.1826068961577 -4723.934806465544
4041.462176896139 -1703.4466204770351 -5363.201453624771
4164.082497876748 351.6480736238296 -5525.9241156075195
3916.7058151459496 2375.4972932011 -5197.644169799978
3321.3126325590733 4188.273153579255 -4407.530730019968
2430.8062472289103 5628.902564327894 -3225.7888427476664
1324.3120594149186 6569.379280203983 -1757.4214606560276
100.14693347419674 6926.137817787801 -132.8994694680959
-1725.629081945585 6534.063856047968 1525.5459825553485
-2776.730279658057 5579.917730597479 3025.452663991543
-3581.1068065427844 4129.971427717776 4256.534599251755
-4067.28627823782 2313.0590394042265 5109.404755874043
-4192.069515119576 290.6212047472589 5508.281877683452
-3944.368978988902 -1757.6395993216884 5417.72398196382
-3346.193949496902 -3649.726411716565 4845.777535156604
-2450.694903061832 -5217.519015869856 3843.2624890062816
-1337.4408597922657 -6321.712158758057 2499.256704828103
-105.34932686761417 -6864.193433963735 933.1809946185464
1136.1029560671175 -6796.760999545002 -715.8119421601937
2276.607505649586 -6125.406523222336 -2301.2018465890364
3214.825487627616 -4909.782796407584 -3682.119868290487
3867.3921170006533 -3257.9033219050852 -4735.865380977439
4176.323985007408 -1316.54484017811 -5368.808471561619
4114.171139450318 741.7944281605984 -5524.709368819643
3686.456133410408 2734.2220062459523 -5189.715593870314
2931.1833221706966 4483.701960140753 -4393.592813713839
1915.4620094699917 5834.785318475067 -3207.080031094416
729.5434913612818 6667.422395729266 -1735.6041136733256
-521.198167503751 6907.629733621657 -109.91215417916663
-2303.547293816178 6348.037049546621 1547.6343983625957
-3264.0104954883955 5298.608342320625 3044.6776296172043
-3934.452040762335 3778.3750313197347 4271.187892132615
-4255.300256156157 1922.4165176603256 5118.184366632728
-4198.046369712905 -104.35713997908015 5510.40769937536
-3767.7776404976084 -2121.858207767614 5413.007126002611
-3002.7253333042618 -3950.82286217462 4834.637114894013
-1970.8677030037593 -5428.739567376834 3826.68837967157
-763.8898282809031 -6424.288938386438 2478.72158876994
510.963009960012 -6849.012044692754 910.509507015567
1740.4145424417409 -6665.170374433811 -738.6053401422948
2815.222605144079 -5889.09906678802 -2322.091861512333
3639.8857849784717 -4589.7554631725225 -3699.250330654739
4141.129139441857 -2882.5919448440436 -4747.714174025785
4274.414996819928 -919.2974821697868 -5374.322778034154
4027.900323769291 1125.6805960658364 -5523.39921838714
3423.4890308023323 3070.637013373035 -5181.697399148197
2514.885713714429 4742.753856773469 -4379.579026490446
1382.823764568831 5993.456206767094 -3188.3158378630314
127.89185551913279 6711.61367094013 -1713.7567953478647
-1138.4038061375973 6833.414807018656 -86.9229408682235
-2862.0086081607856 6110.976817491107 1569.6960887889686
-3723.2360136888606 4974.878229777823 3063.8500181165073
-4253.637560248568 3396.7398794552296 4285.767427850075
-4406.084742799207 1516.7862844956276 5126.8755938385675
-4167.031960167723 -497.9404281483902 5512.438364391543
-3557.7201011567877 -2468.4229485758297 5408.1967953310195
-2632.2891983605564 -4219.575257526646 4823.41320752461
-1472.9678486791172 -5595.799787545187 3810.0481890294272
-182.76684162957736 -6474.812949677459 2458.143668817872
1123.6738013577988 -6778.5105669822515 887.8222962460626
2330.2710959332762 -6479.907773407015 -761.3859834911785
3329.813577408823 -5605.536737557677 -2342.9417773078876
4033.4875098853977 -4233.089163083534 -3716.316912380158
4378.768376440257 -2484.513039863624 -4759.480980999287
4334.976456839888 -515.1770299459267 -5379.744277818375
3906.002855318444 1499.9347198996516 -5521.993686934392
3129.9637588907694 3381.770687527001 -5173.589724096131
2075.813646865932 4963.121488911366 -4365.489610347384
837.2183827589001 6103.4771657060555 -3169.496587083652
-475.76740872860995 6701.512111659382 -1691.8798829508673
-1746.479178079706 6704.088297390265 -63.93222652531531
-3396.514317803343 5824.874307853245 1591.7306728613457
-4150.726305241882 4611.490752360237 3082.9694984103644
-4536.12804529732 2988.3560063261502 4300.272954636846
-4518.4749020580375 1099.692714945705 5135.478287406784
-4099.335434770393 -886.6831000797017 5514.373837665384
-3315.9520244661567 -2794.273230518305 5403.293073016413
-2237.931724972317 -4453.57992195928 4812.106006868838
-961.0613707130668 -5717.166493120597 3793.3422044315766
401.2035038823984 -6472.757731996232 2437.5233003224885
1727.8196865053135 -6653.21604115455 865.1197540849573
2900.9115075704362 -6242.506907898602 -784.1534788185403
3816.244610747463 -5277.123641085514 -2363.751233928157
4392.487632945945 -3842.8447804863195 -3733.3193187518177
4578.4388528427 -2067.11229709436 -4771.165598702402
4357.575688516409 -107.70781473265416 -5385.072877292918
3749.5228013594947 1861.266979636004 -5520.492798732871
2808.308358792005 3664.8600348283794 -5165.392708721792
1617.5633944875892 5142.814192952912 -4351.324808588235
283.0908240229295 6163.806741165207 -3150.6226037372235
-1076.5356084798025 6637.11801100463 -1669.9737542645796
-2340.507127870387 6520.692219053636 -40.94040816642862
-3902.7661531969225 5492.11648739849 1613.7377700747197
-4543.070304375243 4211.527421667588 3102.0357403333305
-4779.702722074182 2556.7256625378063 4314.704222003732
-4591.637577536918 674.7476082858308 5143.992298781464
-3995.585284165875 -1267.1847320434917 5516.214085774095
-3044.5077039594694 -3096.522147982156 5398.296043738893
-1822.9122536543 -4650.719982208933 4800.715708185511
-439.3430498932551 -5791.680936667999 3776.570714365949
983.2637118760152 -6418.025623530947 2416.860839367373
2318.5031778633665 -6474.100568701625 842.402272571916
3447.733461913961 -5954.923267220771 -806.907432963059
4270.617497744394 -4906.6249006970365 -2384.5198720242965
4714.038427604046 -3422.351379377638 -3750.2572561630914
4738.596355954174 -1633.9869192589008 -4782.767825358888
4342.109203090177 299.56444926950303 -5390.308484440664
3559.806592499232 2206.4982018633746 -5518.896579700717
2461.199544210803 3917.374906163813 -5157.106494575631
1143.9041156229548 5280.175658934963 -4337.084865818417
-275.0322135785185 6173.809632740524 -3131.694213749799
-1669.5307236445665 6518.873527359776 -1648.0387875758038
-2915.6841022998783 6284.706901467828 -17.947882826614833
-4376.701036235585 5115.466223354473 1635.717000398732
-4897.153797910521 3778.3618436231623 3121.048414639334
-4982.472953835639 2105.5334330180885 4329.06098074386
-4625.07752259004 245.6191369080621 5152.417480938097
-3856.7236566439237 -1636.119497398048 5517.959076939285
-2745.6829688519915 -3372.4817343682043 5393.205793789859
-1390.676300046317 -4809.184169347417 4789.242508168409
87.898060900904 -5818.569486123008 3759.7340084516154
1558.6622934027878 -6310.949369684948 2396.156642762962
2890.9325410590145 -6242.573706605239 819.6702440045992
3966.330745793666 -5619.517974610158 -829.6474529972112
4689.303057808752 -4497.143409722534 -2405.247332952316
4995.610214470018 -2975.1779174922553 -3767.130432120559
4858.0354807012845 -1188.8548109395558 -4794.287460615276
4288.802975334682 703.1032627685274 -5395.451008850344
3338.4915045077437 2532.587526061771 -5517.205057402299
2091.540412776625 4137.040273587145 -5148.731224748457
658.7467767963772 5373.8988377020905 -4322.770027940886
-832.5794011648454 6133.262907120585 -3112.7117439869517
-2249.9272456180292 6347.659651860462 -1626.0753616692987
-3467.3591806549694 5998.0389802869795 5.044952446866166
-4814.523875159419 4698.039320573901 1657.667984284245
-5210.18431243409 3315.631313428516 3140.007193007294
-5142.897009031738 1638.614913676652 4343.34298293704
-4618.640737145124 -183.99961209850073 5160.753688386097
-3683.997967192147 -1990.2649648696777 5519.608781027509
-2422.0158108953397 -3619.6865413782707 5388.022411070462
-944.8269209591609 -4927.483083952651 4777.686604942905
616.3139872088894 -5797.451130614488 3742.8323774338396
2122.6926929640404 -6152.290202625983 2375.4110680404274
3440.460837665871 -5960.471291253308 796.9240609318689
4452.528938727405 -5239.038348555338 -852.3731462341538
5068.970303981594 -4052.093857447106 -2425.9332587793365
5235.011412917222 -2505.103044783737 -3783.9385552491776
4935.898784345963 -735.5228331276447 -4805.724305544325
4198.2098879505365 1099.4118100405803 -5400.500361718088
3087.49161947007 2836.6588891974466 -5515.418261047728
1702.4361713658693 4321.856377576645 -5140.267043868904
166.11179841771929 5423.037960653837 -4308.380542151942
-1384.9723367894596 6042.358822316821 -3093.6755222481866
-2812.9956020219047 6124.789586162007 -1604.0838558212597
-3991.0718633868105 5663.005917080316 28.037700601414674
-5212.738134518267 4243.278705200567 1679.5903426698947
-5479.713299183316 2827.206302176158 3158.91174804686
-5259.791889890198 1159.9242122128985 4357.549981953983
-4572.514888963808 -610.4222342490507 5169.000777171373
-3478.949874001916 -2326.529986404095 5521.163169550794
-2076.264895614881 -3835.915339458479 5382.7459850901405
-489.09466971404277 -5004.462780964774 4766.048198062541
1141.5337639474933 -5728.34174265916 3725.8661131790623
2670.731913143879 -5943.232402104591 2354.6244734454976
3962.6238115434635 -5630.040781177223 774.1641161470096
4902.419194599253 -4816.595329815232 -875.0841202344261
5406.613118302616 -3575.174246118692 -2446.577292289631
5430.405739913916 -2016.0832412607804 -3800.6813352972636
4971.682980590795 -277.8543929812498 -4817.078162648434
4071.204370570781 1485.063037458588 -5405.456455848961
2808.9813860394597 3116.0260999284155 -5513.536221492364
1297.1680783467405 4470.116568964316 -5131.714098100992
-329.9043056354413 5427.017564064279 -4293.916656936949
-1927.6632443007163 5901.704232522818 -3074.585877261173
-3354.1408442990396 5851.998580719262 -1582.0646497928728
-4482.588310876745 5282.317173946022 51.02996458588626
-5568.173932650856 3754.925969029079 1701.4836969886294
-5703.655439214303 2317.1580908989963 3177.7617533040393
-5332.342129923927 673.5005477117411 4371.681732460621
-4487.226821791808 -1030.0004747481553 5177.158604878773
-3243.401718672919 -2641.9814349440544 5522.622215667126
-1711.38613941595 -4019.2107505006015 5377.376606965046
-27.306391377479716 -5039.315552859324 4754.327488505563
1659.199649366995 -5611.6550536744335 3708.835508669829
3198.2785199874793 -5685.374376627983 2333.797217932229
4453.176308692956 -5253.92323636364 751.3908026809701
5312.389839928733 -4355.637960086015 -897.7799828127484
5699.5742208480115 -3070.335136652383 -2467.1790769909944
5580.3264200754475 -1512.2195623833984 -3817.358483141512
4965.242128020031 180.26335626963433 -4828.348835863155
3908.97428328386 1856.729084645372 -5410.319205658474
2505.3769192268196 3368.2162857289964 -5511.558971236274
879.1658212309819 4580.4226886518745 -5123.072535141578
-825.1630181369198 5385.638434834167 -4279.378622066026
-2456.172502175109 5712.316571596449 -3055.443138676127
-3868.9402806595035 5531.430312884004 -1560.0181238235327
-4937.935736642558 4859.052196589706 74.02134735758342
-5878.013439640868 3236.990510151735 1723.3476691743012
-5880.304915519326 1789.7248226524255 3196.5568832668323
-5360.1054943608015 183.43423058240938 4385.73799042229
-4363.637177592792 -1439.1552978627117 5185.227030634557
-2979.4405480893347 -2933.8695624637126 5523.98589418091
-1330.5075508286566 -4167.896641365306 5371.914369416482
436.646881159387 -5031.587813168459 4742.524678671476
2165.003321563133 -5448.20032701216 3691.7408579997527
3700.9897158854073 -5380.716332767498 2312.929661156841
4908.126932425394 -4835.132079471752 728.6045137955274
5679.155532059128 -3859.9251222872913 -920.4603420447875
5945.566240105847 -2541.746878985205 -2487.738257120742
5683.687296031467 -997.7232712128215 -3833.969710791995
4916.787793253822 634.9524276432642 -4839.5361305604165
3713.0101180777465 2211.209816860408 -5415.088527174047
2179.315199633914 3590.991510115081 -5509.486544423678
451.97856193539553 4651.69784888933 -5114.342504217795
-1315.5183544663207 5299.080420149982 -4264.766688589761
-2966.12569201653 5475.616441448915 -3036.2476370601503
-4353.1797452028395 5165.619912578137 -1537.9446586244724
-5353.434674413209 4396.635385525196 97.01145188893986
-6139.813371059893 2693.7165249356176 1745.1818816680643
-6008.3485240896425 1249.2762557803755 3215.2968133708487
-5343.015543550813 -306.16769105952756 4399.718513107997
-4202.932184529982 -1834.4072949540007 5193.2059151088115
-2689.3998566495848 -3199.6517605279705 5525.254181543417
-936.9025492689897 -4280.593125738566 5366.359366769296
898.8426611433093 -4981.18500665378 4730.639972377518
2654.721756606935 -5239.176740157436 3674.582456368432
4174.717173941507 -5031.644628549679 2292.0221634714967
5323.770649926813 -4377.028810686524 705.8056429765252
5999.783740683438 -3333.4947747193014 -943.1248062739741
6142.689716463059 -1993.7650992174292 -2508.2544776519508
5739.790754185126 -476.88064515605146 -3850.514731397095
4826.886194740996 1082.3767469836944 -4850.639853552038
3485.091614452954 2545.4602152218195 -5419.764338036493
1833.6313501481434 3782.368372769307 -5507.318976842355
19.24489362400096 4683.196501746049 -5105.524156084519
-1796.8515561534512 5167.902069673307 -4250.081108834846
-3453.289859813496 5193.416859745399 -3016.9997038914485
-4802.888204916158 4757.473770894611 -1515.8446353721772
-5725.72885588429 3898.808259670081 119.99988117451427
-6351.524396814053 2129.5481237103154 1766.9859574250452
-6086.8755222616755 700.2775117099184 3233.9812200049323
-5281.381045743078 -791.215830323169 4413.623059094573
-4006.6126863512236 -2212.4061736385647 5201.095120517886
-2375.8392070469285 -3437.014519441567 5526.42705585318
-533.9619879978491 -4356.229042102423 5360.711694950247
1355.3600969384236 -4888.3734973761975 4718.673574855188
3124.252489361878 -4986.164515134338 3657.360600076346
4615.541337549322 -4640.91293430023 2271.0750859180794
5696.719082925966 -3883.2958729425845 682.9945839271322
6271.718338144711 -2780.6309317107293 -965.7729841181201
6289.447896036694 -1430.8947295985372 -2528.727384299519
5748.3324075783385 45.98274861657937 -3866.9932592485643
4696.4523585653815 1518.774457825142 -4861.65981309297
3227.271907452171 2856.6163914240246 -5424.34655750139
1471.3341847123575 3940.635422590317 -5505.056305923021
-415.3380371828839 4674.511703265753 -5096.617643021707
-2265.1056517934944 4993.037105349295 -4235.322136399764
-3913.6086889897897 4867.9092490401135 -2997.699671553656
-5214.3704195804885 4310.246293485846 -1493.7184357016865
-6051.812455503789 3369.599039551051 142.98623823777473
-6511.507309877033 1549.092857633219 1788.7595199207972
-6115.384139821639 147.25211836925567 3252.609780516759
-5175.882252021847 -1267.6726178170652 4427.451388270868
-3776.4805121447484 -2569.959078820723 5208.894510626746
-2041.5219059518586 -3643.893397591482 5527.504496856375
-125.16511934378372 -4394.05179702347 5354.971451486369
1802.313137396038 -4753.779411311206 4706.62569274665
3569.647962557283 -4691.11286328661 3640.07558651975
5019.803901103265 -4211.620350749279 2250.0887902219597
6023.92823398964 -3357.9068876563865 660.1717305609316
6492.8001077124 -2205.8286616635482 -988.4044844763727
6384.758198680943 -857.7528789622776 -2549.1566235262935
5709.402504646834 566.5380112212955 -3883.4050097863133
4526.7413427746515 1940.4895128967466 -4872.595818884638
2941.859347319746 3142.020005653367 -5428.835106440517
1095.5802387183828 4064.3682323799962 -5502.698570738691
-848.0459819677878 4625.579505473452 -5087.623118831802
-2716.3195955676624 4775.787740484277 -4220.490026150373
-4343.236292729109 4501.646276553772 -2978.347873330082
-5584.237385303037 3827.5137858021726 -1471.566441700062
-6329.054480170673 2813.289898414458 165.97012613798088
-6618.545826407429 957.08395691052 1810.5021931577082
-6093.784706050141 -405.2553444286421 3271.182173218266
-5027.5640724265895 -1731.5859299815406 4441.2032618418725
-3514.622307866386 -2904.0575067159034 5216.603950751343
-1689.3909275863286 -3818.4908297320826 5528.486485947176
285.9502503797922 -4393.634485355583 5349.138735503266
2235.883493727635 -4578.384435807869 4694.496534101194
3987.14867664467 -4356.324837229466 3622.727714185526
5384.1382023280885 -3747.1866594465455 2229.0636387857253
6302.723420833295 -2805.0945027140183 637.3374769951963
6661.284004351317 -1613.757389460857 -1011.0189165358444
6427.960271519353 -279.03085029645433 -2569.541842549217
5623.484059923871 1080.4888044235038 -3899.749699603446
4319.336611350825 2344.0022872234213 -4883.4476820782365
2631.3971497627576 3399.2408803189214 -5433.229907343203
709.6465037220722 4152.4420038751905 -5500.245812004005
-1275.1593484067137 4536.680432695561 -5078.540738837068
-3146.661696484922 4517.814896176767 -4205.585034215513
-4738.569343933046 4097.52168002855 -2958.9446433979647
-5909.434310303654 3313.145680932081 -1449.3890358998276
-6555.220105078458 2234.382148584458 188.95114797702877
-6671.855916491383 358.341590787128 1832.2136016716627
-6022.399373932858 -952.7166885907626 3289.6980773914997
-4837.826218136067 -2179.121909259032 4454.878442332868
-3223.3909724072073 -3211.9025853706567 5224.223307760932
-1322.5432931616665 -3959.2916215697683 5529.373006168067
695.818161566924 -4354.880222127304 5343.213647723402
2652.353119092586 -4363.518603871753 4682.2863083716375
4373.214862326918 -3984.4392086762095 3605.3172826460395
5705.497273506211 -3251.3249043663036 2207.999994683013
6530.821213772064 -2229.3161140991474 614.4922175440695
6775.853029157444 -1009.2228039016205 -1033.615889778393
6418.820567560935 300.5443813238698 -2589.8826893453947
5491.4477300065355 1583.6068793514462 -3916.027046451083
4076.135662819605 2725.9589566043346 -4894.215215277965
2298.6410541644514 3626.097617889064 -5437.5308843176745
316.9021004266727 4204.041592957058 -5497.698072074511
-1692.9949956359885 4408.438023358167 -5069.370659876924
-3552.4620567502293 4221.125389272285 -4190.607417982551
-5096.277274399258 3658.7472402458966 -2939.4903168226733
-6187.265891573456 2771.273342775855 -1427.1866012723162
-6728.488781912205 1637.559647267439 211.92890690630722
-6671.091593293676 -242.26653260350523 1853.893370538414
-5901.95845091548 -1490.6573411456286 3308.1571732938487
-4608.410399855397 -2606.5967032849626 4468.476693593484
-2905.384861092218 -3490.9285094762117 5231.752450080365
-944.2031273495289 -4065.075997913069 5530.16404221014
1100.8751978253133 -4278.02364464316 5337.196290464376
3048.1359305621777 -4110.850116749165 4669.995226410706
4724.556409344361 -3578.4095158134132 3587.8445925539613
5981.179317782013 -2728.0115258061223 2186.8982216521194
6706.348195861618 -1635.2177400495616 591.6363467117154
6835.628606414601 -397.12768205474237 -1056.1950139873647
6357.5334176256 876.2489132567594 -2610.178812658181
5314.543485104696 2071.766947270382 -3932.2367692432713
3799.3330414422708 3083.19939621955 -4904.898232544278
1946.5351839493028 3820.676048416899 -5441.737963092347
-79.22086686652244 4218.668866951738 -5495.055394945953
-2097.937796006223 4241.814443334525 -5060.113040305199
-3930.2437453223934 3888.0561915309563 -4175.557436093
-5413.330290276051 3188.8270846563146 -2919.98522955197
-6415.418682930019 2206.256697372772 -1404.9595212210954
-6847.468972004468 1027.6507205296082 234.90300613358485
-6616.347117506432 -839.864903381428 1875.5411253800842
-5733.59337360399 -2014.6930406666668 3326.5591421637596
-4341.384696996756 -3010.5068599538827 4481.997780801832
-2563.4249382084154 -3738.823933342454 5239.191247692377
-557.6936242551922 -4134.930092694966 5530.859580413361
1497.5912156112347 -4163.629567469698 5331.086767637132
3419.808503899837 -3822.3722833873417 4657.623500467396
5038.1607990345165 -3141.4804477215293 3570.3099456370446
6208.850397570433 -2181.454288115811 2165.7586840897507
6827.856391191059 -1027.5963418565193 568.7702591856145
6840.177380900109 217.56804890899173 -1078.7558992543316
6244.7185926921675 1443.400563747278 -2630.4298620032346
5094.3891530273695 2540.9806042375712 -3948.378588061827
3491.400880757494 3412.7833671316575 -4915.496549397107
1578.1863184719318 3981.3453511029584 -5445.851071017131
-475.2570239664297 4196.147328782466 -5492.317826253496
-2486.4716941942875 4038.103201810406 -5050.7680399874525
-4276.752442691705 3521.255884433463 -4160.435348438045
-5687.024968436968 2691.529528947692 -2900.429718410133
-6591.980368638618 1622.6489632321109 -1382.7081795752829
-6911.209384657345 409.5889162556738 257.87304892972514
-6508.155603414361 -1429.6099585054535 1897.156492371632
-5518.826391477334 -2520.565704888409 3344.9036662261624
-4039.125235686847 -3387.5581270716207 4495.44147046853
-2200.5300772964347 -3953.5511436105426 5246.53957213982
-166.40816467103608 -4168.253791166244 5531.459608766805
1882.4998436555807 -4012.5887972963483 5324.8851847441865
3764.1394796588943 -3500.3876798307733 4645.171344183308
5311.318804240518 -2677.1617558138983 3552.7136446930367
6386.564144726674 -1616.0582612621217 2144.581747044781
6894.335233978757 -411.36089824233585 545.894349829611
6789.514382399988 829.8876858138576 -1101.2981559858265
6081.415382651871 1997.3971070833616 -2650.635487674563
4832.955938303282 2987.4290299556933 -3964.4522241611876
3155.0671497586723 3712.0147734000802 -4926.009982819036
1196.8367991738596 4106.771714319354 -5449.870137064672
-867.7377532493178 4136.623966150531 -5489.485413270942
-2855.2099982918958 3798.919025313961 -5041.335820298145
-4588.984305103567 3123.6634577966847 -4145.241416153994
-5915.0072179808285 2170.856684082886 -2880.824121092247
-6715.455781958881 1025.159767340659 -1360.4329605830048
-6919.206629417581 -211.6270935692926 280.83863863570883
-6347.4840424069425 -2006.72951652831 1918.739098247293
-5259.557051756387 -3004.178175124361 3363.1904286979775
-3704.295335871344 -3734.6924192418246 4508.807530440728
-1819.8907233617945 -4133.362852481926 5253.797296527885
226.21916637737513 -4164.765857314896 5531.964116908859
2252.2284904374133 -3826.1111389515077 5318.591648877808
4078.11742938017 -3147.4896552801006 4632.6389725889485
5541.647738198949 -2189.199903206192 3535.055993584264
6512.778326358175 -1036.3901325869076 2123.3677762119437
6905.219979363562 208.5074494359172 523.0090136771777
6684.102534143743 1434.8782295564881 -1123.8213949100546
5869.073246064413 2533.7537821215856 -2670.79534075059
4532.551044068541 3407.494191949846 -3980.4573999731256
2793.291791034543 3978.4637892813957 -4936.438351258457
805.8363042080161 4195.9294197345225 -5453.795091831581
-1253.2212746017656 4040.56830771127 -5486.55820490992
-3200.92464349222 3526.184969805908 -5031.816544117906
-4864.211810781958 2698.4846229254267 -4129.975901617817
-6095.292412441774 1631.0120751933018 -2861.1687761582566
-6784.779534505958 418.6169470016588 -1338.1342489046788
-6871.409220414717 -830.9741340012863 303.799378669496
-6135.724789118151 -2566.561576194161 1940.2885703070851
-4958.0456038398615 -3461.6275529547142 3381.419113793578
-3339.82230863565 -4049.1127305329333 4522.095729906139
-1424.84114474033 -4276.816472764763 5260.964295526305
616.7434076775049 -4124.506302891483 5532.373096127406
2603.5276017893225 -3605.715647908515 5312.206268718147
4358.976943089483 -2766.541334186378 4620.026602100044
5727.112053940918 -1681.5476821550876 3517.3372972325315
6586.368125782384 -447.1411392138928 2102.117137925454
6860.396485847653 826.9958561930362 500.114645924574
6524.8485117912605 2027.6506405656871 -1146.325227083694
5609.539113636151 3048.139767325792 -2690.9090731001597
4195.797548177527 3797.7882992179634 -3996.393839111725
2409.2409576090695 4209.986674405173 -4946.781474632709
408.6127351772577 4248.109258349267 -5457.625867539636
-1628.3225219425156 3908.768692168609 -5483.536251719033
-3520.574177212007 3222.116874339895 -5022.210375830711
-5100.007367050909 2249.1658321990762 -4114.639068442608
-6226.282521313643 1076.366535565684 -2841.4640230272335
-6799.325149966853 -192.07265130945152 -1315.8124296064184
-6768.217900698553 -1443.445340218803 326.75487253267556
-5874.683584322554 -3104.5921621398606 1961.8045364231407
-4616.893466957174 -3889.23685684931 3399.5894067302643
-2948.8721041494 -4328.305789192865 4535.305839397006
-1018.8305139758377 -4382.7857577095365 5268.04044537148
1001.7386384285124 -4047.8359781152103 5532.686539359972
2933.2989167508767 -3353.2182082297477 5305.72915453137
4604.222713749679 -2360.652285187329 4607.334450513761
5866.04111733324 -1158.3320470540875 3499.5578616137836
6606.636024944284 146.9110767163427 2080.8301991527296
6760.202328994386 1439.1005066118967 477.2116419240218
6313.094989454051 2603.419541106442 -1168.8092638984474
5305.041455539695 3536.4133244551904 -2710.9763373885485
3825.611707509646 4155.181264631849 -4012.261266377995
2006.259570846915 4404.743114733326 -4957.039174331192
8.642466989334293 4262.924209193971 -5461.362398036947
-1989.7425579870887 3742.325780132973 -5480.419605882993
-3811.3302248449854 2889.2052825809665 -5012.517481321025
-5294.264475478207 1779.3662166030836 -4099.2311814730165
-6306.780093968188 511.4226536600121 -2821.7102019714075
-6758.910624260526 -801.9630564021061 -1293.4678881533712
-6610.482284596591 -2044.0908295459828 349.70472381741314
-5566.564217024154 -3616.491909146003 1983.2866250462466
-4239.020928693119 -4283.584740820853 3417.7009937336593
-2534.822028210734 -4570.062270071767 4548.437630794082
-605.3930666385908 -4450.469711238859 5275.025623868664
1377.8277256280994 -3935.4333879977416 5532.904441193855
3238.6224779753516 -3070.716537868064 5299.160418167761
4811.651410693861 -1933.153047731226 4594.562737004992
5957.143999987789 -623.8204258010517 3481.717993752859
6573.318202386942 740.9413785523786 2059.5073274880474
6605.424235972221 2039.867289853751 454.3003971768788
6050.609338764556 3157.5420406414723 -1191.2731170879265
4958.171249145933 3994.655324473176 -2730.996787083487
3425.1778854645386 4476.825952469292 -4028.0594077646933
1587.8424355140273 4561.210948361407 -4967.211273218452
-390.5797829636083 4240.31233494706 -5465.004618799099
-2334.2972736938195 3542.6433622684744 -5477.208321221705
-4070.602207761478 2530.194980218002 -5002.73802797094
-5445.216272125963 1292.9276705973764 -4083.7525067807233
-6335.998974774024 -59.22193647544269 -2801.907654110353
-6663.800363439893 -1406.1094146012288 -1271.101010403069
-6399.49384620791 -2628.0579006301673 372.6485362134336
-5213.9499556108185 -4098.15108709234 2004.7344652121305
-3827.6422646123524 -4641.533033742241 3435.7535620431704
-2101.2317610716455 -4772.4944013119275 4561.490877330528
-188.11759445604562 -4479.398697578333 5281.9197103940505
1741.7116459674558 -3788.288762047495 5533.026797866205
3516.7821632710743 -2760.5727453773347 5292.500173059783
4979.371152223746 -1487.5677257064337 4581.711682122535
5999.521162690958 -82.38578552306157 3463.818001718141
6486.587389388088 1330.1164932480629 2038.1488911461931
6397.2918606182 2624.4320844740337 431.38130732679303
5739.568875979459 3685.5553678639753 -1213.7163987342713
4571.860009026794 4419.20088302587 -2750.970076461112
2997.9213169949185 4760.181006387266 -4043.7879904610395
1157.6041597870085 4678.198157620879 -4977.297595637216
-785.5712070801324 4180.536872615408 -5468.552466930276
-2658.9451247757315 3311.4165404941778 -5473.90245318936
-4296.060099546547 2148.0623168378916 -4992.872184657314
-5551.451281523423 793.8433297143469 -4068.2033116597727
-6313.571654994246 -630.9121209783584 -2782.0567214051116
-6514.7034802659955 -1999.608261009932 -1248.712182598744
-6136.9753120107725 -3190.630431914452 395.58591351467817
-4819.7819042853525 -4545.712781916515 2026.1476865480058
-3386.2384901691216 -4960.2518764693095 3453.7467999173596
-1651.8129259384652 -4934.050824090982 4574.4653535959005
229.38346562342682 -4469.437703266765 5288.722585896868
2090.198129631886 -3607.6954287030117 5533.053607264105
3765.2895171391674 -2425.3935831883705 5285.748534220119
5105.818407347761 -1027.5848741430036 4568.781507785291
5992.672925548484 461.5292604519285 3445.8581946163167
6347.052155902235 1909.6344948678698 2016.7552589561003
6137.467948624467 3188.0603241218755 408.4547681529304
5382.542780276943 4183.213003005357 -1236.1387212748555
4149.355065001888 4806.6688488439095 -2770.8958606119268
2547.478943056619 5003.031073743875 -4059.4467428574435
719.2481375935674 4754.852032301453 -4987.297967411461
-1172.8910212631265 4084.1835214645926 -5472.005881164326
-2960.8136657331133 3050.6173816014416 -5470.5020588734615
-4485.655022685977 1745.990499969108 -4982.920121748817
-5611.926245900346 286.22470026142133 -4052.5838646220113
-6239.5531946337705 -1198.973420140881 -2762.157746652196
-6312.768460195805 -2577.6374905555194 -1226.301791362671
-5825.066544941347 -3727.267158158457 418.5164596261663
-4387.3344660114835 -4955.603963341754 2047.5259192788715
-2918.527975257357 -5237.242254229775 3471.6803966393527
-1190.3974661525092 -5053.528587570399 4587.360835539969
643.5050817932029 -4420.786728860459 5295.434132901393
2420.2293792460096 -3395.2385689882735 5532.984868924594
3981.9056753511445 -2068.0085625024226 5278.90561823969
5189.772177896106 -557.0269199321225 4555.77243727845
5936.504647494919 1003.4490089465372 3427.8388825869592
6155.752627242249 2474.7640898168243 1995.326800354471
5828.034971983654 3726.1855209835603 385.52117556305166
4982.470833554104 4646.519016515084 -1258.539697508954
3694.192296350143 5153.988906516406 -2790.7737954468175
2077.6685619196 5203.50426426596 -4075.0353945501456
276.53485806419394 4790.665432933134 -4997.21221584941
-1549.1701814834307 3952.154954395231 -5475.364801865843
-3237.224651984893 2762.4781644129644 -5467.007196993838
-4637.637505831122 1327.3430665868427 -4972.882011103008
-5625.97591534727 -225.73228765462386 -4036.8944353924126
-6114.421675596156 -1758.750337528136 -2742.211073477775
-6059.574237270761 -3135.495701763556 -1203.8702236895376
-5466.307035960319 -4233.638513001021 441.4397785709558
-3920.188116721923 -5324.564187801356 2068.8687942339566
-2428.4351689833115 -5470.355743699095 3489.5540425221793
-720.9050994682851 -5130.082185508384 4600.177100476644
1050.680551774396 -4333.97831214039 5302.05423550904
2728.908625156226 -3152.781446388194 5532.820584034681
4164.661191574722 -1691.4461133708833 5271.971543285635
5230.365334807167 -79.8183703915915 4542.684695249616
5831.328564961801 1538.9015850741794 3409.7603767972146
5914.152661755657 3020.883381347709 1973.8638853794494
5471.478340721056 4234.4464322601325 362.5809255867342
4542.639157926173 5071.760335104157 -1280.9189406045614
3210.1665509059662 5458.426075120535 -2810.603537702938
1592.4565582538619 5360.086704454166 -4090.553676345966
-166.75018797957952 4785.480107743975 -5007.040169746499
-1911.1404482398818 3785.6626027271864 -5478.629171031185
-3485.7174927723477 2449.4723623513983 -5463.4179279016425
-4750.573241252764 895.6357532482322 -4962.758026063353
-5593.319709700545 -737.7820229637556 -4021.135294904471
-5939.075176062191 -2305.6446287323442 -2722.217046331738
-5757.117749828592 -3668.6405910832686 -1181.4178669396902
-5063.615146827607 -4705.661737352396 464.3554744968773
-3422.19971733692 -5649.67170469551 2090.1759428530404
-1920.057697386925 -5657.811317599498 3507.3674289141445
-247.3101249896745 -5163.229566038752 4612.913927087783
1447.4120373155172 -4209.872209075712 5308.582779400327
3013.525288242079 -2882.4492316164346 5532.560755431329
4311.873592670464 -1298.9079905079032 5264.946429099292
5227.093006044487 400.0469257210964 4529.518507704927
5677.862267111611 2063.455917022739 3391.622989436417
5624.128548857715 3543.5177947697653 1952.3668846641485
5070.6663279562 4708.7225659797905 339.6344143685192
4066.6531515631054 5455.536673313893 -1303.2760641048467
2701.2999964402316 5717.602405995693 -2830.384744949673
1095.924482173832 5471.634073619894 -4106.00132026688
-606.8287317190675 4739.4870419323315 -5016.781659388349
-2255.662549774695 3586.2157876727806 -5481.798932289471
-3704.0708514707867 2114.293522829738 -5459.734313578295
-4823.356202966515 454.50700005895425 -4952.548341456286
-5514.065188878601 -1245.6644642381666 -4005.3067152954727
-5714.825284682308 -2835.1531743792616 -2702.176010481651
-5407.798074844307 -4172.7260831119975 -1158.945108832415
-4620.264274325417 -5139.533967653423 487.26315168341955
-2897.4706100557637 -5928.366755706661 2111.4469971928515
-1397.6321097776613 -5798.209074333155 3525.120248204118
226.39213686168435 -5152.855071683721 4625.571095427041
1830.3004486353354 -4049.6472829831605 5315.019651836855
3271.5785334064904 -2586.610561605184 5532.205387601396
4422.162508398581 -893.7421406750825 5257.830396994092
5179.817938178931 878.5391915767892 4516.274102005205
5477.223812895463 2572.758461251323 3373.427033710699
5287.954315435433 4038.3768512791185 1930.8361694303082
4628.8268712436675 5145.167735945863 316.68203816105506
3558.407846269742 5794.78788807711 -1325.6106819350578
2171.8086683391557 5929.515706344904 -2850.1170755945377
592.2347594012565 5537.380032852875 -4121.378059554691
-1039.9618068888747 4653.223843049845 -5026.436516553694
-2579.7532028397054 3355.6082944553477 -5484.874030903565
-3890.3222056577683 1759.832223054043 -5455.956417634428
-4855.219008105348 7.687335737860189 -4942.253133588094
-5388.708294905083 -1745.1406050939297 -3989.40896990182
-5443.387201745657 -3342.90514473972 -2682.0883120068697
-5014.397267799844 -4643.637892177808 -1136.4523374393932
-4139.856131290058 -5531.76303462664 510.162414548492
-2350.3127632502437 -6158.471880192491 2132.681589933415
-865.4985599813069 -5890.54078588725 3542.812193826912
696.2189885198102 -5099.209292543476 4638.148386923631
2196.074424584256 -3854.790676045801 5321.364741663256
3500.7990107105065 -2267.8569915112116 5531.754486681564
4494.462241731716 -479.4142609543635 5250.623569853496
5088.772778952381 1351.6265305631166 4502.951706861925
5230.923523051608 3062.5693733247313 3355.1728238375854
4908.283756597918 4501.389487402102 1909.2721114818664
4149.521438722011 5540.241391501409 293.72419331831446
3022.0559311407487 6086.818535016922 -1347.9224084089628
1626.0674920036288 6092.555140133003 -2869.800188889029
85.59582032232365 5556.941484310413 -4136.68362867562
-1462.4814156256882 4527.569191370804 -5036.004574517279
-2880.6107598013705 3095.9025068677684 -5487.854413771014
-4042.785196616607 1389.1512984851438 -5452.084305308771
-4845.740427241836 -441.0320989579431 -4931.872580241953
-5218.130355725019 -2232.0278589711224 -3973.4423332543065
-5126.866502714146 -3824.6981486217924 -2661.954297792546
-4580.0580620540495 -5077.527223356058 -1113.9399411778804
-3626.2913633266953 -5879.1957219339265 533.0528676553557
-1785.213244962184 -6338.2090644777345 2153.8793543844145
-328.0647170331937 -5934.197183812816 3560.4429602685013
1158.2338006925213 -5002.905841570704 4650.645584386176
2541.6181624013493 -3627.084360414402 5327.617939309124
3699.1685966732525 -1928.9805166377087 5531.2080604582325
4528.031667596725 -59.47828876619682 5243.326072128857
4954.559253914551 1815.3088460783677 4489.551552333359
4940.852507796904 3528.797823597216 3336.8606750405615
4488.129333787407 4928.737628615257 1887.6750831985423
3636.6161726397204 5890.737465922016 270.761276288661
2461.9737055257774 6329.319428306021 -1370.2108582357594
1068.5740704822294 6205.513583724217 -2889.433744934607
-419.7730600837433 5530.320624780697 -4151.917763324887
-1870.8215121175392 4363.734408913091 -5045.485668052751
-3155.639262834705 2809.4112408805345 -5490.740029424968
-4160.064616754213 1005.4595551975542 -5448.11804346704
-4794.849973332227 -887.831624351306 -4921.406860674824
-5003.59186792714 -2702.2350678916205 -3957.4070810733792
-4767.742667155479 -4276.533067086524 -2641.774315523611
-4108.25860751299 -5470.842336014503 -1091.408308803976
-3083.737741797013 -6179.043254991464 555.9341157193937
-1206.797318361102 -6466.213598971524 2175.0399244914424
210.23079436581375 -5928.971930258337 3578.012243071369
1608.578978430709 -4864.915086676916 4663.062472006322
2863.997861129434 -3368.5891883160557 5333.779136790889
3864.937965419212 -1572.9493577631501 5530.566118367382
4522.461370480599 362.45392600157066 5235.938029837285
4778.144236279954 2265.651587838208 4476.0738698205605
4609.268018145228 3967.536163447182 3318.4909035436476
4030.838109158762 5316.887739688214 1866.045457529404
3094.25054513185 6193.810507480411 247.79368360806254
1882.72524127511 6520.386030593255 -1392.4756465265264
503.9115375274528 6267.596640645095 -2909.0174046884945
-919.6769177088848 5457.903784280793 -4167.080200431286
-2261.5480428711085 4163.25222506689 -5054.879633435499
-3402.4706997841085 2498.6774355243447 -5493.53082803507
-4241.068903524573 612.0841905701221 -5444.057700600771
-4702.829523562545 -1328.8954208034893 -4910.856155614371
-4746.723102404544 -3151.7968422771837 -3941.303490264372
-4368.849502946664 -4694.647282881944 -2621.548713678887
-3602.7844527717125 -5820.357710282375 -1068.8578294059907
-2516.5961934088473 -6428.903812905103 578.8057636149397
-619.7904634444559 -6541.544534229441 2196.162934842445
744.955120032596 -5875.06224860731 3595.519738839714
2043.508171913076 -4686.554899910381 4675.398835362609
3160.4865549311608 -3081.6265817489957 5339.848227713679
3996.6418379768047 -1202.88221830372 5529.828671494414
4477.677954744392 782.7435089995149 5228.459570559455
4560.8527352668925 2698.819040514853 4462.518892063376
4238.775735288365 4375.092656708146 3300.063826565874
3540.06490966853 5662.620090575045 1844.3836079864109
2526.8037815056705 6446.998879395377 224.82181189320877
1289.0250486602793 6658.533525592843 -1414.7163888009725
-63.28921655182266 6278.428247548299 -2928.5508299695634
-1409.9799571331387 5340.457067280546 -4182.1706781617195
-2631.3877909280595 3927.9628403750894 -5064.186308445492
-3618.985271843906 2166.4518775212914 -5496.226761408314
-4285.020029701134 212.44215803227755 -5439.9033468261405
-4570.31195341875 -1760.4439794849875 -4900.220647255826
-4449.511603591444 -3576.906943843859 -3925.1318389127064
-3933.352621424993 -5075.546029244583 -2601.277841524862
-3067.6979976112516 -6123.200576280073 -1046.2888923977268
-1929.4649443388328 -6626.781880889937 601.6674163821124
-28.979637676171542 -6563.691655134103 2217.248020673975
1271.7177647696842 -5773.06621599611 3612.9651452447074
2459.4174629743056 -4469.478508883034 4687.654461424102
3428.5871266178824 -2768.758022272332 5345.825107273179
4093.1117779546735 -822.0212348883003 5528.995732573955
4393.945485495017 1197.755746596346 5220.890823437409
4304.357854136963 3111.1068737313985 4448.886853136439
3832.3091380755236 4748.02250226776 3281.5797623159183
3019.7429372844244 5963.055495124077 1822.6899086380356
1938.8593245919915 6648.2448388006 201.84605783474095
685.6995523655594 6742.708453207755 -1436.9327009940023
-628.3876342314546 6238.052831658737 -2948.0336834641107
-1886.639821893317 5179.118840772874 -4197.18893592573
-2977.2557819974563 3659.9974126956745 -5073.405532370071
-3803.3295003993317 1815.669152866356 -5498.827782989872
-4291.460702054118 -189.9892791279557 -5435.655053882759
-4398.276787566302 -2178.766329917559 -4889.500519258851
-4114.286678983444 -3973.9504309354343 -3908.892406279177
-3464.7241437232096 -5416.031596770445 -2580.96204910983
-2507.305663601701 -6376.874587369225 -1023.7018875116792
-1327.1020721395084 -6771.104286427057 624.5186792336249
560.8259059091038 -6532.578921052846 2238.2948178773977
1786.2067405308742 -5623.976747644827 3630.3481610297304
2852.8752676173062 -4215.659559793117 4699.829138554075
3666.0533075390417 -2432.7625199365225 5351.709672257429
4153.486422875977 -433.70385418110936 5528.067315989642
4271.864042265441 1603.8913022963275 5213.23191917234
4010.6677947330463 3498.9736780036874 4435.177988445117
3393.1061131128977 5083.156887427348 3263.0390299865194
2474.0520629417497 6215.679300336499 1800.964734102696
1335.1676297795877 6795.911330351419 178.8668181903035
77.64769342485948 6772.296815298965 -1459.1241994624206
-1186.7715812419563 6146.934008472131 -2967.4656287318244
-2345.740992854113 4975.389139616967 -4212.134714379977
-3296.2810231363887 3361.7591115712316 -5082.537146006735
-3953.932019021997 1449.422033625492 -5501.33384786391
-4260.2588034726205 -591.7025526916474 -5431.312895132428
-4188.042897396886 -2580.251770558296 -4878.695956744368
-3743.701000963891 -4339.534295362452 -3892.585472794993
-2966.7148416340224 -5713.230154291036 -2560.601687257817
-1926.123049411313 -6579.280441913308 -1001.0972047923411
-714.3867715966655 -6860.732789574913 647.3591575616065
1144.8339214024513 -6448.564348909064 2259.3029630053734
2284.2239759725508 -5429.172330289491 3647.668486015512
3220.650706125672 -3927.3745245933583 4711.922656513673
3870.908487446697 -2076.612257387883 5357.501821048602
4177.219062455984 -41.33387805067311 5527.04343777387
4112.3653923421325 1997.6171977420397 5205.482990022303
3682.110010300409 3859.071219116692 4421.392534721417
2924.6829951698637 5377.629827417729 3244.4419497489807
1907.3850611585488 6418.362426212909 1779.208459542359
720.6075940418357 6888.7953569194915 155.8844897776925
-530.1990201398494 6747.1285891832895 -1481.2905009915578
-1733.895124642031 6005.949837012026 -2986.846330211412
-2783.5270382463336 4731.11608514551 -4227.007755432745
-3585.830359195239 3035.90190695286 -5091.580991665879
-4069.5169165723173 1070.9345214913244 -5503.744912754356
-4191.6090371310975 -989.1900959234151 -5426.876945557869
-3941.258300167499 -2961.420832326128 -4867.807146291355
-3340.7094673068386 -4670.51633179542 -3876.21132005703
-2443.3239378139515 -5964.615958961332 -2540.197107562458
-1328.8383540958016 -6728.733282887531 -978.4752345895638
-96.2796511051801 -6894.973126069531 670.1884569444461
1718.3082712260039 -6312.436345335569 2280.2720932779885
2761.7196958202867 -5190.404588832429 3664.9258211054057
3559.7402058336675 -3607.1826068961636 4723.934806465541
4041.462176896139 -1703.4466204770335 5363.201453624771
4164.082497876749 351.64807362384204 5525.9241156075195
3916.705815145949 2375.4972932011033 5197.644169799977
3321.312632559073 4188.273153579257 4407.530730019967
2430.806247228904 5628.902564327902 3225.788842747657
1324.3120594149302 6569.379280203977 1757.4214606560422
100.14693347420179 6926.137817787801 132.89946946810147
-1132.9166869933035 6667.478615405999 -1503.431222801816
-2265.31568809846 5816.3846782974015 -3006.175453226538
-3196.431449141919 4448.479437738314 -4241.807802248407
-3843.5302486207274 2685.3072773057393 -5100.536913173543
-4149.114518454909 683.5337810076568 -5506.060936025648
-4086.0317552352153 -1378.9746913715448 -5422.3472817614465
-3659.887139307861 -3318.9552108916314 -4856.834275933632
-2908.545489902823 -4964.031994928976 -3859.7702308229377
-1898.766809778287 -6168.032751921249 -2519.74866238098
-720.2743660040501 -6823.97673093943 -955.8363675515967
522.2176160616334 -6873.580430885014 693.0061831535477
2276.6075056495956 -6125.406523222326 2301.2018465890537
3214.8254876276183 -4909.782796407577 3682.1198682904933
3867.392117000651 -3257.90332190509 4735.865380977437
4176.323985007407 -1316.5448401781155 5368.808471561618
4114.171139450321 741.7944281605701 5524.709368819643
3686.4561334104033 2734.22200624597 5189.715593870308
2931.1833221706975 4483.701960140754 4393.592813713838
1915.4620094699924 5834.785318475067 3207.080031094414
729.5434913612902 6667.4223957292625 1735.6041136733334
-521.1981675037462 6907.629733621657 109.91215417916978
-1725.6290819455728 6534.063856047974 -1525.5459825553348
-2776.730279658053 5579.917730597484 -3025.45266399154
-3581.106806542795 4129.971427717746 -4256.534599251775
-4067.286278237819 2313.059039404233 -5109.404755874042
-4192.069515119576 290.6212047472457 -5508.281877683453
-3944.3689789888995 -1757.6395993217009 -5417.723981963816
-3346.1939494969097 -3649.7264117165487 -4845.777535156611
-2450.694903061821 -5217.519015869872 -3843.262489006267
-1337.440859792267 -6321.712158758057 -2499.2567048281026
-105.34932686762714 -6864.193433963733 -933.1809946185601
1136.1029560671182 -6796.760999545001 715.8119421601979
2815.2226051440853 -5889.099066788012 2322.091861512346
3639.8857849784745 -4589.755463172515 3699.2503306547464
4141.129139441857 -2882.5919448440404 4747.7141740257875
4274.414996819928 -919.2974821697921 5374.322778034152
4027.900323769293 1125.6805960658298 5523.39921838714
3423.4890308023323 3070.6370133730375 5181.697399148197
2514.8857137144305 4742.753856773471 4379.579026490445
1382.823764568803 5993.456206767119 3188.315837862998
127.89185551914119 6711.613670940128 1713.7567953478724
-1138.4038061376034 6833.414807018655 86.9229408682119
-2303.547293816183 6348.037049546617 -1547.6343983626057
-3264.010495488394 5298.6083423206255 -3044.6776296172047
-3934.452040762335 3778.375031319733 -4271.187892132617
-4255.300256156155 1922.416517660348 -5118.18436663272
-4198.0463697129035 -104.35713997909322 -5510.407699375361
-3767.7776404976125 -2121.8582077676033 -5413.0071260026125
-3002.7253333042713 -3950.822862174605 -4834.637114894021
-1970.867703003748 -5428.73956737685 -3826.6883796715556
-763.8898282809049 -6424.288938386439 -2478.7215887699394
510.96300996000826 -6849.012044692754 -910.5095070155688
1740.414542441724 -6665.170374433817 738.6053401422746
3329.8135774088223 -5605.536737557676 2342.9417773078912
4033.4875098853922 -4233.089163083547 3716.316912380151
4378.768376440257 -2484.513039863615 4759.480980999291
4334.976456839885 -515.1770299459089 5379.744277818379
3906.002855318446 1499.934719899644 5521.993686934392
3129.9637588907585 3381.7706875270233 5173.589724096123
2075.813646865933 4963.121488911366 4365.489610347382
837.2183827588867 6103.477165706066 3169.496587083634
-475.76740872859983 6701.51211165938 1691.879882950875
-1746.479178079696 6704.088297390268 63.932226525323344
-2862.008608160779 6110.9768174911105 -1569.6960887889645
-3723.236013688858 4974.878229777824 -3063.8500181165077
-4253.637560248566 3396.739879455229 -4285.767427850077
-4406.084742799206 1516.786284495651 -5126.875593838561
-4167.031960167726 -497.9404281483782 -5512.438364391542
-3557.720101156791 -2468.422948575824 -5408.19679533102
-2632.2891983605587 -4219.575257526645 -4823.41320752461
-1472.9678486791 -5595.799787545205 -3810.0481890294072
-182.766841629596 -6474.812949677453 -2458.1436688178883
1123.6738013577933 -6778.510566982252 -887.8222962460645
2330.271095933272 -6479.907773407016 761.385983491178
3816.244610747466 -5277.123641085508 2363.7512339281607
4392.487632945948 -3842.8447804863144 3733.3193187518214
4578.438852842701 -2067.112297094349 4771.165598702408
4357.575688516412 -107.7078147326697 5385.072877292915
3749.5228013594933 1861.2669796360058 5520.492798732871
2808.308358792002 3664.8600348283835 5165.392708721791
1617.5633944875988 5142.8141929529 4351.324808588244
283.0908240229255 6163.806741165208 3150.6226037372217
-1076.535608479792 6637.118011004626 1669.9737542645942
-2340.507127870384 6520.692219053638 40.94040816643666
-3396.5143178033395 5824.874307853249 -1591.7306728613366
-4150.726305241884 4611.490752360235 -3082.9694984103653
-4536.128045297321 2988.356006326145 -4300.272954636848
-4518.4749020580375 1099.6927149457013 -5135.478287406785
-4099.335434770393 -886.6831000796994 -5514.373837665384
-3315.952024466158 -2794.2732305183026 -5403.293073016414
-2237.931724972315 -4453.579921959282 -4812.106006868838
-961.0613707130648 -5717.166493120599 -3793.3422044315766
401.20350388238086 -6472.757731996225 -2437.52330032251
1727.819686505316 -6653.216041154549 -865.1197540849565
2900.9115075704485 -6242.506907898593 784.1534788185568
4270.617497744396 -4906.624900697035 2384.5198720242956
4714.038427604045 -3422.3513793776465 3750.257256163084
4738.596355954174 -1633.9869192588947 4782.76782535889
4342.109203090175 299.564449269511 5390.308484440666
3559.8065924992306 2206.4982018633764 5518.896579700717
2461.1995442107946 3917.3749061638237 5157.106494575627
1143.9041156229537 5280.175658934964 4337.084865818418
-275.0322135785215 6173.809632740525 3131.694213749798
-1669.5307236445597 6518.873527359775 1648.038787575814
-2915.684102299878 6284.706901467828 17.94788282661797
-3902.7661531969193 5492.116487398494 -1613.7377700747106
-4543.070304375245 4211.527421667586 -3102.0357403333314
-4779.702722074183 2556.7256625378022 -4314.704222003734
-4591.637577536914 674.7476082858108 -5143.992298781472
-3995.5852841658757 -1267.1847320434895 -5516.214085774095
-3044.50770395948 -3096.5221479821384 -5398.2960437388965
-1822.9122536542975 -4650.719982208934 -4800.71570818551
-439.3430498932527 -5791.680936668 -3776.5707143659483
983.2637118760052 -6418.025623530943 -2416.860839367386
2318.5031778633725 -6474.100568701623 -842.4022725719104
3447.7334619139624 -5954.92326722077 806.9074329630583
4689.303057808754 -4497.143409722533 2405.247332952315
4995.61021447002 -2975.177917492253 3767.1304321205603
4858.035480701279 -1188.854810939525 4794.287460615289
4288.802975334679 703.1032627685353 5395.451008850345
3338.4915045077305 2532.5875260617904 5517.205057402297
2091.540412776609 4137.040273587161 5148.731224748451
658.7467767963761 5373.8988377020905 4322.770027940887
-832.5794011648472 6133.262907120586 3112.711743986952
-2249.927245618031 6347.659651860462 1626.0753616692996
-3467.3591806549803 5998.038980286974 -5.04495244687913
-4376.701036235583 5115.466223354479 -1635.7170003987235
-4897.153797910519 3778.361843623174 -3121.048414639323
-4982.472953835639 2105.533433018073 -4329.060980743868
-4625.0775225900425 245.61913690807103 -5152.417480938093
-3856.7236566439246 -1636.1194973980455 -5517.959076939284
-2745.682968851989 -3372.481734368207 -5393.205793789859
-1390.6763000463147 -4809.184169347419 -4789.242508168409
87.89806090090589 -5818.569486123009 -3759.7340084516154
1558.6622934027785 -6310.949369684947 -2396.1566427629746
2890.9325410590177 -6242.573706605238 -819.6702440045984
3966.330745793668 -5619.517974610158 829.6474529972105
5068.970303981585 -4052.0938574471375 2425.933258779305
5235.011412917222 -2505.103044783737 3783.938555249179
4935.898784345959 -735.5228331276329 4805.724305544331
4198.2098879505365 1099.4118100405803 5400.500361718088
3087.4916194700572 2836.658889197464 5515.418261047727
1702.4361713658545 4321.856377576659 5140.267043868897
166.11179841772454 5423.037960653834 4308.380542151945
-1384.9723367894394 6042.358822316816 3093.675522248204
-2812.9956020218838 6124.789586162011 1604.0838558212838
-3991.07186338681 5663.005917080316 -28.037700601415356
-4814.523875159419 4698.039320573902 -1657.6679842842457
-5210.184312434088 3315.631313428535 -3140.0071930072786
-5142.897009031733 1638.6149136766312 -4343.3429829370525
-4618.6407371451205 -183.9996120985091 -5160.7536883861
-3683.9979671921446 -1990.2649648696818 -5519.60878102751
-2422.0158108953387 -3619.686541378272 -5388.022411070462
-944.8269209591558 -4927.483083952655 -4777.686604942902
616.3139872088801 -5797.451130614484 -3742.832377433846
2122.6926929640194 -6152.290202625983 -2375.4110680404488
3440.4608376658707 -5960.471291253309 -796.9240609318681
4452.5289387274115 -5239.038348555331 852.3731462341675
5406.613118302613 -3575.1742461187064 2446.577292289617
5430.405739913915 -2016.0832412607772 3800.6813352972667
4971.68298059078 -277.85439298121247 4817.078162648451
4071.2043705707806 1485.0630374585878 5405.456455848961
2808.981386039441 3116.026099928436 5513.536221492363
1297.168078346724 4470.116568964328 5131.714098100985
-329.90430563544055 5427.017564064278 4293.916656936949
-1927.6632443007145 5901.704232522818 3074.585877261173
-3354.140844299036 5851.998580719262 1582.0646497928758
-4482.588310876751 5282.317173946017 -51.02996458589923
-5212.738134518267 4243.278705200568 -1679.5903426698953
-5479.713299183315 2827.2063021761624 -3158.9117480468562
-5259.791889890191 1159.9242122128778 -4357.5499819539955
-4572.514888963812 -610.42223424904 -5169.00077717137
-3478.949874001903 -2326.5299864041117 -5521.163169550796
-2076.2648956148796 -3835.91533945848 -5382.74598509014
-489.0946697140387 -5004.462780964776 -4766.048198062539
1141.5337639474833 -5728.341742659157 -3725.8661131790686
2670.7319131438767 -5943.2324021045915 -2354.6244734454995
3962.62381154346 -5630.040781177225 -774.1641161470138
4902.41919459926 -4816.595329815222 875.0841202344425
5699.57422084801 -3070.335136652397 2467.179076990981
5580.326420075447 -1512.2195623833968 3817.3584831415133
4965.242128020024 180.26335626964573 4828.348835863161
3908.974283283863 1856.7290846453684 5410.319205658473
2505.376919226822 3368.2162857289945 5511.558971236274
879.1658212309592 4580.422688651888 5123.072535141569
-825.1630181369186 5385.638434834166 4279.378622066026
-2456.1725021750935 5712.316571596448 3055.44313867614
-3868.9402806595 5531.430312884006 1560.0181238235357
-4937.9357366425575 4859.052196589706 -74.0213473575841
-5568.173932650856 3754.9259690290787 -1701.48369698863
-5703.6554392143025 2317.1580908989968 -3177.76175330404
-5332.342129923924 673.5005477117359 -4371.6817324606245
-4487.2268217918145 -1030.0004747481453 -5177.158604878769
-3243.4017186729207 -2641.981434944052 -5522.622215667126
-1711.386139415927 -4019.2107505006193 -5377.376606965041
-27.30639137747966 -5039.315552859325 -4754.3274885055625
1659.1996493669853 -5611.655053674433 -3708.8355086698357
3198.278519987477 -5685.374376627985 -2333.7972179322314
4453.176308692968 -5253.923236363632 -751.39080268095
5312.389839928738 -4355.637960086007 897.7799828127623
5945.566240105847 -2541.7468789852064 2487.7382571207418
5683.687296031472 -997.7232712128398 3833.969710791982
4916.787793253807 634.9524276432895 4839.53613056043
3713.0101180777333 2211.2098168604225 5415.088527174051
2179.315199633916 3590.991510115079 5509.486544423678
451.9785619353955 4651.697848889331 5114.342504217795
-1315.5183544663187 5299.080420149982 4264.7666885897615
-2966.12569201651 5475.616441448916 3036.247637060167
-4353.179745202836 5165.619912578139 1537.944658624475
-5353.43467441321 4396.635385525197 -97.01145188894056
-5878.013439640866 3236.990510151744 -1723.3476691742924
-5880.304915519325 1789.7248226524264 -3196.5568832668328
-5360.105494360799 183.4342305824053 -4385.737990422293
-4363.63717759281 -1439.1552978626885 -5185.227030634549
-2979.4405480893365 -2933.8695624637107 -5523.98589418091
-1330.5075508286386 -4167.896641365318 -5371.914369416478
436.646881159387 -5031.587813168459 -4742.524678671475
2165.003321563118 -5448.200327012159 -3691.7408579997636
3700.9897158854064 -5380.716332767499 -2312.929661156841
4908.126932425404 -4835.132079471745 -728.6045137955098
5679.155532059133 -3859.9251222872754 920.4603420448109
6142.689716463058 -1993.7650992174338 2508.2544776519503
5739.790754185127 -476.8806451560584 3850.514731397093
4826.886194740979 1082.3767469837157 4850.639853552051
3485.091614452954 2545.4602152218185 5419.764338036493
1833.6313501481334 3782.368372769313 5507.3189768423545
19.24489362400323 4683.196501746048 5105.524156084519
-1796.851556153428 5167.902069673305 4250.081108834858
-3453.2898598134734 5193.416859745404 3016.999703891466
-4802.8882049161475 4757.473770894618 1515.8446353721872
-5725.728855884287 3898.8082596700856 -119.9998811745125
-6139.813371059894 2693.716524935597 -1745.181881668093
-6008.348524089641 1249.2762557803749 -3215.296813370853
-5343.01554355081 -306.16769105952903 -4399.718513108
-4202.932184530003 -1834.4072949539764 -5193.205915108802
-2689.399856649584 -3199.651760527971 -5525.254181543417
-936.902549268973 -4280.5931257385755 -5366.359366769292
898.8426611432906 -4981.185006653776 -4730.639972377525
2654.721756606917 -5239.176740157437 -3674.582456368442
4174.717173941496 -5031.644628549684 -2292.022163471505
5323.77064992681 -4377.028810686528 -705.805642976527
5999.783740683435 -3333.494774719309 943.1248062739684
6289.447896036694 -1430.894729598546 2528.7273842995146
5748.332407578341 45.982748616573254 3866.993259248563
4696.452358565363 1518.774457825162 4861.659813092982
3227.271907452171 2856.6163914240233 5424.34655750139
1471.33418471235 3940.635422590321 5505.05630592302
-415.33803718288834 4674.5117032657545 5096.617643021705
-2265.105651793477 4993.037105349295 4235.322136399772
-3913.6086889897683 4867.909249040121 2997.6996715536734
-5214.370419580486 4310.246293485848 1493.7184357016847
-6051.812455503787 3369.599039551056 -142.98623823777294
-6351.524396814053 2129.548123710327 -1766.9859574250365
-6086.875522261672 700.2775117099169 -3233.981220004937
-5281.381045743071 -791.2158303231747 -4413.623059094579
-4006.612686351251 -2212.406173638538 -5201.095120517876
-2375.839207046921 -3437.014519441571 -5526.42705585318
-533.9619879978314 -4356.229042102431 -5360.711694950242
1355.3600969384045 -4888.373497376195 -4718.6735748551955
3124.2524893618797 -4986.16451513434 -3657.3606000763425
4615.541337549311 -4640.912934300235 -2271.0750859180876
5696.719082925961 -3883.295872942592 -682.9945839271388
6271.7183381447085 -2780.630931710737 965.7729841181147
6384.758198680945 -857.7528789622843 2549.1566235262844
5709.402504646835 566.5380112212945 3883.4050097863114
4526.741342774637 1940.4895128967614 4872.595818884646
2941.8593473197434 3142.0200056533695 5428.835106440517
1095.580238718384 4064.368232379996 5502.698570738691
-848.0459819677968 4625.5795054734535 5087.6231188318
-2716.3195955676506 4775.787740484277 4220.490026150382
-4343.236292729115 4501.646276553769 2978.3478733300785
-5584.237385303044 3827.513785802165 1471.566441700051
-6329.054480170677 2813.2898984144467 -165.97012613799384
-6511.507309877034 1549.092857633228 -1788.759519920784
-6115.384139821648 147.25211836927426 -3252.60978051674
-5175.882252021849 -1267.6726178170654 -4427.451388270867
-3776.4805121447553 -2569.9590788207183 -5208.894510626743
-2041.521905951854 -3643.8933975914842 -5527.504496856375
-125.16511934377304 -4394.051797023472 -5354.971451486367
1802.3131373960375 -4753.779411311206 -4706.625692746651
3569.647962557303 -4691.112863286607 -3640.075586519736
5019.803901103274 -4211.620350749273 -2250.0887902219497
6023.928233989653 -3357.906887656367 -660.1717305609039
6492.800107712399 -2205.8286616635583 988.4044844763574
6427.960271519358 -279.0308502964613 2569.541842549208
5623.484059923875 1080.488804423499 3899.7496996034392
4319.336611350823 2344.0022872234235 4883.4476820782365
2631.3971497627385 3399.240880318932 5433.229907343207
709.6465037220659 4152.442003875192 5500.245812004004
-1275.1593484067103 4536.68043269556 5078.5407388370695
-3146.661696484931 4517.8148961767665 4205.585034215508
-4738.569343933057 4097.521680028544 2958.944643397955
-5909.4343103036545 3313.1456809320803 1449.3890358998283
-6555.2201050784615 2234.3821485844464 -188.95114797704176
-6618.545826407433 957.0839569105412 -1810.502193157681
-6093.784706050141 -405.2553444286427 -3271.182173218265
-5027.56407242659 -1731.5859299815413 -4441.2032618418725
-3514.6223078663934 -2904.0575067159 -5216.6039507513415
-1689.3909275863239 -3818.490829732085 -5528.486485947176
285.95025037980315 -4393.634485355585 -5349.138735503264
2235.8834937276347 -4578.384435807869 -4694.496534101196
3987.1486766446765 -4356.324837229463 -3622.727714185522
5384.138202328079 -3747.1866594465505 -2229.063638785738
6302.723420833293 -2805.0945027140206 -637.3374769952029
6661.284004351317 -1613.7573894608652 1011.0189165358314
6418.820567560941 300.5443813238599 2589.8826893453806
5491.447730006527 1583.6068793514569 3916.027046451091
4076.1356628196095 2725.958956604333 4894.215215277964
2298.641054164447 3626.097617889067 5437.530884317675
316.90210042666905 4204.041592957059 5497.698072074511
-1692.9949956359912 4408.438023358167 5069.370659876924
-3552.4620567502375 4221.1253892722825 4190.607417982547
-5096.277274399269 3658.7472402458898 2939.4903168226633
-6187.265891573451 2771.273342775859 1427.1866012723265
-6728.488781912208 1637.559647267427 -211.92890690632015
-6671.855916491389 358.3415907871482 -1832.2136016716358
-6022.399373932869 -952.7166885907494 -3289.698077391484
-4837.826218136069 -2179.121909259031 -4454.878442332865
-3223.390972407208 -3211.9025853706576 -5224.223307760932
-1322.543293161675 -3959.2916215697664 -5529.373006168067
695.8181615669351 -4354.880222127305 -5343.2136477234
2652.3531190925855 -4363.518603871753 -4682.286308371638
4373.214862326923 -3984.4392086762064 -3605.317282646035
5705.497273506224 -3251.3249043662936 -2207.999994682999
6530.821213772064 -2229.3161140991465 -614.4922175440713
6775.853029157446 -1009.2228039016283 1033.6158897783803
6357.5334176256 876.2489132567582 2610.1788126581805
5314.543485104698 2071.766947270379 3932.236769243269
3799.3330414422776 3083.199396219547 4904.898232544276
1946.5351839493233 3820.676048416893 5441.737963092344
-79.22086686651664 4218.668866951737 5495.055394945954
-2097.9377960062066 4241.814443334526 5060.113040305204
-3930.2437453223797 3888.0561915309613 4175.5574360930095
-5413.3302902760615 3188.8270846563078 2919.9852295519577
-6415.418682930014 2206.25669737278 1404.9595212211054
-6847.468972004468 1027.6507205296102 -234.9030061335831
-6671.091593293683 -242.26653260348223 -1853.8933705383863
-5901.958450915492 -1490.6573411456143 -3308.1571732938332
-4608.410399855394 -2606.596703284964 -4468.476693593485
-2905.384861092221 -3490.9285094762104 -5231.752450080364
-944.2031273495392 -4065.075997913067 -5530.16404221014
1100.875197825333 -4278.02364464316 -5337.1962904643715
3048.135930562184 -4110.850116749164 -4669.995226410703
4724.556409344363 -3578.4095158134123 -3587.844592553959
5981.179317782022 -2728.0115258061137 -2186.898221652105
6706.348195861618 -1635.2177400495618 -591.6363467117146
6835.628606414602 -397.12768205475334 1056.1950139873518
6244.718592692166 1443.4005637472803 2630.429862003238
5094.389153027372 2540.9806042375694 3948.3785880618257
3491.4008807574955 3412.783367131657 4915.496549397107
1578.1863184719361 3981.345351102957 5445.85107101713
-475.257023966433 4196.147328782466 5492.317826253495
-2486.471694194299 4038.1032018104042 5050.768039987449
-4276.752442691692 3521.255884433469 4160.435348438054
-5687.024968436968 2691.5295289476912 2900.429718410131
-6591.980368638614 1622.6489632321172 1382.7081795752906
-6911.209384657345 409.5889162556909 -257.8730489297037
-6616.347117506442 -839.8649033814057 -1875.5411253800569
-5733.593373604003 -2014.6930406666534 -3326.559142163744
-4341.384696996762 -3010.5068599538804 -4481.99778080183
-2563.4249382084176 -3738.8239333424535 -5239.191247692377
-557.6936242551781 -4134.930092694968 -5530.859580413362
1497.591215611238 -4163.629567469698 -5331.086767637131
3419.808503899842 -3822.3722833873403 -4657.623500467394
5038.160799034496 -3141.4804477215403 -3570.3099456370605
6208.850397570442 -2181.454288115802 -2165.7586840897366
6827.856391191062 -1027.5963418565073 -568.7702591855966
6840.177380900109 217.56804890899585 1078.755899254338
