4534.480910062634 3152.359690736326 4183.322603476558
2789.0732804377662 3816.6721118796263 5064.894961892891
795.8442501995295 4141.856466692733 5496.429176019599
-1268.0990341739316 4099.018698202472 5439.581537174824
-3219.366154400092 3691.9651301296417 4899.4032075416635
-4884.57846385211 2956.864258322689 3923.891402241598
-6115.774541171363 1959.0330211786847 2599.7246261385603
-6803.557211873021 787.1331030281378 1044.560908299495
-6886.813967380701 -454.70704560317006 -603.4166302220024
-6358.1470796013 -1656.144477783647 -2197.7779530980265
-5264.530921530446 -2710.4262052427066 -3596.857060051592
-3703.1380880681963 -3523.8746698564637 -4676.339632672351
-1812.7051845272417 -4024.2114057842023 -5340.308907151715
238.79452958463813 -4166.979298347133 -5529.768299671013
2269.076301810371 -3939.4927937644675 -5227.883511776057
4097.740686942945 -3361.9650662764457 -4461.478331670875
5562.302829401782 -2485.7119889090964 -3298.651222921586
6532.629955704387 -1388.5924929597588 -1842.7244771232233
6922.504242468274 -168.09046027315642 -223.06357486928343
6697.283648379347 1067.347147461537 1416.4175049101486
5876.980011586717 2207.9462771684643 2930.043673532473
4219.770384704953 3544.9393733318984 4198.3353234380675
2418.932242138581 4049.8489813679325 5074.107486476325
403.16135454888456 4194.911734939902 5499.022931987225
-1648.4321886369144 3967.2381717955295 5435.326057926401
-3553.555297836849 3387.0580871491597 4888.67661108328
-5142.9294243033955 2505.923027599998 3907.6467937414673
-6275.331702046547 1402.125709986502 2579.405410350223
-6850.143219223282 173.74336991336466 1021.9725367151476
-6816.289450013646 -1070.076831036779 -626.2670816596544
-6176.778450376734 -2218.8160095944945 -2218.8601215011977
-4988.433579078099 -3170.403648586047 -3614.2977022400796
-3356.844492898155 -3840.2870103134915 -4688.58907105073
-1426.9850422548334 -4168.944018352608 -5346.278725364264
629.6682916135725 -4127.172055251613 -5528.928053171444
2630.3728345183154 -3718.682743245268 -5220.30786015322
4397.357207875075 -2979.7721503311423 -4447.840404816657
5773.617095827834 -1976.0957253454199 -3280.162810486042
6636.865767715021 -796.8345232094728 -1821.0283556863092
6910.399790735018 453.2289231643273 -200.0875400325567
6569.9144665582135 1663.0209907526266 1438.631931622821
5645.663410432977 2725.046345265114 2949.522642821225
3871.2444235401886 3906.5141173849534 4213.275544293371
2029.5414068023672 4247.44475058977 5083.232388650123
7.504729574387339 4210.971278100405 5501.52172787739
-2015.198775810205 3800.3345280087447 5430.976718552305
-3858.843026409929 3052.021377610117 4877.865594335075
-5359.612139859424 2032.522734235618 3891.3347059005882
-6384.15619441193 832.4255263451778 2559.0416520057465
-6841.439954682926 -441.6363426002737 999.3665171608889
-6690.831751815621 -1676.4568844165215 -649.1067183814346
-5945.713785567972 -2762.3168750425166 -2239.9039734376743
-4672.293057137437 -3602.73288909303 -3631.6759307972734
-2983.718586559868 -4123.030275614762 -4700.757544358228
-1030.02762573312 -4276.9783285277745 -5352.156221168242
1015.1858098418599 -4050.8980877408367 -5527.992330176745
2970.195531142744 -3464.877774784692 -5212.6420614542785
4661.29034501325 -2570.987866173249 -4434.125670268688
5938.209055993589 -1448.6544030578784 -3261.617754439704
6687.491832947654 -197.60163891569658 -1799.300787755011
6842.561612969796 1071.0088980046448 -177.10804997684716
6389.639765592526 2244.455594292155 1460.8215152676567
5368.970384570103 3218.472561395658 2968.9506781709897
3491.9250150856196 4234.187423908411 4228.143008046761
1624.2955221466343 4407.894285705748 5092.269510840581
-387.65975603858806 4189.940396492666 5503.92552053955
-2365.1697636829626 3599.6919158006317 5426.53359415926
-4132.5240584475405 2689.5950114019374 4866.970343987484
-5532.685455335956 1540.5157871468582 3874.955420404837
-6441.243469727532 254.5549747616254 2538.6337027574677
-6777.468734902442 -1054.0241642272877 976.7432400095895
-6511.486160549617 -2268.9486307157463 -671.9351459802452
-5666.929465645601 -3282.2670542480605 -2260.909145510933
-4318.841218808619 -4003.941646018714 -3648.9914456266138
-2587.004976757993 -4369.848451532094 -4712.844842463149
-625.3019896380556 -4347.47504536278 -5357.941293067902
1391.9618233537915 -3938.809402832991 -5526.961146845485
3285.543719816824 -3180.1632596811237 -5204.886248056351
4887.190638402995 -2138.9456549899887 -4420.334364860323
6054.589221684197 -907.6733422445911 -3243.0163750286015
6684.010982491584 404.2497302180861 -1777.5421485326428
6719.529035205529 1680.2534401301723 -154.12550152431444
6157.987444973997 2806.959258215907 1482.9858726630512
5049.28164637373 3684.2544280713546 2988.3274440880073
3085.0807097037864 4525.354736451357 4242.937457958862
1206.7141935882228 4529.954239143451 5101.218696989826
-778.874174205692 4132.047428310901 5506.234268463723
-2695.256153588415 3366.9900702814557 5421.996761473528
-4372.152795787988 2302.7608687149523 4855.9910481855295
-5660.5644752052885 1033.9212584634872 3858.509220100519
-6446.010160022539 -326.78679289115723 2518.1819150207702
-6658.699554272127 -1658.4584036171832 954.1030959321336
-6279.7342719029475 -2842.7687071570185 -694.7519702425742
-5342.787041315257 -3774.486535780949 -2281.8752749924056
-3931.1097356719415 -4370.824671639416 -3666.2439477144762
-2170.136078623267 -4578.7958543745735 -4724.8507566355365
-216.3363075035786 -4379.920931733907 -5363.633841163513
1756.6858939140532 -3791.8708133422583 -5525.8345209846875
3573.618844568337 -2866.8963328341733 -5197.040553890993
5073.020078314744 -1687.1855319864305 -4406.466726747259
6121.661215520954 -357.56089252993786 -3224.3589934713027
6626.36588926036 1003.8346013579645 -1755.7528137590473
6542.2888744112415 2276.03498565963 -131.14029154997647
5876.900782708853 3345.9996732704044 1505.1246210629813
4689.324266108481 4118.6576062334025 3007.6526059639027
2654.198626941404 4777.724281974881 4257.658638551185
780.4115564715112 4612.712766309046 5110.07979255851
-1162.7185055706038 4037.8414788000887 5508.447931781215
-3002.535925886656 3104.1902561242678 5417.366298839563
-4575.56485277578 1894.7181066772516 4844.927896525591
-5742.034762960161 516.8919386184854 3841.9963889894307
-6398.299685951003 -906.8623465294307 2497.6866419681196
-6486.0476033694085 -2250.037932488331 931.4464758906722
-5997.4817276773465 -3393.2877740168474 -717.5567971552423
-4976.013280966125 -4235.029105625809 -2302.801999827718
-3512.4042173664297 -4700.469516080823 -3683.433139135416
-1736.7026251216914 -4748.252582361336 -4736.775079550842
193.3126167590109 -4374.132569335802 -5369.233767153105
2106.151184302258 -3611.3516819601637 -5524.612472049533
3831.848976428 -2527.68634948655 -5189.105114441854
5217.070171205865 -1219.4249922922056 -4392.522995403293
6138.731786536735 197.18762682573583 -3205.6459319534806
6514.940143253083 1596.279259956557 -1733.9331597041444
6312.267477897486 2853.5344756840946 -108.1528169747453
5548.722146201123 3857.2406307173105 1527.2373781636823
4292.1485016487495 4518.214028489578 3026.925830081391
2202.954715512457 4989.335244914694 4272.30629561049
349.0652174307757 4655.5963985125745 5118.85264452849
-1535.8402570671005 3908.1873813543307 5510.566472265297
-3284.2795848006044 2813.5187645649244 5412.642286218682
-4740.896258601014 1468.8566586201882 4833.781080052096
-5776.263494744176 -6.319807414236207 3825.4172122239966
-6298.384370664476 -1480.9347308258662 2477.1482375228834
-6260.866155246692 -2823.962104428602 908.7737711318724
-5667.0425065766585 -3916.0680522992925 -740.3492329122278
-4569.677261790871 -4660.2141683415975 -2323.688958642975
-3066.276138596609 -4990.27980451372 -3700.5587230572555
-1290.4229243568209 -4876.93718057258 -4748.617605293433
600.090029639765 -4330.257286051267 -5374.740974334151
2437.282351051198 -3398.8150286431705 -5523.295021143016
4057.9114397342432 -2165.373140486081 -5181.080066742355
5317.977289145891 -739.5283462132686 -4378.5034116162515
6105.517518857964 752.0267869872512 -3186.877513622335
6350.55572339721 2176.7610399487944 -1712.0835631614257
6031.3191829578445 3408.080521952397 -85.16347475866155
5176.1734651043835 4336.577093465496 1549.3237621101634
3861.1020196133186 4879.749759469053 3046.146783620125
1735.1825185644175 5158.573129314911 4286.880176193192
-83.61526968113856 4658.374019832073 5127.537101405438
-1894.9834742759588 3744.257935749489 5512.589853331876
-3537.97408118338 2497.448102670238 5407.824805187664
-4866.600164834122 1028.7290457982629 4822.550791254256
-5762.807467116295 -531.3971012959526 3808.7719761023363
-6146.964036281154 -2044.3062839422403 2456.5670563532203
-5984.935875315078 -3375.569881969896 886.0853731801659
-5291.11989736876 -4406.899282540112 -763.1288839215885
-4127.164696844026 -5046.656342497657 -2344.5357907509288
-2596.492801240725 -5237.995839537715 -3717.620403746225
-835.1111257261997 -4963.916419668708 -4760.378129360239
1000.4738381338941 -4248.771242123728 -5380.15536760525
2747.16231096866 -3156.104094290575 -5521.882191015591
4249.75335675063 -1783.0032473450203 -5172.96554937334
5374.735167049904 -251.47473729195596 -4364.408217483849
6022.148171119989 1302.3984067481854 -3168.0540625809294
6134.4668824241035 2740.5477368674756 -1690.2044014414396
5701.711290560333 3935.187373870449 -62.172661894022106
4762.333628982413 4780.168343419676 1571.3833915028981
3399.8017253124935 5200.410378232815 3065.31513466237
1254.8407087822527 5284.18218773238 4301.380028629678
-513.9201244252683 4621.157920312449 5136.1330132215035
-2237.016899276301 3547.523492055243 5514.518040040124
-3761.344905639662 2158.676033478508 5402.9139389373595
-4951.4609107467 578.0207361334634 4811.237224062719
-5701.617884805582 -1053.9942402192512 3792.060968063318
-5945.161088661528 -2592.357202950959 2435.943453866019
-5660.45063988018 -3900.377851828268 863.3816738309484
-4872.784311266997 -4861.832812044346 -785.8953568120536
-3652.1497127359894 -5391.2925911084185 -2365.342136157359
-2107.0055850333742 -5441.712364154659 -3734.6178865720713
-374.64476465880875 -5008.612113084378 -4772.056448664218
1391.0048871571275 -4130.474695834336 -5385.4768534677405
3033.0576504247765 -2885.326475569754 -5520.374006064763
4405.609931097916 -1383.8043359041153 -5164.761702460622
5386.704435692263 240.674891731906 -4350.237656409438
5889.166612012294 1843.769099053178 -3149.175903882765
5868.350490673033 3283.0363306761487 -1668.2960523652878
5326.105675405519 4430.591376950919 -39.1807753985051
4310.6129976484435 5184.46893605359 1593.4158854044356
2912.1034382367516 5477.683678520712 3084.4305521987426
765.9796675644988 5365.274820390745 4315.805602528733
-938.1709869401744 4544.401922757852 5144.6402315378655
-2558.9610321596742 3319.7389715085515 5516.350999093078
-3952.376159856254 1800.1026442062023 5397.909772271239
-4994.605321032515 120.51929734578734 4799.840573846232
-5593.041880970601 -1569.7727179740164 3775.2844766815756
-5694.51212512443 -3120.5835384677353 2415.277786200708
-5289.999977006097 -4394.116817113296 840.6630651439214
-4415.44811614825 -5277.213533294291 -808.6482584399823
-3148.5643132957184 -5691.40666837195 -2386.1076355670793
-1601.9167539599637 -5599.893344637979 -3751.550878013145
87.0681388610371 -5010.804922505743 -4783.652361537892
1768.3166454519837 -3976.4844934536623 -5390.705340027368
3292.4424579647593 -2588.8359666434303 -5518.770492334675
4524.020309441588 -971.1580032774531 -5156.46866767265
5353.6191030884265 732.81161053645 -4335.9919730978745
5707.52534545539 2371.667696863403 -3130.243363525993
5554.292913816212 3799.7907004317894 -1646.3588942580764
4907.537182171486 4890.285625159963 -16.188212308340976
3824.72523551862 5546.257211427693 1615.4208633458018
2402.0696671596957 5709.419505111192 3103.4927061339677
272.7073898749335 5401.337873599267 4330.156648781808
-1352.7522227415338 4428.896605219876 5153.058609447332
-2858.013863912044 3062.9284375740913 5518.088698838217
-4109.328431086724 1424.8056368097843 5392.812391603935
-4995.5111336685595 -339.917397441627 4788.361037408262
-5437.820749584419 -2074.43727922744 3758.4427916625477
-5396.956128416392 -3624.634305235796 2394.5704102231216
-4876.548271086698 -4852.766666778324 817.9299394361855
-3922.8376994913438 -5649.709413961843 -831.3871958960757
-2620.565783206503 -5944.650686373455 -2406.831930390336
-1085.445096920225 -5711.383657630936 -3768.4190856614764
546.1221496247584 -4970.635126913553 -4795.165667736816
2129.164046557999 -3788.2238518969352 -5395.840736995809
3523.0203742720523 -2269.212263292708 -5517.071677515669
4603.840881211756 -548.5712068209485 -5148.08658821799
5275.589922232869 1220.8128087419564 -4321.6714135512575
5478.579647118545 2881.722248799366 -3111.2567684478768
5194.773528006953 4286.578020821166 -1624.3933059424508
4449.388984043799 5310.552524355196 6.804630328570777
3308.6567030264114 5862.661131124362 1637.3979453332583
1873.9357541443514 5893.846568528521 3122.501267292549
-220.84499862796733 5392.235792528011 4344.432919567338
-1754.1416196730092 4275.761665898768 5161.3880015768145
-3131.575059886374 2779.367351383431 5519.731109268011
-4230.754313338053 1036.0140506449402 5387.6218849597535
-4954.01247969015 -799.3936449661353 4776.798812983603
-5237.084896896094 -2563.771707140759 3741.536203837529
-5054.819338444289 -4100.347402209074 2373.821683519321
-4423.410899062416 -5272.589236512919 795.1826892755487
-3398.9629894798404 -5976.3383787758485 -854.111776512126
-2072.502302178599 -6149.063629355542 -2427.5146627488843
-561.8906903022212 -5775.4175917457205 -3785.22221822779
998.6473752241823 -4888.600356106647 -4806.596168443047
2470.451238970091 -3567.4095255581938 -5400.882955692278
3722.7446687368215 -1929.2387033450377 -5515.277590943786
4644.255897690379 -119.64655601509547 -5139.615608842885
5153.104609152842 1700.5767128770672 -4307.27622506469
5204.077362064971 3369.6962779721134 -3092.2164465191217
4792.6450036402775 4739.403541100796 -1602.3996667319548
3955.365104465964 5687.994001072798 29.797355459459073
2766.633657925999 6131.181232698938 1659.346751854743
1332.074669707481 6029.586105554117 3141.4559074244544
-710.5578229881676 5338.210609829664 4358.634168355023
-2138.9402171809984 4086.43550135176 5169.628264089909
-3377.2683864927526 2471.562665551935 5521.278202020436
-4315.5114387664335 637.0806406436953 5382.338341971141
-4870.302361395691 -1254.008794968063 4765.15410023494
-4992.345546245062 -3033.674046019965 3724.565005158524
-4670.796920762985 -4543.784045023705 2353.0319643894745
-3934.227491416446 -5650.158891559245 772.4217074737278
-2848.0846843845507 -6254.492325265865 -876.8216078679354
-1508.8770545313728 -6303.0866684851135 -2448.1554754822096
-35.59907678515197 -5791.624100569216 -3801.95998554659
1440.8420351574064 -4765.550315193997 -4817.9436662685675
2789.258009245085 -3316.0364710407143 -5405.831909045041
3889.836168754191 -1571.878234249078 -5513.388263600277
4644.785314404619 311.94828172959785 -5131.055875828746
4987.024901565574 2168.0568239140935 -4292.806656222009
4886.1454410241195 3831.5240029331762 -3073.122726538221
4351.110515551578 5154.543459925513 -1580.3783564245473
3429.4603262382843 6019.559110162068 52.78956603363111
2203.087536999975 6349.710517060665 1681.2669038865104
780.9607520088072 6115.662279272791 3160.3562992107913
-1192.357249510856 5239.878778097523 4372.760149910085
-2503.9010159351806 3862.6620924392178 5177.779254689352
-3592.9621889050336 2142.2309288543024 5522.729950379463
-4362.772903935821 231.45314621507188 5376.96185387716
-4744.93210073836 -1699.8902641807417 4753.427100249434
-4705.483257598744 -3480.1909647585594 3707.529488693294
-4247.931577348321 -4951.261425551078 2332.2016118415813
-3412.9325347098306 -5982.39058043049 749.6473870795645
-2274.6794589546 -6481.958078950028 -899.5162977978973
-934.3111310049059 -6405.575156550337 -2468.754012153704
489.07484109144684 -5760.028771087588 -3818.6320985811317
1869.0043672872541 -4602.678551843777 -4829.207965258693
3082.8646534589984 -3036.36014474653 -5410.687511592915
4022.798886242232 -1200.2478139414975 -5511.403728111059
4605.289784220691 742.5118023329861 -5122.407536989645
4778.5804748898045 2619.2959865108014 -4278.262956891488
4527.27331990995 4263.344227696038 -3053.9759382257707
3873.6980628443666 5528.575624872503 -1558.3297552960262
2875.927733451106 6302.568816024525 75.78086500926257
1622.6186041397448 6516.551109505075 1703.1580228996133
225.13269110609542 6151.509239492581 3179.2021162694723
-1662.249198369114 5098.224880527133 4386.810620297496
-2845.95632579205 3606.475315135333 5185.840832619458
-3776.787744394737 1794.274591237512 5524.086329275525
-4372.03499774792 -177.3553041361033 5371.492513521889
-4578.8077551916285 -2133.226402426282 4741.618015535201
-4378.733349819694 -3899.5509733510135 3690.4299486202854
-3789.5892705614683 -5319.383327395946 2311.3309855853586
-2863.7235542752746 -6266.565129072487 726.8601213722386
-1683.403432947862 -6656.93511866284 -922.1954543979623
-353.50552910878844 -6455.807209481396 -2489.3099170567525
1007.802892325083 -5681.052498894227 -3835.2382694284347
2279.5636041057205 -4401.51134289205 -4840.388870895468
3348.7750859614525 -2730.876588359549 -5415.44967948675
4120.433205572116 -817.5914646967473 -5509.324018746155
4525.972752644392 1168.340248545373 -5113.670741669729
4529.359758739939 3050.459803527488 -4263.645378221538
4130.293273503529 4661.53261824387 -3034.776412218783
3364.2321054228396 5858.4078030303235 -1536.2542440934612
2299.2441510859067 6534.737745318338 98.77085536027104
1029.9582638582312 6630.42756171056 1725.0197308664767
-330.8439350106405 6136.974792092703 3197.993033160792
-2116.352495793021 4914.592280185354 4400.785336886217
-3162.243522109407 3320.1808149957087 5193.812858668581
-3927.1553342092648 1430.7567140201486 5525.347315285941
-4343.122160827302 -585.7963997685072 5365.930415352832
-4373.183523978159 -2550.2989327125847 4729.727050017852
-4014.668339623766 -4288.196213682611 3673.2666802235076
-3299.4322552119693 -5645.068442627834 2290.4204460259666
-2291.0271356046187 -6500.351567470735 704.0603038544424
-1079.0542009918186 -6778.049929220853 -944.8586860322898
228.79743473044977 -6453.488809777517 -2509.8228352209817
1516.3194143159321 -5555.506888916274 -3851.7782113242147
2669.109759681294 -4163.8938010344 -4851.486190101021
3584.7379897037235 -2402.3004759836376 -5420.118330490881
4181.846517977413 -427.25221131975286 -5507.149171419105
4407.37963139764 1585.7592872853586 -5104.8456407406675
4241.297723101246 3457.869114225143 -4248.954172636318
3698.35789947882 5022.732095757355 -3015.52448006497
2826.802746511368 6141.303288684792 -1514.1522040286113
1704.0737642968638 6714.19273374699 121.75914008317224
429.93034992004436 6690.49668966627 1746.8516502673783
-882.4142627654296 6072.320653947587 3216.728725393121
-2550.9309903776257 4690.670793768393 4414.684058353302
-3450.1289943624283 3006.3356045273904 5201.695195171493
-4042.7678965564305 1054.8743037376073 5526.512886635328
-4276.189129746694 -990.3172081788789 5360.275655419277
-4129.652193012054 -2947.5146902132187 4717.754409036947
-3616.177536248147 -4642.81255706691 3656.0399798874814
-2781.3896360548597 -5925.5761535778975 2269.470354257827
-1699.4630607707143 -6681.826304880858 681.2483282457415
-466.531734566275 -6844.366866283382 -967.5056013400407
807.8529835951399 -6398.755395607357 -2530.2924124183187
2010.4564189597197 -5384.586427556074 -3868.251638647894
3034.421978757051 -3891.9733255481065 -4862.49973124089
3788.7658294002927 -2053.5413139215807 -5424.693383984528
4206.461209376342 -32.643144735476675 -5504.879223686335
4250.3940511483315 1991.1555111124526 -5095.932386599036
3916.6607289287244 3838.031261755991 -4234.189593831479
3234.9149129612833 5343.881091869758 -2996.220474216999
2265.7327107869705 6374.903635734967 -1492.0240167713753
1095.230214255006 6839.488015761309 144.74532220393547
-172.588293152157 6696.353870988471 1768.6534040970566
-1425.0715733214847 5958.219298313374 3235.4088694285115
-2962.4243673398555 4428.481500436055 4428.506544688202
-3707.2300867659706 2667.725561775206 5209.4877060117815
-4122.632144071668 669.9304998298021 5527.583023195978
-4171.720243503421 -1387.3908269670492 5354.528331370654
-3850.1326920071474 -3321.436390323506 4705.700299342502
-3186.443954797004 -4960.3577545162225 3638.7501450921263
-2239.6256887241757 -6158.529564048691 2248.481072058324
-1093.8068517727636 -6809.488995553586 658.4245884754932
149.20152405098014 -6855.395446853294 -990.1358092421196
1378.9526897026894 -6292.169928292681 -2550.718295169138
2486.177857440096 -5169.857498870351 -3884.658266927494
3372.495212132136 -3588.180543127438 -4873.429304127338
3959.1515672747682 -1687.6779996566872 -5429.174760963227
4194.019931214555 362.7821403364515 -5502.514214746521
4056.2312191126102 2381.0074951175243 -5086.931133163684
3558.028562715 4187.6698850780895 -4219.351896769675
2743.679454368981 5622.239428462893 -2976.864728026842
1685.5423860633218 6557.248325837401 -1469.870064443155
477.63747987501665 6909.616933450949 167.72900478482913
-772.7076124777647 6648.035754172904 1790.4246158711003
-1954.3942424903682 5795.747423712229 3254.033142688182
-3347.4774060551463 4130.3588200407385 4442.252557196804
-3931.4348480359968 2307.3410259632924 5217.190256624192
-4166.0670509511965 279.3058561296652 5528.557706488197
-4030.5259139052537 -1773.5468647346615 5348.688542454836
-3536.8548617371944 -3668.812163585046 4693.564929091314
-2728.918733871866 -5238.087401383934 3621.3974744075845
-1678.5062008394111 -6341.935586601909 2227.4529618816878
-478.9510258592478 -6882.274963824384 635.5894786762972
763.1610496104823 -6811.094008144849 -1012.7489189479878
1937.462916745216 -6134.7174598479005 -2571.1001307483148
2939.6127013111573 -4913.244343479333 -3900.9978128445564
3680.5649970877494 -3255.2079057749606 -4884.274720022637
4094.4829409796484 -1307.9319603978443 -5433.562384040149
4144.588107223066 755.559479425452 -5500.054185439905
3826.428431914386 2751.9161437836374 -5077.84203587309
3168.2737984255236 4503.752982181559 -4204.441337676217
2228.6041342059816 5855.41160371825 -2957.4575757398843
1090.9132125940955 6686.79120821397 -1447.690729610279
-143.71013535054877 6924.020069359997 190.7097909313145
-1365.564207107787 6546.019361781786 1812.16490963257
-2466.081906383645 5586.3761071764675 3272.6012235582048
-3702.967439815906 3798.9300176253405 4455.921858505592
-4120.919426376435 1928.3507018649286 5224.802713996953
-4172.7096375463825 -113.57103618384745 5529.436919680632
-3853.7362857856933 -2145.40148926944 5342.756389516438
-3192.341553189821 -3986.603605094035 4681.348507843484
-2247.293264232863 -5473.578495684288 3603.9822674890743
-1102.5631066647657 -6474.201916529395 2206.3863868525837
140.13462144898403 -6899.564085523719 612.7433931770772
1370.3807734763495 -6711.869707280984 -1035.3445399623236
2478.8625799633687 -5927.796250991262 -2591.4375671913926
3367.086567911375 -4617.012084095604 -3917.269994239039
3956.1301380844366 -2895.9861321042426 -4895.035791642333
4193.654184297543 -917.6391034495929 -5437.856177447459
4058.553652687544 1142.2441865394496 -5497.499178247595
3562.8328183669146 3100.6340678983715 -5068.665251682659
2750.538652900074 4783.519005416069 -4189.458174034617
1693.847057583022 6041.367287175119 -2937.9993524892516
486.64971787432063 6762.413573365019 -1425.4863952773978
-763.7885848946089 6882.589737198267 213.68728379884055
-1946.3609200646802 6391.217599133868 1833.8739099583859
-2955.9905460227815 5331.957729989953 3291.1127913950154
-4026.029792353894 3437.0923122621057 4469.51421256574
-4274.162966092656 1534.0740985864797 5232.324946674056
-4142.518003438855 -505.25333092183894 5530.220647590556
-3642.7921370386707 -2499.686784710076 5336.731974995052
-2819.3882031326298 -4272.012097981999 4669.051246558723
-1745.4692546969013 -5664.750388931943 3586.5048250717296
-516.4577031156979 -6554.150748477652 2185.2817107599294
758.4433818246246 -6861.186051604304 589.8867264962914
1965.9534439158847 -6558.574864226866 -1057.9222820918233
2998.7799150706323 -5673.205518331134 -2611.7302533006155
3765.1516308424475 -4283.746965679329 -3933.4745301142034
4196.973101118123 -2513.658696213026 -4905.71233315847
4255.875093246371 -520.2208205786733 -5442.056067037642
3936.6239067394517 1519.4409579155706 -5494.849237290828
3267.586410529263 3424.093739342191 -5059.400939062021
2308.209522176758 5024.500765640401 -4174.402664582219
1143.738088368223 6178.458849252997 -2918.490394289947
-122.35949380376336 6783.433750389404 -1403.2574448808662
-1377.5848979854843 6785.670794195022 236.66108659973625
-2510.4058385494677 6184.971209510603 1855.5512419659126
-3420.166203623754 5034.70979056207 3309.5675265309005
-4314.080983125889 3047.9877879662304 4483.029384657193
-4389.9598837356725 1127.9527405248941 5239.75682475756
-4075.7715836539 -892.305857851192 5530.908876684139
-3399.4330921354926 -2833.279164937404 5330.615402923503
-2421.040052214433 -4522.503184578118 4656.673357592722
-1227.526979094868 -5809.8829495907175 3568.965448965408
75.05725303071728 -6581.029118280827 2164.139298050596
1370.9723188411826 -6767.421969441082 567.0198733351195
2545.070477709708 -6352.499680274335 -1080.4817554519461
3493.027955775871 -5373.1299170295415 -2631.977838650987
4130.614571070647 -3916.3339810644184 -3949.611140641385
4401.177954822323 -2111.554584333115 -4916.304160202801
4280.677363036702 -119.15429637913273 -5446.161980284749
3779.819802102082 1883.8333737081227 -5492.1044083301995
2943.108664284699 3719.4341814748323 -5050.049257992297
1844.8894060259627 5224.546939749463 -4159.275069305619
582.7436278780381 6265.435774880715 -2898.9310380331563
-731.1814789351462 6749.613146001805 -1381.004262282122
-1980.1379026078828 6634.057768911216 259.63080261007457
-3053.1503839418433 5929.037245969867 1877.1965313193457
-3854.8770551328025 4697.195744572695 3327.9651102796106
-4564.83951252535 2634.976322383688 4496.467141392699
-4467.429424187471 713.5203982948964 5247.098219909806
-3973.0686265194113 -1271.3349444151295 5531.501595076666
-3125.683245860635 -3143.226598152307 5324.40677892604
-2000.5671919721258 -4735.828774820965 4644.215054693536
-697.6919637323922 -5907.631782004496 3551.364442049448
667.1762572557315 -6554.515780141876 2142.959513823097
1972.7629399319067 -6619.002287194915 544.1432285706275
3103.0609780675622 -6095.36139401757 -1103.0225704735712
3957.63843074309 -5030.120891928885 -2652.1799735963427
4460.562341036914 -3517.932074270365 -3965.6795471649816
4567.145712474193 -1693.1595536222935 -4926.811089869969
4267.918144769302 282.0576236734362 -5450.17384628566
3589.4673204513706 2232.2127433162877 -5489.264738764891
2592.0765725934443 3984.025964811221 -5040.610369963325
1364.3684461199114 5381.840995722694 -4144.075649436248
15.430195776329978 6301.455836343993 -2879.321621480324
-1334.8790951762949 6661.158672422679 -1358.7272317610416
-2566.5785205020666 6428.988328443252 282.5960351764352
-3570.2261810369205 5625.574158331054 1898.809404236228
-4256.643577707105 4322.3030368255795 3346.305224941801
-4776.344058889229 2201.606765073983 4509.827250721873
-4506.022420416059 294.3725953371199 5254.349005355645
-3835.320915535217 -1639.0178713283535 5531.998792532762
-2823.834316280483 -3426.7744074147863 5318.106210216502
-1561.4376458314186 -4910.046999250661 4631.676552997798
-160.3003882939766 -5957.040367816764 3533.7021082674587
1255.0802622100123 -6474.724557661255 2121.742723821311
2558.9415235876622 -6417.101056696836 521.2571872490261
3635.429600864628 -5789.28996586075 -1125.544337909816
4388.893804284738 -4647.075055677387 -2672.33630927539
4752.38553285093 -3091.9471334440886 -3981.679472207128
4693.606951322913 -1262.0861396177984 -4937.232940720687
4217.780794615009 679.9167462873477 -5454.09159576133
3367.1863048794207 2561.5060455193475 -5486.3302776318405
2217.402535301569 4215.494291622846 -5031.084437970897
870.5928195514249 5494.917370523651 -4128.804667445834
-553.5728887495254 6286.092927005727 -2859.6624832573584
-1928.5512165704604 6518.721540858897 -1336.42673800937
-3132.169305491493 6172.133138868461 305.55638772288654
-4057.4804063210186 5277.1236215294075 1920.3894874938596
-4622.266567089434 3913.218512141898 3364.587553810536
-4946.968941241751 1751.5866113547188 4523.109481935178
-4505.525204559171 -125.86434835014776 5261.509055884633
-3663.745781279818 -1992.1317083574963 5532.400460466554
-2496.4264672502018 -3681.3894237512945 5311.713805596491
-1107.2887062183174 -5043.539533333378 4619.058069027089
380.2365156175311 -5957.549022170118 3515.9787526221576
1833.976054400285 -6342.204136113775 2100.489294428143
3124.7587724782334 -6163.326580259298 498.3621445787328
4137.8929608434755 -5436.810410435576 -1148.0466688427437
4783.357200793605 -4227.209776595155 -2692.4464976177087
5003.7991620359 -2642.0030032996824 -3997.6106394725152
4779.631608920364 -822.0426689218458 -4947.569532784835
4130.772812284413 1070.9597640645536 -5457.915161057955
3114.8767236790864 2868.8027221842935 -5483.301075604894
1822.2101687635202 4411.739968904573 -5021.47162651391
367.6322437157101 5562.674758785711 -4113.462387041899
-1119.611419513784 6219.341484952649 -2839.953962848847
-2507.3726947856926 6323.392427050974 -1314.10316612398
-3672.342902702057 5865.582202255213 328.51146375776545
-4511.009327901944 4886.589258105565 1941.936408435797
-4948.852778079376 3473.401413929485 3382.811781176755
-5075.436724968912 1288.7504297296848 4536.313605667928
-4466.06064233502 -543.5644704118912 5268.578247853164
-3459.855472645348 -2327.5812819639773 5532.7065919418255
-2146.2269608854717 -3904.7822821913583 5305.229675453487
-641.8967650890527 -5135.0262407912205 4606.359820684154
919.4687752031018 -5909.000583205306 3498.1946811699067
2399.1354797962013 -6157.934292579647 2079.1995926592067
3665.6284685767664 -5859.708516408744 475.4584959236095
4606.414281578703 -5040.82192364765 -1170.5291746900346
5137.899970746252 -3774.0361816878226 -2712.51019134978
5212.860700210357 -2171.9107629000196 -4013.472773853212
4824.635880198372 -376.80154155513844 -4957.820687564619
4007.720989664953 1451.7881503231897 -5461.644476148159
2834.702501605893 3151.380093977998 -5480.177184993937
1409.808256392154 4570.958086679061 -5011.772101591549
-140.35363924366177 5584.3863940595365 -4098.049073163148
-1678.0444981008973 6101.617463651792 -2820.196400592046
-3066.6337393248846 6076.693045091375 -1291.7569016002751
-4182.7391151093425 5511.827782346388 351.46086688046745
-4927.1897648680615 4457.212432882096 1963.4497949782747
-5233.837981402108 3006.5541986016638 3400.9775923347343
-5160.827871851097 817.0273107900261 4549.439393904227
-4388.086287319215 -955.1332520830288 5275.556459186644
-3225.4439793595297 -2642.4260339752627 5532.917181672132
-1776.2068192059785 -4094.9276666531523 5298.653931758925
-169.14588841075505 -5183.577005854818 4593.58202724916
1452.9443968542873 -5811.64278033328 3480.3502010156026
2945.934196317361 -5923.318589804861 2057.873986156514
4177.164814418352 -5508.68154851679 452.5466367961754
5037.236007572407 -4604.573977192203 -1192.9914672117
5449.7266759075355 -3291.3298011540264 -2732.5270440009836
5377.98521335668 -1685.6365285203694 -4029.265601433376
4828.3861636996935 69.83294696640219 -4967.986228037564
3849.7638143743334 1819.0974586583245 -5465.27947663213
2529.07305573157 3406.72717817077 -5476.9586597439975
983.6630574327542 4691.654237726767 -5001.986030700414
-649.149720253172 5559.70722927523 -4082.564991974964
-2224.2826965479985 5933.755835129286 -2800.3901376711533
-3601.778394150696 5780.564195173521 -1269.3883303255536
-4659.240275288962 5113.744058888437 374.40420078840987
-5302.708211228621 3992.5453216749515 1984.9292756165316
-5475.007252048924 2516.591411634094 3419.0846735874734
-5202.5873608919355 340.4076130789923 4562.486619980919
-4272.389676161336 -1357.0383707135159 5282.443569381579
-2962.5714196305184 -2933.9055400033253 5533.032226020899
-1389.5156914350089 -4250.082326831426 5291.986688066271
307.0046037336861 -5188.620647741474 4580.724909375886
1976.2461925931198 -5666.127254213019 3462.445620307299
3469.889634627099 -5640.173588757839 2036.5128431820622
4655.218155264605 -5113.065748447408 429.6269628506883
5426.910113718458 -4131.63957806797 -1215.433158516834
5716.397292965656 -2783.0990997755603 -2752.496709909559
5497.957486736528 -1187.2680530388354 -4044.988849493988
4791.000030421818 514.0569704504323 -4978.065978659686
3658.34119644682 2169.705776213282 -5468.82009973873
2200.6226928015776 3632.5667021626523 -5473.64555543428
547.369205627318 4772.65813536844 -4992.113582831618
-1154.5204375571298 5488.677948781495 -4067.0104108647447
-2753.825873335117 5717.0046397788665 -2780.5355161113403
-4108.441795301514 5437.350379870262 -1246.9978385722873
-5098.004634155522 4674.563677291044 397.34106928381397
-5634.587389039941 3496.4214779997346 2006.3744794314343
-5670.5123274286925 2007.6068865951997 3437.132712252221
-5200.528231957965 -137.09071331391291 4575.455058591529
-4120.080810133474 -1745.839856979048 5289.239459507655
-2673.546127651781 -3199.463467859592 5533.051723001477
-989.4551390642897 -4368.80070900664 5285.228059509061
782.5532807813918 -5149.950834992305 4567.78868908796
2485.02840745115 -5473.505229101921 3444.4812482308985
3966.697854751342 -5310.714663523767 2015.1165326115265
5095.908790090058 -4676.043794404089 406.69986987637094
5772.32586640188 -3625.885913671409 -1237.8538610702742
5935.846458049067 -2253.552157570793 -2772.4188442286163
5571.9410428654655 -680.9804027192381 -4060.642246517565
4712.9442139627445 952.0994493471965 -4988.0597653684345
3435.181609234405 2500.5810871195204 -5472.266284326581
1852.188043479409 3826.875121681905 -5470.237929277262
104.61944186792446 4813.134507717994 -4982.154928467908
-1652.245056268416 5371.725770650465 -4051.3855984373804
-3262.3003303972823 5453.015625430365 -2760.6328787728417
-4582.485903801148 5049.781111725862 -1224.585812991502
-5495.497494744144 4197.851385645093 420.2710762804978
-5920.210016685572 2972.9241419823907 2027.7850360957063
-5818.885898230752 1483.839541841864 3455.121396665734
-5154.832030170634 -611.4559417539942 4588.344485790076
-3932.581892300981 -2118.2194003797617 5295.944012209796
-2360.904595448988 -3436.769769629074 5532.975672277182
-579.4505646321868 -4449.948062831117 5278.378162798929
1253.490191729077 -5067.72894237518 4554.773589774963
2975.0528437041266 -5235.219866027058 3426.457395004815
4432.2689947117215 -4937.538530198453 1993.6854239278596
5495.658594847042 -4201.135227930773 383.7657537905622
6070.734811529701 -3091.4426242831605 -1260.2531876993037
6106.3995992270275 -1707.0617768954833 -2792.293102932069
5599.483985039762 -171.00099931340853 -4076.225522192878
4595.029645851005 1380.2539674831514 -4997.967415585757
3182.286757672914 2808.867312124082 -5475.617970885114
1486.7837258401582 3987.900469571626 -5466.73584011765
-340.8265646764119 4812.591169684769 -4972.1102395806365
-2138.1529192287157 5209.662024662927 -4035.690824510501
-3745.4950037780372 5143.831546524555 -2740.6825693451124
-5020.033420407576 4620.949062144534 -1202.1526406060598
-5848.519837580092 3687.4749748920144 443.1938258108189
-6157.339601377042 2426.3525539029574 2049.16057588032
-5919.052720551868 949.6380606268289 3473.0504161897793
-5066.046155050858 -1078.7162384594735 4601.154678995027
-3711.6144128799097 -2471.008554297893 5302.557111710191
-2027.3894419729993 -3643.7409162445233 5532.804075161301
-163.02202209475215 -4492.710907489192 5271.4371162235575
1715.830619856931 -4942.4838186663565 4541.679836188608
3442.2241814357117 -4953.095352822033 3408.374371874601
4862.76101854191 -4523.60262857853 1972.2198872149686
5851.220199275407 -3692.167959282668 360.8250106318796
6319.77278764638 -2532.667963992324 -1282.630751600336
6226.785829968896 -1148.1293056709653 -2812.1191428205225
5580.521625499135 338.42567994174243 -4091.7384074195206
4438.403584887998 1794.9100587349722 -5007.788758221033
2901.9139081462486 3091.908801976545 -5478.875101535615
1107.5764458262759 4114.177879544215 -5463.1393484314
-785.1740442245526 4770.884197742144 -4961.979689626906
-2608.1583747664677 5003.676518290223 -4019.926360109863
-4199.3963879958965 4791.870221915491 -2720.684932340782
-5417.499603404389 4154.285227547449 -1179.6987088040305
-6154.234204744952 3147.573759931383 466.1089220324436
-6344.13808958196 1861.18655084549 2070.500729661013
-5970.337464368174 409.42474903431787 3490.919461216421
-4935.078144389066 -1534.9729039599429 4613.885416993113
-3459.183697799444 -2801.215601658592 5309.0786438103005
-1675.9255992827561 -3818.558000217665 5532.536934617063
256.24584340860486 -4496.604762991652 5264.405039644666
2165.648718396716 -4775.108459548843 4528.507654438855
3882.6242009624607 -4629.322814256796 3390.2324911076103
5254.611484656993 -4072.201521469479 1950.7202931512413
6159.703478457064 -3153.24725293757 337.8780365533804
6517.47878678275 -1954.1131281845082 -1304.9861663455952
6296.147503418225 -581.3474765080323 -2831.896621527303
5515.375884186757 843.0734496575737 -4107.180634312689
4244.538913816893 2192.5836000541954 -5017.523623674039
2596.5560341021896 3347.273075591348 -5482.0376200322
717.8577559590309 4204.542649096271 -5459.448516324661
-1224.625334067979 4688.22015689749 -4951.763453546476
-3058.2950889832787 4755.328729843077 -4004.0924774646937
-4620.221904135468 4399.9054767257 -2700.640313089763
-5771.621727595373 3653.5313133340765 -1157.2244053319685
-6410.187632213637 2582.524859494648 489.0159692351994
-6479.180235064636 1282.0497386654515 2091.805128924577
-5972.469240616013 -132.34112762678754 3508.728223173409
-4763.186948481479 -1976.4329085074148 4626.536479943087
-3177.5610569317923 -3106.050854030196 5315.508495892784
-1309.5949209766961 -3959.6825504927388 5532.174255257593
674.7344707698575 -4461.479075563351 5257.282054495922
2599.1107437650226 -4566.853605891715 4515.257271990005
4292.544621167078 -4266.443152029645 3372.0320659875824
5604.567071456608 -3586.940501132359 1929.1870130031991
6418.599142209734 -2588.7224456803497 314.9252278157261
6662.310511619142 -1360.4850405082761 -1327.3190458898125
6314.046355003071 -11.362569096817767 -2851.6251975243013
5404.751471008924 1338.769516442737 -4122.551936207729
4015.2207004544757 2569.946055353086 -5027.171843837899
2268.9199501588355 3572.771609222806 -5485.105471762806
321.0157053003738 4258.140726763122 -5455.663407532697
-1655.4121937282355 4565.15535418774 -4941.461707758793
-3484.749454687341 4466.535894538483 -3988.18945000299
-5004.451434026382 3971.045119589555 -2680.549057733287
-6079.485941778785 3122.709559120624 -1134.7301182882031
-6614.331444219524 1996.9075505386343 511.914571847899
-6561.464571325908 693.671542806848 2113.0734057752093
-5925.582776756988 -671.2002256307544 3526.4763945294903
-4551.971275521668 -2399.440449886726 4639.107649379628
-2869.2636887039484 -3382.950170709838 5321.846556923531
-931.6094315885928 -4065.869923033079 5531.716043345837
1088.8224118240726 -4387.519289918568 5250.068283780854
3012.507605727732 -4319.318313583523 4501.928917656754
4668.518278690587 -3867.3269500703705 3353.773410809209
5909.710615136764 -3071.706615558685 1907.6204186190735
6625.799229090171 -2003.151668292162 291.96698078031886
6753.156504697927 -756.6079046115455 -1349.6290045767976
6280.466189124085 557.1637917128659 -2871.304530127881
5249.728891274639 1821.429040070599 -4137.8520476647545
3752.5301433796767 2923.8523250083517 -5036.7332521019725
1921.9026245381303 3766.47849975453 -5488.078603750121
-79.494376624403 4274.436530878872 -5451.784087418802
-2073.8279535684956 4402.592118178865 -4931.07463015992
-3883.892815993954 4139.558075321388 -3972.217552346748
-5348.8567575354755 3508.706131320205 -2660.411513217951
-6338.551303098713 2566.0902498479795 -1112.216236116112
-6765.037749107398 1395.465988575175 534.8043344452102
-6590.42090322871 100.84845031584273 2134.3051929409075
-5830.216238512391 -1202.7299153201745 3544.163668799723
-4303.355113356586 -2800.5072708923412 4651.598708217038
-2537.032516699087 -3629.5964998454174 5328.092717453493
-545.2834473490683 -4136.180151565341 5531.16230679444
1494.9164492349214 -4275.246045491062 5242.763852070722
3402.2864589716223 -4034.4375666666524 4488.522821600304
5007.348386140458 -3435.151605206275 3335.4568408727555
6167.485434814291 -2530.6373487087853 1886.0208824223844
6779.614337040826 -1401.2648582594475 269.00369190248756
6789.3447535738105 -147.38383580419512 -1371.9156571462277
6195.812094203049 1119.5928872455654 -2890.9342795047955
5051.754340388815 2287.0888690110937 -4153.080704473233
3458.826044172266 3251.3669680407947 -5046.207683354738
1558.5658751229298 3926.7468435711476 -5490.956964652509
-480.1797115848053 4253.218029805517 -5447.810622973156
-2476.25922368423 4201.772129151766 -4920.602400119498
-4252.3122368747045 3776.980335649605 -3956.17706030726
-5650.528646853986 3016.587264319775 -2640.2280272896433
-6546.670789623747 1988.1571764799646 -1089.683147597481
-6861.112503143876 783.07059862587 557.6848617544156
-6565.914261263389 -491.59523836488137 2155.5001237797646
-5687.305723229491 -1722.5806810967479 3561.789740550794
-4019.5705563017095 -3176.3414847491917 4664.009440753012
-2183.8081512241433 -3843.9392608168428 5334.246869620622
-154.00480842610187 -4169.986164711317 5530.513055165623
1889.4825374395807 -4125.511498188324 5235.368885502374
3765.081067996231 -3714.467030542284 4475.039215324298
5306.135622875263 -2973.3758665624987 3317.0826724785466
6375.716742069212 -1968.0872083935492 1864.3887774055063
6878.787449358229 -787.9253649503619 246.03575772458174
6770.647704710248 462.24710492213956 -1394.1786187402608
6060.906199000702 1671.346890984325 -2910.5141066779684
4812.626579661181 2731.9401711975256 -4168.237643656552
3136.7239688548834 3549.7885782778517 -5055.594973986636
1182.1096681294357 4052.2226921875967 -5493.740504764889
-877.540264212186 4194.599037010094 -5443.743082811675
-2859.2168930565113 3964.2668496995593 -4910.045198477603
-4586.839553486084 3381.6921558946988 -3940.068250880359
-5906.901390574595 2498.6392737270007 -2619.998948487667
-6702.109117100773 1393.571326990794 -1067.131241845814
-6901.805036851109 164.6784522644387 580.555758662329
-6488.245291004693 -1078.8468256251178 2176.657832286369
-5498.176477857025 -2226.5118286165607 3579.354305406188
-3703.138088068169 -3523.8746698564737 4676.339632672365
-1812.7051845272226 -4024.2114057842055 5340.30890715172
238.79452958463213 -4166.979298347133 5529.768299671013
2269.0763018103717 -3939.4927937644675 5227.883511776057
4097.740686942938 -3361.9650662764498 4461.47833167088
5562.302829401792 -2485.7119889090886 3298.651222921575
6532.629955704382 -1388.592492959767 1842.7244771232333
6922.504242468274 -168.09046027315964 223.06357486928655
6697.283648379352 1067.347147461526 -1416.417504910135
5876.98001158673 2207.9462771684516 -2930.0436735324565
4534.480910062639 3152.359690736323 -4183.322603476555
2789.073280437769 3816.6721118796254 -5064.89496189289
795.8442501994848 4141.856466692737 -5496.429176019604
-1268.0990341739516 4099.018698202469 -5439.58153717482
-3219.366154400098 3691.96513012964 -4899.403207541661
-4884.578463852114 2956.8642583226874 -3923.891402241595
-6115.774541171358 1959.0330211786916 -2599.724626138568
-6803.557211873021 787.1331030281383 -1044.5609082994943
-6886.813967380702 -454.70704560316875 603.4166302220017
-6358.147079601295 -1656.1444777836523 2197.7779530980347
-5264.530921530457 -2710.4262052426984 3596.857060051582
-3356.844492898173 -3840.287010313486 4688.589071050723
-1426.985042254814 -4168.9440183526085 5346.278725364268
629.6682916135692 -4127.1720552516135 5528.928053171445
2630.3728345183144 -3718.6827432452683 5220.30786015322
4397.357207875076 -2979.7721503311427 4447.840404816657
5773.6170958278435 -1976.0957253454114 3280.16281048603
6636.865767715022 -796.8345232094731 1821.0283556863076
6910.399790735017 453.22892316435116 200.08754003252295
6569.914466558219 1663.0209907526155 -1438.6319316228075
5645.663410432976 2725.046345265113 -2949.5226428212254
4219.77038470497 3544.9393733318902 -4198.335323438057
2418.932242138584 4049.848981367932 -5074.107486476325
403.16135454888763 4194.911734939902 -5499.022931987225
-1648.4321886369335 3967.2381717955254 -5435.326057926397
-3553.555297836847 3387.058087149161 -4888.6766110832805
-5142.92942430339 2505.9230276000026 -3907.646793741472
-6275.331702046549 1402.1257099864995 -2579.4054103502176
-6850.143219223282 173.7433699133657 -1021.972536715147
-6816.289450013643 -1070.0768310367914 626.2670816596733
-6176.7784503767325 -2218.816009594496 2218.8601215012013
-4988.4335790781015 -3170.4036485860443 3614.2977022400773
-2983.7185865598653 -4123.030275614763 4700.757544358229
-1030.0276257331052 -4276.9783285277745 5352.156221168245
1015.1858098418129 -4050.8980877408458 5527.992330176747
2970.1955311427782 -3464.8777747846784 5212.6420614542685
4661.29034501327 -2570.9878661732355 4434.125670268675
5938.20905599358 -1448.6544030578905 3261.6177544397183
6687.491832947653 -197.60163891570178 1799.3007877550185
6842.561612969794 1071.008898004671 177.10804997681345
6389.639765592526 2244.4555942921565 -1460.821515267657
5368.970384570106 3218.472561395657 -2968.950678170987
3871.244423540167 3906.51411738496 -4213.275544293385
2029.541406802363 4247.444750589771 -5083.2323886501235
7.50472957438902 4210.971278100405 -5501.52172787739
-2015.1987758102255 3800.3345280087387 -5430.976718552302
-3858.843026409927 3052.021377610117 -4877.865594335075
-5359.612139859417 2032.5227342356236 -3891.334705900595
-6384.156194411924 832.4255263451861 -2559.041652005757
-6841.439954682926 -441.6363426002751 -999.3665171608882
-6690.831751815616 -1676.456884416536 649.1067183814533
-5945.713785567969 -2762.31687504252 2239.9039734376784
-4672.293057137418 -3602.73288909304 3631.6759307972898
-2587.0049767579912 -4369.848451532094 4712.844842463149
-625.3019896380516 -4347.475045362779 5357.941293067903
1391.9618233537954 -3938.80940283299 5526.961146845485
3285.543719816841 -3180.163259681115 5204.886248056346
4887.190638402999 -2138.9456549899874 4420.334364860322
6054.589221684186 -907.6733422446049 3243.0163750286156
6684.0109824915835 404.24973021808376 1777.5421485326458
6719.529035205528 1680.2534401301812 154.12550152430285
6157.987444973996 2806.959258215908 -1482.9858726630519
5049.2816463737345 3684.2544280713537 -2988.3274440880036
3491.9250150856183 4234.187423908412 -4228.143008046762
1624.295522146638 4407.894285705748 -5092.26951084058
-387.6597560385921 4189.940396492665 -5503.92552053955
-2365.1697636829595 3599.691915800633 -5426.533594159261
-4132.524058447539 2689.595011401938 -4866.970343987484
-5532.685455335932 1540.5157871468846 -3874.9554204048623
-6441.243469727528 254.55497476163444 -2538.6337027574787
-6777.468734902442 -1054.0241642273 -976.7432400095742
-6511.486160549611 -2268.9486307157595 671.9351459802641
-5666.929465645596 -3282.267054248066 2260.9091455109415
-4318.841218808635 -4003.941646018708 3648.9914456266
-2170.1360786232435 -4578.7958543745735 4724.850756635547
-216.33630750357537 -4379.920931733906 5363.633841163513
1756.685893914062 -3791.870813342255 5525.8345209846875
3573.618844568348 -2866.8963328341665 5197.040553890989
5073.020078314746 -1687.1855319864294 4406.466726747258
6121.661215520945 -357.5608925299529 3224.3589934713173
6626.36588926036 1003.8346013579616 1755.75281375905
6542.288874411242 2276.034985659627 131.1402915499796
5876.9007827088535 3345.999673270403 -1505.12462106298
4689.324266108493 4118.657606233397 -3007.6526059638913
3085.080709703791 4525.354736451356 -4242.937457958859
1206.7141935882191 4529.95423914345 -5101.218696989826
-778.8741742056957 4132.0474283109 -5506.234268463724
-2695.2561535884333 3366.9900702814466 -5421.996761473525
-4372.152795787977 2302.760868714961 -4855.991048185535
-5660.564475205275 1033.921258463505 -3858.509220100534
-6446.010160022535 -326.78679289114734 -2518.1819150207803
-6658.699554272126 -1658.4584036171952 -954.1030959321183
-6279.7342719029475 -2842.7687071570176 694.7519702425735
-5342.787041315253 -3774.4865357809504 2281.8752749924097
-3931.1097356719597 -4370.824671639412 3666.2439477144635
-1736.7026251216967 -4748.252582361337 4736.77507955084
193.31261675901334 -4374.132569335801 5369.233767153106
2106.1511843022663 -3611.35168196016 5524.612472049532
3831.8489764280007 -2527.6863494865497 5189.105114441853
5217.070171205864 -1219.424992292208 4392.522995403294
6138.731786536729 197.1876268257191 3205.645931953495
6514.940143253082 1596.279259956549 1733.9331597041519
6312.267477897483 2853.534475684101 108.1528169747337
5548.72214620114 3857.240630717298 -1527.2373781636593
4292.148501648742 4518.214028489581 -3026.9258300814004
2654.1986269414024 4777.724281974882 -4257.658638551187
780.4115564714928 4612.712766309042 -5110.079792558516
-1162.7185055706063 4037.8414788000878 -5508.447931781215
-3002.535925886668 3104.190256124262 -5417.366298839562
-4575.564852775789 1894.7181066772444 -4844.927896525586
-5742.034762960149 516.8919386185058 -3841.9963889894466
-6398.299685951001 -906.8623465294198 -2497.6866419681296
-6486.047603369407 -2250.037932488341 -931.4464758906569
-5997.481727677366 -3393.2877740168224 717.5567971552027
-4976.013280966124 -4235.02910562581 2302.8019998277223
-3512.404217366426 -4700.469516080824 3683.4331391354194
-1290.4229243568236 -4876.93718057258 4748.617605293432
600.090029639764 -4330.257286051267 5374.74097433415
2437.282351051191 -3398.8150286431737 5523.295021143016
4057.9114397342596 -2165.3731404860655 5181.080066742349
5317.977289145881 -739.528346213281 4378.503411616261
6105.517518857965 752.0267869872537 3186.877513622334
6350.55572339721 2176.761039948791 1712.0835631614311
6031.319182957839 3408.080521952406 85.16347475864994
5176.173465104399 4336.577093465486 -1549.3237621101405
3861.1020196133077 4879.749759469056 -3046.146783620134
2202.9547155124437 4989.335244914693 -4272.306295610497
349.065217430778 4655.596398512575 -5118.852644528489
-1535.8402570671062 3908.187381354328 -5510.566472265298
-3284.2795848006162 2813.5187645649144 -5412.642286218678
-4740.896258601018 1468.8566586201825 -4833.781080052094
-5776.263494744165 -6.319807414218144 -3825.417212224012
-6298.384370664476 -1480.9347308258684 -2477.148237522883
-6260.86615524669 -2823.9621044286096 -908.7737711318645
-5667.042506576668 -3916.068052299282 740.3492329122076
-4569.677261790865 -4660.2141683416 2323.6889586429816
-3066.2761385966087 -4990.27980451372 3700.5587230572546
-835.1111257262136 -4963.916419668712 4760.3781293602315
1000.4738381338739 -4248.771242123739 5380.155367605245
2747.162310968684 -3156.1040942905584 5521.88219101559
4249.753356750669 -1783.0032473449785 5172.9655493733235
5374.735167049899 -251.47473729196412 4364.408217483854
6022.148171119984 1302.3984067481672 3168.0540625809463
6134.4668824241035 2740.5477368674715 1690.204401441445
5701.711290560325 3935.1873738704594 62.17266189400559
4762.333628982402 4780.168343419682 -1571.383391502913
3399.8017253124917 5200.410378232815 -3065.315134662371
1735.182518564447 5158.5731293149165 -4286.880176193174
-83.61526968113623 4658.374019832075 -5127.537101405437
-1894.98347427598 3744.257935749477 -5512.589853331878
-3537.9740811833935 2497.448102670226 -5407.824805187662
-4866.6001648341235 1028.7290457982615 -4822.550791254255
-5762.807467116289 -531.3971012959372 -3808.7719761023486
-6146.964036281154 -2044.306283942241 -2456.56705635322
-5984.935875315074 -3375.569881969912 -886.0853731801458
-5291.119897368762 -4406.899282540109 763.1288839215829
-4127.164696844006 -5046.656342497663 2344.5357907509506
-2596.492801240725 -5237.995839537715 3717.6204037462244
-374.644764658822 -5008.612113084383 4772.0564486642115
1391.0048871571255 -4130.474695834338 5385.4768534677405
3033.057650424797 -2885.326475569735 5520.374006064761
4405.6099310979325 -1383.8043359040937 5164.761702460613
5386.704435692258 240.67489173189318 4350.237656409447
5889.1666120122945 1843.769099053182 3149.1759038827613
5868.350490673035 3283.0363306761446 1668.2960523652932
5326.105675405511 4430.591376950929 39.18077539848858
4310.6129976484435 5184.468936053591 -1593.4158854044363
2912.103438236751 5477.683678520713 -3084.4305521987435
1254.840708782262 5284.182187732382 -4301.380028629673
-513.9201244252586 4621.157920312454 -5136.1330132215
-2237.016899276314 3547.5234920552334 -5514.518040040126
-3761.344905639674 2158.6760334784954 -5402.913938937357
-4951.460910746704 578.020736133458 -4811.237224062717
-5701.617884805582 -1053.9942402192496 -3792.06096806332
-5945.161088661527 -2592.3572029509814 -2435.943453865996
-5660.450639880179 -3900.3778518282684 -863.3816738309476
-4872.784311266992 -4861.8328120443475 785.8953568120602
-3652.1497127360026 -5391.292591108416 2365.342136157345
-2107.0055850333747 -5441.712364154659 3734.617886572071
87.06813886102356 -5010.80492250575 4783.6523615378865
1768.316645451985 -3976.4844934536613 5390.705340027368
3292.44245796475 -2588.8359666434417 5518.7704923346755
4524.020309441603 -971.1580032774307 5156.468667672641
5353.619103088423 732.8116105364372 4335.991973097883
5707.525345455391 2371.667696863397 3130.243363525998
5554.29291381621 3799.7907004317935 1646.35889425807
4907.53718217148 4890.285625159971 16.18821230832691
3824.7252355186206 5546.257211427694 -1615.4208633458022
2402.069667159695 5709.419505111192 -3103.4927061339686
765.9796675645091 5365.274820390749 -4315.805602528727
-938.1709869401701 4544.401922757856 -5144.640231537865
-2558.9610321596865 3319.738971508541 -5516.350999093079
-3952.376159856265 1800.1026442061889 -5397.909772271236
-4994.605321032518 120.51929734578157 -4799.840573846229
-5593.041880970603 -1569.772717974024 -3775.2844766815697
-5694.512125124429 -3120.583538467749 -2415.277786200694
-5289.999977006097 -4394.116817113297 -840.6630651439206
-4415.448116148245 -5277.2135332942935 808.6482584399889
-3148.5643132957134 -5691.406668371951 2386.1076355670853
-1601.916753959945 -5599.893344637975 3751.550878013159
546.1221496247452 -4970.635126913561 4795.165667736811
2129.164046558 -3788.223851896934 5395.840736995809
3523.0203742720514 -2269.212263292709 5517.071677515669
4603.840881211765 -548.5712068209305 5148.086588217982
5275.589922232867 1220.8128087419477 4321.671413551262
5478.579647118545 2881.7222487993613 3111.256768447881
5194.773528006956 4286.578020821159 1624.3933059424583
4449.388984043801 5310.552524355195 -6.804630328568998
3308.6567030264187 5862.66113112436 -1637.3979453332497
1873.9357541443403 5893.846568528519 -3122.5012672925604
272.7073898749144 5401.337873599258 -4330.156648781821
-1352.7522227415243 4428.896605219882 -5153.058609447328
-2858.0138639120546 3062.9284375740795 -5518.088698838218
-4109.328431086733 1424.8056368097702 -5392.812391603932
-4995.511133668562 -339.91739744163175 -4788.36103740826
-5437.820749584417 -2074.437279227417 -3758.4427916625636
-5396.956128416389 -3624.6343052358084 -2394.5704102231075
-4876.548271086699 -4852.766666778323 -817.9299394361849
-3922.8376994913538 -5649.709413961838 831.3871958960627
-2620.5657832064876 -5944.650686373455 2406.831930390352
-1085.4450969202196 -5711.383657630933 3768.419085661481
998.6473752241687 -4888.600356106655 4806.5961684430395
2470.451238970096 -3567.409525558188 5400.882955692281
3722.744668736807 -1929.23870334506 5515.277590943788
4644.255897690378 -119.64655601509878 5139.615608842885
5153.104609152841 1700.5767128770567 4307.276225064695
5204.077362064972 3369.6962779721066 3092.2164465191263
4792.645003640282 4739.403541100788 1602.3996667319625
3955.365104465967 5687.994001072795 -29.797355459457293
2766.633657926005 6131.181232698937 -1659.3467518547386
1332.0746697074715 6029.586105554114 -3141.455907424465
-220.8449986279771 5392.235792528005 -4344.432919567345
-1754.1416196729997 4275.761665898775 -5161.388001576811
-3131.5750598863824 2779.3673513834183 -5519.731109268011
-4230.7543133380605 1036.0140506449256 -5387.62188495975
-4954.012479690153 -799.3936449661405 -4776.7988129836
-5237.084896896094 -2563.7717071407487 -3741.536203837535
-5054.819338444289 -4100.347402209073 -2373.8216835193202
-4423.410899062417 -5272.589236512918 -795.1826892755481
-3398.9629894798513 -5976.338378775843 854.1117765121132
-2072.5023021785946 -6149.06362935554 2427.51466274889
-561.8906903022212 -5775.4175917457205 3785.2222182277915
1440.8420351574064 -4765.550315193997 4817.943666268568
2789.258009245085 -3316.036471040714 5405.831909045041
3889.8361687541983 -1571.878234249064 5513.388263600275
4644.785314404613 311.94828172957534 5131.0558758287525
4987.024901565574 2168.056823914094 4292.806656222007
4886.14544102412 3831.5240029331735 3073.122726538221
4351.110515551584 5154.543459925507 1580.378356424555
3429.460326238291 6019.559110162063 -52.789566033624425
2203.087536999981 6349.710517060663 -1681.266903886506
780.960752008798 6115.662279272787 -3160.356299210802
-710.5578229881813 5338.210609829654 -4358.634168355034
-2138.940217180998 4086.43550135176 -5169.62826408991
-3377.268386492757 2471.562665551928 -5521.278202020436
-4315.511438766431 637.0806406437035 -5382.338341971142
-4870.302361395688 -1254.0087949680462 -4765.154100234947
-4992.345546245064 -3033.6740460199535 -3724.5650051585308
-4670.796920762985 -4543.784045023708 -2353.0319643894695
-3934.2274914164477 -5650.158891559243 -772.4217074737272
-2848.084684384565 -6254.49232526586 876.8216078679202
-1508.8770545313712 -6303.086668485112 2448.155475482213
-35.59907678515246 -5791.624100569215 3801.9599855465913
1869.0043672872569 -4602.678551843775 4829.207965258694
3082.8646534590002 -3036.3601447465267 5410.687511592915
4022.798886242235 -1200.2478139414916 5511.403728111059
4605.289784220692 742.5118023329893 5122.4075369896445
4778.580474889804 2619.29598651081 4278.262956891484
4527.273319909949 4263.344227696038 3053.9759382257716
3873.6980628443685 5528.575624872499 1558.3297552960337
2875.9277334511185 6302.56881602452 -75.78086500924114
1622.6186041397464 6516.551109505076 -1703.1580228996093
225.1326911060972 6151.509239492583 -3179.202116269469
-1192.3572495108733 5239.878778097511 -4372.7601499100965
-2503.901015935183 3862.662092439217 -5177.7792546893525
-3592.962188905039 2142.2309288542924 -5522.729950379464
-4362.772903935817 231.45314621508282 -5376.961853877162
-4744.932100738358 -1699.890264180728 -4753.427100249441
-4705.483257598745 -3480.190964758547 -3707.5294886933043
-4247.931577348321 -4951.261425551075 -2332.2016118415854
-3412.9325347098284 -5982.390580430492 -749.6473870795638
-2274.6794589546184 -6481.958078950024 899.51629779787
-934.3111310049043 -6405.575156550337 2468.754012153703
489.07484109145014 -5760.028771087587 3818.6320985811326
2279.5636041057237 -4401.511342892049 4840.38887089547
3348.7750859614544 -2730.8765883595456 5415.44967948675
4120.433205572115 -817.59146469675 5509.324018746156
4525.972752644392 1168.3402485453826 5113.670741669726
4529.359758739935 3050.4598035275094 4263.645378221525
4130.293273503528 4661.53261824387 3034.7764122187837
3364.232105422834 5858.40780303033 1536.2542440934546
2299.2441510859094 6534.737745318338 -98.77085536026436
1029.958263858224 6630.4275617105595 -1725.0197308664822
-330.8439350106552 6136.974792092695 -3197.9930331608043
-1662.249198369139 5098.224880527109 -4386.810620297514
-2845.956325792062 3606.475315135315 -5185.840832619464
-3776.7877443947345 1794.2745912375185 -5524.086329275524
-4372.034997747917 -177.35530413609206 -5371.492513521892
-4578.807755191628 -2133.2264024262895 -4741.6180155351985
-4378.733349819693 -3899.550973351015 -3690.4299486202854
-3789.5892705614688 -5319.383327395944 -2311.330985585362
-2863.72355427525 -6266.565129072502 -726.8601213722037
-1683.4034329478814 -6656.935118662839 922.1954543979348
-353.505529108787 -6455.807209481397 2489.309917056752
1007.8028923250804 -5681.052498894231 3835.2382694284306
2669.109759681311 -4163.893801034374 4851.486190101034
3584.737989703716 -2402.3004759836576 5420.118330490877
4181.846517977415 -427.25221131973973 5507.149171419103
4407.37963139764 1585.7592872853672 5104.845640740665
4241.297723101246 3457.8691142251428 4248.954172636319
3698.3578994788154 5022.732095757363 3015.5244800649616
2826.802746511366 6141.303288684794 1514.1522040286095
1704.0737642968575 6714.1927337469915 -121.75914008318027
429.9303499200351 6690.496689666267 -1746.8516502673883
-882.4142627654538 6072.3206539475705 -3216.7287253931454
-2116.352495793018 4914.592280185358 -4400.785336886214
-3162.243522109406 3320.1808149957105 -5193.81285866858
-3927.1553342092643 1430.7567140201504 -5525.347315285941
-4343.122160827301 -585.7963997685066 -5365.930415352832
-4373.1835239781585 -2550.2989327125915 -4729.72705001785
-4014.6683396237654 -4288.196213682612 -3673.2666802235067
-3299.4322552119706 -5645.06844262783 -2290.4204460259703
-2291.0271356046173 -6500.351567470736 -704.0603038544416
-1079.0542009918277 -6778.049929220852 944.8586860322771
228.79743473044996 -6453.488809777517 2509.8228352209812
1516.3194143159285 -5555.5068889162785 3851.778211324211
3034.4219787570573 -3891.9733255480937 4862.499731240895
3788.765829400301 -2053.5413139215552 5424.693383984532
4206.4612093763435 -32.64314473546346 5504.879223686334
4250.394051148331 1991.1555111124612 5095.932386599033
3916.6607289287244 3838.031261755991 4234.189593831479
3234.914912961292 5343.8810918697445 2996.2204742170134
2265.7327107869737 6374.903635734964 1492.0240167713807
1095.2302142549993 6839.48801576131 -144.7453222039435
-172.58829315215428 6696.3538709884715 -1768.6534040970528
-1425.0715733214818 5958.219298313376 -3235.408869428508
-2550.9309903776193 4690.670793768402 -4414.684058353296
-3450.128994362434 3006.335604527377 -5201.695195171496
-4042.76789655643 1054.8743037376091 -5526.512886635328
-4276.189129746694 -990.3172081788789 -5360.275655419277
-4129.652193012054 -2947.514690213218 -4717.754409036948
-3616.177536248153 -4642.812557066897 -3656.0399798874923
-2781.3896360548556 -5925.576153577901 -2269.4703542578213
-1699.4630607706995 -6681.826304880864 -681.2483282457214
-466.53173456628423 -6844.366866283382 967.505601340028
807.8529835951588 -6398.755395607346 2530.29241241834
2010.4564189597095 -5384.586427556087 3868.2516386478833
3372.4952121321367 -3588.180543127436 4873.429304127339
3959.1515672747687 -1687.6779996566856 5429.1747609632275
4194.019931214555 362.7821403364639 5502.51421474652
4056.231219112611 2381.007495117519 5086.931133163685
3558.028562714987 4187.669885078122 4219.351896769654
2743.679454368981 5622.2394284628945 2976.864728026841
1685.542386063323 6557.248325837401 1469.8700644431556
477.63747987500386 6909.616933450949 -167.729004784847
-772.7076124777607 6648.035754172906 -1790.4246158710962
-1954.3942424903648 5795.7474237122315 -3254.0331426881785
-2962.4243673398482 4428.481500436068 -4428.5065446881945
-3707.2300867659746 2667.725561775193 -5209.487706011786
-4122.632144071668 669.9304998298047 -5527.583023195978
-4171.720243503423 -1387.3908269670285 -5354.528331370659
-3850.1326920071424 -3321.4363903235244 -4705.700299342493
-3186.443954797008 -4960.357754516216 -3638.7501450921313
-2239.6256887241857 -6158.529564048683 -2248.4810720583373
-1093.8068517727495 -6809.48899555359 -658.4245884754731
149.2015240509807 -6855.395446853294 990.1358092421215
1378.9526897026778 -6292.169928292689 2550.7182951691243
2486.177857440086 -5169.857498870365 3884.658266927483
3680.564997087751 -3255.207905774954 4884.2747200226395
4094.482940979646 -1307.9319603978593 5433.562384040146
4144.588107223067 755.5594794254429 5500.054185439906
3826.4284319143862 2751.9161437836374 5077.84203587309
3168.2737984255173 4503.7529821815715 4204.441337676208
2228.6041342059816 5855.411603718251 2957.457575739883
1090.9132125940966 6686.79120821397 1447.6907296102795
-143.71013535056142 6924.020069359996 -190.7097909313324
-1365.5642071077764 6546.019361781791 -1812.164909632557
-2466.0819063836416 5586.376107176471 -3272.601223558201
-3347.4774060551404 4130.358820040752 -4442.252557196797
-3931.4348480359995 2307.3410259632788 -5217.190256624196
-4166.067050951197 279.3058561296264 -5528.557706488199
-4030.525913905254 -1773.5468647346572 -5348.688542454837
-3536.8548617371916 -3668.8121635850543 -4693.56492909131
-2728.9187338718707 -5238.0874013839275 -3621.3974744075895
-1678.5062008394218 -6341.935586601902 -2227.4529618817005
-478.95102585923155 -6882.274963824387 -635.5894786762746
763.1610496104811 -6811.094008144849 1012.7489189479872
1937.462916745205 -6134.71745984791 2571.1001307483007
2939.6127013111486 -4913.244343479348 3900.9978128445455
3956.1301380844397 -2895.986132104225 4895.035791642341
4193.654184297543 -917.6391034495841 5437.856177447461
4058.5536526875453 1142.2441865394414 5497.499178247596
3562.8328183669173 3100.634067898365 5068.665251682661
2750.5386529000857 4783.519005416053 4189.458174034628
1693.8470575830142 6041.367287175126 2937.9993524892393
486.6497178743234 6762.413573365019 1425.4863952773985
-763.7885848946089 6882.589737198267 -213.68728379884374
-1946.3609200646713 6391.217599133873 -1833.8739099583768
-2955.9905460227774 5331.9577299899565 -3291.1127913950127
-3702.9674398159 3798.9300176253537 -4455.921858505585
-4120.919426376433 1928.3507018649332 -5224.802713996951
-4172.709637546379 -113.5710361838852 -5529.436919680633
-3853.736285785695 -2145.401489269435 -5342.7563895164385
-3192.341553189818 -3986.6036050940415 -4681.34850784348
-2247.29326423286 -5473.578495684293 -3603.982267489069
-1102.5631066647784 -6474.20191652939 -2206.386386852597
140.13462144899893 -6899.56408552372 -612.7433931770545
1370.3807734763468 -6711.869707280985 1035.3445399623229
2478.862579963357 -5927.796250991274 2591.4375671913785
3367.0865679113763 -4617.0120840956 3917.2699942390445
4196.973101118125 -2513.658696213014 4905.712333158475
4255.875093246371 -520.2208205786651 5442.0560670376435
3936.6239067394517 1519.4409579155729 5494.849237290827
3267.5864105292667 3424.0937393421855 5059.400939062023
2308.2095221767604 5024.5007656404005 4174.402664582219
1143.7380883682242 6178.458849252998 2918.4903942899455
-122.35949380376431 6783.433750389406 1403.257444880862
-1377.5848979855134 6785.670794195015 -236.66108659977866
-2510.4058385494604 6184.971209510611 -1855.5512419659037
-3420.1662036237567 5034.709790562063 -3309.5675265309083
-4026.0297923538965 3437.0923122620934 -4469.514212565748
-4274.1629660926565 1534.0740985864777 -5232.324946674057
-4142.518003438855 -505.25333092184144 -5530.220647590556
-3642.7921370386784 -2499.6867847100557 -5336.731974995057
-2819.3882031326266 -4272.012097982007 -4669.051246558718
-1745.4692546969122 -5664.750388931934 -3586.504825071739
-516.4577031157111 -6554.1507484776475 -2185.2817107599426
758.4433818246397 -6861.186051604306 -589.8867264962688
1965.9534439158824 -6558.574864226868 1057.9222820918228
2998.7799150706305 -5673.205518331136 2611.7302533006145
3765.1516308424398 -4283.746965679347 3933.474530114191
4401.177954822322 -2111.554584333113 4916.3041602028015
4280.677363036705 -119.15429637914953 5446.161980284746
3779.8198021020803 1883.83337370813 5492.104408330199
2943.1086642846926 3719.4341814748464 5050.04925799229
1844.8894060259659 5224.546939749461 4159.275069305619
582.7436278780247 6265.435774880725 2898.931038033138
-731.1814789351458 6749.613146001806 1381.004262282118
-1980.1379026078932 6634.0577689112115 -259.63080261009486
-3053.1503839418347 5929.037245969875 -1877.1965313193368
-3854.877055132796 4697.195744572706 -3327.9651102796033
-4314.080983125887 3047.987787966237 -4483.02938465719
-4389.959883735672 1127.9527405248923 -5239.756824757561
-4075.7715836538996 -892.3058578511949 -5530.908876684139
-3399.4330921355026 -2833.279164937384 -5330.615402923508
-2421.0400522144437 -4522.503184578106 -4656.673357592728
-1227.526979094873 -5809.882949590716 -3568.96544896541
75.05725303071614 -6581.029118280829 -2164.139298050593
1370.9723188411995 -6767.421969441081 -567.019873335092
2545.0704777096907 -6352.499680274344 1080.4817554519261
3493.027955775867 -5373.129917029544 2631.977838650986
4130.614571070644 -3916.333981064422 3949.611140641384
4567.145712474193 -1693.1595536222874 4926.811089869971
4267.918144769301 282.05762367343937 5450.17384628566
3589.4673204513656 2232.2127433162977 5489.26473876489
2592.076572593453 3984.0259648112064 5040.61036996333
1364.368446119906 5381.840995722698 4144.075649436245
15.430195776326018 6301.455836343995 2879.3216214803224
-1334.8790951762867 6661.158672422677 1358.727231761054
-2566.5785205020693 6428.98832844325 -282.5960351764358
-3570.2261810369146 5625.574158331062 -1898.8094042362147
-4256.643577707103 4322.303036825587 -3346.305224941794
-4564.839512525349 2634.9763223836962 -4496.4671413926935
-4467.42942418747 713.5203982948914 -5247.098219909807
-3973.0686265194086 -1271.3349444151359 -5531.501595076666
-3125.683245860632 -3143.226598152311 -5324.406778926039
-2000.5671919721253 -4735.828774820964 -4644.215054693537
-697.6919637323919 -5907.631782004495 -3551.3644420494493
667.1762572557366 -6554.515780141876 -2142.959513823094
1972.762939931911 -6619.002287194914 -544.1432285706244
3103.060978067549 -6095.361394017582 1103.0225704735467
3957.638430743091 -5030.120891928885 2652.179973596342
4460.562341036917 -3517.9320742703476 3965.6795471649925
4693.606951322913 -1262.086139617801 4937.232940720685
4217.780794615013 679.9167462873356 5454.091595761329
3367.1863048794175 2561.5060455193516 5486.33027763184
2217.4025353015645 4215.494291622851 5031.084437970895
870.5928195514234 5494.917370523652 4128.804667445835
-553.5728887495349 6286.09292700573 2859.662483257351
-1928.5512165704604 6518.721540858896 1336.426738009373
-3132.1693054914954 6172.133138868459 -305.5563877228872
-4057.4804063210186 5277.123621529409 -1920.3894874938558
-4622.266567089434 3913.2185121419006 -3364.5875538105333
-4776.34405888923 2201.6067650739924 -4509.827250721867
-4506.022420416059 294.37259533711625 -5254.349005355646
-3835.3209155352138 -1639.0178713283597 -5531.998792532762
-2823.8343162804704 -3426.774407414804 -5318.106210216499
-1561.437645831419 -4910.046999250661 -4631.6765529978
-160.3003882939891 -5957.040367816756 -3533.702108267471
1255.0802622100168 -6474.724557661256 -2121.7427238213077
2558.941523587666 -6417.101056696835 -521.257187249023
3635.4296008646206 -5789.289965860758 1125.5443379098008
4388.89380428474 -4647.075055677384 2672.3363092753934
4752.38553285093 -3091.9471334440873 3981.6794722071277
4779.631608920365 -822.0426689218456 4947.569532784834
4130.772812284414 1070.959764064553 5457.915161057955
3114.8767236790677 2868.8027221843204 5483.301075604892
1822.2101687635147 4411.739968904577 5021.471626513909
367.6322437156933 5562.67475878572 4113.462387041888
-1119.6114195138011 6219.341484952652 2839.953962848833
-2507.3726947856944 6323.392427050973 1314.1031661239806
-3672.3429027020597 5865.582202255211 -328.51146375776614
-4511.009327901946 4886.589258105563 -1941.9364084357971
-4948.852778079378 3473.401413929473 -3382.8117811767634
-4946.968941241753 1751.5866113547268 -4523.109481935175
-4505.525204559177 -125.86434835012825 -5261.509055884628
-3663.745781279809 -1992.1317083575134 -5532.400460466555
-2496.4264672502063 -3681.3894237512877 -5311.713805596493
-1107.2887062183177 -5043.539533333376 -4619.05806902709
380.23651561753155 -5957.549022170118 -3515.978752622159
1833.976054400288 -6342.204136113775 -2100.4892944281423
3124.758772478238 -6163.326580259295 -498.3621445787296
4137.892960843471 -5436.810410435582 1148.046668842731
4783.357200793606 -4227.209776595155 2692.446497617708
5003.7991620359 -2642.0030032996815 3997.6106394725143
4824.635880198386 -376.8015415551809 4957.820687564602
4007.7209896649547 1451.7881503231868 5461.644476148159
2834.7025016058865 3151.3800939780062 5480.177184993936
1409.808256392155 4570.958086679061 5011.772101591549
-140.35363924367687 5584.386394059544 4098.049073163137
-1678.0444981009116 6101.617463651795 2820.1964005920318
-3066.633739324879 6076.693045091376 1291.7569016002806
-4182.739115109331 5511.827782346398 -351.4608668804485
-4927.189764868054 4457.2124328821155 -1963.4497949782524
-5233.837981402108 3006.5541986016665 -3400.977592334733
-5075.436724968911 1288.7504297296834 -4536.31360566793
-4466.060642335028 -543.5644704118706 -5268.578247853158
-3459.855472645333 -2327.5812819639987 -5532.7065919418255
-2146.2269608854645 -3904.782282191366 -5305.2296754534855
-641.8967650890535 -5135.0262407912205 -4606.359820684154
919.4687752030997 -5909.000583205304 -3498.1946811699077
2399.1354797962013 -6157.934292579647 -2079.199592659206
3665.628468576758 -5859.708516408748 -475.4584959236211
4606.414281578691 -5040.821923647665 1170.5291746900125
5137.899970746251 -3774.036181687824 2712.5101913497792
5212.860700210355 -2171.9107629000055 4013.472773853222
4828.386163699702 69.83294696638171 4967.986228037556
3849.7638143743316 1819.0974586583268 5465.27947663213
2529.07305573154 3406.7271781708 5476.958659743992
983.6630574327554 4691.654237726766 5001.986030700414
-649.1497202531923 5559.707229275238 4082.5649919749494
-2224.2826965480117 5933.755835129287 2800.390137671139
-3601.7783941506946 5780.5641951735215 1269.3883303255543
-4659.240275288961 5113.744058888437 -374.40420078841055
-5302.70821122862 3992.5453216749565 -1984.9292756165275
-5475.007252048924 2516.591411634085 -3419.084673587482
-5160.8278718510965 817.0273107900243 -4549.439393904228
-4388.086287319218 -955.1332520830232 -5275.556459186643
-3225.443979359513 -2642.4260339752827 -5532.917181672132
-1776.2068192059867 -4094.9276666531455 -5298.653931758927
-169.14588841074033 -5183.577005854826 -4593.582027249151
1452.9443968542848 -5811.642780333281 -3480.350201015604
2945.9341963173615 -5923.318589804861 -2057.873986156513
4177.164814418343 -5508.6815485167945 -452.54663679618704
5037.236007572407 -4604.573977192204 1192.9914672116993
5449.726675907535 -3291.329801154033 2732.527044000979
5377.9852133566765 -1685.6365285203512 4029.2656014333884
4791.000030421828 514.0569704504136 4978.065978659679
3658.3411964468196 2169.7057762132818 5468.82009973873
2200.6226928015694 3632.566702162659 5473.645555434279
547.3692056273245 4772.658135368436 4992.11358283162
-1154.5204375571302 5488.677948781496 4067.0104108647442
-2753.8258733351354 5717.0046397788665 2780.535516111322
-4108.441795301512 5437.350379870262 1246.997838572288
-5098.0046341555135 4674.563677291055 -397.3410692837975
-5634.587389039941 3496.4214779997396 -2006.3744794314305
-5670.5123274286925 2007.6068865952025 -3437.13271225222
-5202.587360891935 340.4076130789922 -4562.486619980919
-4272.389676161335 -1357.0383707135172 -5282.443569381579
-2962.571419630513 -2933.905540003331 -5533.032226020899
-1389.5156914350173 -4250.082326831421 -5291.986688066273
307.00460373368577 -5188.620647741475 -4580.724909375886
1976.246192593139 -5666.127254213022 -3462.445620307283
3469.889634627099 -5640.17358875784 -2036.5128431820617
4655.218155264598 -5113.065748447414 -429.62696285069984
5426.910113718457 -4131.639578067971 1215.4331585168334
5716.397292965656 -2783.099099775544 2752.4967099095757
5497.957486736524 -1187.2680530388216 4044.9888494939983
4712.944213962745 952.0994493471952 4988.0597653684345
3435.181609234421 2500.581087119504 5472.266284326579
1852.188043479384 3826.875121681923 5470.237929277258
104.61944186791018 4813.134507718001 4982.154928467902
-1652.2450562684164 5371.725770650465 4051.385598437379
-3262.3003303972823 5453.015625430365 2760.6328787728417
-4582.485903801146 5049.7811117258625 1224.5858129915027
-5495.497494744134 4197.851385645107 -420.27107628047645
-5920.21001668557 2972.924141982395 -2027.7850360957023
-5818.885898230751 1483.8395418418627 -3455.1213966657365
-5200.528231957968 -137.09071331390464 -4575.455058591525
-4120.080810133473 -1745.8398569790493 -5289.239459507656
-2673.546127651775 -3199.463467859597 -5533.051723001477
-989.4551390643192 -4368.800709006624 -5285.228059509069
782.5532807813931 -5149.950834992306 -4567.788689087958
2485.0284074511637 -5473.505229101922 -3444.4812482308866
3966.6978547513413 -5310.714663523767 -2015.1165326115258
5095.908790090049 -4676.043794404098 -406.69986987638737
5772.3258664018795 -3625.8859136714104 1237.8538610702738
5935.8464580490645 -2253.5521575707758 2772.418844228633
5571.941042865456 -680.9804027192155 4060.642246517581
4595.0296458510065 1380.2539674831476 4997.9674155857565
3182.28675767292 2808.8673121240768 5475.617970885113
1486.7837258401337 3987.9004695716403 5466.735840117645
-340.8265646764077 4812.59116968477 4972.110239580637
-2138.152919228728 5209.662024662931 4035.6908245104905
-3745.4950037780336 5143.831546524557 2740.682569345113
-5020.033420407562 4620.949062144546 1202.152640606077
-5848.519837580083 3687.4749748920326 -443.19382581079753
-6157.339601377041 2426.3525539029692 -2049.1605758803116
-5919.052720551868 949.6380606268343 -3473.050416189778
-5154.832030170616 -611.4559417540188 -4588.344485790092
-3932.581892300981 -2118.2194003797613 -5295.944012209797
-2360.9045954489834 -3436.769769629077 -5532.975672277182
-579.4505646322149 -4449.948062831105 -5278.3781627989365
1253.4901917290795 -5067.728942375183 -4554.77358977496
2975.052843704139 -5235.21986602706 -3426.457395004803
4432.26899471171 -4937.53853019846 -1993.6854239278705
5495.658594847032 -4201.135227930787 -383.76575379057863
6070.734811529697 -3091.4426242831705 1260.253187699296
6106.399599227027 -1707.0617768954878 2792.2931029320685
5599.483985039766 -171.0009993134178 4076.2255221928745
4438.403584888005 1794.9100587349624 5007.78875822103
2901.913908146254 3091.908801976541 5478.875101535615
1107.5764458262502 4114.177879544227 5463.139348431397
-785.1740442245488 4770.884197742143 4961.979689626906
-2608.1583747664786 5003.6765182902245 4019.9263601098532
-4199.3963879958965 4791.870221915492 2720.6849323407782
-5417.499603404376 4154.28522754746 1179.6987088040455
-6154.234204744944 3147.573759931402 -466.1089220324222
-6344.138089581958 1861.186550845493 -2070.5007296610133
-5970.337464368175 409.4247490343239 -3490.9194612164188
-5066.046155050863 -1078.716238459465 -4601.1546789950235
-3711.614412879909 -2471.0085542978923 -5302.557111710192
-2027.389441972989 -3643.740916244529 -5532.804075161301
-163.02202209478673 -4492.710907489181 -5271.437116223566
1715.83061985694 -4942.483818666359 -4541.679836188601
3442.224181435727 -4953.0953528220325 -3408.374371874585
4862.761018541898 -4523.602628578538 -1972.2198872149795
5851.220199275405 -3692.1679592826695 -360.8250106318764
6319.772787646376 -2532.667963992334 1282.6307516003283
6226.785829968898 -1148.1293056709742 2812.1191428205175
5580.521625499137 338.42567994173345 4091.7384074195165
4244.538913816903 2192.5836000541867 5017.523623674033
2596.556034102192 3347.273075591347 5482.0376200322
717.8577559590113 4204.542649096277 5459.448516324658
-1224.6253340679852 4688.22015689749 4951.763453546474
-3058.2950889832805 4755.328729843076 4004.0924774646924
-4620.221904135474 4399.905476725698 2700.640313089759
-5771.621727595366 3653.5313133340833 1157.2244053319835
-6410.187632213639 2582.52485949464 -489.01596923520736
-6479.180235064636 1282.049738665441 -2091.805128924587
-5972.469240616006 -132.3411276268009 -3508.728223173419
-4935.0781443890755 -1534.9729039599347 -4613.885416993106
-3459.1836977994644 -2801.2156016585777 -5309.078643810294
-1675.925599282754 -3818.558000217666 -5532.536934617063
256.245843408598 -4496.60476299165 -5264.405039644669
2165.6487183967233 -4775.108459548842 -4528.507654438851
3882.624200962467 -4629.322814256793 -3390.2324911076057
5254.611484656992 -4072.201521469478 -1950.7202931512431
6159.703478457071 -3153.24725293756 -337.8780365533675
6517.478786782751 -1954.1131281844982 1304.986166345604
6296.147503418217 -581.3474765080063 2831.8966215273276
5515.375884186767 843.0734496575628 4107.18063431268
4015.220700454487 2569.946055353079 5027.171843837894
2268.919950158845 3572.771609222802 5485.105471762804
321.01570530037196 4258.140726763123 5455.663407532697
-1655.4121937282525 4565.155354187741 4941.461707758785
-3484.749454687345 4466.535894538482 3988.189450002988
-5004.4514340263795 3971.0451195895566 2680.5490577332926
-6079.485941778788 3122.7095591206194 1134.7301182881988
-6614.331444219527 1996.907550538619 -511.9145718479168
-6561.464571325909 693.6715428068454 -2113.07340577521
-5925.582776756982 -671.2002256307668 -3526.4763945295003
-4763.186948481501 -1976.4329085073973 -4626.536479943074
-3177.561056931793 -3106.050854030196 -5315.508495892783
-1309.594920976694 -3959.68255049274 -5532.174255257593
674.7344707698511 -4461.47907556335 -5257.282054495924
2599.1107437650294 -4566.853605891714 -4515.257271990003
4292.544621167085 -4266.443152029643 -3372.0320659875783
5604.567071456608 -3586.9405011323583 -1929.1870130032007
6418.599142209736 -2588.722445680342 -314.92522781571796
6662.310511619143 -1360.4850405082861 1327.3190458897973
6314.046355003073 -11.362569096820259 2851.6251975242967
5404.751471008932 1338.7695164427314 4122.551936207723
3752.530143379693 2923.8523250083435 5036.733252101966
1921.902624538117 3766.4784997545344 5488.078603750122
-79.49437662439622 4274.43653087887 5451.784087418802
-2073.8279535684997 4402.592118178865 4931.07463015992
-3883.8928159939583 4139.558075321386 3972.2175523467467
-5348.856757535477 3508.706131320204 2660.4115132179513
-6338.551303098718 2566.090249847973 1112.2162361161056
-6765.0377491074 1395.4659885751591 -534.8043344452279
-6590.4209032287135 100.84845031584712 -2134.3051929408994
-5830.216238512384 -1202.729915320186 -3544.1636687997325
-4551.971275521691 -2399.4404498867107 -4639.107649379614
-2869.2636887039657 -3382.9501707098307 -5321.846556923527
-931.609431588595 -4065.869923033079 -5531.716043345837
1088.8224118240732 -4387.519289918568 -5250.068283780854
3012.5076057277215 -4319.318313583524 -4501.92891765676
4668.518278690594 -3867.326950070367 -3353.773410809204
5909.710615136765 -3071.7066155586826 -1907.6204186190728
6625.799229090175 -2003.1516682921542 -291.9669807803108
6753.156504697926 -756.6079046115302 1349.6290045768135
6280.466189124085 557.1637917128678 2871.3045301278803
5249.728891274648 1821.429040070592 4137.852047664746
3458.8260441722687 3251.3669680407934 5046.207683354738
1558.5658751229341 3926.7468435711467 5490.956964652509
-480.1797115847963 4253.218029805517 5447.8106229731575
-2476.259223684209 4201.772129151769 4920.6024001195065
-4252.312236874699 3776.9803356496072 3956.1770603072637
-5650.528646853975 3016.587264319784 2640.2280272896564
-6546.67078962374 1988.157176479976 1089.6831475974961
-6861.112503143876 783.070598625861 -557.6848617544284
-6565.914261263392 -491.5952383648738 -2155.500123779756
-5687.305723229495 -1722.580681096744 -3561.78974055079
-4303.3551133566125 -2800.507270892325 -4651.598708217023
-2537.0325166991065 -3629.59649984541 -5328.092717453489
-545.2834473490634 -4136.1801515653415 -5531.16230679444
1494.9164492349205 -4275.246045491063 -5242.763852070723
3402.2864589716087 -4034.437566666656 -4488.5228216003115
5007.348386140473 -3435.1516052062675 -3335.456840872742
6167.4854348142935 -2530.637348708782 -1886.0208824223785
6779.614337040827 -1401.264858259446 -269.0036919024844
6789.344753573809 -147.38383580418514 1371.915657146241
6195.81209420305 1119.5928872455643 2890.934279504795
5051.754340388826 2287.0888690110846 4153.080704473224
3136.723968854882 3549.7885782778517 5055.594973986636
1182.10966812944 4052.2226921875963 5493.740504764889
-877.540264212183 4194.599037010094 5443.743082811675
-2859.216893056505 3964.266849699561 4910.0451984776055
-4586.83955348609 3381.692155894696 3940.068250880354
-5906.9013905746015 2498.639273726996 2619.998948487659
-6702.109117100767 1393.5713269908058 1067.1312418458292
-6901.80503685111 164.67845226443907 -580.5557586623297
-6488.245291004696 -1078.8468256251101 -2176.65783228636
-5498.176477857041 -2226.5118286165466 -3579.354305406172
-4019.5705563017373 -3176.341484749178 -4664.009440752998
-2183.8081512241633 -3843.9392608168373 -5334.246869620619
-154.00480842610463 -4169.9861647113175 -5530.513055165624
1889.4825374395793 -4125.511498188324 -5235.368885502374
3765.0810679962397 -3714.4670305422815 -4475.039215324293
5306.135622875267 -2973.375866562496 -3317.082672478541
6375.716742069214 -1968.0872083935465 -1864.3887774055013
6878.787449358227 -787.9253649503768 -246.0357577246007
6770.647704710245 462.24710492214916 1394.1786187402743
6060.906199000691 1671.3468909843373 2910.5141066779843
4812.626579661173 2731.94017119753 4168.237643656558
