392.1293026392903 4162.77288878677 5524.186205646316
-1664.122442435037 4047.3916380449564 5371.070114337307
-3572.509605617943 3572.381878577204 4740.71087281647
-5163.4636126415435 2779.950312058203 3689.118665978881
-6295.621218195101 1740.50796070182 2309.7320762384497
-6868.385250633352 546.4138389437173 725.1156554319887
-6830.863112140621 -696.231550302186 -923.9304734772658
-6186.388809385164 -1877.0137109419081 -2490.881325215968
-4992.226712395718 -2891.0149662254303 -3836.5064401565614
-3354.4833639838184 -3648.1368547496204 -4841.241121658053
-1418.6794477741958 -4081.105774144407 -5415.810284063489
643.1803631423767 -4151.450535868766 -5509.16093583792
2647.8907762432314 -3852.9206991405795 -5112.998461908594
4417.3244737975965 -3212.0419500297558 -4262.523636614511
5794.259506745868 -2285.7591778448696 -3033.30488043036
6656.349154830756 -1156.3766718195136 -1534.5636741807295
6926.9929696017825 75.7549761724116 100.53024884157635
6582.14306041574 1301.1554620862125 1726.69161808462
5652.440855052691 2410.9425751669587 3199.428859599488
4220.494474390096 3306.5068601968787 4387.8828064766285
2413.5386383430045 3908.2735003319503 5186.454110091788
-0.8927165918778817 4179.544230099295 5525.439890177101
-2038.0041985044566 3880.337034285006 5365.500921208943
-3894.030063745815 3236.344864395889 4728.813649278397
-5404.054269153858 2304.789250839706 3671.950532552593
-6433.904537446062 1168.4429979453619 2288.8184969199697
-6892.074152861163 -71.72454294406182 702.3148935214795
-6737.8527344253025 -1305.5190434349267 -946.5924702245318
-5984.943531956043 -2423.3124477406536 -2511.3909389384758
-4700.245832180412 -3325.783906533094 -3853.041301670109
-2997.9106635264397 -3932.744870267797 -4852.332035955119
-1029.1979763039153 -4190.264193712602 -5420.4717747371
1030.9634676741784 -4075.4601548745063 -5506.97880898511
2999.5192832407156 -3598.533596413509 -5104.166609076346
4701.554647317779 -2801.8615360065833 -4247.826806684916
5985.836248547916 -1756.231782358651 -3014.048951238636
6738.250030684869 -554.5531277518995 -1512.4596195388172
6891.940727272251 696.4000058718899 123.51838667669783
6433.252245457772 1885.4749428729085 1748.5212421845235
5402.941069771901 2907.017156929147 3218.1603120651407
3892.5548696204196 3670.2581393575742 4401.851715554874
2036.2980871075233 4107.380579441513 5194.419276909451
-393.6289479676138 4159.428541833381 5526.598158448224
-2395.1815020861627 3678.9003009066078 5359.83907373282
-4183.911668663463 2871.4856236562227 4716.8347660498885
-5600.882922686043 1808.9268474368994 3654.718989915014
-6520.1911499581265 585.6369824780674 2267.8653930560486
-6860.15178016885 -689.6892983995044 679.5020036607034
-6590.557819431341 -1903.7336584626464 -969.238120705325
-5735.363874250746 -2948.622928573816 -2531.8571846152354
-4370.557679613181 -3731.514111662613 -3869.5096267998338
-2617.4082552654954 -4182.8438904502345 -4863.339157579979
-631.6906211305604 -4262.509633463278 -5425.039661796769
1410.155496820481 -3963.4326898276836 -5504.701584668494
3326.703110513534 -3312.187358463027 -5095.2466147574105
4947.658553841365 -2366.639645004088 -4233.056623003625
6128.992822218381 -1210.8056132595705 -2994.7409738330016
6765.739181699342 52.61381075600139 -1490.3294469329899
6801.319923928953 1311.3582667940193 146.504391530102
6232.573543816595 2453.582786026397 1770.320671881781
5110.035653137647 3377.7957073496154 3236.836191612445
3533.4486696553026 4001.8766568625247 4415.744611096701
1642.8992655900088 4270.3733034667475 5202.29474370896
-782.635884957806 4102.623769541115 5527.660990458092
-2732.5062722124285 3444.7443403638536 5354.0846696807575
-4439.581485774727 2480.784259533711 4704.774429988712
-5752.180401543486 1296.3956105015886 3637.424335629649
-6553.672845607182 -3.1834776620204535 2246.8731264761236
-6772.84269701911 -1302.4796998649238 656.6773797948543
-6390.215752670262 -2486.044884896782 -991.8670338623677
-5439.7900956967305 -3448.7140720772836 -2552.279708824138
-4006.0152165949135 -4104.949879521294 -3885.911131161865
-2216.2883053904047 -4396.4428758940085 -4874.262296455753
-229.63445223091895 -4297.2926292717575 -5429.513866361775
1777.4234297434518 -3816.3090741806254 -5502.329302212402
3626.5494398908895 -2996.229710252015 -5086.238632987028
5153.4406174539245 -1909.9221878300104 -4218.213340630164
6222.4259806545415 -653.9096974638287 -2975.3812816339528
6738.521488807343 660.2055391574548 -1468.1735385188742
6655.869791165127 1915.6586163603106 169.4878664670594
5981.8148537744055 3000.897018770174 1792.0895307321339
4776.249415863712 3819.492551842655 3255.4561757362967
3146.293257128223 4298.709410116924 4429.561253192154
1236.77513521634 4395.967072726782 5210.080374492518
-1164.5042175557294 4009.647745840516 5528.628367853147
-3046.995187339463 3179.819086228908 5348.237808422889
-4658.747263209968 2067.449546399634 4692.632849359211
-5856.549200168641 771.3780415198546 3620.066868349895
-6533.971039649481 -593.2337874857434 2225.842059685899
-6630.820878397837 -1905.13419110964 633.8414160718137
-6138.493183222402 -3047.755061309745 -1014.4788189274844
-5100.733430384038 -3919.5695194596774 -2572.6581588980835
-3609.7511280560657 -4443.113025058108 -3902.24553152624
-1798.0265968684218 -4571.8664400997695 -4885.101263955825
173.46048796076235 -4294.389458633153 -5433.894311169149
2129.5348472157925 -3635.3371281492527 -5499.862002582676
3896.390689985968 -2653.2691404150655 -5077.142819319872
5317.0351209219825 -1435.4465458751567 -4203.297215886215
6265.237647939766 -90.0782263808388 -2955.970208955063
6656.746315395547 1263.2939388292114 -1445.9922768966437
6456.773860078384 2504.4168937001477 192.46841459663182
5683.088712207879 3523.0114171133046 1813.8274428192615
4404.436192433665 4228.570915634992 3274.019942896782
2734.430188411867 4558.403331524691 4443.3014032480405
821.4580623004277 4483.201607184891 5217.776034813682
-1535.888413743183 3881.333565852976 5529.500273928199
-3335.8557480257628 2886.3452568973125 5342.298590925953
-4839.417659934444 1634.8925053487803 4680.410233828717
-5912.976075323351 238.17238009241137 3602.646887813783
-6461.1406177516565 -1179.7104063374259 2204.772555861144
-6435.204462044147 -2492.770746090348 610.9945068352317
-5837.4721494543755 -3584.337465708896 -1037.0730854282133
-4721.054819061016 -4357.420071893312 -2592.992182931064
-3185.151049986216 -4743.326782466997 -3918.5125458217613
-1366.2326323150432 -4707.768092671757 -4895.855872907086
574.0815503505204 -4253.903548142637 -5438.180920575021
2463.386067952052 -3422.0610054127965 -5497.2997283859695
4133.80792302431 -2286.153324884678 -5067.959330827324
5436.922803218611 -947.1108888219186 -4188.308506351461
6256.943232804197 476.0865060403358 -2936.508090997134
6521.0067980120175 1856.9815255696979 -1423.7860451041981
6205.65029224948 3072.875587322988 215.4456390783882
5338.894524972826 4015.731168050223 1835.5340327612384
3997.7545497996084 4601.771411750231 3292.527172524833
2301.3965390198136 4778.924070975011 4456.964823992087
400.5493462357865 4531.4483545308085 5225.381591779654
-1893.535739585934 3718.822238706709 5530.276693626706
-3596.5107451888884 2566.7957524234494 5336.267119751537
-4979.919988054364 1186.6981993397367 4668.106794463899
-5920.84148596229 -298.842696494575 3585.1646948388966
-6335.670234657574 -1757.830107295771 2183.664978841338
-6187.546879372658 -3060.6265989533817 588.1370466177914
-5489.632830253252 -4091.472985955366 -1059.6494431946417
-4303.940813308972 -4758.77404302176 -2613.281429784247
-2735.8247675690136 -5003.237142829759 -3934.7118931408713
-924.6186852613096 -4803.140666152772 -4906.525937593188
968.7438248541265 -4176.264063052477 -5442.3736205559235
2776.0291948690347 -3178.308070716984 -5494.642523869012
4336.652188516333 -1897.945458523075 -5058.688326094789
5511.944604129325 -448.94206334288697 -4173.24747085895
6197.476552894907 1039.9518043150622 -2916.995263842448
6332.335512757899 2436.441390406321 -1401.5552266106508
5904.538673315674 3616.4424668130205 238.4191431292724
4952.097661108161 4475.106759547046 1857.2089257170214
3559.641039788542 4936.138178012765 3310.977545027682
1850.8946908563057 4958.57205747644 4470.551279476991
-22.311773876042352 4540.415049298283 5232.8969140536055
-2234.314468139688 3523.55267917675 5530.957613541037
-3826.6209216743364 2223.8748502450994 5330.143499054331
-5078.915313468905 726.5959815551397 4655.7227437271795
-5879.925791209037 -835.2441287099668 3567.620591317114
-6158.479058770909 -2322.8691327306888 2162.5196931234423
-5889.824435920781 -3604.097020565008 565.2694301343806
-5097.833064870283 -4565.085071802851 -1082.2075023661437
-3852.876854534143 -5120.445280865148 -2633.5255490920304
-2265.575627601033 -5220.831456018578 -3950.8432937446
-476.9680638407249 -4857.323845063285 -4917.111273757714
1354.0202055317354 -4062.221694459512 -5446.472338710062
3064.697837622899 -2906.173319536722 -5491.890434917835
4503.063617636312 -1491.8986916415531 -5049.3299652189435
5541.312433853539 54.93768209552979 -4158.114369490778
6087.191322673803 1596.8926016883777 -2897.432064449007
6092.196549275374 2996.9566057734833 -1379.3002053097289
5555.88337730962 4130.727863508158 261.3885300305558
4525.905585677301 4897.465823169474 1878.8517473929435
3093.7812211480173 5229.042452267419 3329.370741794397
1386.760818284487 5095.995712206567 4484.060535084555
-443.47936898325423 4510.147389707321 5240.32187185692
-2555.241034370763 3297.2491263561346 5531.5430219127
-4024.105630019283 1860.4953745945816 5323.927834580296
-5135.410780943917 258.4284441508098 4643.258295472946
-5790.41214760266 -1366.6009876502983 3550.0148802094227
-5930.90998414174 -2870.2019244690246 2141.3370638555916
-5544.420441220059 -4118.772824624992 542.3920522752708
-4665.284810807622 -5001.37268437621 -1104.7468733980397
-3371.6181516897473 -5439.578632958078 -2653.724191268131
-1778.3684236917036 -5394.45414880397 -3966.906469067235
-27.102857007342518 -4870.008740356513 -4927.611698607426
1726.5709174610317 -3912.8416836470406 -5450.477004258574
3326.8312889813387 -2608.001472122612 -5489.043509056985
4631.488100916984 -1071.4288847741666 -5039.884409805004
5524.616870135415 560.3448608747035 -4142.9094635734
5926.859186060504 2142.329506601936 -2877.818830644571
5802.4740537109765 3533.9587742093922 -1357.0213655130494
5162.513637951256 4611.580296205702 284.35340313448165
4063.8412301416292 5279.442671297335 1900.4621240491465
2604.0786951604077 5478.203396591646 3347.7064452013974
912.9323403030605 5190.201709399154 4497.492357529742
-859.3320593277905 4441.027823501507 5247.656336971438
-2853.505902398235 3041.9060983278996 5532.032908632552
-4187.161306142578 1479.7540319661293 5317.620233664861
-5148.769052781436 -213.88067392946965 4630.713664944011
-5652.886074079828 -1888.5111433465431 3532.347865540687
-5654.719360414291 -3395.3391100826266 2120.1174568307906
-5154.106016248767 -4600.476296687604 519.5053080992691
-4195.527734117829 -5396.840975474199 -1127.2671670683812
-2864.158401040315 -5713.672649943376 -2673.8770075115217
-1278.2960248782704 -5522.819435425656 -3982.9011417212723
421.148562803935 -4841.239477576467 -4938.027030815332
2083.172252500977 -3729.4941467150957 -5454.387548046748
3560.0969457124625 -2286.3668943025864 -5486.101795448705
4720.691402069265 -640.0859097754507 -5030.3518229638585
5461.831710939223 1063.0695168060038 -4127.633015673286
5717.664303438543 2671.7665516154693 -2858.155901121031
5465.4573310208425 4043.0654034595336 -1334.719091943576
4727.620489977494 5055.120151505933 307.31336587132574
3569.713821578835 5618.005290061637 1922.039682506074
2094.6224147018343 5681.706004385223 3365.984338617919
433.41461417949847 5240.562206463067 4510.846514864604
-1266.3039768213828 4333.771458668225 5254.900182741685
-3126.4979224650906 2759.7710129464413 5532.427265240964
-4314.277597101356 1084.905120962068 5311.220805231053
-5118.714774339762 -686.3593520474653 4618.089068767772
-5468.331680768292 -2396.6377845891957 3514.6198523943913
-5332.063319982238 -3893.964432498487 2098.861238480594
-4722.017733841278 -5045.2952521988545 496.60959282693
-3692.4001498150355 -5748.329447827793 -1149.7679944846586
-2334.696608646543 -5940.5993458889625 -2693.9836498125806
-769.5450281524915 -5605.02092217706 -3998.827035502131
863.9840051856224 -4771.411792300556 -4948.357090523901
2420.7442681316593 -3513.8417856823685 -5458.203902545217
3762.410779592943 -1944.0515161656162 -5483.065344892085
4769.770582219638 -201.52373810799278 -5020.732369309349
5353.315336822687 1558.9103084528922 -4112.285289592378
5461.194531111628 3180.828332942514 -2838.443615428384
5083.822625253845 4520.115801214982 -1312.3937697289273
4254.730769154134 5457.771144348022 330.2680217561367
3047.587412636628 5910.479570271571 1943.584050150836
1569.6525403892804 5838.01594866411 3384.204106411511
-47.752848378357655 5246.818990306835 4524.122776482407
-1660.9151870076453 4189.41913937492 5262.053284077047
-3371.826968052485 2453.3246248572814 5532.726084927975
-4404.2510008664285 679.3328390383019 5304.729659787648
-5045.338004516206 -1155.0206507322596 4605.384724952522
-5238.124585363579 -2886.745486960643 3496.8311469073756
-4965.480809670275 -4361.970318398657 2077.5687758687814
-4251.6322733841325 -5449.614944855515 473.7053018338135
-3160.0075516269085 -6053.037368220657 -1172.2489670905297
-1787.6022914429043 -6118.620858102434 -2714.0437709590237
-256.36072290073963 -5640.538033616434 -4014.6838753929073
1297.6596208916399 -4661.2686517501725 -4958.60169934812
2736.3772126823683 -3267.8250945353366 -5461.9260018511195
3931.955680732651 -1584.020937056817 -5479.93420982218
4778.162631446539 240.5304320405829 -5011.026214955358
5199.808863735068 2043.709616700772 -4096.866550363407
5159.429259495388 3665.296233245149 -2818.6823139689523
4660.611723767166 4961.205194578122 -1290.0457843947472
3747.6783836245595 5816.2893024824325 353.21697439560484
2501.7473726812045 6154.570581495986 1965.0948549437553
1033.5251289376097 5945.991255455479 3402.3654339534187
-526.5303580623984 5209.084512814922 4537.320913121528
-2039.8013121081444 4009.327751519901 5269.115517453933
-3587.344658349523 2125.2594476172508 5532.929362533406
-4456.1958971186705 266.5224209874685 5298.146909427226
-4929.094574735224 -1615.8962923614195 4592.600852883685
-4964.021568411295 -3354.7355288899303 3478.982056264536
-4557.873461484176 -4795.491791662173 2056.240436685004
-3746.7382956059446 -5810.147564076137 450.79283064346737
-2602.6889898729473 -6308.546228009307 -1194.7096966724725
-1227.3793456772332 -6246.4028749847275 -2734.0570245419194
256.9883396474836 -5629.239214630218 -4030.471387569219
1718.5214832197007 -4511.892946546453 -4968.7606803785875
3027.356451400581 -2993.6451900459324 -5465.553781689253
4067.1975135395523 -1209.3989210142945 -5476.708444309109
4745.650227998218 682.3077495091854 -5001.233527512961
5002.431093756244 2513.3883822305547 -4081.377064245441
4814.724004026753 4121.143427367493 -2798.8723379914727
4199.207557471216 5362.716793642766 -1267.6755218580304
3210.573091515517 6127.789238907867 376.1598274949068
1936.6651170107089 6348.380718935854 1986.571725424717
490.6759479446188 6004.890712676472 3420.468007624113
-998.9119323922647 5127.839814566943 4550.4406968694775
-2399.7421038832836 3795.15784577877 5276.0867609179095
-3771.162987756267 1778.4563470617466 5533.037094546951
-4469.552870176915 -149.96964566816962 5291.472667824244
-4770.8033657726355 -2065.0701772495077 4579.737673320026
-4648.147045993725 -3796.6801611710407 3461.0728886935617
-4112.482463120939 -5190.938451316044 2034.8765892384909
-3211.405766067818 -6123.959080003444 427.8725749207384
-2024.9815736774929 -6512.839069880759 -1217.149795366586
-658.6288819806721 -6323.024727275671 -2754.0230649616715
766.2458762254175 -5571.381889515142 -4046.189299403798
2123.036325714189 -4324.697321264507 -4978.833858184581
3291.1856808718085 -2693.744417397919 -5469.087179413168
4166.898745153511 -823.4405007428361 -5473.388104057125
4672.364569794361 1120.0297180123403 -4991.354476087538
4762.670298074797 2963.980381152693 -4065.8170987192248
4429.791869736935 4544.56838021394 -2779.0140295852666
3703.306993951526 5721.35153518333 -1245.2833684204688
2647.767040058456 6389.767498514026 399.0961848645496
1356.9613651219142 6490.424578568945 2008.014290719602
-54.41628203257674 6014.378952058883 3438.5115148186414
-1460.958803726536 5003.929361991098 4563.481901166789
-2737.688724397299 3548.8586887280762 5282.966894085811
-3921.670702088419 1415.9595077546194 5533.049279108237
-4444.094248149943 -566.5460749461172 5284.707050233088
-4571.640517676958 -2498.711552641397 4566.7954083898185
-4292.9764648944065 -4208.855543469438 3443.1039534595616
-3632.8626137890765 -5545.024249001884 2013.4776024516034
-2649.9529768935995 -6388.4932160724 404.9449304649009
-1431.5833888740108 -6664.316525454182 -1239.5688756651903
-86.01133435276836 -6347.986065677994 -2773.9415474339826
1267.2032046802847 -5467.609186288284 -4061.837339471332
2507.82117794778 -4101.411236489187 -4988.821058817044
3525.6082341626643 -2370.784899581251 -5472.526134006259
4230.129526895294 -429.5039203273588 -5469.973246403641
4558.785247545608 1549.9403670945164 -4981.389231275851
4482.372893051951 3391.665651098808 -4050.1869224826064
4007.682036441182 4932.026557923391 -2759.10773167424
3176.8910434696913 6034.155261234416 -1222.8697107617907
2063.8193397291866 6600.12278913058 422.0256504272122
767.3682307317464 6579.640443050691 2029.4221805466923
-597.2669131062223 5974.5281693292445 3456.495643952045
-1908.8322706520185 4838.552848977875 4576.444300810958
-3050.7895041779366 3272.6508743553845 5289.755798147797
-4037.547280514691 1040.94998831569 5532.965916006852
-4379.926806064574 -979.5996467994479 5277.85017348607
-4333.130613903425 -2913.107554394247 4553.7742815870515
-3901.3167510664643 -4587.773071819163 3425.0755608597487
-3122.853774250678 -5854.794818702442 1992.0438458535239
-2066.911535174661 -6601.592352600137 382.01029320279224
-827.3151357064839 -6761.809435358446 -1261.9665504235918
485.79184418188817 -6321.210076073191 -2793.8121279958464
1755.734086852293 -5318.943461355321 -4077.4152375530725
2869.6716509937232 -3844.0653782971367 -4998.722109811648
3728.626295597764 -2027.6252169741704 -5475.870586082811
4256.2761310309525 -31.021657036351 -5466.463930318251
4405.73715386189 1968.3383132654594 -4971.3379651630785
4163.7290963131545 3792.802786523197 -4034.4868054458516
3551.755436332813 5280.26008775749 -2739.1537880110222
2624.192719212301 6298.5431081547895 -1200.4349359330174
1463.45896290971 6757.17293269138 444.9478282245846
172.69045546869367 6615.398288793341 2050.7950252230726
-1133.4223567802799 5885.816475738796 3474.4200844647353
-2338.825618687236 4633.254039334695 4589.327671960301
-3336.413960606657 2969.006648835264 5296.453355869431
-4117.7744028266125 656.7180935320555 5532.787006682356
-4277.491604859236 -1385.544218198514 5270.902155991419
-4057.134906337393 -3304.6948457815233 4540.674517767517
-3476.2839669441964 -4930.208833902366 3406.988022218064
-2586.549941667074 -6117.6521312659 1970.5756895738389
-1466.9896031853925 -6761.515189892251 359.06905918202995
-217.0808006828484 -6804.587951476007 -1284.3424328667197
1052.1165836037796 -6243.043212128739 -2813.634463511342
2227.828792299642 -5126.776686239934 -4092.922724641519
3205.588636134029 -3554.9735532898308 -5008.536840191735
3898.5178621538994 -1667.295419385422 -5479.120477889032
4245.046667757546 368.52922933680776 -5462.860216401709
4214.384447850474 2371.6084387685655 -4961.200851319905
3809.255675230358 4163.959830783548 -4018.717018726986
3065.6578192228303 5586.325118596669 -2719.1525431710143
2049.6628125596126 6512.32090443847 -1177.9794313499192
851.5462702033543 6859.668399071352 467.86232242423057
-422.2338952097106 6597.504253287795 2072.1324556709797
-1658.4967260904652 5749.122901929082 3492.2845268278597
-2747.3948446650847 4389.9067511236635 4602.131792137873
-3592.1748745475115 2640.628120692458 5303.059451593707
-4161.644803240328 266.634801317033 5532.512554224252
-4137.560962542758 -1780.8456157934381 5263.863117731225
-3745.836672936048 -3670.090084828429 4527.496343144963
-3021.278356605486 -5233.230943901349 3388.8416498798238
-2028.2661996288464 -6331.376267952897 1949.0735043362404
-855.0336899155532 -6866.95102580973 336.12162456416274
394.17231540026665 -6792.367049905134 -1306.6961365958732
1608.3543806960504 -6114.251453804638 -2833.4082116778113
2679.6271011200597 -4892.857784083032 -4108.35953294506
3512.8031942597017 -3236.712228292923 -5018.265080471283
4033.8513079064555 -1292.9705869413515 -5482.2757533040485
4196.474030580835 765.6571651679347 -5459.162166884878
3986.221619715149 2756.252918120935 -4950.978064799411
3421.7759246923297 4501.943503682162 -4002.877834647153
2553.290422544273 5847.616652487594 -2699.1043425464363
1457.9338614227063 6673.703399876484 -1155.5035847861743
233.033478676344 6906.802313121369 490.76873732632475
-1012.5729513009727 6526.2015308427 2093.4341034242284
-2168.2078309519875 5565.719102784971 3510.088662548639
-3131.187929799591 4110.698107688792 4614.856440235242
-3815.948240092583 2290.4235462229744 5309.573971243009
-4168.768434374973 -125.87750929788027 5532.142563371931
-3961.2325782941957 -2162.052145643211 5256.733180259376
-3401.7238240491324 -4006.1189608385966 4514.239985287179
-2539.956979818171 -5494.224525799996 3370.636757206319
-1452.5038115127697 -6494.144130636836 1927.5376614519282
-235.98930534645808 -6917.030530384493 313.1683856178143
1001.4938862218889 -6725.308412618977 -1329.0272755952583
2149.9899510158843 -5936.013128862419 -2853.133031031548
3107.4499735866366 -4619.277028841871 -4123.725395892626
3788.7994291846144 -2892.0978934453683 -5027.906662657808
4133.4974286271 -907.943168453706 -5485.336357840872
4110.916041981382 1156.8862914980427 -5455.369845627663
3723.0617245477033 3118.921327538355 -4940.669782134182
3004.397034500699 4803.826516466042 -3986.9695267258685
2018.7784833590852 6061.890638160287 -2679.009532340378
853.7826047075671 6781.329174485091 -1133.0077843667616
-387.07560513548543 6898.21685428398 513.666677370633
-1593.5404488089193 6402.167694253684 2114.6996006345407
-2658.4122304686016 5337.257839138791 3527.832184175721
-3487.072419201249 3798.109202846139 4627.501396516373
-4005.890920722584 1921.481896152954 5315.99680232112
-4139.0758881526635 -517.3747769426977 5531.6770405145935
-3749.920854613276 -2525.824458342854 5249.512466699457
-3027.56889688488 -4309.843552221185 4500.905673112058
-2036.204156400983 -5710.914133047771 3352.3736585694246
-863.9137408861171 -6604.544931219162 1905.9685328134335
385.1392017295013 -6911.332928683695 290.2097387118113
1599.9708361158987 -6604.018665549685 -1351.3354642388085
2672.6380403570265 -5709.908362723028 -2872.808580953793
3507.829626033587 -4308.447644348287 -4139.020048138244
4031.3351555802974 -2524.162445462135 -5037.461420255301
4196.638865330756 -515.594336192251 -5488.302238647341
3989.05279525026 1538.7865924967982 -5451.483318117899
3427.0218786419196 3456.4395795887835 -4930.276181333181
2560.4850288784282 5066.972741699058 -3970.9923696763417
1466.4378477956345 6227.283139665714 -2658.868459560796
242.09122857967495 6834.272102691145 -1110.4924185611949
-1003.7662586954108 6834.005997683332 536.5557471432328
-2160.434708929762 6226.508469240006 2135.9285800779044
-3125.139054364132 5065.758338722362 3545.514785304452
-3812.1610803714116 3454.893349094903 4640.066442621359
-4160.455864994331 1537.0459238506296 5322.327833915156
-4072.819043921687 -904.42116741178 5531.115993691139
-3505.3454866154257 -2868.9645129580845 5242.201101742627
-2626.4065998680953 -4578.587771284663 4487.493636883669
-1514.0999609269363 -5881.383413331144 3334.052669346108
-267.25889593920857 -6661.592329077129 1884.3664908880244
1003.3292947990797 -6849.889532468195 267.24608030838283
2184.767274656375 -6429.543990654365 -1373.6203172967573
3172.0790944671794 -5437.90524968184 -2892.4345216765964
3877.537766294763 -3963.0847634209404 -4154.243225565659
4238.46019129284 -2136.126804219056 -5046.92918826709
4222.776828118357 -119.36460422423423 -5491.173344507039
3831.8812124146843 1908.0036646788092 -5447.502651470229
3100.506135054237 3765.8374348390043 -4919.797441878658
2093.6374812471513 5289.060022808377 -3954.9466394007004
900.7399494545058 6342.326417093607 -2638.681472014538
-372.1922796793535 6832.049276379027 -1087.957876176947
-1612.0535914247557 6714.714575503744 559.4355513834297
-2708.6768671914115 6000.748017555394 2157.120675160916
-3564.6223164754656 4753.588664398325 3563.1361605821894
-4103.835429853308 3084.0520976291814 4652.551361570265
-4278.404755903522 1140.4839678459814 5328.566956697454
-3970.5689379173887 -1283.618916182364 5530.459432590023
-3229.5174109959885 -3188.443390447678 5234.799211645452
-2201.509089603849 -4809.9606772184015 4474.004108208205
-977.8870244369208 -6004.091849653472 3315.6741059130377
332.6245942377663 -6664.733112723747 1862.7319087113297
1613.5810580154127 -6733.183591028989 244.27780695631355
2751.1637637045756 -6203.3611591818035 -1395.881449942304
3644.293495705259 -5122.342865339263 -2912.010514288686
4213.61175789395 -3586.181928879883 -4169.394665292887
4408.532124263118 -1731.3729903393735 -5056.30980319867
4211.735064866941 277.2760363980013 -5493.9496258401605
3640.706862062434 2261.2878704955842 -5443.427914424936
2746.185877584763 4044.3743538012795 -4909.233744723106
1607.654226445476 5468.100427327187 -3938.8326129851976
326.27544221213225 6405.9617815216025 -2618.4489183013316
-984.094346897973 6774.625319327581 -1065.404546352556
-2207.023034659255 6541.333667557764 582.3056949904505
-3233.848040430008 5726.815813255464 2178.275519927111
-3973.3314563001863 4403.445242228149 3580.6960057135925
-4359.766935600189 2688.8092372277197 4664.9559377668065
-4358.817990150051 735.2607318546071 5334.714062927504
-3833.21087204041 -1651.6378467886327 5529.707368549097
-2924.7222298654015 -3481.4277166575525 5227.306924227743
-1756.3591826347226 -5001.877455907593 4460.437320030138
-431.9359143716724 -6077.888432822528 3297.238285641119
930.866755402878 -6613.852350107141 1841.0651598809645
2210.9578289183855 -6562.146461671751 221.3053152840377
3294.5955967058926 -5927.3650626114 -1418.1184777582803
4085.4940876314413 -4765.9112659248785 -2931.5362207413405
4513.378499975433 -3180.9853384038192 -4184.474105676722
4540.229425961293 -1313.414904041385 -5065.6031030605545
4163.661042981834 670.8582083715098 -5496.631034704399
3417.1331044079066 2595.522624957849 -5439.25917734677
2366.977893665704 4289.56346605325 -4898.585272286138
1106.5063097599063 5602.457768750604 -3922.650568695493
-252.28321559102707 6417.549112713507 -2598.1711478077596
-1588.6562701100418 6662.413055061398 -1042.832818551021
-2783.870243326553 6315.29235994896 605.1657830304036
-3731.725128610174 5407.030224451007 2199.3927490633014
-4347.999859810779 4018.329725149285 3598.194017465802
-4577.935722584095 2272.582995618488 4677.279957002113
-4401.101906465797 324.90729386078607 5340.7690464537745
-3661.9368036455826 -2005.2443106414532 5528.859814555404
-2593.501246386759 -3745.3044664314066 5219.724368870338
-1294.6217219936773 -5152.577884381038 4446.793506628019
119.29062375234037 -6102.022145587761 3278.7455268899557
1522.603474079724 -6509.274960875911 1819.366618549931
2790.6263238998317 -6338.150130407562 198.32900199284333
3810.6897783795002 -5603.852846338798 -1440.3310167437571
4492.156723113521 -4371.628644769654 -2951.0113038541535
4774.475829493821 -2750.966053536411 -4199.481286317294
4632.561805981524 -885.8680560307849 -5074.808927371059
4079.024336345126 1057.9432058211298 -5499.217524795748
3163.0476539210117 2907.7515711285214 -5434.996512223716
1966.0203066400068 4499.193448883569 -4887.8522084512615
594.3034273760429 5690.862244320056 -3906.400785971807
-830.2199194679345 6376.872955411103 -2577.848510701255
-2180.9745831070777 6496.270519967833 -1020.2430825530344
-3337.9400839878385 6038.4459404118015 628.0154207430419
-4198.3149600974875 5044.078939766641 2220.4719979058123
-4685.651128000733 3601.5233897473927 3615.62989367378
-4756.646630539828 1838.9566815239987 4689.523206458403
-4404.993205755539 -87.00939798126623 5346.731802715565
-3458.235081394586 -2341.3292988126072 5527.916785244964
-2238.630269743811 -3977.7039338047507 5212.051676512861
-820.1133345591795 -5260.6421184121355 4433.072903610548
671.2742694091455 -6076.149164850925 3260.1961490024137
2103.0162087018325 -6351.763693251283 1797.636659420289
3347.895928916752 -6062.996143250415 175.3492638501155
4295.3004038481195 -5235.50477890142 -1462.5186833207028
4861.048588282236 -3942.8158393127333 -2970.43542732096
4994.871273287107 -2299.7904096387942 -4214.415948062579
4684.877726028874 -452.41850960447755 -5083.927117159071
3958.6122335656987 1435.1527604141472 -5501.709051449305
2880.606672066572 3195.2044096057916 -5430.639992665765
1546.6465664201496 4671.348125080386 -4877.0347385627965
75.26012600064013 5732.422059767985 -3890.0835454240946
-1402.813506887646 6284.145138125337 -2557.4813579240063
-2756.2410035432845 6277.4943434435445 -997.6357284502955
-3864.764391469694 5713.060628016612 650.8542135485218
-4629.886502974838 4640.996404436782 2241.5129024468815
-4983.622880768401 3156.559283645472 3633.003333245485
-4894.542495336901 1391.648018170031 4701.68547471268
-4370.560529848765 -496.91728086656457 5352.602228744802
-3223.8776150314256 -2656.935483369302 5526.87829690251
-1863.0963662543816 -4176.520668521503 5204.288979651493
-336.7708292718998 -5325.003663916498 4419.2757479124275
1219.478273785837 -6000.336715378833 3241.5904722991495
2667.371380625426 -6142.513517635794 1775.8756577366282
3878.256834729957 -5738.901037874235 152.36649768223407
4744.54214961894 -4825.362016145157 -1484.6810943405944
5189.2540734339955 -3483.0684035291547 -2989.8082557155913
5172.8780001580235 -1831.288878065665 -4229.2778330128285
4696.869015766818 -16.791299307188222 -5092.957514966797
3803.5226074545412 1799.1982600821693 -5504.105571640052
2572.2165239858764 3455.321158411717 -5426.189693903623
1112.357714374816 4804.423608389192 -4866.133049422609
-446.33895965991996 5726.631936895588 -3873.699128827217
-1965.376458402567 6140.0038868984675 -2537.0700411869293
-3309.781633903631 6007.809546587181 -975.0111466386866
-4360.098186494906 5341.794963223681 673.6817670543609
-5023.000881240373 4201.138455296664 2262.515099340897
-5239.587904611328 2687.192359224093 3650.3140361670103
-4990.614549104766 934.4774294850184 4713.766551740387
-4298.203189959037 -901.2699207504222 5358.380223167823
-2960.904588997394 -2949.282954988276 5525.744367461216
-1470.0727512552985 -4339.932196108383 5196.436412336641
151.3815017438408 -5344.9594161255145 4405.402277790366
1759.3848439862663 -5875.063536051837 3222.9288180729436
3211.059121907278 -5883.142478508284 1754.0839892795968
4377.416705345985 -5368.478394003745 129.38110036794703
5154.821604537897 -4376.801445012578 -1506.8178670910086
5474.1979826046 -2996.226480355262 -3009.129454497631
5307.167846794718 -1349.4236441950486 -4244.066684525025
4668.572557674645 417.2814046000057 -5101.899964852488
3615.1541091119557 2146.909169387088 -5506.407043983594
2240.5133531121564 3685.7746329184265 -5421.645692787451
666.7931533574767 4897.142845559368 -4855.147329286914
-966.1745442465929 5673.378425614974 -3857.247819116113
-2513.2933936072036 5945.50943534355 -2516.6149129635974
-3837.09509553941 5689.355840303448 -952.3697278116388
-4819.954059418478 4927.6780115255115 696.4976870621115
-5374.538953098217 3728.154366664754 2283.4782259106414
-5451.572475019458 2197.367845589866 3667.5617035078694
-5044.209858703461 471.33554844437435 4725.766228918969
-4188.647060291304 -1296.5769806023845 5364.065686207112
-2671.606850922591 -3215.7934347222426 5524.515016502387
-1062.8920325683594 -4466.415357318075 5188.494110170649
640.2654073044306 -5320.176674875234 4391.452732818873
2286.532455979745 -5701.216947658933 3204.21150858325
3729.631061658852 -5575.679075264656 1732.2620303594058
4841.3355802932365 -4954.717648568515 106.3934688314237
5522.866186767322 -3893.5078153767877 -1528.9286193022933
5713.665895848065 -2486.3427264112106 -3028.3986900182663
5396.781316072915 -858.255175068666 -4258.782247217355
4600.36903297998 846.0921149695122 -5110.7543123931155
3395.193772919776 2475.2604075785894 -5508.613428736873
1888.3406465731782 3884.4909504729267 -5417.008067785489
213.70016693215555 4948.567425609957 -4844.077767863018
-1479.9285103485674 5572.941968551107 -3840.729900380751
-3042.0590449254983 5702.136161133471 -2496.1163264841152
-4333.889283504568 5324.670532386745 -929.7118629532868
-5240.634440284389 4474.084559905715 719.3015795742293
-5681.726228899516 3225.956540080349 2304.4019201536134
-5617.971708232042 1691.1881247917183 3684.7460374261054
-5055.035747225394 6.150222958554914 4737.684299031598
-4042.9376764187714 -1679.4341531743137 5369.658519683056
-2358.506126033851 -3454.1127508394334 5523.190265255109
-645.0180307708753 -4554.760122754785 5180.462210305451
1125.7827471411174 -5250.697069527809 4377.427353886188
2796.5527875534085 -5480.08653936872 3185.4388670505964
4218.836840321784 -5222.546271223053 1710.4101578093632
5266.258725767053 -4500.959848112404 83.40400003541518
5845.750412832161 -3379.4433903600016 -1551.0129691541206
5905.8215220639795 -1957.6485569310641 -3047.615629526005
5441.134471789545 -361.90805821961743 -4273.424266973592
4492.978745671286 1265.989559671979 -5119.520404687063
3145.6021408876522 2781.3984494830693 -5510.724687798852
1518.7249816385224 4049.667881091535 -5412.27689898274
-243.09755704400098 4958.106549790236 -4832.924556306041
-1983.3198109670884 5425.9956932478535 -3824.1456578614757
-3547.3153960301147 5411.761307770502 -2475.5746357291205
-4796.116441018681 4916.668180974406 -907.037943331852
-5618.761492812389 3984.70750985581 742.0930508008844
-5942.154928441037 2698.6880898856507 2325.285820748235
-5737.5618219603 1172.878390131494 3701.8667411733945
-5023.161168723054 -457.14670167785334 4749.520556270651
-3862.430601865075 -2046.552302887849 5375.158627015597
-2024.333227233268 -3662.131386498384 5521.770136595902
-220.01641401593037 -4604.080759754979 5172.340851440202
1603.8498231128744 -5136.937352831727 4363.3263831900695
3285.2069650790727 -5213.354519031102 3166.6112176510533
4674.659051304672 -4826.542257785091 1688.5287489793168
5648.747166418506 -4010.870536003049 60.41309097439929
6120.919306677423 -2838.815365681679 -1573.0705352821058
6049.220905326094 -1414.5189921834747 -3066.7799411724263
5440.022679967848 135.4636012845905 -4287.992490947483
4347.4545663481385 1673.4096593062984 -5128.198090356754
2868.596036018257 3062.665925461322 -5512.740784711182
1134.8501592618354 4179.790883851037 -5407.452268079554
-699.7321343529143 4925.523079500432 -4821.687887215644
-2472.140157106525 5233.600934234206 -3807.4953779438433
-4024.88767809283 5076.65037868186 -2454.9901954234747
-5220.0062659519235 4468.617158470397 -884.3483604927231
-5951.304389461013 3463.527693525427 764.8717071666856
-6153.80300109734 2150.688593569792 2346.129567060124
-5809.509210566498 646.7513739340318 3718.923519100255
-4949.015032065578 -914.6525434974043 4761.274796241258
-3648.779149570895 -2394.7855685525174 5380.565913225936
-1672.0044478659765 -3838.002920529561 5520.2546550483075
208.4756043333433 -4613.824250934444 5164.130173818881
2070.431684207541 -4979.687049209575 4349.150064233646
3748.4208230001127 -4903.082800165754 3147.7288855105458
5093.346321995256 -4390.8181275027455 1666.6181817291697
5985.705648498959 -3488.409995423133 37.42113866771042
6346.208760296943 -2276.041326615054 -1595.1009367843383
6142.823373864113 -861.4363976943937 -3085.8912940179193
5393.621173327092 629.7109355127848 -4302.486667567125
4165.172062023299 2064.9056886587296 -5136.787219551241
2566.6291344521874 3316.6245096779976 -5514.661684658812
740.0299448185854 4273.646688245427 -5402.5342583902475
-1152.3241529800696 4850.936603972667 -4810.367954632624
-2942.28919289519 4997.199514452287 -3790.7793481538283
-4470.81892599814 4699.4393182239555 -2434.3633610303873
-5602.09677766044 3984.113315421667 -861.6435062517621
-6235.603746230842 2914.781360550848 787.6371553175945
-6315.0499574523055 1586.4582904877532 2366.9327991482733
-5833.376266813849 117.17143925730524 3735.9160766610985
-4833.381495518894 -1362.5266085495332 4772.946815964914
-3403.9195674017506 -2721.1581878372226 5385.880284938153
-1304.5963398652136 -3980.160201630055 5518.643846782473
636.7802485663012 -4583.775887041831 5155.830319227862
2521.5761174485697 -4780.102969320781 4334.898641821191
4182.318882541053 -4551.696925639218 3128.7921966993285
5471.44426111563 -3918.852635321661 1644.67883442235
6274.407806052447 -2937.8010907542275 14.428540152727757
6519.862682636357 -1695.7130269455586 -1617.1037932280428
6185.999147921915 -302.9534191787288 -3104.949358037392
5302.482442104484 1116.7249293713185 -4316.906546539299
3947.816901745142 2437.177367280092 -5145.287643948843
2242.3705049566056 3541.075900729325 -5516.487354470616
337.679648321815 4330.334300643108 -5397.522954841655
-1597.0155269490865 4734.823494585675 -4798.964954035671
-3389.8088642633616 4718.602842603644 -3773.9978571527977
-4881.402808056674 4283.11362080877 -2413.6944887450795
-5939.262690670752 3467.050957670502 -838.9237726885701
-6469.393019193715 2342.9256020406915 810.3890021276515
-6424.689387497667 1010.6210249098868 2387.695157771299
-5809.123909437458 -411.4816653214592 3752.8441204193264
-4677.39227910336 -1797.022403831436 4784.536413882929
-3130.0538183729955 -3022.8898156580753 5391.101650380828
-925.319093899627 -4087.3291156865944 5516.937739614702
1061.2105810383914 -4514.061980682489 5147.441430993519
2953.4470388052277 -4539.700629060033 4320.572362053914
4583.2567661853955 -4161.966954397517 3109.80147822629
5805.8240165989355 -3414.4242513456434 1622.7110859192735
6512.5183246986335 -2363.4949696076615 -8.5643075220118
6640.546799932913 -1102.558787793221 -1639.0787246560924
6178.533550433518 256.3445808161887 -3123.953804125969
5167.53048093019 1592.470608470448 -4331.251878853817
3697.3696508622515 2787.0986341199095 -5153.699216759672
1898.6813016757023 3734.080715146944 -5518.217762619948
-68.71321339036551 4349.2733378898465 -5392.418443971651
-2030.0022579037236 4578.013938089566 -4787.479082337907
-3810.91669328417 4399.977909606768 -3757.1511947325293
-5253.214456533859 3830.9845348703907 -2392.983935488728
-6228.74106196859 2921.5913722120563 -816.1895521397166
-6650.816689667484 1752.601994940119 833.126854705765
-6481.9380678611105 427.88623925058266 2408.4162843936524
-5737.110803208587 -934.8490865442091 3769.707358052392
-4482.516066794916 -2214.5189684818924 4796.043389859906
-2829.630106648759 -3297.41912181354 5396.229919388621
-537.4887502344991 -4158.53982655802 5515.136363006966
1478.1020531600188 -4405.149671893104 5138.96365397964
3362.357002587238 -4260.342637199565 4306.171472325686
4947.851776873925 -3736.985462985127 3090.7570580333445
6093.7082074954915 -2881.5807308938606 1600.7153155707767
6698.111922083061 -1770.1349052539335 -31.557007303694146
6707.3589982135345 -501.40482517311347 -1661.0253515935851
6120.627792592601 811.8772740031667 -3142.90430410469
4990.051947667126 2053.0205145195623 -4345.522416787757
3416.088088709191 3111.743872788723 -5162.021792728173
1538.5898118137336 3893.9751322975717 -5519.852879225193
-475.6189218515167 4330.209612873361 -5387.22081392767
-2447.5668270910082 4381.685966533462 -4775.910537883528
-4202.037678773376 4043.8302933549107 -3740.2396518102355
-5583.139042358075 3346.662552554835 -2372.2320589022634
-6468.154000827138 2352.1291573735552 -793.4412371919034
-6778.44509129641 1148.5987644108404 855.8503204024817
-6486.441588687673 -156.98966931243407 2429.0958211918396
-5618.089285643968 -1448.6288819794902 3786.505498356878
-4250.5450949920505 -2611.551061279523 4807.4675451872145
-2505.321319440191 -3542.4254681817974 5401.265003403832
-144.49847915232868 -4193.135392295711 5513.239748066405
1883.8439382138197 -4257.843821249927 5130.397134585044
3744.798554556704 -3944.224141446243 4291.696221318819
5273.011385549462 -3280.142837732511 3071.6592649897557
6332.694014706836 -2324.6064482164843 1578.691903211676
6829.688990087546 -1162.518574409075 -54.549162142033644
6719.836127102512 102.86417636333499 -1682.943295054395
6012.896334709304 1359.1069936538452 -3161.8005307261515
4771.684315816214 2494.587190215427 -4359.717913909822
3106.4872052711394 3408.4123676107893 -5170.255228135656
1165.2650739431685 4019.385148572618 -5521.392676050277
-879.4959728861908 4273.217920302573 -5381.930154465171
-2846.10994292011 4147.356527105677 -4764.259520444366
-4559.834554577843 3652.984306101091 -3723.263520423524
-5868.397855556949 2834.0283986418494 -2351.4392173402366
-6655.528254030016 1763.2566310344994 -770.6792206752274
-6851.285759827849 535.8117738354533 878.5590068168391
-6438.276459492637 -739.2423108401152 2449.7334110605334
-5453.198041820648 -1948.6114720860712 3803.2382512534728
-3983.5790471674304 -2984.837952696607 4818.808682586405
-2160.0015725246612 -3755.8484824644415 5406.206815477937
250.21082213160983 -4190.777681276013 5511.24792754478
2274.910377768081 -4073.281010973681 5121.742020740978
4097.47416306009 -3593.8554475470496 4277.146858999697
5555.95938749503 -2795.1000562309996 3052.508428886458
6520.773238424868 -1747.9877588242496 1556.6412291540396
6906.1877711786165 -545.5590781280583 -77.5403749961979
6677.957213157309 705.3449208064113 -1704.8321765477192
5856.360851014419 1893.5759281720423 -3180.6421576802113
4514.40112704264 2913.554404498464 -4373.83812508457
2771.317051810062 3674.6507860623087 -5178.399380802722
781.9892947995961 4109.238319345148 -5522.837126505167
-1276.8216427573059 4178.701994858828 -5376.5465569460985
-3222.181374115722 3876.8696601976426 -4752.526231216434
-4881.236150073932 3230.56044286561 -3706.223093725328
-6106.571673146029 2297.201753103979 -2330.60576986458
-6789.311504810705 1159.726606475221 -747.9038956564153
-6868.791214870159 -80.79533851525065 901.2525218030146
-6337.948682294632 -1314.1382631141566 2470.328697618721
-5243.951595667564 -2430.714236034568 3819.9053277920457
-3684.006397062873 -3331.310582069595 4830.066606212644
-1796.721063083362 -3935.9053636720337 5411.055270273062
643.1803631424075 -4151.450535868763 5509.160935837917
2647.8907762432486 -3852.920699140575 5112.998461908588
4417.324473797591 -3212.041950029759 4262.5236366145145
5794.259506745867 -2285.7591778448705 3033.30488043036
6656.349154830755 -1156.3766718195184 1534.563674180735
6926.9929696017825 75.75497617242237 -100.53024884159176
6582.143060415744 1301.1554620862053 -1726.6916180846113
5652.440855052694 2410.942575166955 -3199.4288595994844
4220.494474390108 3306.5068601968733 -4387.882806476621
2413.5386383430246 3908.2735003319463 -5186.454110091782
392.12930263929303 4162.77288878677 -5524.186205646316
-1664.122442435036 4047.391638044957 -5371.070114337307
-3572.5096056179827 3572.3818785771905 -4740.710872816451
-5163.463612641559 2779.9503120581935 -3689.118665978867
-6295.621218195104 1740.5079607018172 -2309.732076238445
-6868.385250633353 546.413838943714 -725.1156554319831
-6830.863112140623 -696.2315503021774 923.9304734772555
-6186.388809385165 -1877.0137109419072 2490.8813252159675
-4992.226712395722 -2891.014966225428 3836.506440156559
-3354.4833639838116 -3648.136854749622 4841.241121658056
-1418.6794477742123 -4081.1057741444047 5415.810284063486
1030.963467674157 -4075.4601548745095 5506.978808985111
2999.519283240732 -3598.5335964135033 5104.16660907634
4701.5546473177765 -2801.8615360065864 4247.826806684919
5985.836248547916 -1756.2317823586527 3014.048951238637
6738.250030684871 -554.5531277518979 1512.459619538813
6891.94072727225 696.4000058718998 -123.51838667671325
6433.252245457771 1885.4749428729076 -1748.5212421845242
5402.941069771875 2907.0171569291647 -3218.160312065169
3892.5548696204323 3670.258139357569 -4401.851715554867
2036.29808710752 4107.380579441513 -5194.4192769094525
-0.8927165918562876 4179.544230099296 -5525.4398901771
-2038.004198504455 3880.3370342850067 -5365.500921208943
-3894.03006374581 3236.3448643958923 -4728.813649278401
-5404.054269153871 2304.7892508396953 -3671.9505325525793
-6433.904537446062 1168.4429979453625 -2288.818496919969
-6892.074152861163 -71.72454294405341 -702.3148935214886
-6737.852734425302 -1305.5190434349286 946.592470224536
-5984.9435319560425 -2423.3124477406536 2511.3909389384776
-4700.245832180397 -3325.7839065331013 3853.0413016701223
-2997.9106635264384 -3932.7448702677966 4852.33203595512
-1029.19797630392 -4190.264193712602 5420.471774737099
1410.155496820482 -3963.432689827683 5504.701584668494
3326.703110513546 -3312.187358463021 5095.246614757406
4947.658553841331 -2366.6396450041134 4233.056623003651
6128.992822218397 -1210.8056132595484 2994.7409738329775
6765.739181699349 52.61381075602289 1490.3294469329644
6801.319923928957 1311.3582667940063 -146.504391530083
6232.573543816598 2453.582786026392 -1770.320671881772
5110.035653137618 3377.795707349633 -3236.8361916124736
3533.448669655298 4001.876656862526 -4415.744611096703
1642.8992655900106 4270.3733034667475 -5202.294743708959
-393.6289479676426 4159.4285418333775 -5526.598158448226
-2395.1815020861686 3678.9003009066064 -5359.839073732819
-4183.911668663461 2871.4856236562237 -4716.83476604989
-5600.882922686055 1808.9268474368857 -3654.7189899150003
-6520.191149958127 585.636982478066 -2267.865393056048
-6860.15178016885 -689.6892983995002 -679.5020036607101
-6590.557819431344 -1903.73365846264 969.2381207053146
-5735.363874250746 -2948.622928573818 2531.8571846152367
-4370.5576796131645 -3731.51411166262 3869.5096267998465
-2617.4082552654927 -4182.843890450235 4863.339157579981
-631.6906211305334 -4262.509633463276 5425.039661796773
1777.4234297434527 -3816.309074180625 5502.329302212402
3626.549439890892 -2996.229710252014 5086.238632987027
5153.440617453931 -1909.9221878300061 4218.21334063016
6222.425980654547 -653.9096974638175 2975.3812816339405
6738.521488807344 660.2055391574588 1468.17353851887
6655.869791165131 1915.6586163602974 -169.48786646704045
5981.814853774409 3000.897018770172 -1792.08953073213
4776.249415863703 3819.4925518426594 -3255.4561757363044
3146.2932571282195 4298.709410116924 -4429.561253192155
1236.7751352163418 4395.967072726782 -5210.080374492517
-782.6358849578098 4102.623769541114 -5527.660990458092
-2732.506272212426 3444.7443403638545 -5354.0846696807575
-4439.581485774732 2480.7842595337074 -4704.774429988709
-5752.1804015434855 1296.3956105015898 -3637.42433562965
-6553.672845607182 -3.183477662021173 -2246.873126476123
-6772.842697019112 -1302.4796998648965 -656.6773797948903
-6390.215752670268 -2486.0448848967753 991.8670338623574
-5439.790095696721 -3448.7140720772913 2552.279708824151
-4006.0152165948966 -4104.949879521299 3885.911131161877
-2216.2883053903965 -4396.4428758940085 4874.262296455756
-229.6344522309404 -4297.29262927176 5429.513866361772
2129.5348472158153 -3635.3371281492423 5499.862002582673
3896.3906899859694 -2653.269140415064 5077.142819319871
5317.035120921988 -1435.4465458751517 4203.29721588621
6265.237647939772 -90.07822638082736 2955.970208955051
6656.746315395547 1263.2939388292145 1445.9922768966396
6456.77386007839 2504.4168937001346 -192.46841459661283
5683.088712207881 3523.0114171133014 -1813.8274428192576
4404.436192433668 4228.57091563499 -3274.0199428967785
2734.430188411869 4558.40333152469 -4443.30140324804
821.4580623004418 4483.201607184893 -5217.776034813678
-1164.5042175557269 4009.6477458405166 -5528.628367853147
-3046.995187339467 3179.8190862289052 -5348.237808422888
-4658.7472632099725 2067.4495463996295 -4692.632849359208
-5856.549200168651 771.37804151984 -3620.0668683498807
-6533.971039649477 -593.2337874857317 -2225.842059685912
-6630.820878397838 -1905.1341911096247 -633.8414160718326
-6138.4931832224065 -3047.755061309738 1014.4788189274739
-5100.733430384028 -3919.5695194596824 2572.6581588980953
-3609.751128056066 -4443.113025058108 3902.245531526239
-1798.0265968684203 -4571.866440099769 4885.101263955826
173.46048796074058 -4294.389458633157 5433.894311169145
2463.3860679520467 -3422.0610054127997 5497.2997283859695
4133.807923024311 -2286.1533248846777 5067.959330827323
5436.922803218615 -947.1108888219146 4188.308506351456
6256.943232804197 476.0865060403335 2936.5080909971343
6521.0067980120175 1856.9815255696974 1423.7860451041963
6205.650292249487 3072.875587322974 -215.44563907836923
5338.894524972832 4015.731168050218 -1835.5340327612296
3997.7545497995998 4601.771411750233 -3292.5271725248417
2301.396539019839 4778.92407097501 -4456.964823992073
400.54934623577384 4531.448354530806 -5225.381591779657
-1535.888413743186 3881.333565852976 -5529.5002739282
-3335.8557480257805 2886.3452568973016 -5342.298590925949
-4839.417659934448 1634.892505348777 -4680.410233828713
-5912.976075323354 238.17238009240606 -3602.6468878137766
-6461.140617751658 -1179.7104063374295 -2204.772555861139
-6435.204462044151 -2492.7707460903325 -610.9945068352506
-5837.472149454382 -3584.3374657088893 1037.0730854282028
-4721.054819061004 -4357.420071893316 2592.9921829310765
-3185.1510499862584 -4743.326782466993 3918.512545821733
-1366.2326323150423 -4707.768092671756 4895.855872907087
574.0815503505214 -4253.903548142637 5438.180920575021
2776.029194869031 -3178.308070716986 5494.642523869013
4336.65218851633 -1897.945458523077 5058.688326094791
5511.9446041293195 -448.9420633428924 4173.247470858954
6197.47655289491 1039.9518043150774 2916.995263842434
6332.335512757899 2436.441390406314 1401.555226610661
5904.538673315673 3616.4424668130223 -238.41914312927304
4952.097661108163 4475.106759547046 -1857.2089257170173
3559.641039788532 4936.138178012767 -3310.977545027691
1850.8946908563273 4958.572057476444 -4470.55127947698
-22.311773876056726 4540.415049298277 -5232.896914053609
-1893.5357395859478 3718.8222387067012 -5530.276693626707
-3596.5107451888875 2566.79575242345 -5336.267119751538
-4979.919988054365 1186.698199339735 -4668.106794463899
-5920.8414859622935 -298.84269649458344 -3585.164694838891
-6335.670234657574 -1757.8301072957775 -2183.664978841333
-6187.546879372662 -3060.62659895337 -588.1370466178103
-5489.63283025325 -4091.472985955368 1059.6494431946433
-4303.940813308963 -4758.774043021764 2613.281429784255
-2735.824767569034 -5003.237142829759 3934.7118931408577
-924.6186852612982 -4803.14066615277 4906.525937593193
968.7438248541239 -4176.2640630524775 5442.373620555923
3064.697837622886 -2906.173319536733 5491.890434917836
4503.063617636299 -1491.898691641571 5049.329965218953
5541.312433853551 54.93768209555104 4158.114369490764
6087.191322673812 1596.8926016884193 2897.432064448968
6092.196549275376 2996.9566057734824 1379.3002053097318
5555.88337730963 4130.727863508147 -261.38853003053435
4525.905585677303 4897.465823169473 -1878.8517473929396
3093.7812211480027 5229.042452267421 -3329.370741794409
1386.76081828447 5095.995712206563 -4484.0605350845635
-443.4793689832571 4510.14738970732 -5240.321871856921
-2234.3144681396598 3523.5526791767697 -5530.957613541036
-3826.620921674336 2223.874850245101 -5330.143499054331
-5078.915313468919 726.5959815551198 -4655.722743727169
-5879.92579120904 -835.2441287099772 -3567.6205913171057
-6158.479058770909 -2322.86913273069 -2162.5196931234414
-5889.824435920785 -3604.0970205649987 -565.2694301343946
-5097.833064870282 -4565.085071802853 1082.2075023661453
-3852.8768545341277 -5120.445280865152 2633.5255490920467
-2265.5756276010407 -5220.831456018579 3950.843293744594
-476.9680638407002 -4857.323845063278 4917.111273757724
1354.0202055317327 -4062.221694459514 5446.472338710061
3326.8312889813255 -2608.001472122624 5489.043509056985
4631.488100916982 -1071.4288847741695 5039.884409805005
5524.616870135423 560.3448608747242 4142.909463573385
5926.859186060506 2142.329506601956 2877.8188306445522
5802.47405371098 3533.958774209382 1357.0213655130622
5162.513637951254 4611.580296205703 -284.3534031344848
4063.841230141632 5279.442671297333 -1900.4621240491424
2604.0786951603927 5478.203396591645 -3347.7064452014097
912.9323403030601 5190.201709399154 -4497.492357529742
-859.3320593277922 4441.027823501506 -5247.656336971439
-2555.241034370755 3297.249126356141 -5531.5430219127
-4024.1056300192768 1860.4953745945888 -5323.927834580298
-5135.410780943923 258.42844415080003 -4643.258295472941
-5790.412147602664 -1366.6009876503088 -3550.014880209415
-5930.909984141739 -2870.201924469029 -2141.3370638555866
-5544.420441220059 -4118.772824624993 -542.3920522752702
-4665.284810807607 -5001.37268437622 1104.746873398063
-3371.6181516897486 -5439.578632958078 2653.72419126813
-1778.3684236916934 -5394.454148803969 3966.9064690672412
-27.102857007359226 -4870.00874035652 4927.6116986074185
1726.5709174610283 -3912.841683647043 5450.477004258573
3560.096945712451 -2286.3668943026 5486.101795448707
4720.691402069265 -640.0859097754515 5030.3518229638585
5461.831710939218 1063.0695168059906 4127.633015673294
5717.664303438544 2671.76655161549 2858.1559011210134
5465.457331020847 4043.065403459524 1334.7190919435884
4727.620489977498 5055.120151505929 -307.31336587131904
3569.7138215788277 5618.005290061639 -1922.0396825060839
2094.6224147018197 5681.7060043852225 -3365.9843386179314
433.4146141794981 5240.562206463068 -4510.846514864605
-1266.3039768213841 4333.771458668224 -5254.900182741685
-2853.505902398228 3041.906098327907 -5532.032908632552
-4187.161306142576 1479.7540319661327 -5317.620233664862
-5148.769052781441 -213.88067392948017 -4630.713664944004
-5652.88607407983 -1888.5111433465527 -3532.3478655406793
-5654.719360414291 -3395.3391100826325 -2120.117456830785
-5154.106016248765 -4600.47629668761 -519.5053080992611
-4195.527734117817 -5396.840975474204 1127.2671670683974
-2864.158401040316 -5713.672649943377 2673.8770075115212
-1278.296024878262 -5522.819435425653 3982.901141721279
421.1485628039438 -4841.2394775764615 4938.027030815336
2083.1722525009923 -3729.4941467150825 5454.38754804675
3762.410779592932 -1944.0515161656308 5483.065344892086
4769.770582219638 -201.5237381079944 5020.73236930935
5353.315336822687 1558.9103084528913 4112.285289592378
5461.194531111627 3180.8283329425276 2838.44361542837
5083.822625253849 4520.115801214974 1312.3937697289375
4254.730769154138 5457.771144348019 -330.26802175613005
3047.5874126366366 5910.47957027157 -1943.5840501508276
1569.6525403892824 5838.01594866411 -3384.20410641151
-47.75284837834717 5246.81899030684 -4524.122776482401
-1660.9151870076591 4189.419139374907 -5262.053284077051
-3126.4979224651083 2759.77101294642 -5532.427265240964
-4314.277597101351 1084.9051209620764 -5311.220805231054
-5118.714774339767 -686.3593520474811 -4618.089068767763
-5468.331680768293 -2396.6377845892057 -3514.6198523943835
-5332.063319982237 -3893.964432498491 -2098.8612384805883
-4722.017733841292 -5045.295252198839 -496.60959282695615
-3692.4001498150246 -5748.329447827798 1149.7679944846748
-2334.696608646544 -5940.599345888962 2693.98364981258
-769.5450281525032 -5605.020922177064 3998.8270355021236
863.9840051856403 -4771.411792300543 4948.357090523909
2420.744268131663 -3513.841785682364 5458.203902545217
3931.955680732642 -1584.0209370568336 5479.934209822182
4778.16263144654 240.53043204058633 5011.026214955356
5199.808863735067 2043.7096167007537 4096.866550363417
5159.429259495388 3665.2962332451484 2818.68231396895
4660.611723767172 4961.205194578114 1290.0457843947574
3747.678383624566 5816.289302482429 -353.2169743955982
2501.7473726812136 6154.570581495984 -1965.0948549437471
1033.5251289376129 5945.991255455479 -3402.3654339534173
-526.5303580623927 5209.084512814924 -4537.320913121525
-2039.8013121081567 4009.327751519889 -5269.115517453937
-3371.826968052495 2453.3246248572664 -5532.726084927975
-4404.251000866424 679.3328390383118 -5304.729659787651
-5045.33800451621 -1155.020650732275 -4605.384724952513
-5238.124585363579 -2886.7454869606513 -3496.831146907368
-4965.4808096702745 -4361.970318398659 -2077.568775868776
-4251.632273384142 -5449.614944855505 -473.7053018338275
-3160.007551626909 -6053.0373682206555 1172.2489670905316
-1787.6022914429063 -6118.620858102433 2714.0437709590233
-256.3607229007515 -5640.538033616439 4014.6838753929
1297.6596208916465 -4661.268651750166 4958.6016993481235
2736.377212682368 -3267.8250945353366 5461.9260018511195
4067.1975135395523 -1209.3989210142956 5476.708444309109
4745.650227998218 682.3077495091832 5001.233527512961
5002.431093756247 2513.388382230568 4081.3770642454324
4814.72400402676 4121.143427367478 2798.8723379914863
4199.207557471216 5362.716793642767 1267.675521858026
3210.5730915155204 6127.789238907864 -376.159827494905
1936.665117010719 6348.380718935855 -1986.5717254247086
490.6759479446272 6004.890712676474 -3420.4680076241075
-998.9119323922586 5127.839814566945 -4550.440696869475
-2399.742103883294 3795.157845778757 -5276.086760917914
-3587.3446583495347 2125.2594476172303 -5532.929362533406
-4456.1958971186705 266.5224209874681 -5298.146909427226
-4929.094574735227 -1615.8962923614288 -4592.60085288368
-4964.021568411297 -3354.735528889925 -3478.982056264539
-4557.873461484183 -4795.491791662161 -2056.2404366850174
-3746.738295605955 -5810.147564076129 -450.79283064348147
-2602.688989872947 -6308.546228009308 1194.7096966724769
-1227.3793456772366 -6246.4028749847275 2734.057024541919
256.98833964746734 -5629.239214630227 4030.471387569209
1718.5214832197028 -4511.892946546451 4968.760680378589
3027.3564514005807 -2993.6451900459333 5465.553781689253
4166.898745153512 -823.4405007428342 5473.388104057125
4672.364569794361 1120.0297180123403 4991.354476087539
4762.670298074796 2963.9803811526963 4065.8170987192234
4429.791869736934 4544.568380213941 2779.0140295852675
3703.3069939515212 5721.351535183333 1245.283368420465
2647.767040058455 6389.767498514027 -399.09618486454787
1356.9613651219197 6490.424578568947 -2008.0142907195936
-54.4162820325575 6014.378952058895 -3438.511514818623
-1460.9588037265344 5003.9293619911 -4563.481901166787
-2737.6887243972974 3548.8586887280794 -5282.96689408581
-3771.162987756278 1778.4563470617222 -5533.037094546951
-4469.552870176916 -149.96964566817323 -5291.472667824243
-4770.8033657726355 -2065.0701772495213 -4579.737673320021
-4648.147045993726 -3796.680161171033 -3461.072888693569
-4112.482463120944 -5190.938451316036 -2034.8765892385036
-3211.405766067826 -6123.959080003438 -427.87257492075247
-2024.9815736774951 -6512.839069880757 1217.1497953665805
-658.6288819806708 -6323.024727275671 2754.0230649616706
766.245876225398 -5571.381889515156 4046.1892994037808
2123.0363257141894 -4324.697321264507 4978.83385818458
3291.18568087181 -2693.7444173979175 5469.087179413168
4230.1295268952945 -429.5039203273571 5469.973246403641
4558.7852475456075 1549.940367094517 4981.389231275851
4482.37289305195 3391.6656510988123 4050.186922482605
4007.682036441179 4932.026557923395 2759.107731674236
3176.8910434696795 6034.155261234425 1222.8697107617745
2063.8193397291857 6600.12278913058 -422.0256504272104
767.3682307317359 6579.64044305069 -2029.422180546702
-597.266913106219 5974.528169329248 -3456.49564395204
-1908.8322706520262 4838.552848977869 -4576.444300810963
-3050.7895041779493 3272.6508743553645 -5289.755798147802
-3921.670702088433 1415.9595077545825 -5533.049279108237
-4444.094248149946 -566.54607494614 -5284.707050233083
-4571.640517676958 -2498.7115526413945 -4566.795408389821
-4292.976464894408 -4208.855543469432 -3443.103953459569
-3632.8626137890715 -5545.024249001889 -2013.477602451596
-2649.952976893597 -6388.493216072401 -404.9449304649002
-1431.583388874013 -6664.316525454182 1239.5688756651848
-86.01133435273805 -6347.986065677981 2773.941547434012
1267.203204680266 -5467.609186288301 4061.837339471315
2507.8211779477806 -4101.411236489187 4988.821058817043
3525.608234162661 -2370.7848995812587 5472.526134006258
4256.276131030957 -31.021657036319898 5466.463930318248
4405.737153861891 1968.338313265436 4971.337965163088
4163.729096313151 3792.802786523212 4034.4868054458425
3551.7554363328104 5280.260087757493 2739.1537880110186
2624.192719212301 6298.5431081547895 1200.434935933018
1463.4589629096993 6757.172932691381 -444.94782822459763
172.69045546869245 6615.398288793341 -2050.7950252230735
-1133.4223567802849 5885.816475738791 -3474.42008446474
-2338.825618687246 4633.2540393346835 -4589.327671960309
-3336.413960606674 2969.0066488352277 -5296.45335586944
-4037.5472805146906 1040.9499883156918 -5532.965916006852
-4379.926806064574 -979.5996467994478 -5277.85017348607
-4333.130613903424 -2913.1075543942493 -4553.774281587051
-3901.3167510664634 -4587.773071819163 -3425.0755608597487
-3122.8537742506724 -5854.794818702447 -1992.0438458535164
-2066.911535174659 -6601.592352600137 -382.01029320279156
-827.3151357064876 -6761.8094353584465 1261.966550423586
485.7918441818881 -6321.210076073191 2793.812127995846
1755.7340868522842 -5318.943461355331 4077.415237553064
2869.6716509937237 -3844.0653782971367 4998.722109811648
3728.6262955977604 -2027.6252169741792 5475.8705860828095
4245.046667757548 368.52922933682095 5462.860216401708
4214.38444785047 2371.608438768594 4961.200851319893
3809.255675230352 4163.959830783561 4018.7170187269758
3065.6578192228276 5586.325118596672 2719.1525431710106
2049.6628125596126 6512.32090443847 1177.9794313499199
851.5462702033625 6859.668399071351 -467.862322424219
-422.23389520971165 6597.504253287795 -2072.13245567098
-1658.4967260904698 5749.122901929078 -3492.2845268278643
-2747.394844665084 4389.906751123664 -4602.131792137872
-3592.1748745475097 2640.6281206924623 -5303.059451593706
-4117.774402826611 656.718093532068 -5532.787006682357
-4277.491604859236 -1385.5442181985302 -5270.902155991415
-4057.1349063373927 -3304.694845781524 -4540.674517767517
-3476.2839669441955 -4930.208833902367 -3406.9880222180636
-2586.549941667073 -6117.6521312659 -1970.575689573838
-1466.9896031854023 -6761.515189892249 -359.06905918204404
-217.0808006828425 -6804.587951476006 1284.3424328667265
1052.1165836037942 -6243.043212128728 2813.634463511358
2227.8287922996356 -5126.776686239943 4092.9227246415116
3205.588636134042 -3554.973553289805 5008.536840191746
3898.5178621538957 -1667.2954193854375 5479.120477889031
4196.474030580835 765.657165167935 5459.162166884878
3986.2216197151483 2756.2529181209393 4950.97806479941
3421.7759246923247 4501.943503682176 4002.877834647144
2553.290422544277 5847.61665248759 2699.1043425464413
1457.9338614226847 6673.703399876495 1155.5035847861438
233.03347867634247 6906.802313121369 -490.7687373263278
-1012.5729513009722 6526.2015308427 -2093.434103424229
-2168.2078309519966 5565.71910278496 -3510.0886625486505
-3131.1879297995893 4110.698107688795 -4614.856440235241
-3815.9482400925813 2290.4235462229794 -5309.573971243008
-4161.644803240327 266.6348013170464 -5532.512554224252
-4137.560962542756 -1780.845615793453 -5263.863117731222
-3745.8366729360487 -3670.0900848284286 -4527.496343144963
-3021.2783566054936 -5233.230943901337 -3388.8416498798347
-2028.2661996288339 -6331.376267952907 -1949.0735043362215
-855.0336899155625 -6866.951025809727 -336.12162456417434
394.17231540025597 -6792.367049905137 1306.6961365958605
1608.354380696063 -6114.251453804627 2833.4082116778272
2679.6271011200597 -4892.857784083031 4108.359532945061
3512.8031942596945 -3236.7122282929436 5018.265080471276
4033.8513079064523 -1292.9705869413679 5482.275753304047
4110.916041981381 1156.8862914980475 5455.3698456276625
3723.0617245477065 3118.921327538346 4940.669782134186
3004.397034500701 4803.826516466039 3986.96952672587
2018.778483359086 6061.890638160287 2679.0095323403784
853.7826047075595 6781.329174485093 1133.0077843667505
-387.0756051354869 6898.21685428398 -513.6666773706361
-1593.5404488089189 6402.167694253684 -2114.699600634541
-2658.4122304686093 5337.257839138779 -3527.832184175733
-3487.0724192012435 3798.1092028461526 -4627.501396516366
-4005.8909207225825 1921.4818961529595 -5315.9968023211195
-4168.768434374973 -125.87750929786675 -5532.142563371931
-3961.2325782941944 -2162.0521456432202 -5256.733180259374
-3401.723824049119 -4006.1189608386294 -4514.23998528716
-2539.956979818173 -5494.224525799993 -3370.6367572063205
-1452.5038115127663 -6494.144130636839 -1927.5376614519228
-235.98930534646766 -6917.0305303844925 -313.1683856178259
1001.4938862218787 -6725.308412618981 1329.0272755952456
2149.989951015899 -5936.013128862403 2853.1330310315684
3107.4499735866343 -4619.277028841875 4123.725395892624
3788.799429184608 -2892.0978934453888 5027.9066626578
4133.497428627098 -907.9431684537227 5485.336357840871
3989.052795250257 1538.786592496814 5451.483318117897
3427.021878641915 3456.4395795887945 4930.276181333175
2560.485028878431 5066.972741699055 3970.9923696763426
1466.4378477956404 6227.283139665711 2658.8684595608006
242.0912285796925 6834.272102691141 1110.4924185612147
-1003.7662586954199 6834.005997683329 -536.5557471432481
-2160.4347089297603 6226.508469240006 -2135.928580077905
-3125.1390543641314 5065.75833872236 -3545.514785304454
-3812.1610803714084 3454.893349094911 -4640.066442621355
-4160.455864994331 1537.045923850633 -5322.327833915156
-4139.075888152664 -517.3747769426834 -5531.6770405145935
-3749.9208546132772 -2525.8244583428514 -5249.512466699458
-3027.568896884867 -4309.84355222121 -4500.905673112043
-2036.2041564009867 -5710.91413304777 -3352.3736585694264
-863.9137408861152 -6604.544931219163 -1905.968532813428
385.1392017295031 -6911.332928683694 -290.20973871180576
1599.9708361158873 -6604.01866554969 1351.335464238796
2672.6380403570383 -5709.908362723012 2872.808580953813
3507.8296260335846 -4308.447644348291 4139.020048138243
4031.335155580293 -2524.162445462156 5037.461420255294
4196.638865330756 -515.594336192244 5488.302238647342
3831.8812124146816 1908.0036646788203 5447.502651470226
3100.506135054232 3765.837434839016 4919.7974418786525
2093.637481247152 5289.060022808378 3954.946639400699
900.7399494545124 6342.3264170936045 2638.6814720145426
-372.19227967934853 6832.049276379027 1087.9578761769499
-1612.0535914247541 6714.7145755037445 -559.4355513834304
-2708.676867191416 6000.74801755539 -2157.120675160925
-3564.6223164754815 4753.58866439829 -3563.1361605822203
-4103.835429853305 3084.0520976291905 -4652.551361570261
-4278.4047559035225 1140.4839678459687 -5328.5669566974575
-4072.819043921684 -904.4211674117976 -5531.115993691138
-3505.345486615425 -2868.9645129580886 -5242.201101742625
-2626.406599868094 -4578.587771284668 -4487.493636883665
-1514.0999609269493 -5881.383413331135 -3334.0526693461193
-267.25889593920664 -6661.5923290771325 -1884.3664908880194
1003.3292947990649 -6849.889532468197 -267.24608030839937
2184.7672746563626 -6429.543990654373 1373.6203172967423
3172.0790944671903 -5437.905249681824 2892.4345216766164
3877.5377662947612 -3963.0847634209445 4154.243225565657
4238.46019129284 -2136.126804219061 5046.929188267089
4222.77682811836 -119.36460422425768 5491.173344507037
3640.7068620624336 2261.287870495587 5443.427914424936
2746.1858775847704 4044.3743538012695 4909.233744723109
1607.6542264454708 5468.100427327194 3938.83261298519
326.2754422121248 6405.961781521609 2618.4489183013193
-984.0943468979667 6774.62531932758 1065.4045463525592
-2207.023034659265 6541.3336675577575 -582.3056949904708
-3233.8480404300108 5726.815813255457 -2178.275519927121
-3973.33145630019 4403.4452422281365 -3580.696005713606
-4359.766935600187 2688.809237227729 -4664.955937766803
-4358.817990150051 735.2607318546194 -5334.7140629275
-3970.5689379173905 -1283.6189161823581 -5530.459432590023
-3229.517410995988 -3188.4433904476805 -5234.79921164545
-2201.5090896038514 -4809.960677218401 -4474.004108208204
-977.8870244369349 -6004.091849653464 -3315.6741059130486
332.6245942377515 -6664.733112723744 -1862.7319087113428
1613.5810580154075 -6733.18359102899 -244.27780695631535
2751.163763704575 -6203.361159181803 1395.8814499423083
3644.293495705269 -5122.342865339242 2912.010514288711
4213.611757893943 -3586.1819288799065 4169.394665292873
4408.532124263117 -1731.3729903393798 5056.309803198669
4211.735064866942 277.2760363979951 5493.9496258401605
3417.1331044079047 2595.5226249578523 5439.25917734677
2366.9778936657 4289.563466053254 4898.585272286136
1106.5063097598954 5602.457768750612 3922.650568695485
-252.28321559101656 6417.549112713502 2598.171147807773
-1588.6562701100454 6662.413055061398 1042.8328185510193
-2783.8702433265557 6315.2923599489595 -605.1657830304042
-3731.7251286101714 5407.030224451012 -2199.392749063293
-4347.9998598107795 4018.329725149283 -3598.194017465802
-4577.935722584096 2272.5829956185 -4677.279957002108
-4401.101906465798 324.9072938607944 -5340.769046453773
-3833.2108720404126 -1651.6378467886245 -5529.707368549097
-2924.7222298653974 -3481.427716657557 -5227.306924227742
-1756.3591826347208 -5001.877455907594 -4460.437320030138
-431.9359143716662 -6077.88843282253 -3297.2382856411145
930.8667554028772 -6613.85235010714 -1841.0651598809686
2210.957828918386 -6562.146461671752 -221.3053152840395
3294.5955967058967 -5927.365062611396 1418.1184777582841
4085.494087631444 -4765.911265924873 2931.536220741344
4513.378499975431 -3180.9853384038474 4184.474105676704
4540.229425961293 -1313.414904041386 5065.603103060553
4163.661042981827 670.858208371531 5496.631034704402
3163.0476539210135 2907.7515711285178 5434.996512223717
1966.0203066400113 4499.193448883562 4887.852208451265
594.3034273760392 5690.862244320057 3906.400785971806
-830.2199194679403 6376.872955411103 2577.8485107012507
-2180.9745831070777 6496.270519967834 1020.2430825530375
-3337.9400839878467 6038.445940411796 -628.0154207430523
-4198.3149600974875 5044.078939766643 -2220.471997905808
-4685.651128000734 3601.5233897473886 -3615.629893673782
-4756.646630539829 1838.956681524002 -4689.523206458402
-4404.99320575554 -87.00939798126552 -5346.731802715564
-3661.9368036455858 -2005.2443106414455 -5528.859814555404
-2593.501246386755 -3745.3044664314107 -5219.7243688703375
-1294.6217219936755 -5152.5778843810385 -4446.793506628019
119.29062375235853 -6102.022145587767 -3278.7455268899403
1522.603474079723 -6509.274960875912 -1819.3666185499349
2790.626323899824 -6338.1501304075655 -198.32900199285737
3810.6897783795043 -5603.852846338796 1440.3310167437612
4492.156723113524 -4371.628644769649 2951.011303854157
4774.475829493821 -2750.966053536426 4199.481286317285
4632.561805981523 -885.8680560307803 5074.80892737106
4079.024336345127 1057.9432058211275 5499.217524795748
2880.6066720665717 3195.2044096057907 5430.639992665765
1546.6465664201464 4671.348125080388 4877.034738562796
75.26012600061686 5732.422059767998 3890.083545424078
-1402.813506887652 6284.145138125338 2557.4813579240026
-2756.241003543298 6277.494343443544 997.6357284502817
-3864.7643914697055 5713.060628016604 -650.8542135485372
-4629.88650297484 4640.996404436781 -2241.5129024468815
-4983.622880768402 3156.559283645471 -3633.003333245485
-4894.542495336901 1391.6480181700265 -4701.685474712682
-4370.56052984876 -496.91728086657946 -5352.602228744806
-3458.23508139459 -2341.3292988126 -5527.916785244964
-2238.630269743823 -3977.703933804737 -5212.051676512867
-820.1133345591633 -5260.642118412146 -4433.072903610539
671.2742694091372 -6076.149164850923 -3260.1961490024237
2103.01620870183 -6351.763693251283 -1797.6366594202957
3347.8959289167547 -6062.996143250415 -175.34926385011482
4295.300403848121 -5235.50477890142 1462.5186833207022
4861.0485882822395 -3942.815839312729 2970.4354273209638
4994.871273287109 -2299.790409638804 4214.415948062573
4684.877726028875 -452.4185096044781 5083.92711715907
3958.6122335656996 1435.1527604141447 5501.709051449304
2572.2165239859087 3455.3211584116807 5426.1896939036305
1112.357714374815 4804.423608389193 4866.133049422609
-446.3389596599319 5726.631936895594 3873.6991288272075
-1965.376458402566 6140.003886898468 2537.07004118693
-3309.7816339036403 6007.809546587179 975.0111466386728
-4360.098186494914 5341.794963223672 -673.6817670543786
-5023.000881240371 4201.138455296668 -2262.5150993408934
-5239.587904611328 2687.192359224112 -3650.3140361669966
-4990.614549104774 934.4774294850462 -4713.766551740374
-4298.203189959036 -901.2699207504232 -5358.380223167823
-3223.8776150314225 -2656.9354833693055 -5526.878296902509
-1863.096366254397 -4176.520668521489 -5204.288979651499
-336.7708292718838 -5325.003663916507 -4419.275747912417
1219.4782737858409 -6000.336715378835 -3241.5904722991454
2667.3713806254223 -6142.513517635796 -1775.8756577366323
3878.2568347299566 -5738.901037874235 -152.3664976822334
4744.542149618939 -4825.362016145158 1484.681094340594
5189.254073433994 -3483.0684035291656 2989.8082557155826
5172.878000158026 -1831.2888780656901 4229.277833012814
4696.869015766819 -16.79129930719152 5092.957514966797
3803.522607454534 1799.198260082181 5504.105571640053
2240.5133531121746 3685.77463291841 5421.645692787455
666.7931533574757 4897.142845559369 4855.147329286913
-966.1745442466295 5673.378425614987 3857.247819116086
-2513.293393607202 5945.50943534355 2516.614912963598
-3837.095095539423 5689.355840303442 952.3697278116201
-4819.9540594184855 4927.678011525502 -696.4976870621292
-5374.538953098217 3728.1543666647544 -2283.478225910642
-5451.572475019457 2197.367845589866 -3667.5617035078694
-5044.2098587034625 471.3355484443797 -4725.766228918967
-4188.647060291297 -1296.576980602396 -5364.065686207115
-2960.9045889973913 -2949.282954988279 -5525.744367461216
-1470.0727512553021 -4339.932196108381 -5196.436412336643
151.38150174385814 -5344.959416125523 -4405.402277790355
1759.3848439862547 -5875.063536051835 -3222.928818072953
3211.0591219072858 -5883.142478508283 -1754.083989279587
4377.416705345984 -5368.478394003746 -129.38110036794635
5154.821604537896 -4376.80144501258 1506.8178670910077
5474.197982604598 -2996.2264803552735 3009.1294544976217
5307.167846794718 -1349.4236441950525 4244.0666845250225
4668.57255767465 417.28140459999634 5101.899964852485
3615.154109111944 2146.9091693871037 5506.407043983597
1888.3406465731978 3884.490950472912 5417.008067785494
213.7001669321568 4948.567425609957 4844.077767863018
-1479.9285103485809 5572.941968551111 3840.7299003807416
-3042.0590449254937 5702.136161133473 2496.1163264841184
-4333.88928350457 5324.6705323867445 929.7118629532825
-5240.634440284395 4474.084559905702 -719.3015795742494
-5681.726228899516 3225.956540080349 -2304.4019201536144
-5617.971708232045 1691.1881247917386 -3684.746037426091
-5055.035747225395 6.150222958560042 -4737.684299031596
-4042.93767641877 -1679.4341531743148 -5369.658519683056
-2671.6068509225897 -3215.793434722244 -5524.515016502387
-1062.8920325683566 -4466.4153573180765 -5188.494110170648
640.2654073044375 -5320.176674875237 -4391.452732818869
2286.532455979733 -5701.216947658932 -3204.2115085832593
3729.6310616588526 -5575.6790752646575 -1732.262030359405
4841.335580293247 -4954.717648568506 -106.39346883140338
5522.866186767321 -3893.507815376789 1528.9286193022926
5713.665895848065 -2486.342726411221 3028.3986900182576
5396.781316072916 -858.2551750686692 4258.782247217354
4600.369032979969 846.0921149695295 5110.754312393123
3395.193772919767 2475.2604075786003 5508.613428736875
1518.7249816385252 4049.6678810915337 5412.27689898274
-243.09755704398404 4958.10654979023 4832.924556306049
-1983.3198109671168 5425.995693247857 3824.1456578614557
-3547.3153960301297 5411.7613077705 2475.574635729104
-4796.116441018683 4916.668180974405 907.0379433318477
-5618.761492812388 3984.707509855812 -742.0930508008826
-5942.154928441037 2698.6880898856507 -2325.2858207482354
-5737.561821960307 1172.8783901315182 -3701.8667411733763
-5023.161168723055 -457.1467016778517 -4749.52055627065
-3862.4306018650723 -2046.5523028878529 -5375.1586270155985
-2358.506126033857 -3454.1127508394293 -5523.19026525511
-645.0180307708727 -4554.760122754786 -5180.46221030545
1125.7827471411256 -5250.697069527811 -4377.4273538861835
2796.5527875533835 -5480.08653936872 -3185.438867050618
4218.836840321786 -5222.546271223053 -1710.41015780936
5266.258725767059 -4500.959848112396 -83.40400003539976
5845.75041283216 -3379.443390360003 1551.01296915412
5905.82152206398 -1957.6485569310792 3047.615629525992
5441.134471789545 -361.9080582196217 4273.4242669735895
4492.978745671273 1265.9895596719955 5119.5204046870695
3145.6021408876322 2781.3984494830884 5510.724687798855
1134.8501592618404 4179.790883851035 5407.452268079555
-699.7321343529101 4925.523079500433 4821.687887215645
-2472.140157106551 5233.600934234209 3807.495377943822
-4024.8876780928267 5076.650378681864 2454.9901954234756
-5220.00626595193 4468.6171584703925 884.3483604927068
-5951.30438946101 3463.527693525432 -764.8717071666839
-6153.80300109734 2150.6885935698106 -2346.129567060109
-5809.509210566506 646.7513739340577 -3718.923519100237
-4949.015032065586 -914.6525434973921 -4761.274796241253
-3648.779149570897 -2394.7855685525146 -5380.565913225936
-2024.3332272332389 -3662.1313864984036 -5521.7701365959
-220.01641401592963 -4604.08075975498 -5172.340851440201
1603.8498231128797 -5136.93735283173 -4363.326383190064
3285.2069650790495 -5213.354519031107 -3166.6112176510715
4674.65905130467 -4826.542257785094 -1688.528748979316
5648.7471664185105 -4010.8705360030435 -60.41309097438388
6120.91930667742 -2838.815365681691 1573.0705352820958
6049.220905326097 -1414.5189921834926 3066.7799411724136
5440.022679967852 135.46360128457934 4287.9924909474785
4347.454566348141 1673.4096593062939 5128.198090356753
2868.596036018267 3062.6659254613132 5512.740784711181
740.0299448185987 4273.6466882454215 5402.534258390249
-1152.3241529800603 4850.9366039726665 4810.367954632627
-2942.2891928952167 4997.199514452287 3790.7793481538065
-4470.818925998136 4699.439318223958 2434.3633610303878
-5602.096777660448 3984.113315421662 861.6435062517459
-6235.603746230841 2914.7813605508495 -787.6371553175975
-6315.0499574523055 1586.4582904877686 -2366.932799148261
-5833.376266813861 117.17143925733083 -3735.916076661081
-4833.381495518895 -1362.52660854953 -4772.946815964914
-3403.919567401753 -2721.15818783722 -5385.880284938153
-1672.0044478659852 -3838.0029205295564 -5520.254655048308
208.4756043333435 -4613.8242509344445 -5164.1301738188795
2070.431684207551 -4979.687049209577 -4349.150064233638
3748.420823000086 -4903.082800165761 -3147.728885510568
5093.346321995258 -4390.818127502745 -1666.6181817291622
5985.705648498966 -3488.409995423122 -37.421138667687636
6346.208760296942 -2276.0413266150663 1595.1009367843285
6142.823373864111 -861.436397694394 3085.891294017923
5393.621173327097 629.7109355127748 4302.48666756712
4165.172062023301 2064.9056886587246 5136.787219551239
2566.629134452198 3316.62450967799 5514.661684658812
337.67964832183026 4330.334300643102 5397.522954841657
-1597.0155269490815 4734.823494585674 4798.964954035674
-3389.808864263378 4718.602842603641 3773.9978571527868
-4881.40280805668 4283.1136208087655 2413.6944887450736
-5939.262690670755 3467.050957670498 838.9237726885659
-6469.393019193716 2342.925602040687 -810.3890021276545
-6424.6893874976695 1010.6210249098966 -2387.695157771286
-5809.123909437454 -411.48166532146587 -3752.844120419331
-4677.392279103348 -1797.0224038314482 -4784.536413882935
-3130.053818372981 -3022.8898156580854 -5391.1016503808305
-1304.5963398652243 -3980.160201630051 -5518.643846782474
636.7802485662786 -4583.775887041826 -5155.830319227869
2521.576117448572 -4780.102969320781 -4334.898641821191
4182.31888254105 -4551.696925639217 -3128.792196699332
5471.444261115632 -3918.852635321659 -1644.6788344223494
6274.407806052451 -2937.80109075422 -14.42854015271971
6519.862682636359 -1695.713026945557 1617.1037932280422
6185.999147921911 -302.95341917871497 3104.9493580374033
5302.482442104479 1116.7249293713264 4316.906546539303
3947.8169017451155 2437.1773672801137 5145.287643948853
2242.3705049566192 3541.0759007293186 5516.487354470615
-68.71321339034996 4349.273337889844 5392.418443971655
-2030.0022579037134 4578.013938089565 4787.479082337912
-3810.9166932841704 4399.977909606767 3757.1511947325303
-5253.21445653387 3830.984534870384 2392.983935488717
-6228.7410619685925 2921.5913722120513 816.1895521397124
-6650.816689667484 1752.6019949401207 -833.1268547057607
-6481.938067861109 427.8862392505758 -2408.416284393658
-5737.110803208577 -934.8490865442233 -3769.707358052403
-4482.516066794915 -2214.518968481895 -4796.043389859907
-2829.630106648744 -3297.4191218135484 -5396.229919388623
-925.3190938996556 -4087.3291156865853 -5516.937739614703
1061.2105810383928 -4514.061980682489 -5147.441430993519
2953.4470388052296 -4539.700629060032 -4320.572362053913
4583.256766185392 -4161.966954397517 -3109.8014782262935
5805.824016598937 -3414.424251345641 -1622.711085919273
6512.518324698636 -2363.4949696076546 8.564307522018494
6640.546799932914 -1102.5587877932192 1639.078724656092
6178.533550433514 256.34458081619766 3123.953804125976
5167.530480930203 1592.470608470436 4331.251878853806
3697.369650862253 2787.0986341199095 5153.699216759671
1898.6813016757164 3734.0807151469385 5518.217762619947
-475.6189218514962 4330.209612873358 5387.220813927674
-2447.5668270910205 4381.685966533461 4775.910537883524
-4202.037678773374 4043.8302933549103 3740.239651810238
-5583.139042358077 3346.6625525548325 2372.232058902262
-6468.15400082714 2352.1291573735502 793.4412371918993
-6778.445091296411 1148.5987644108377 -855.8503204024822
-6486.44158868767 -156.98966931244289 -2429.095821191847
-5618.089285643957 -1448.6288819795038 -3786.505498356889
-4250.545094992058 -2611.5510612795183 -4807.467545187209
-2505.3213194401756 -3542.4254681818043 -5401.265003403834
-537.4887502345283 -4158.539826558013 -5515.136363006969
1478.102053160002 -4405.149671893103 -5138.963653979646
3362.357002587238 -4260.342637199565 -4306.171472325688
4947.8517768739275 -3736.985462985125 -3090.757058033344
6093.708207495485 -2881.580730893867 -1600.7153155707904
6698.111922083062 -1770.1349052539263 31.55700730370084
6707.358998213536 -501.4048251731117 1661.0253515935844
6120.627792592595 811.877274003176 3142.904304104697
4990.051947667112 2053.020514519576 4345.522416787767
3416.0880887091857 3111.7438727887275 5162.021792728176
1538.589811813748 3893.9751322975676 5519.852879225192
-879.4959728861927 4273.217920302573 5381.93015446517
-2846.1099429201026 4147.356527105679 4764.259520444369
-4559.834554577839 3652.9843061010924 3723.263520423526
-5868.3978555569365 2834.0283986418617 2351.4392173402553
-6655.528254030014 1763.2566310345057 770.6792206752353
-6851.28575982785 535.8117738354647 -878.5590068168253
-6438.276459492643 -739.2423108401038 -2449.7334110605207
-5453.198041820638 -1948.6114720860799 -3803.2382512534823
-3983.57904716744 -2984.837952696601 -4818.8086825864
-2160.0015725246635 -3755.848482464441 -5406.206815477937
-144.49847915236037 -4193.135392295708 -5513.239748066407
1883.8439382138006 -4257.843821249928 -5130.3971345850505
3744.7985545567094 -3944.224141446242 -4291.696221318815
5273.011385549462 -3280.142837732511 -3071.6592649897552
6332.694014706829 -2324.606448216494 -1578.6919032116896
6829.688990087548 -1162.518574409067 54.54916214204524
6719.836127102512 102.8641763633375 1682.943295054399
6012.896334709302 1359.106993653848 3161.8005307261556
4771.684315816205 2494.587190215434 4359.717913909829
3106.487205271143 3408.412367610787 5170.255228135654
1165.2650739431851 4019.385148572615 5521.392676050277
-1276.821642757306 4178.701994858828 5376.5465569460985
-3222.1813741157157 3876.869660197645 4752.526231216438
-4881.236150073933 3230.5604428656097 3706.223093725326
-6106.571673146025 2297.2017531039837 2330.605769864585
-6789.3115048107065 1159.726606475215 747.9038956564062
-6868.791214870157 -80.79533851525571 -901.2525218030224
-6337.948682294639 -1314.1382631141457 -2470.3286976187082
-5243.951595667562 -2430.7142360345692 -3819.905327792048
-3684.0063970628803 -3331.310582069592 -4830.066606212641
-1796.7210630833881 -3935.9053636720273 -5411.0552702730565
250.21082213157806 -4190.777681276012 -5511.247927544782
2274.9103777680625 -4073.2810109736843 -5121.742020740983
4097.474163060087 -3593.8554475470505 -4277.1468589996975
5555.95938749503 -2795.1000562309996 -3052.5084288864578
6520.773238424869 -1747.9877588242466 -1556.6412291540344
6906.1877711786165 -545.5590781280597 77.54037499619723
6677.957213157308 705.3449208064138 1704.8321765477235
5856.360851014432 1893.5759281720282 3180.642157680195
4514.40112704263 2913.5544044984695 4373.838125084576
2771.3170518100437 3674.6507860623137 5178.399380802727
781.9892947995884 4109.238319345149 5522.837126505168
