-3913.4323301096497 3440.5783372231454 4565.801665791335
-5424.685750064558 2593.5268005786556 3441.7263104416543
-6453.932035284919 1516.0290261978594 2011.838468642102
-6909.718136555987 303.82541985557015 403.1899500959812
-6751.545458595454 -935.3744083567818 -1241.2837648861218
-5993.468337969488 -2091.4621155636382 -2775.463970073993
-4702.845253612337 -3061.7142355723595 -4063.0320215977913
-2994.3537303752555 -3759.9196096388573 -4989.581847680278
-1019.8007376894501 -4124.0396262535005 -5472.785430177078
1045.3660258619136 -4121.720624025716 -5469.70801027937
3017.647430502182 -3753.1686564802126 -4980.623030250097
4721.797618214706 -3051.1311832970814 -4048.987836878945
6006.3953662813165 -2077.9873148093407 -2757.5823055106357
6757.298527421915 -920.2051543036554 -1221.153484847076
6907.786060484912 319.3412724157018 423.78018188892963
6444.486487753997 1530.5128256748549 2031.0591197354372
5408.566009423025 2605.691597827859 3457.8695416372716
3892.070706053799 3449.343236624647 4577.433080154122
2029.747840380709 3986.5055916538618 5290.2716017650655
-12.927028311864705 4169.4494303729825 5533.046275584634
-2054.4532738096004 3981.9193898760154 5284.185506444868
-4221.184256017183 3074.5608565235957 4552.774512815798
-5646.693097806379 2095.771324642359 3423.693380291548
-6570.468477750981 930.7633134256623 1990.4020662974476
-6910.428899421405 -316.94710277640075 380.2547939772555
-6636.367387460513 -1536.4953779973519 -1263.6797855085224
-5772.635509905156 -2619.5192960843297 -2795.3308704844676
-4395.979634501058 -3469.7874291431176 -4078.60454051038
-2628.721677132644 -4011.7497222112174 -4999.4762984507415
-627.8902627959479 -4197.250447187164 -5476.122647433378
1428.7319568412313 -4009.8070506003282 -5466.191467623146
3358.4050722261177 -3466.07470081925 -4970.56518792845
4989.669158825834 -2614.3664032520774 -4033.2823783202493
6177.579243861401 -1530.3601777979893 -2737.6247296301344
6816.584303219915 -310.3747346715095 -1198.7171098441156
6849.905933149833 937.1888656876123 446.7017856349307
6274.583360602314 2101.4791225448143 2052.429267141843
5141.7365209097625 3079.043737174649 3475.789401325675
3552.023827195275 3783.0218035956573 4590.310393951204
1646.6982286346931 4150.861781249438 5296.962163828781
-404.9437339562674 4149.879473882309 5532.955600114591
-2420.6046687188546 3780.16216381463 5277.321650354499
-4494.668119546271 2681.1271834177032 4539.668740088047
-5822.994384144901 1579.1430414691222 3405.6013279678155
-6633.9220439222945 336.84511033090456 1968.9312926223631
-6855.3966176097965 -935.3829870806001 357.3130714147931
-6467.739117410137 -2124.4982012293885 -1286.053984230597
-5505.394613422961 -3124.842426992149 -2815.149499622144
-4053.871638006827 -3847.5306899715333 -4094.106627892168
-2242.1443774311388 -4228.348966536613 -5009.284415582953
-231.19274943216652 -4233.459881621111 -5479.365300066617
1800.3013689265538 -3862.4093079908807 -5462.580531840803
3671.8308101636926 -3148.1667174416007 -4960.421511221116
5217.101970353702 -2154.1956985455404 -4017.5072708781713
6298.810725602877 -968.8149383016045 -2717.619878977444
6820.842506006666 302.6492807847979 -1176.2600347511177
6736.812496977435 1547.2217831189125 469.61567549490337
6054.187133577068 2654.316840151988 2073.7639720988004
4833.620674995725 3525.564197659976 3493.649239218443
3183.5658074460825 4083.5497045222073 4603.108439806337
1250.6371470564388 4278.693899774929 5303.561255108768
-793.4161121799186 4093.657365293744 5532.769378599577
-2766.9708679998193 3544.881409186758 5270.3666626433105
-4731.452134588856 2263.4873201253004 4526.484573925565
-5951.998472801142 1047.8407651684975 3387.450465893711
-6643.683626789978 -260.91104014699613 1947.4265183856712
-6745.048335213138 -1546.479754556188 334.3651785785496
-6247.085898895536 -2694.636956158432 -1308.405974682681
-5194.0424655761235 -3603.363838986507 -2834.919515248339
-3679.48556551037 -4191.916031618861 -4109.5380160447685
-1837.990225792577 -4407.998088921376 -5019.006029705086
166.81861137413333 -4232.410171842235 -5482.51333208093
2156.804882848858 -3680.7540373687957 -5458.875265287915
3955.1495755001342 -2802.0467539520887 -4950.1921752945345
5402.06187148017 -1674.3653198671107 -4001.6627869656922
6368.977263621155 -397.9091792807457 -2697.5680990070423
6769.981076093032 913.9029380803722 -1153.7826473690127
6569.442360381437 2144.51076879608 492.5214557795248
5785.179861426996 3184.56940667375 2095.062866187238
4486.878743941104 3941.6650775157987 3511.4487469022574
2789.8987597130017 4348.526508508283 4615.826996715993
845.0240274153393 4369.002276025541 5310.06876164838
-1174.9347980450116 4001.2730182672453 5532.487614255365
-3090.495510582646 3278.013093538482 5263.320663413768
-4929.405236829253 1825.0659587257992 4513.2222419996315
-6032.500028730104 506.19611921537836 3369.241107508063
-6599.580719887961 -857.6514668924285 1925.8881149433205
-6580.259702300807 -2145.2929564253727 311.4115117450763
-5976.253733170147 -3242.3157523168466 -1330.7353708786295
-4841.2313934897775 -4051.244564946648 -2854.6405759637837
-3276.044399103806 -4500.2025193869895 -4124.898438490715
-1419.766483173438 -4549.2977311663235 -5028.640972939093
562.663915329507 -4194.167875267268 -5485.566689114415
2495.099155745482 -3466.3677978481624 -5455.07573194901
4205.833886611203 -2430.5657296857075 -4939.877356794384
5542.861819653486 -1178.7972300786755 -3985.749200193867
6387.382155571123 177.71257648730065 -2677.4697359838456
6664.35555640136 1518.4318407535832 -1131.2853358492525
6349.171720002688 2724.2317724405225 515.4187309394607
5469.836113400606 3687.9717560519066 2116.325581606369
4104.481564142462 4324.019264740597 3529.1876170057044
2374.4258156896017 4575.858686111085 4628.465845049314
433.3919135166436 4421.11298239551 5316.484571072489
-1546.150762081332 3873.5319884593396 5532.110311947613
-3388.311157297537 2981.770678633407 5256.183774339959
-5086.715941769263 1369.4743159687068 4499.881973331306
-6063.690468032809 -41.361910902460686 3350.9735672598363
-6501.8794861443275 -1448.5229504762076 1904.3164542320276
-6362.347978883754 -2726.9763691618873 288.45246729057413
-5657.493932995136 -3763.125970308825 -1353.041787222423
-4449.946723656695 -4464.9053147875165 -2874.312341214641
-2847.0022196518144 -4769.958228133087 -4140.187629977979
-991.0890745674399 -4651.17942029213 -5038.189078903606
952.8866841150707 -4119.122909593517 -5488.525318440063
2812.1942792395557 -3221.064251904392 -5451.181997436471
4421.62607154233 -2036.7999000258924 -4929.477233842471
5638.176983402147 -671.5569386809522 -3969.766785367032
6353.751127554513 753.3568037448508 -2657.325136977155
6504.766601046106 2111.3314881060655 -1108.7684886875509
6077.805016336699 3281.7051043234205 538.3071055722997
5110.803783917769 4160.4848204960035 2137.55175118024
3689.685206904754 4669.587202380605 3546.8655432044584
1940.7219073414249 4763.776269187774 4641.02476655189
19.31694959298689 4434.682908989784 5322.808572589463
-1903.8044038978248 3711.548511042648 5531.637478191779
-3657.7643813942636 2658.62674002703 5248.956118665525
-5201.908566308507 900.4803207710249 4486.463998287499
-6045.165651781246 -590.3433140260237 3332.648160602699
-6351.283240320711 -2028.7123546929051 1882.711908762776
-6093.061440810258 -3286.8213997877792 265.4884416841665
-5293.4443933241 -4252.881939533371 -1375.324838514914
-4023.481581592982 -4841.055255486445 -2893.9344712983184
-2396.0147745792474 -4999.0795673684715 -4155.405326484599
-555.6515401064968 -4712.913721590474 -5047.650182716812
1334.0837721413532 -4007.984809367949 -5491.389168966668
3105.279886704233 -2946.928858081448 -5447.194128989389
4600.558256037111 -1624.0253453701284 -4918.991986033701
5687.056835103726 -156.82005380482005 -3953.71581847813
6268.235457133514 1324.319387734493 -2637.13464985471
6292.453851098762 2687.787239993729 -1086.2324947168563
5757.560106414994 3812.4334008194514 561.186184429322
4711.081879639883 4598.328123393977 2158.741008363981
3246.0033536164933 4975.641212774344 3564.4822202265923
1492.5031847731532 4910.846745157904 4653.503544349525
-393.6124417796298 4409.701993338198 5329.040656993055
-2244.7538755405367 3516.7358677519346 5531.069121153012
-3896.4390765195053 2311.2923273747756 5241.637821201488
-5273.856670857993 421.9774009911881 4472.968548576988
-5976.930253004076 -1136.2339796924437 3314.265203989634
-6148.927352844365 -2593.4859849997165 1861.0748516145152
-5774.565273261193 -3820.2953792140065 242.51983148094996
-4887.107727886461 -4707.654763894976 -1397.584139960422
-3565.409214169994 -5176.718363601228 -2913.506627369344
-1926.9084452339087 -5185.807819047151 -4170.551265223247
-117.19340484036896 -4734.115492227965 -5057.024120999292
1702.9347838680567 -3861.7762286006614 -5494.158191239733
3371.7497438235623 -2646.3011999363666 -5443.112195472425
4740.969942360336 -1195.6906965561652 -4908.421794432954
5688.934156114479 361.1621724152468 -3937.596576703852
6131.411604621503 1885.924197433463 -2616.8986232766597
6029.086224801269 3243.113581267689 -1063.6777431008868
5391.0500756983465 4312.138091236747 584.0555724222831
4273.995469136018 4998.010208293112 2179.892987250107
2777.177609020781 5239.7871849360845 3582.0373438579277
1033.5953309008637 5015.986075770168 4665.901962951995
-801.8264282280146 4346.492591479739 5335.180716664282
-2566.002390451491 3290.7941661677787 5530.405250646005
-4102.177779567356 1942.6942377794649 5234.229008324135
-5301.793602005163 -62.04787159745898 4459.395857246461
-5859.398753514346 -1674.5329100822482 3295.82501486738
-5896.370612225882 -3138.228350939619 1839.4056564274604
-5409.424066244914 -4323.078430927709 219.54703331520489
-4441.8264531115765 -5123.804020810657 -1419.8193071733897
-3079.553066984953 -5469.257138000992 -2933.028471445225
-1443.6478764606607 -5328.742757040316 -4185.625184645723
320.5317632315157 -4714.746197314185 -5066.310731876863
2056.230749130078 -3681.8237476338013 -5496.8323374422935
3609.2246093484423 -2321.755100558749 -5438.9362673745845
4841.523024204865 -755.3883239446245 -4897.766841571969
5643.630871686854 878.0980202190534 -3921.40933839991
5944.277349553307 2433.56150181655 -2596.6174066896033
5716.748698880468 3772.792364468919 -1041.104623327104
4981.261838773642 4776.794068911633 606.914874630396
3803.168004384254 5356.356657716046 2201.0073225749215
2287.1460028774354 5459.983451498362 3599.5306109471217
567.9010420400559 5078.466754872331 4678.219808256756
-1201.8044185752753 4245.706000591613 5341.228645573308
-2864.724282568366 3035.695636184434 5529.645878134829
-4273.100822419801 1555.9503925714016 5226.729807972828
-5285.320039844847 -547.5490090283042 4445.74615867642
-5693.393055102356 -2200.7894101330794 3277.327911671018
-5595.58311237013 -3658.4800141423166 1817.704697396966
-5000.581054291788 -4791.098613919889 196.5704438935319
-3961.2554248511165 -5498.007076460723 -1442.0299561850238
-2569.9548672293213 -5716.393482651372 -2952.499666412309
-950.30254159301 -5426.853241928838 -4200.6268244474995
753.7883351978505 -4655.113275307733 -5075.509854983332
2390.901810460741 -3469.746065547417 -5499.411561395758
3815.573167564436 -1976.0766911333894 -5434.666416808044
4901.214104362974 -306.8242308424389 -4887.027311446188
5551.360659365034 1389.6909088348318 -3905.154383096217
5708.244458037511 2962.7259127040084 -2576.2913503204145
5357.925686395146 4272.509717520935 -1018.5135252002475
4531.531704646992 5202.662284336025 629.7636963069054
3302.491244641602 5670.535475680496 2222.083649724753
1780.0099448056874 5634.556705275695 3616.9617194110747
99.36694992880093 5097.922844762317 4690.456867552657
-1590.1052345139171 4108.316167625899 5347.184339281248
-3138.289590808203 2753.6675699473662 5528.791016732737
-4407.623144802143 1154.3435244079276 5219.140349647776
-5224.4084790409925 -1030.4534305092932 4432.019688577182
-5480.136717638064 -2710.6399479840284 3258.7742138184144
-5248.930759689124 -4149.974210632874 1795.9723492668181
-4551.334269188565 -5220.565052805158 173.59045998800073
-3449.3317556691436 -5827.285779963311 -1464.215703449924
-2040.840978515406 -5916.226592949286 -2971.9198760315726
-451.0125243375 -5479.484710218952 -4215.555925572214
1178.890371863684 -4555.866564663072 -5084.621331463313
2704.043685049596 -3227.4396817457605 -5501.895818560707
3988.930850318576 -1612.2406197195965 -5430.302717506866
4919.384004402055 146.21309657010082 -4876.203389511572
5412.7283013332835 1891.67513758393 -3888.8319914920594
5425.127935324138 3469.053541143815 -2555.9208051703763
4955.4811444796305 4738.191313882362 -995.9048388355868
4045.518107177304 5586.3199951723545 652.6016428861258
2776.0930325884715 5938.0796297297775 2243.121604742279
1259.9999093705387 5762.214830352467 3634.3303682400547
-368.0497352134991 5074.351956235054 4702.612929523576
-1963.3965456641577 3935.610642379375 5353.047694941996
-3384.286956808719 2447.173051805468 5527.840681201933
-4504.468620142135 741.2933963366049 5211.460764407818
-5119.4045982822945 -1506.696598756375 4418.216683984799
-5221.245864594381 -3199.8443800430396 3240.1642417048274
-4859.1565227771825 -4608.671945877073 1774.2089873228422
-4065.309799854054 -5607.998784496242 150.6074784292992
-2910.2424608956894 -6109.030320815601 -1486.3761658527073
-1496.5873078980326 -6067.2477040925005 -2991.288764944363
50.04619507155647 -5486.363503182783 -4230.412230216148
1592.2328739849345 -4417.991828505607 -5093.645003974945
2992.942674645884 -2957.062191827898 -5504.28506603765
4127.716384351939 -1233.3846025526116 -5425.845244825755
4895.724379123343 599.8846212786767 -4865.2952626814185
5228.725778277065 2379.851463959044 -3872.4424454512496
5097.1319461457315 3948.3580602605157 -2535.5061230089755
4512.635572204228 5166.035715823896 -973.2789546519915
3527.1717242973596 5924.68842726198 675.4283199901458
2228.3031899485013 6156.906571870927 2264.1208243328097
731.440138425235 5842.056548429681 3651.636257502919
-830.4145792692967 5008.114163217563 4714.687784252125
-2318.483317381393 3729.1788568565485 5358.81861130397
-3600.544638247683 2118.889643831986 5526.794887953323
-4562.681767275779 320.3277873589087 5203.691184868149
-4971.025498825702 -1972.256183341707 4404.337383256947
-4918.716824184334 -3664.3212396380472 3221.498316697221
-4429.358574280937 -5030.79527318364 1752.4149873864455
-3546.432377132733 -5950.261069425451 127.62189609987011
-2348.3901000141427 -6341.020057358194 -1508.510960714637
-941.6830567690763 -6168.351586086477 -3010.6059986783457
548.69665857793 -5447.598007025907 -4245.195481832651
1990.3222678946677 -4242.801438650991 -5102.58071669261
3255.099009323586 -2661.013343224455 -5506.579262567785
4230.645919007334 -842.7825345877937 -5421.294075738738
4830.281372903493 1050.333200737286 -4854.303119323109
5000.725129476507 2850.1222218655257 -3855.9860279972545
4726.832512974764 4396.665376025633 -2515.047656367891
4032.9400843323883 5552.54551707767 -950.6362633653797
2980.7032309310216 6215.0576219927 698.2433334356792
1663.617814860773 6325.334582862535 2285.080945870556
198.71265527359967 5873.577807771422 3668.8790883522884
-1283.8489957707616 4899.927868688157 4726.681223223235
-2652.33502946237 3490.8978354926676 5364.496988711898
-3785.149456205672 1771.68621006085 5525.653655046223
-4581.636742910312 -104.94751005174444 5195.831745198037
-4780.354819068467 -2423.1859642297572 4390.382026068842
-4574.910601470402 -4100.181795382577 3202.776761128784
-3962.965500267201 -5412.858480664204 1730.5907258081265
-2998.893523177598 -6244.578936000631 104.63410992708766
-1768.3566961262204 -6521.4411489900995 -1530.6197058001744
-380.69361631847335 -6218.844697018695 -3029.871243653165
1040.7957619455867 -5363.676602766731 -4259.905425136619
2369.805869303792 -4031.9223042518865 -5111.428315309628
3488.2483254526296 -2341.914015204609 -5508.778368533692
4296.7446099593235 -443.81638858608557 -5416.649288837839
4723.4562799179985 1493.7162718144689 -4843.227149254872
4730.468130859495 3298.5256863984396 -3839.4630233083294
4317.157129056661 4810.246618404334 -2494.545758534902
3520.24777080512 5894.556028945432 -927.9771559818696
2410.5489497646645 6455.108268481646 721.0462892408
1086.6622760177956 6442.09581058722 2306.001607404899
-333.77910969211763 5856.674869250301 3686.0585630297137
-1724.5627567403935 4750.862664186152 4738.59303932777
-2962.1114347332805 3222.9154625916585 5370.08272910851
-3936.463512738178 1408.5980786143657 5524.417002188057
-4561.043532750707 -530.8794261786869 5187.882581118495
-4548.8347583318555 -2855.649190204776 4376.350853409074
-4192.534303227833 -4503.762595007108 3183.999898293388
-3463.7087766482673 -5751.6969288064465 1708.736579460922
-2427.1175250278966 -6488.567749575097 81.64451687638304
-1174.8662300789867 -6648.900851183432 -1552.702019323666
181.7770852279723 -6218.449933943332 -3049.084167186232
1522.2687087968472 -5235.462450854296 -4274.541806108846
2727.5000772228977 -3787.2811535583437 -5120.18764704092
3690.3810943507856 -2002.5833055590845 -5510.882345960029
4325.355556274888 -39.947142668879145 -5411.91096433174
4576.003195513764 1926.2384991526374 -4832.06754374249
4420.052869371977 3721.269397166011 -3822.873716712575
3871.3614487039677 5185.649178719407 -2474.0007835477763
2978.6825741287034 6189.261273897013 -905.3020237911128
1821.3346811089473 6642.93034376312 743.8367936318588
502.15320887707543 6506.345900566231 2326.8824476666236
-861.6467796266126 5791.64407147533 3703.1743848708093
-2148.8856704858595 4562.329250422466 4750.4230268660995
-3245.186639292996 2927.6314540174185 5375.575736036248
-4053.1385339319463 1032.8007552239044 5523.084950734008
-4500.951282925552 -953.7988230427036 5179.843829899965
-4278.25506905729 -3265.95111082032 4362.244107575444
-3774.619662804391 -4871.6562223994615 3165.168052439971
-2935.5927348657588 -6044.4932997072365 1686.852925733971
-1835.725509797784 -6680.250621514077 58.65351394438468
-572.7460172355583 -6722.4383598024 -1574.7575199558773
741.1244724125354 -6167.30794888745 -3068.2444374984984
1989.142800315618 -5064.185161928681 -4289.104372000462
3060.417061201252 -3511.087299522005 -5128.858560625661
3859.759835780081 -1646.0139223999838 -5512.891158514188
4316.1460106727955 365.31501514036773 -5407.0791840443635
4389.02367142245 2344.1841104269943 -4820.824495496031
4071.917318053084 4114.762160219644 -3806.218394683037
3393.0032416598697 5519.72553474047 -2453.4130861881385
2412.6059372957147 6434.237072583055 -882.611258359454
1217.838007856053 6777.038410342329 766.6144530501992
-85.14017297567779 6517.670144799481 2347.7231060742133
-1380.553275807029 5679.178284566876 3720.226258310385
-2553.298161624676 4336.066511087084 4762.17098155166
-3499.1713008175307 2607.6761995827537 5380.97591463892
-4134.12771407242 647.5824141469872 5521.657523686658
-4401.748737611324 -1370.051910654349 5171.715630359914
-3970.7391021904004 -3650.5704067981064 4348.062032170843
-3324.498836504663 -5200.740009866611 3146.281548766948
-2382.8622598726315 -6288.801039986873 1664.940142525934
-1229.4979144321358 -6818.074499755494 35.66149815203328
33.11271626840548 -6741.532119593717 -1596.7858268306122
1292.7811368157106 -6065.975025879624 -3087.3517237201413
2437.5802800803704 -4851.429431023187 -4303.592871337262
3365.7897183150308 -3205.813041072938 -5137.440906329831
3994.933969552508 -1275.3460939445258 -5514.804771506915
4269.110806116268 768.4409503949513 -5402.154031413486
4163.958412872407 2743.9486440443056 -4809.498198666476
3688.8200414143166 4475.644459050026 -3789.497344832747
2885.9138211564523 5809.659622826945 -2432.78302197545
1826.5814932646215 6627.461033844379 -859.9052515231722
604.9493838753731 6856.383447871033 789.3788741589813
-670.4351330478385 6476.086103811172 2368.523222739966
-1886.2485462436455 5520.36008959191 3737.2138888875616
-2934.460498440281 4074.1258557111887 4773.8367005144555
-3721.932757682712 2265.8876605436926 5386.283171663346
-4178.694957972156 256.31540305266174 5520.134745695579
-4264.161773344992 -1776.0316028211946 5163.498122860434
-3628.7270154442435 -4006.1892524213386 4333.804872098931
-2845.7776659339497 -5488.2024640621685 3127.340713416595
-1809.9684823158234 -6482.564802191278 1642.9986082385053
-613.3356561280773 -6900.922809378622 12.668866537789576
637.7947346858292 -6706.1035407517375 -1618.7865595511967
1832.254264406834 -5915.417543278382 -3106.4056958962838
2863.9099620198676 -4599.120737702443 -4318.007053924097
3641.094691445573 -2874.1718716727296 -5145.934535948909
4094.75217885548 -893.8402217493582 -5516.623151892915
4184.572965650111 1165.913054429649 -5397.135591489278
3902.5760807507395 3122.0698391973906 -4798.088848842394
3273.818184903619 4800.817017774636 -3772.7108559097633
2354.1671764133375 6052.990536284142 -2412.1109471606455
1225.3380832062555 6767.32928253334 -837.1843953817863
-12.367676001331596 6880.3611240940545 812.1296638499789
-1248.9745129215305 6382.042685811543 2389.282438476322
-2374.604483334297 5316.651747761639 3754.136983250786
-3289.240424622661 3778.8529701812304 4785.419982304603
-3911.612919589452 1905.2865229771041 5391.497415460965
-4186.421440820163 -137.5729930057505 5518.516643056921
-4089.248045226111 -2168.208544830879 5155.191449305869
-3254.9562781802897 -4329.721754336372 4319.472873559995
-2342.30662207318 -5731.567182484857 3108.3458734694073
-1221.5327435515587 -6624.137713901278 1621.0287017698674
7.77967984278868 -6928.124539888019 -10.323983849237965
1236.4008445425193 -6616.517096931936 -1640.759338197252
2355.16236834892 -5717.003073806417 -3125.406024992695
3264.6573802676926 -4309.508238918451 -4332.346670849095
3884.073257236741 -2519.094685037185 -5154.3393028103355
4158.37218032557 -504.848513525397 -5518.346268271422
4063.181486476729 1554.2556639043316 -5392.023950932862
3606.959286576173 3475.2574048575007 -4786.596643046558
2830.242925183214 5087.467274473164 -3755.8592177921846
1802.0470595712025 6247.633350769505 -2391.39721872025
613.7314045630458 6852.66978656258 -814.4490822912101
-629.1169790564498 6848.816439373539 834.8664292503381
-1816.0655582523862 6236.415696010263 2410.000394802008
-2841.64874292518 5069.882049996955 3770.995249163008
-3614.7389664189486 3452.867135030517 4796.920626895779
-4066.64376972572 1529.0498224587777 5396.618555989419
-4157.209427920124 -530.6302769630838 5516.803243712946
-3878.3887848307418 -2543.1615476441066 5146.795753140309
-2852.439629620695 -4618.340524213585 4305.066284046681
-1818.1496664425135 -5928.714057794274 3089.2973569384812
-622.3091265825201 -6712.295329606842 1599.030802508144
628.8263101329661 -6899.459704960963 -33.316655956158904
1824.0877696343102 -6473.576807749089 -1662.7037833309957
2857.2710259263263 -5472.4882023448 -3144.352382901517
3636.573212637412 -3985.1450045432703 -4346.611474488074
4092.749910566977 -2143.704184567284 -5162.6550617760895
4185.26781820552 -111.78584030160275 -5519.974090886735
3905.9063134511953 1930.0651664389525 -5386.819198014782
3279.487891959206 3800.4214131899125 -4775.0217797325395
2361.6725794710756 5333.093539504284 -3738.9427214831285
1234.0122942675216 6391.896900938197 -2370.642194350055
-3.29539865546882 6882.752172346214 -791.6997048570485
-1240.3102809462791 6762.044708780851 857.5887777294065
-2367.1181517630193 6040.4998980958635 2430.676733948272
-3283.597186868675 4782.230163167906 3787.788395506637
-3908.3142020921587 3099.03829177105 4808.338435688681
-4185.760349105373 1140.4832682448111 5401.646504814107
-4091.2833201938365 -919.4086985933892 5514.994577251557
-3633.277813981948 -2897.607167802943 5138.311179345129
-2424.44066881381 -4869.501157813727 4290.585352339698
-1277.5512823823426 -6077.897589245439 3070.195492763818
-17.145858069748765 -6746.246147458449 1577.0052903248775
1244.7830509757307 -6815.161130056188 -56.308752733195
2396.107523301546 -6278.519138406424 -1684.619516003998
3334.527327037356 -5184.003168481824 -3163.2444424468795
3976.6597444337413 -3628.8657674144265 -4360.801218508755
4265.44849225334 -1751.28771789715 -5170.881669245184
4175.233422923838 281.8999307548798 -5521.506591628741
3714.0305412574626 2290.0395334618725 -5381.521422613506
2922.8197472457846 4094.699073947804 -4763.364458781275
1871.9035921081465 5535.5266324225295 -3721.9616591057274
654.660588098072 6484.498357348031 -2349.8462324589073
-620.7518820951909 6857.293946470827 -768.9366559277674
-1841.007823439523 6620.78887571086 880.2963169054801
-2897.682140541507 5795.997658490546 2451.3110988649423
-3696.884683187731 4456.206613996587 3804.516132288647
-4167.602798221516 2720.4620561084084 4819.673211514465
-4268.011115409684 742.992505983905 5406.581175109711
-3989.1879151354174 -1300.4951888661997 5513.090674905771
-3355.907862338546 -3228.4281790564014 5129.737874436516
-1974.4472750322495 -5080.964410040205 4276.030328503539
-724.9019450868409 -6177.762144132573 3051.0406108066486
589.0541038593599 -6725.638601056147 1554.9525455683597
1850.6701106562625 -6675.912553297009 -79.29987714048701
2947.845956589362 -6033.0023784177365 -1706.5061577636448
3783.092752870575 -4854.03346682121 -3182.0818773905494
4282.195156230157 -3243.762380122581 -4374.915657875022
4400.805727854767 -1345.2687709333395 -5179.018983156148
4128.3853979416335 672.7578721681388 -5522.943744033399
3489.139908300479 2631.0070259781414 -5376.130716213859
2539.869025968545 4355.479659545823 -4751.624881497672
1364.9196346476656 5692.948811655206 -3704.916323898075
68.69114393717109 6524.574478754664 -2329.009692162631
-1233.6408563582386 6776.4630707932665 -746.1603285878736
-2426.3584528225038 6426.233180973519 902.9886546526009
-3403.483452854809 5505.004271964441 2471.9031332267677
-4078.1940121598223 4094.6315750780095 3821.1781706454767
-4390.539136624798 2320.432893751194 4830.924758638143
-4312.765591237014 340.05356676253257 5411.422481661702
-3851.7838968077594 -1670.5410119334554 5511.0915695531985
-3048.554299871913 -3532.700690670691 5121.07598646289
-1506.1430759166512 -5250.815874390453 4261.401463882171
-164.7023124343336 -6227.354037062838 3031.833041843749
1191.3729742920063 -6650.564465249136 1532.87294905731
2441.589543998268 -6482.843055176602 -102.28963215494747
3474.8601679810913 -5739.092590163459 -1728.363330659636
4199.374216866093 -4485.398562921316 -3200.864362437628
4550.755437932342 -2833.1571895162087 -4388.954548851173
4497.7820676769925 -929.1773667170396 -5187.06686298949
4045.1610225170402 1057.3639427426513 -5524.285523283184
3233.109668609704 2949.95382572439 -5370.647171905453
2133.7823323783064 4580.427365631395 -4739.803250607012
844.8590719655598 5803.9098332276435 -3687.8070102081706
-519.1336245942954 6511.689442102828 -2308.1329332778296
-1836.99902042856 6640.876867968734 -723.371116151211
-2991.638991760335 6179.99324110749 925.6653991073115
-3880.4587100827243 5169.990094320202 2492.4524814394504
-4424.482642901691 3700.610639524746 3837.7742228481193
-4575.371876376577 1902.4156895451863 4842.092882761974
-4319.71923994664 -64.81724306418526 5416.170340867793
-3680.240592271794 -2026.2908791815294 5508.997295715461
-2713.756417503775 -3807.7196784525286 5112.325665002378
-1023.3771975292784 -5377.482995696428 4246.699011094672
398.47357024399145 -6226.130320947433 3012.5731175617275
1784.9182126286705 -6521.558644259395 1510.766882074001
3012.765038836677 -6237.517862640188 -125.27762077719521
3972.914470042477 -5399.246246029101 -1750.1906572506093
4580.053015737009 -4081.2279062564407 -3219.5915732421013
4780.233751751696 -2400.5745568392626 -4402.917649006105
4555.669741212951 -506.61962329895323 -5195.025169770088
3926.314481940066 1432.350687035054 -5525.531906207537
2948.0889505995065 3244.0503530585315 -5365.070884381071
1707.9127785228984 4767.501908932288 -4727.89977025156
315.98106102277416 5867.339998359864 -3670.6340134888083
-1104.0269604092869 6445.839180535695 -2287.2163163155137
-2425.93734146645 6451.597264421601 -700.569412154126
-3532.2925436836663 5884.102618995379 948.3261586754086
-4324.788052184074 4793.779633912383 2512.9587886458266
-4733.007163228159 3277.5082912008497 3854.304002307056
-4720.677817359593 1470.0159537078946 4853.177391028778
-4288.895531065248 -468.0937523307527 5420.824670739408
-3476.0260553277217 -2364.6112742792375 5506.8078895576045
-2354.2964102852397 -4051.0227075823423 5103.4870611602255
-530.1325454057351 -5459.749266996542 4231.923224030879
960.0157496254752 -6173.964210586314 2993.26117055126
2364.862432342733 -6339.59534006982 1488.6347263578778
3559.5807099185113 -5941.9256027322 -148.26344603832763
4438.014620455353 -5016.289699880819 -1771.9877606105772
4922.111456058368 -3644.934443570262 -3238.263186412382
4968.857088460252 -1949.7107664171463 -4416.804717217518
4574.097963082265 -81.24673150308398 -5202.893766069637
3772.9101605861315 1794.4364320504296 -5526.682871283247
2636.4827331783963 3510.6760438616775 -5359.401949935035
1265.7922449138389 4914.976682827771 -4715.914645987018
-217.3694391490621 5882.560074504687 -3653.3976302925184
-1681.2168946335178 6327.452188372186 -2266.2602024750854
-2995.680851130954 6210.122407736242 -677.7556103486608
-4043.9654176765243 5540.995998499625 970.9705420387515
-4732.925910211601 4379.527778535897 2533.4217007319717
-5001.345165521129 2828.919296208144 3870.767223577157
-4825.372954832346 1026.9489199044422 4864.178092025333
-4220.645181306278 -866.270374623881 5425.3853909030895
-3240.8945614248532 -2682.5177448019217 5504.523388887468
-1973.1762373293018 -4260.411641319098 5094.560327566183
-30.49287856096618 -5496.765484628741 4217.074357847011
1515.3162200488557 -6071.1470874120805 2973.8975343014445
2926.482822651642 -6106.0806286886955 1466.4768640988145
4077.6185838034917 -5598.462110012833 -171.24671100671654
4866.440039449972 -4593.395664416036 -1793.7542643354677
5222.85694157097 -3180.185856251015 -3256.878879517089
5115.200084303214 -1484.4025787423184 -4430.615513676074
4553.035251859279 343.27638208105327 -5210.672516009005
3586.3132566215463 2140.4537299129247 -5527.738398634831
2300.9315902565013 3747.4423706155408 -5353.6404664615475
811.1020546251715 5021.454311309021 -4703.8480847789315
-750.7974580223514 5849.288000153403 -3636.0981582663762
-2245.9853217041696 6157.386781006547 -2245.2649536379445
-3541.6075332083733 5918.374725120439 -654.9301046957789
-4522.5423732983145 5153.489102547702 993.598158161985
-5101.629476670405 3930.69335749918 2553.840864333372
-5227.414412908131 2358.638258073159 3887.163602362718
-4888.720638428659 577.00779870382 4875.094795785638
-4115.64258142764 -1255.8923357373662 5429.852422601864
-2976.8716198667835 -2977.2009247555534 5502.143833155032
-1573.5925510948557 -4433.972146378122 5085.545618371871
471.3910508935215 -5488.057959983556 4202.152668961253
2059.806843651848 -5918.387062119794 2954.4825431939207
3465.199759038267 -5822.841501372854 1444.2936779307136
4562.694469055463 -5209.910920109885 -194.22701879504953
5254.773752442193 -4134.056890277673 -1815.4897925496196
5479.943327729649 -2690.8737637344384 -3275.438331090438
5218.19589001313 -1008.5946945783753 -4444.349799889517
4492.7888477934575 763.3024393358877 -5218.361285260554
3368.1778001682255 2467.376801817568 -5528.698470034879
1944.2893739932376 3952.213907553 -5347.786533452994
347.6423045655522 5085.879463597303 -4691.700294999151
-1279.8943092259174 5767.642310286572 -3618.7358961470018
-2793.7066969189636 5936.924826825486 -2224.230932361309
-4059.285984610875 5578.685518735491 -632.0932893586231
-4964.179898686981 4724.755520647682 1016.2086162992927
-5427.984643820078 3451.0102603022488 2574.2159268409437
-5409.4891330314995 1870.6275938198628 3903.4928555222673
-4910.336773621014 124.03145651259652 4885.927313794188
-3974.87944321629 -1633.585420008901 5434.225688696639
-2686.2366308106843 -3246.0510630910503 5499.6692634517485
-1158.9099054022622 -4570.090824157101 5076.443089248135
971.3360114247146 -5433.533611605859 4187.158415049338
2588.997022189907 -5716.8041003098615 2935.016532497168
3976.614285907238 -5492.111456919752 1422.0855509247083
5010.891919237335 -4779.420608848172 -217.20397256704598
5599.929815606201 -3642.0572655385595 -1837.1939699122786
5691.389372971238 -2181.081151280793 -3293.9412206378647
5277.1440082968975 -526.3064052147336 -4458.007338686833
4394.001240120333 1175.2329746122732 -5225.959941050498
3120.4321790022436 2772.3477472200084 -5529.56306890436
1569.5990249887539 4123.127256239535 -5341.840251998234
-120.69989046688515 5107.548814496265 -4679.471486422227
-1800.2740909717982 5638.142246476202 -3601.3111437552175
-3319.886038121112 5667.761997277009 -2203.158501871938
-4544.511541703486 5193.776222055896 -609.2455586954623
-5365.337251545069 4258.300636993587 1038.8015260011773
-5709.42920119216 2944.4563530898504 2594.5465364072043
-5546.213310895972 1368.9842006802226 3919.754701073502
-4890.19202877045 -328.1282056480789 4896.675458989261
-3799.655724634402 -1996.0849809376607 5438.505113667512
-2371.503334850127 -3486.6808459962176 5497.099722509805
-732.632466593426 -4667.46981684117 5067.252897382314
1465.16117184535 -5333.481887274459 4172.091855040059
3098.510809222799 -5467.9217446766515 2915.4998383607012
4456.544163610105 -5116.512759484975 1399.8528665826661
5418.594011838707 -4310.479162166638 -240.17717554435393
5899.178003007273 -3121.4405750635774 -1858.866421624059
5855.594140492389 -1655.0482946497734 -3312.3872286415485
5291.7150417431185 -41.597710196513 -4471.587894222318
4257.643839226 1575.5490133562548 -5233.468352161172
2845.2622972314175 3052.7012928893473 -5530.332180312922
1180.0667138999088 4258.607665990241 -5335.801724780839
-589.9829755991076 5086.118059375996 -4667.1618702217875
-2307.6100886184986 5461.704543124719 -3583.824201991008
-3820.1959184840607 5351.994609921199 -2182.0480260598565
-4993.340576338643 4766.736468784687 -586.3873072532589
-5722.805011071343 3757.932873918219 1061.3764971210937
-5943.773106454225 2415.220451787302 2614.8323419522317
-5636.610877509989 857.9050934947195 3935.948858198166
-4828.611036239588 -775.6388972093414 4907.339045766115
-3591.567914388755 -2340.2639680611614 5442.690623615071
-2035.3982220083092 -3696.9463152714516 5494.435254701416
-298.3744654044806 -4725.138758588174 5057.975201475582
1948.7230562607306 -5188.573492103955 4156.953249110888
3584.1231554219526 -5173.655495450037 2895.932797809261
4901.058183558559 -4699.035503812196 1377.5960088304957
5782.512684146389 -3806.885586282986 -263.146231013358
6150.165556608863 -2576.4771781703166 -1880.5067734334455
5971.349229809646 -1117.1374660933493 -3330.7760365659283
5261.952319107353 441.4648123230607 -4485.091231979665
4085.007853154972 1960.8410048281216 -5240.886388933308
2545.092512688077 3305.987869045192 -5531.00579097913
779.0345335143136 4357.383203008799 -5329.671056077334
-1056.244082698956 5021.605917323848 -4654.771658966863
-2797.670776913568 5239.636908930065 -3566.2753728282382
-4290.512145223449 4992.103167410008 -2160.8998694721163
-5402.12268082781 4300.999151981654 -563.5189297605033
-6033.730909415702 3227.7324872758327 1083.9331398224194
-6129.21566811004 1867.6676264048483 2635.0729931698734
-5680.092717072866 341.65230080339535 3952.075047246836
-4726.268601447447 -1214.7203310408572 4917.9178899802255
-3352.4947796952747 -2663.1597307597667 5446.782146261687
-1680.8370845861768 -3874.965701316674 5491.6759060380455
140.1703617204477 -4742.463964304704 5048.610161740163
2417.9502819979057 -4999.855925383355 4141.7428586833785
4041.7949863657986 -4836.297938507858 2876.3157487369995
5306.508469069959 -4243.013656052009 1355.3153620115643
6099.715387068398 -3272.718990097188 -286.1107423321129
6350.935824765718 -2011.6288797815243 -1902.1146516432357
6037.847743809797 -571.7967156093196 -3349.107326863218
5188.270394157972 918.8420960333304 -4498.517118775977
3877.6924516356107 2327.837755171284 -5248.213923268266
2222.564517812384 3529.9948142145454 -5531.58388927072
369.9519730177879 4418.496342887757 -5323.448351755404
-1515.5324280869518 4914.395081243569 -4642.3010666183045
-3266.35512215162 4973.628250163288 -3548.6649593095012
-4726.947829449763 4590.932722647929 -2139.7143973063817
-5767.530478232421 3800.3126757488894 -540.6408211206184
-6295.642733633516 2672.018170212071 1106.4710645848866
-6264.359504178193 1306.3031242933162 2655.2681405337235
-5676.460442087751 -175.48268683574827 3968.132989743842
-4584.182958981447 -1641.6760911463866 4928.4118089504245
-3084.5807026140924 -2961.9993703817813 5450.779610952754
-1310.8999143600383 -4019.1360070386086 5488.821724169602
579.2600840744403 -4719.1547717822095 5039.15793989659
2868.877789475912 -4768.745855567554 4126.460946418692
4467.706821300861 -4458.500737593693 2856.6490299016086
5669.560495844762 -3752.0982632764308 1333.011310880012
6367.648839876455 -2712.3053924550168 -309.07031293710054
6499.943640518447 -1431.5122847578268 -1923.6896831169988
6054.689924167529 -23.523028471686736 -3367.3807829788543
5071.450437485243 1386.5563521232489 -4511.865322765847
3637.5903237387247 2673.4341160297067 -5255.450828630254
1880.5143464258117 3722.7655265545513 -5532.066465204776
-43.65358306832107 4441.3128829576 -5317.133719272039
-1963.9427001362571 4765.230099329304 -4629.750308524975
-3709.726889676483 4665.7357095077405 -3530.993265540888
-5125.885565200634 4151.670226652505 -2118.4919754047846
-6086.586813678423 3268.710624854496 -517.7533764050551
-6506.468113214603 2095.3117395378467 1128.9898822115435
-6348.221167726648 735.7352110391475 2675.4174353031467
-5625.906912776446 -689.2146196811689 3984.12240839203
-4403.706139740197 -2052.9247068742957 4938.820621462086
-2790.2167508419616 -3234.223424749932 5454.682948657906
-928.8043589669056 -4128.147198180806 5485.872758383629
1015.1363761931689 -4655.266976977736 5029.618699170896
3297.6802765703364 -4497.018389348494 4111.107776213125
4858.290652881498 -4043.2536331721763 2836.9329809186215
5987.220584426791 -3230.2280481621983 1310.6842405941666
6584.159692561006 -2130.1825254506903 -332.0245463501557
6596.067317902275 -840.8609372008674 -1945.2314952855197
6021.885415683264 523.1748353767262 -3385.596089356984
4912.632567671932 1840.7242279161217 -4525.13561344533
3366.870757290026 2994.7171949199455 -5262.596980048506
1521.9477048539015 3882.616397055208 -5532.453510447922
-458.20708011592916 4425.528093730674 -5310.7272676717
-2397.6481552088535 4575.212198168026 -4617.119601420094
-4124.047669805827 4318.368620810114 -3513.260596686677
-5484.007450855442 3677.819040644675 -2097.232970247472
-6356.689103726252 2710.4790988749314 -494.8569908464725
-6664.5510338603235 1502.3011944285452 1151.489203835367
-6380.238357735419 160.63723611697995 2695.5205295292953
-5529.013504310862 -1195.3000455684823 4000.043027077542
-4186.511537352169 -2445.029672717329 4949.14414777025
-2472.0196480964473 -3477.507683609262 5458.492091972215
-537.8779648278374 -4200.993876021389 5482.829059604448
1444.0565360543058 -4551.203326791052 5019.992604291809
3700.7045560311894 -4186.7933168295185 4095.6836131934365
5210.2598217703935 -3593.8606154153963 2817.167942255267
6256.860637496681 -2681.597626924078 1288.3345367098343
6747.5119278007405 -1531.0629212832007 -354.973046185259
6638.617172351328 -244.48655612732745 -1966.7397161532633
5939.852148046891 1063.8135124520147 -3403.7529314459352
4713.305193776685 2277.5890819812907 -4538.327761655928
3067.9603890402695 3288.990866541472 -5269.652254119451
1150.0138402151686 4008.1513791107773 -5532.74501831645
-870.116485065594 4371.170052163459 -5304.229107584433
-2812.933142205039 4345.791083517605 -4604.4091634174865
-4505.808345305762 3934.269505911162 -3495.4672589641077
-5798.322703511835 3173.170817447161 -2075.9377489463586
-6575.630643990818 2130.121976622195 -471.95205983194455
-6768.664945071419 897.8024502880392 1173.968640926011
-6360.273661985572 -414.29076369536455 2715.577076061165
-5386.744152431073 -1689.5724252393718 4015.8945708745828
-3934.5787855957183 -2814.7281622344008 4959.382209602747
-2132.808827045569 -3689.78294978382 5462.206975117354
-141.52944453506106 -4236.984329899167 5479.690680392284
1862.3254502141124 -4407.711058603499 5010.279821487896
4074.5005628833005 -3840.5184402908226 4080.1887237123447
5520.636636070255 -3113.913462431756 2797.354255224876
6476.2399172275345 -2110.6236082514797 1265.9625851737271
6856.40086122839 -919.7955841589142 -377.9154161554067
6627.3404998895085 352.760314042629 -1988.2139743046716
5809.411851530713 1593.9719102783088 -3421.850995703609
4475.2914659794 2693.5521072552715 -4551.441539588551
2743.5217941827186 3553.798379043865 -5276.61652900883
767.9781712257844 4098.27406926711 -5532.940983776445
-1275.8036824612452 4278.600123456441 -5297.63935122394
-3206.2247801893423 4078.753780349288 -4591.619214007816
-4851.758735911913 3516.492264541957 -3477.6135596380695
-6066.192636356193 2641.77497915795 -2054.6066792387455
-6741.618700012326 1532.3243936371946 -449.03897889612733
-6818.02235706598 286.7200612469541 1196.427805296481
-6288.614807296029 -984.3606068353478 2735.5867285515606
-5200.436234766293 -2167.976515204961 4031.676766050213
-3650.1760810390433 -3158.9581961903823 4969.534630163233
-1775.5817639776164 -3869.252578584567 5465.827533942722
256.78078482548887 -4235.74688943626 5476.457674942354
2266.327234032953 -4225.8765008924765 5000.4805184846855
4415.8507494109945 -3460.950118651492 4064.623375343913
5786.777503741009 -2607.262856923571 2777.492261980811
6643.52368200884 -1521.9088485734044 1243.5687723166898
6909.963626506719 -301.32656024050874 -400.85126007944876
6562.422978913557 946.0299153196022 -2009.653898910769
5631.7822509250445 2109.32748131963 -3439.8899696029503
4200.73295527249 3085.2020439732446 -4564.4767207874465
2396.430101931006 3786.9428658336756 -5283.489684453821
379.1939174727294 4152.197195339726 -5533.0414034438745
-1671.7353106181367 4148.510582422585 -5290.958112385683
-3574.123520070998 3776.210598818365 -4578.7499740547855
-5158.935169982826 3068.3777318818716 -3459.6998070158193
-6285.352790427575 2087.9060381137924 -2033.2401294809777
-6853.289232626442 921.9147302345509 -426.11814371437987
-6812.280851342007 -325.99274718217544 1218.8663091098979
-6165.9714212137305 -1544.9343384161457 2755.54914146305
-4971.788371390716 -2626.6017338491774 4047.3893400689913
-3335.840106435717 -3474.884038577864 4979.601234134245
-1403.487808930742 -4014.407647201463 5469.3537059265755
653.5705395025569 -4197.233519433423 5473.130099083925
2652.556277353981 -4007.1167742078 4990.594864501829
4721.797618214731 -3051.1311832970678 4048.9878368789264
6006.395366281326 -2077.987314809332 2757.5823055106234
6757.298527421913 -920.2051543036622 1221.153484847084
6907.786060484912 319.3412724157014 -423.78018188893026
6444.486487753996 1530.5128256748546 -2031.059119735438
5408.566009423013 2605.6915978278666 -3457.869541637283
3892.070706053809 3449.343236624642 -4577.4330801541155
2029.747840380712 3986.505591653861 -5290.271601765065
-12.927028311851197 4169.4494303729825 -5533.046275584634
-2054.4532738095813 3981.919389876019 -5284.185506444872
-3913.432330109648 3440.578337223147 -4565.801665791337
-5424.685750064558 2593.5268005786556 -3441.7263104416534
-6453.9320352849345 1516.0290261978355 -2011.8384686420693
-6909.718136555988 303.8254198555612 -403.18995009596824
-6751.545458595451 -935.3744083567859 1241.2837648861284
-5993.468337969485 -2091.4621155636405 2775.4639700739967
-4702.845253612349 -3061.7142355723527 4063.0320215977827
-2994.3537303752596 -3759.919609638856 4989.581847680277
-1019.8007376894484 -4124.0396262535005 5472.785430177078
1045.3660258619184 -4121.720624025715 5469.708010279369
3017.6474305021643 -3753.168656480218 4980.6230302501035
4989.669158825817 -2614.366403252089 4033.2823783202616
6177.579243861408 -1530.3601777979811 2737.6247296301226
6816.584303219913 -310.37473467151517 1198.717109844121
6849.905933149833 937.1888656876112 -446.7017856349313
6274.58336060231 2101.47912254482 -2052.429267141853
5141.73652090975 3079.043737174656 -3475.789401325688
3552.0238271952726 3783.0218035956573 -4590.310393951206
1646.6982286346497 4150.86178124944 -5296.962163828791
-404.94373395625354 4149.87947388231 -5532.955600114591
-2420.604668718859 3780.1621638146294 -5277.321650354499
-4221.184256017167 3074.5608565236034 -4552.774512815805
-5646.693097806378 2095.7713246423596 -3423.6933802915473
-6570.468477750977 930.76331342567 -1990.4020662974556
-6910.428899421405 -316.947102776409 -380.2547939772425
-6636.367387460512 -1536.4953779973516 1263.6797855085242
-5772.635509905166 -2619.5192960843196 2795.330870484455
-4395.979634501057 -3469.7874291431176 4078.6045405103814
-2628.7216771326425 -4011.749722211217 4999.4762984507415
-627.8902627959222 -4197.250447187164 5476.122647433381
1428.7319568412313 -4009.807050600328 5466.191467623145
3358.4050722261104 -3466.074700819254 4970.565187928452
5217.101970353701 -2154.19569854554 4017.5072708781713
6298.810725602881 -968.8149383015967 2717.619878977436
6820.842506006661 302.64928078476623 1176.260034751159
6736.812496977428 1547.2217831189355 -469.6156754949335
6054.18713357705 2654.316840152007 -2073.763972098828
4833.62067499574 3525.5641976599686 -3493.6492392184286
3183.565807446089 4083.549704522207 -4603.108439806333
1250.6371470563938 4278.69389977493 -5303.561255108779
-793.4161121799245 4093.6573652937427 -5532.769378599577
-2766.97086799982 3544.8814091867575 -5270.3666626433105
-4494.668119546293 2681.1271834176887 -4539.668740088034
-5822.994384144905 1579.143041469117 -3405.6013279678104
-6633.92204392229 336.84511033091076 -1968.9312926223715
-6855.3966176097965 -935.382987080611 -357.31307141478015
-6467.739117410136 -2124.498201229391 1286.0539842305989
-5505.394613422966 -3124.842426992147 2815.1494996221395
-4053.87163800684 -3847.53068997153 4094.10662789216
-2242.144377431136 -4228.348966536613 5009.284415582953
-231.19274943214555 -4233.459881621109 5479.365300066618
1800.3013689265551 -3862.4093079908803 5462.580531840803
3671.830810163718 -3148.1667174415875 4960.421511221105
5402.06187148017 -1674.3653198671104 4001.6627869656922
6368.977263621155 -397.9091792807458 2697.5680990070423
6769.981076093032 913.9029380803815 1153.7826473690013
6569.442360381432 2144.510768796089 -492.5214557795377
5785.17986142699 3184.569406673755 -2095.062866187245
4486.878743941118 3941.6650775157927 -3511.448746902245
2789.898759713004 4348.526508508283 -4615.826996715992
845.0240274153251 4369.00227602554 -5310.068761648383
-1174.934798045017 4001.2730182672435 -5532.487614255365
-3090.495510582646 3278.013093538482 -5263.320663413768
-4731.452134588862 2263.4873201252967 -4526.4845739255625
-5951.998472801143 1047.8407651684963 -3387.4504658937108
-6643.683626789979 -260.91104014700073 -1947.4265183856662
-6745.048335213139 -1546.479754556187 -334.36517857855137
-6247.085898895534 -2694.636956158434 1308.4059746826829
-5194.0424655761535 -3603.3638389864914 2834.919515248309
-3679.4855655103847 -4191.916031618857 4109.538016044759
-1837.9902257925628 -4407.998088921376 5019.00602970509
166.818611374154 -4232.410171842233 5482.513332080933
2156.804882848865 -3680.7540373687925 5458.875265287913
3955.1495755001138 -2802.0467539521005 4950.192175294543
5542.861819653502 -1178.7972300786564 3985.749200193851
6387.382155571122 177.71257648729969 2677.4697359838465
6664.35555640136 1518.4318407535861 1131.2853358492484
6349.171720002682 2724.2317724405307 -515.4187309394737
5469.836113400601 3687.9717560519102 -2116.3255816063765
4104.481564142478 4324.019264740592 -3529.187617005691
2374.4258156896035 4575.858686111085 -4628.465845049314
433.39191351664573 4421.11298239551 -5316.4845710724885
-1546.1507620813309 3873.5319884593396 -5532.110311947613
-3388.311157297526 2981.7706786334134 -5256.183774339963
-4929.4052368292505 1825.0659587258021 -4513.222241999633
-6032.5000287301045 506.19611921537364 -3369.241107508058
-6599.580719887961 -857.6514668924331 -1925.8881149433155
-6580.259702300801 -2145.2929564253864 -311.41151174505603
-5976.253733170156 -3242.315752316837 1330.7353708786145
-4841.231393489794 -4051.2445649466395 2854.6405759637655
-3276.044399103816 -4500.202519386988 4124.898438490708
-1419.7664831734248 -4549.297731166323 5028.640972939098
562.6639153295025 -4194.167875267269 5485.566689114415
2495.099155745482 -3466.367797848162 5455.07573194901
4205.833886611183 -2430.565729685722 4939.877356794392
5638.176983402146 -671.5569386809539 3969.766785367032
6353.751127554513 753.3568037448489 2657.3251369771556
6504.766601046106 2111.3314881060674 1108.7684886875466
6077.8050163367 3281.7051043234187 -538.3071055722979
5110.803783917763 4160.484820496006 -2137.5517511802473
3689.6852069047723 4669.587202380601 -3546.865543204445
1940.721907341434 4763.776269187775 -4641.024766551886
19.3169495929742 4434.68290898978 -5322.808572589467
-1903.8044038978014 3711.54851104266 -5531.63747819178
-3657.764381394276 2658.6267400270217 -5248.95611866552
-5086.715941769263 1369.4743159687077 -4499.881973331306
-6063.690468032818 -41.36191090247659 -3350.9735672598204
-6501.879486144327 -1448.5229504762115 -1904.316454232022
-6362.347978883754 -2726.97636916189 -288.45246729056856
-5657.493932995134 -3763.1259703088263 1353.041787222427
-4449.946723656714 -4464.905314787509 2874.3123412146238
-2847.0022196518266 -4769.958228133085 4140.187629977971
-991.0890745674271 -4651.179420292128 5038.1890789036115
952.8866841150203 -4119.122909593536 5488.525318440056
2812.1942792395557 -3221.0642519043927 5451.181997436471
4421.626071542332 -2036.7999000258908 4929.47723384247
5687.056835103726 -156.8200538048195 3953.715818478131
6268.23545713351 1324.3193877344886 2637.134649854715
6292.453851098764 2687.787239993723 1086.2324947168668
5757.560106414986 3812.4334008194637 -561.1861844293397
4711.081879639884 4598.328123393977 -2158.7410083639775
3246.003353616489 4975.641212774344 -3564.4822202265946
1492.503184773154 4910.846745157903 -4653.5035443495235
-393.6124417796437 4409.701993338193 -5329.040656993057
-2244.7538755405158 3516.735867751947 -5531.069121153013
-3896.439076519518 2311.2923273747647 -5241.637821201484
-5201.9085663085125 900.4803207710158 -4486.463998287493
-6045.165651781246 -590.343314026025 -3332.648160602699
-6351.283240320711 -2028.7123546929056 -1882.7119087627777
-6093.061440810255 -3286.8213997877842 -265.48844168416093
-5293.444393324097 -4252.881939533375 1375.3248385149184
-4023.481581592999 -4841.05525548644 2893.9344712983007
-2396.014774579245 -4999.079567368472 4155.4053264846
-555.6515401064881 -4712.913721590472 5047.650182716815
1334.0837721413282 -4007.98480936796 5491.389168966665
3105.2798867042407 -2946.9288580814427 5447.194128989388
4600.558256037108 -1624.0253453701314 4918.991986033703
5688.934156114475 361.16217241523736 3937.5965767038592
6131.411604621501 1885.9241974334457 2616.8986232766774
6029.0862248012645 3243.113581267704 1063.6777431008682
5391.05007569832 4312.138091236772 -584.0555724223302
4273.995469136018 4998.010208293113 -2179.8929872501076
2777.1776090208014 5239.7871849360845 -3582.0373438579113
1033.5953309008653 5015.98607577017 -4665.901962951994
-801.8264282280342 4346.49259147973 -5335.180716664287
-2566.0023904515087 3290.794166167767 -5530.405250646005
-4102.177779567359 1942.6942377794617 -5234.229008324134
-5273.856670857976 421.9774009912166 -4472.968548577006
-5976.930253004078 -1136.233979692445 -3314.265203989634
-6148.927352844364 -2593.4859849997365 -1861.0748516144936
-5774.56527326119 -3820.2953792140124 -242.51983148094195
-4887.107727886462 -4707.654763894977 1397.5841399604215
-3565.4092141700075 -5176.718363601226 2913.5066273693305
-1926.9084452339066 -5185.8078190471515 4170.551265223249
-117.19340484034905 -4734.1154922279575 5057.024120999298
1702.934783868049 -3861.776228600667 5494.158191239733
3371.7497438235823 -2646.30119993635 5443.112195472421
4740.969942360333 -1195.690696556171 4908.4217944329575
5643.63087168685 878.0980202190428 3921.4093383999175
5944.2773495533065 2433.561501816545 2596.617406689608
5716.748698880462 3772.7923644689326 1041.1046233270854
4981.26183877363 4776.794068911643 -606.9148746304161
3803.1680043842653 5356.356657716044 -2201.007322574909
2287.1460028774327 5459.983451498361 -3599.530610947124
567.9010420400584 5078.466754872332 -4678.219808256755
-1201.8044185752929 4245.706000591603 -5341.228645573312
-2864.724282568368 3035.6956361844323 -5529.645878134829
-4273.100822419804 1555.950392571399 -5226.729807972827
-5301.793602005157 -62.0478715974466 -4459.395857246468
-5859.398753514344 -1674.5329100822419 -3295.825014867386
-5896.37061222588 -3138.228350939623 -1839.405656427455
-5409.424066244911 -4323.078430927714 -219.54703331519687
-4441.826453111574 -5123.804020810659 1419.8193071733936
-3079.553066984953 -5469.257138000992 2933.028471445225
-1443.6478764606381 -5328.7427570403115 4185.625184645737
320.5317632315135 -4714.746197314186 5066.310731876863
2056.230749130086 -3681.823747633796 5496.832337442294
3609.224609348428 -2321.755100558764 5438.936267374588
4841.523024204861 -755.3883239446303 4897.766841571973
5551.360659365032 1389.690908834821 3905.154383096224
5708.244458037513 2962.725912704008 2576.291350320415
5357.925686395153 4272.509717520924 1018.5135252002627
4531.53170464698 5202.662284336034 -629.7636963069256
3302.4912446416142 5670.5354756804945 -2222.08364972474
1780.0099448056976 5634.556705275697 -3616.9617194110674
99.36694992879056 5097.922844762313 -4690.4568675526625
-1590.1052345139333 4108.316167625888 -5347.1843392812525
-3138.289590808204 2753.667569947365 -5528.791016732737
-4407.623144802145 1154.3435244079246 -5219.140349647775
-5285.3200398448425 -547.5490090282918 -4445.7461586764275
-5693.393055102357 -2200.789410133077 -3277.327911671019
-5595.58311237013 -3658.480014142321 -1817.704697396961
-5000.581054291784 -4791.098613919895 -196.57044389352382
-3961.255424851114 -5498.0070764607235 1442.0299561850277
-2569.9548672293135 -5716.393482651373 2952.4996664123164
-950.3025415929945 -5426.853241928833 4200.6268244475095
753.7883351978483 -4655.113275307734 5075.509854983331
2390.901810460749 -3469.746065547411 5499.411561395759
3815.573167564442 -1976.0766911333817 5434.6664168080415
4901.214104362982 -306.82423084242566 4887.027311446182
5412.728301333281 1891.675137583918 3888.8319914920667
5425.127935324138 3469.0535411438127 2555.920805170377
4955.481144479632 4738.19131388236 995.9048388355899
4045.5181071772945 5586.319995172359 -652.601642886141
2776.0930325884797 5938.079629729777 -2243.121604742271
1259.9999093705478 5762.214830352468 -3634.3303682400474
-368.04973521348944 5074.351956235059 -4702.612929523572
-1963.3965456641563 3935.610642379376 -5353.047694941996
-3384.286956808712 2447.173051805476 -5527.840681201933
-4504.468620142144 741.293396336588 -5211.460764407812
-5224.408479040999 -1030.4534305093143 -4432.019688577169
-5480.136717638064 -2710.639947984015 -3258.774213818424
-5248.93075968912 -4149.974210632885 -1795.9723492668036
-4551.33426918856 -5220.565052805161 -173.59045998799272
-3449.33175566914 -5827.285779963313 1464.2157034499305
-2040.8409785154302 -5916.226592949289 2971.919876031552
-451.0125243374849 -5479.484710218945 4215.555925572225
1178.8903718636818 -4555.866564663073 5084.621331463312
2704.0436850495853 -3227.4396817457714 5501.895818560706
3988.9308503185875 -1612.2406197195785 5430.302717506863
4919.384004402057 146.21309657010474 4876.20338951157
5228.725778277065 2379.851463959031 3872.4424454512578
5097.1319461457315 3948.358060260518 2535.506123008972
4512.635572204238 5166.035715823883 973.2789546520091
3527.171724297361 5924.688427261979 -675.4283199901464
2228.3031899485113 6156.906571870925 -2264.1208243328006
731.4401384252454 5842.056548429685 -3651.6362575029125
-830.4145792692865 5008.114163217568 -4714.68778425212
-2318.4833173813918 3729.17885685655 -5358.81861130397
-3600.5446382476803 2118.8896438319903 -5526.794887953323
-4562.681767275786 320.3277873588918 -5203.691184868144
-5119.404598282297 -1506.6965987563892 -4418.21668398479
-5221.2458645943825 -3199.844380043027 -3240.1642417048365
-4859.156522777179 -4608.671945877084 -1774.2089873228274
-4065.30979985405 -5607.998784496243 -150.60747842929115
-2910.2424608956862 -6109.030320815601 1486.3761658527137
-1496.587307898049 -6067.247704092502 2991.2887649443496
50.04619507155948 -5486.36350318278 4230.412230216151
1592.2328739849313 -4417.991828505608 5093.645003974944
2992.9426746458735 -2957.0621918279103 5504.285066037649
4127.716384351944 -1233.384602552604 5425.845244825753
4895.724379123343 599.884621278674 4865.2952626814185
5000.725129476508 2850.1222218655234 3855.986027997255
4726.832512974766 4396.665376025629 2515.0476563678935
4032.94008433238 5552.545517077679 950.6362633653608
2980.703230931036 6215.057621992695 -698.2433334356629
1663.6178148607705 6325.334582862533 -2285.080945870561
198.71265527360572 5873.577807771424 -3668.8790883522856
-1283.848995770752 4899.927868688164 -4726.6812232232305
-2652.3350294623647 3490.897835492674 -5364.496988711896
-3785.149456205669 1771.686210060855 -5525.653655046223
-4581.636742910318 -104.9475100517613 -5195.831745198032
-4971.025498825704 -1972.2561833417205 -4404.337383256938
-4918.716824184336 -3664.321239638044 -3221.498316697222
-4429.358574280936 -5030.795273183643 -1752.4149873864399
-3546.4323771327363 -5950.261069425449 -127.6218960998719
-2348.3901000141577 -6341.020057358192 1508.5109607146221
-941.6830567690928 -6168.351586086482 3010.605998678333
548.6966585779317 -5447.598007025903 4245.195481832653
1990.3222678946643 -4242.801438650994 5102.580716692609
3255.0990093235764 -2661.0133432244706 5506.579262567784
4230.645919007335 -842.7825345877923 5421.294075738737
4830.281372903493 1050.333200737283 4854.30311932311
4730.4681308594945 3298.52568639844 3839.4630233083303
4317.157129056662 4810.246618404333 2494.5457585349045
3520.247770805116 5894.556028945435 927.9771559818655
2410.5489497646613 6455.108268481645 -721.0462892408007
1086.662276017789 6442.095810587219 -2306.0016074049036
-333.77910969211615 5856.674869250302 -3686.05856302971
-1724.5627567403885 4750.862664186158 -4738.593039327766
-2962.1114347332664 3222.915462591681 -5370.082729108505
-3936.4635127381766 1408.598078614368 -5524.417002188057
-4561.043532750706 -530.8794261786846 -5187.882581118496
-4780.354819068466 -2423.1859642297754 -4390.382026068832
-4574.910601470402 -4100.181795382577 -3202.776761128786
-3962.9655002671966 -5412.858480664208 -1730.5907258081215
-2998.8935231776036 -6244.578936000628 -104.63410992709926
-1768.3566961262286 -6521.441148990099 1530.6197058001624
-380.6936163184843 -6218.8446970187 3029.8712436531523
1040.7957619455815 -5363.676602766737 4259.905425136613
2369.805869303792 -4031.922304251888 5111.428315309627
3488.2483254526137 -2341.914015204638 5508.778368533688
4296.744609959323 -443.81638858608625 5416.649288837839
4723.456279917998 1493.716271814469 4843.2271492548725
4420.052869371976 3721.269397166011 3822.873716712576
3871.3614487039667 5185.649178719408 2474.0007835477772
2978.682574128702 6189.261273897014 905.3020237911137
1821.334681108941 6642.9303437631215 -743.8367936318643
502.1532088770601 6506.345900566226 -2326.8824476666377
-861.6467796266112 5791.6440714753335 -3703.1743848708065
-2148.885670485869 4562.3292504224555 -4750.423026866105
-3245.186639292994 2927.6314540174235 -5375.575736036246
-4053.1385339319486 1032.8007552238982 -5523.084950734008
-4500.951282925555 -953.7988230427283 -5179.843829899959
-4548.834758331853 -2855.649190204807 -4376.350853409058
-4192.534303227827 -4503.762595007122 -3183.9998982933753
-3463.708776648268 -5751.696928806444 -1708.736579460926
-2427.1175250279025 -6488.567749575094 -81.64451687639463
-1174.866230078977 -6648.900851183431 1552.702019323675
181.7770852279738 -6218.449933943331 3049.0841671862318
1522.268708796843 -5235.462450854301 4274.54180610884
2727.5000772229205 -3787.281153558311 5120.187647040932
3690.381094350773 -2002.5833055591152 5510.882345960026
4325.355556274888 -39.947142668880254 5411.91096433174
4576.003195513764 1926.238499152627 4832.067543742494
4071.9173180530747 4114.762160219672 3806.218394683016
3393.0032416598806 5519.725534740454 2453.413086188159
2412.6059372957043 6434.237072583061 882.6112583594403
1217.838007856048 6777.03841034233 -766.6144530502048
-85.14017297567922 6517.670144799481 -2347.723106074214
-1380.5532758070378 5679.178284566868 -3720.226258310393
-2553.298161624677 4336.066511087083 -4762.17098155166
-3499.1713008175348 2607.676199582744 -5380.9759146389215
-4134.127714072422 647.5824141469693 -5521.6575236866565
-4401.748737611326 -1370.0519106543904 -5171.715630359902
-4278.25506905729 -3265.951110820319 -4362.244107575445
-3774.61966280439 -4871.656222399462 -3165.16805243997
-2935.5927348657556 -6044.493299707238 -1686.8529257339678
-1835.7255097977811 -6680.2506215140775 -58.653513944381544
-572.7460172355504 -6722.438359802399 1574.7575199558858
741.1244724125356 -6167.307948887451 3068.2444374984984
1989.1428003156132 -5064.185161928687 4289.104372000457
3060.41706120125 -3511.087299522009 5128.85856062566
3859.759835780076 -1646.0139223999988 5512.891158514187
4316.146010672795 365.3150151403657 5407.079184044364
4389.023671422451 2344.184110426982 4820.824495496036
3688.8200414143125 4475.644459050034 3789.49734483274
2885.9138211564355 5809.659622826964 2432.783021975424
1826.5814932646115 6627.4610338443845 859.9052515231584
604.949383875368 6856.383447871031 -789.3788741589868
-670.4351330478376 6476.0861038111725 -2368.5232227399642
-1886.2485462436357 5520.36008959192 -3737.2138888875506
-2934.4604984402813 4074.1258557111883 -4773.8367005144555
-3721.932757682715 2265.887660543683 -5386.283171663348
-4178.694957972156 256.31540305266196 -5520.134745695579
-4264.161773344992 -1776.0316028211917 -5163.498122860436
-3970.7391021904027 -3650.570406798098 -4348.0620321708475
-3324.4988365046547 -5200.740009866624 -3146.2815487669354
-2382.8622598726306 -6288.801039986873 -1664.9401425259334
-1229.497914432133 -6818.074499755495 -35.66149815203015
33.11271626840714 -6741.532119593717 1596.7858268306138
1292.7811368156995 -6065.975025879632 3087.3517237201286
2437.580280080376 -4851.429431023179 4303.592871337268
3365.78971831504 -3205.8130410729173 5137.440906329838
3994.933969552504 -1275.3460939445413 5514.804771506914
4269.110806116269 768.4409503949796 5402.154031413481
4163.95841287241 2743.948644044289 4809.498198666484
3273.81818490362 4800.817017774636 3772.7108559097637
2354.1671764133343 6052.9905362841455 2412.11094716064
1225.338083206246 6767.329282533344 837.1843953817726
-12.367676001325824 6880.361124094055 -812.1296638499722
-1248.9745129215516 6382.04268581153 -2389.2824384763494
-2374.604483334299 5316.651747761637 -3754.1369832507894
-3289.240424622661 3778.85297018123 -4785.419982304604
-3911.6129195894555 1905.286522977089 -5391.497415460968
-4186.421440820163 -137.5729930057494 -5518.516643056921
-4089.248045226112 -2168.208544830875 -5155.191449305871
-3628.7270154442476 -4006.18925242133 -4333.804872098936
-2845.7776659339415 -5488.20246406218 -3127.3407134165823
-1809.9684823158234 -6482.564802191278 -1642.9986082385046
-613.3356561280905 -6900.922809378621 -12.668866537806096
637.7947346858427 -6706.103540751731 1618.7865595512146
1832.2542644068228 -5915.417543278392 3106.405695896271
2863.9099620198594 -4599.120737702457 4318.007053924089
3641.09469144558 -2874.171871672708 5145.934535948916
4094.7521788554805 -893.8402217493565 5516.623151892915
4184.572965650113 1165.9130544296238 5397.135591489283
3902.5760807507445 3122.0698391973733 4798.0888488424025
2830.2429251832123 5087.467274473167 3755.859217792182
1802.0470595712072 6247.633350769503 2391.397218720255
613.731404563049 6852.669786562579 814.4490822912131
-629.1169790564477 6848.816439373539 -834.8664292503363
-1816.0655582523923 6236.415696010256 -2410.0003948020176
-2841.6487429251815 5069.882049996953 -3770.9952491630106
-3614.7389664189486 3452.8671350305144 -4796.920626895779
-4066.643769725722 1529.0498224587625 -5396.618555989422
-4157.209427920125 -530.6302769630703 -5516.803243712948
-3878.388784830742 -2543.1615476441025 -5146.795753140309
-3254.9562781802974 -4329.721754336358 -4319.472873560005
-2342.306622073177 -5731.5671824848605 -3108.3458734694027
-1221.5327435515342 -6624.137713901291 -1621.0287017698338
7.779679842785469 -6928.124539888019 10.32398384923483
1236.400844542518 -6616.517096931936 1640.7593381972513
2355.1623683489097 -5717.003073806428 3125.406024992682
3264.657380267686 -4309.508238918464 4332.346670849087
3884.073257236748 -2519.094685037158 5154.339302810345
4158.37218032557 -504.84851352540136 5518.346268271421
4063.181486476732 1554.255663904308 5392.023950932866
3606.9592865761792 3475.257404857484 4786.596643046565
2361.6725794710683 5333.093539504294 3738.9427214831176
1234.0122942675134 6391.8969009382035 2370.642194350042
-3.2953986554679777 6882.752172346214 791.6997048570465
-1240.310280946272 6762.044708780853 -857.5887777293998
-2367.1181517630034 6040.499898095878 -2430.6767339482526
-3283.597186868682 4782.23016316789 -3787.78839550665
-3908.3142020921587 3099.038291771048 -4808.338435688682
-4185.760349105372 1140.4832682448148 -5401.646504814106
-4091.2833201938374 -919.4086985933795 -5514.994577251557
-3633.277813981949 -2897.607167802941 -5138.311179345129
-2852.4396296207037 -4618.340524213571 -4305.066284046689
-1818.149666442515 -5928.714057794274 -3089.297356938481
-622.3091265824999 -6712.295329606851 -1599.0308025081151
628.8263101329613 -6899.459704960963 33.31665595615576
1824.0877696343075 -6473.576807749089 1662.7037833309955
2857.271025926324 -5472.488202344802 3144.3523829015166
3636.5732126374055 -3985.145004543285 4346.611474488067
4092.7499105669804 -2143.7041845672566 5162.655061776098
4185.26781820552 -111.78584030160816 5519.974090886734
3905.9063134512007 1930.0651664389297 5386.819198014787
3279.4878919592047 3800.421413189916 4775.021779732537
1871.9035921081424 5535.526632422537 3721.9616591057206
654.6605880980637 6484.498357348037 2349.8462324588945
-620.7518820951881 6857.293946470828 768.936655927768
-1841.0078234395178 6620.788875710861 -880.2963169054759
-2897.682140541505 5795.997658490548 -2451.311098864941
-3696.8846831877313 4456.206613996587 -3804.51613228865
-4167.602798221517 2720.4620561083984 -4819.67321151447
-4268.011115409682 742.9925059838602 -5406.581175109719
-3989.1879151354196 -1300.4951888661935 -5513.090674905772
-3355.907862338541 -3228.4281790564146 -5129.737874436511
-2424.4406688138065 -4869.5011578137355 -4290.585352339693
-1277.5512823823412 -6077.897589245442 -3070.1954927638135
-17.145858069747124 -6746.24614745845 -1577.0052903248722
1244.7830509757189 -6815.161130056191 56.308752733182025
2396.1075233015436 -6278.519138406426 1684.6195160039972
3334.5273270373445 -5184.003168481842 3163.2444424468626
3976.659744433735 -3628.865767414446 4360.801218508744
4265.448492253342 -1751.2877178971232 5170.881669245193
4175.2334229238395 281.8999307548745 5521.506591628741
3714.0305412574653 2290.0395334618665 5381.521422613507
2922.819747245795 4094.699073947789 4763.364458781283
1364.9196346476674 5692.948811655207 3704.9163238980736
68.69114393717922 6524.574478754662 2329.0096921626364
-1233.6408563582474 6776.4630707932665 746.1603285878571
-2426.3584528225088 6426.233180973515 -902.9886546526138
-3403.4834528548054 5505.004271964445 -2471.903133226766
-4078.1940121598263 4094.631575077992 -3821.1781706454913
-4390.539136624797 2320.4328937511846 -4830.924758638148
-4312.765591237011 340.05356676251307 -5411.422481661706
-3851.7838968077626 -1670.5410119334483 -5511.091569553199
-3048.554299871919 -3532.700690670682 -5121.075986462893
-1974.4472750322573 -5080.964410040198 -4276.030328503543
-724.9019450868401 -6177.762144132575 -3051.040610806644
589.0541038593545 -6725.638601056147 -1554.9525455683618
1850.6701106562493 -6675.912553297013 79.29987714047404
2947.8459565893495 -6033.002378417747 1706.5061577636302
3783.092752870572 -4854.033466821214 3182.081877390549
4282.195156230156 -3243.762380122581 4374.915657875023
4400.805727854765 -1345.268770933307 5179.018983156158
4128.385397941641 672.7578721681085 5522.943744033397
3489.139908300483 2631.0070259781346 5376.13071621386
2539.8690259685513 4355.479659545816 4751.624881497674
844.8590719655572 5803.909833227644 3687.8070102081697
-519.1336245943053 6511.68944210283 2308.1329332778214
-1836.9990204285748 6640.876867968731 723.3711161511947
-2991.6389917603265 6179.993241107497 -925.6653991072952
-3880.458710082726 5169.9900943202 -2492.4524814394513
-4424.482642901692 3700.6106395247402 -3837.774222848122
-4575.371876376578 1902.4156895451954 -4842.092882761969
-4319.71923994664 -64.81724306418438 -5416.170340867792
-3680.240592271798 -2026.2908791815184 -5508.997295715462
-2713.7564175037783 -3807.7196784525236 -5112.32566500238
-1506.1430759166587 -5250.815874390444 -4261.401463882178
-164.70231243432738 -6227.35403706284 -3031.833041843745
1191.372974292007 -6650.564465249135 -1532.8729490573119
2441.589543998274 -6482.843055176599 102.28963215495415
3474.8601679810868 -5739.092590163464 1728.363330659626
4199.374216866094 -4485.398562921316 3200.8643624376277
4550.755437932342 -2833.1571895162065 4388.954548851173
4497.7820676769925 -929.1773667170361 5187.06686298949
4045.1610225170507 1057.3639427426197 5524.2855232831835
3233.109668609705 2949.953825724387 5370.647171905454
2133.782332378294 4580.427365631408 4739.803250607004
315.98106102277706 5867.339998359861 3670.6340134888123
-1104.0269604092837 6445.839180535694 2287.216316315519
-2425.937341466453 6451.5972644216 700.5694121541243
-3532.29254368367 5884.102618995376 -948.3261586754116
-4324.788052184074 4793.779633912383 -2512.9587886458253
-4733.007163228161 3277.5082912008356 -3854.304002307065
-4720.677817359593 1470.015953707895 -4853.1773910287775
-4288.895531065247 -468.0937523307577 -5420.824670739408
-3476.0260553277235 -2364.611274279234 -5506.807889557605
-2354.296410285239 -4051.022707582342 -5103.4870611602255
-1023.3771975292863 -5377.48299569642 -4246.699011094679
398.4735702439985 -6226.1303209474345 -3012.5731175617225
1784.9182126286707 -6521.558644259394 -1510.7668820740028
3012.765038836691 -6237.517862640179 125.27762077721421
3972.9144700424745 -5399.246246029107 1750.1906572505995
4580.053015737008 -4081.2279062564517 3219.5915732420913
4780.233751751696 -2400.574556839259 4402.917649006105
4555.66974121295 -506.6196232989494 5195.025169770088
3926.3144819400727 1432.350687035036 5525.531906207535
2948.0889505995037 3244.0503530585343 5365.070884381071
1707.9127785229014 4767.501908932283 4727.899770251563
-217.3694391490616 5882.560074504687 3653.397630292521
-1681.2168946335237 6327.452188372186 2266.2602024750818
-2995.680851130974 6210.122407736237 677.755610348637
-4043.965417676528 5540.995998499622 -970.9705420387546
-4732.9259102116075 4379.527778535883 -2533.4217007319853
-5001.34516552113 2828.9192962081274 -3870.767223577168
-4825.372954832346 1026.9489199044376 -4864.178092025334
-4220.645181306276 -866.2703746238858 -5425.3853909030895
-3240.894561424849 -2682.517744801927 -5504.523388887467
-1973.1762373292893 -4260.41164131911 -5094.560327566179
-530.1325454057434 -5459.749266996536 -4231.923224030887
960.0157496254644 -6173.96421058631 -2993.2611705512722
2364.8624323427493 -6339.595340069818 -1488.6347263578607
3559.580709918504 -5941.925602732206 148.26344603831222
4438.01462045535 -5016.289699880825 1771.9877606105672
4922.11145605837 -3644.9344435702615 3238.2631864123814
4968.857088460254 -1949.7107664171485 4416.804717217517
4574.097963082265 -81.24673150308081 5202.893766069638
3772.9101605861374 1794.4364320504178 5526.682871283246
2636.482733178397 3510.676043861675 5359.401949935036
1265.7922449138418 4914.976682827767 4715.914645987021
-750.7974580223141 5849.28800015339 3636.0981582664062
-2245.9853217041727 6157.386781006548 2245.2649536379404
-3541.607533208384 5918.374725120434 654.9301046957626
-4522.5423732983145 5153.489102547703 -993.5981581619858
-5101.629476670408 3930.693357499167 -2553.840864333386
-5227.41441290813 2358.638258073143 -3887.1636023627298
-4888.72063842866 577.0077987038227 -4875.094795785637
-4115.64258142765 -1255.8923357373474 -5429.852422601862
-2976.8716198668017 -2977.2009247555307 -5502.143833155034
-1573.5925510948532 -4433.972146378123 -5085.54561837187
-30.49287856096557 -5496.765484628741 -4217.074357847011
1515.3162200488423 -6071.147087412079 -2973.8975343014563
2926.482822651651 -6106.080628688695 -1466.4768640988023
4077.618583803492 -5598.462110012833 171.2467110067183
4866.440039449967 -4593.395664416044 1793.7542643354575
5222.856941570969 -3180.185856251017 3256.8788795170885
5115.200084303215 -1484.4025787423236 4430.615513676073
4553.0352518592845 343.2763820810392 5210.672516009002
3586.3132566215627 2140.4537299129006 5527.73839863483
2300.931590256505 3747.442370615538 5353.640466461549
811.1020546251586 5021.45431130903 4703.848084778924
-1279.8943092259012 5767.642310286568 3618.735896147014
-2793.7066969189673 5936.924826825487 2224.230932361305
-4059.2859846109036 5578.685518735476 632.0932893585798
-4964.179898686981 4724.755520647683 -1016.2086162992935
-5427.984643820081 3451.0102603022324 -2574.2159268409614
-5409.489133031497 1870.627593819848 -3903.492855522278
-4910.336773621013 124.03145651259376 -4885.92731379419
-3974.879443216288 -1633.5854200089034 -5434.22568869664
-2686.236630810687 -3246.0510630910467 -5499.6692634517485
-1158.9099054022504 -4570.09082415711 -5076.4430892481305
471.39105089352165 -5488.057959983557 -4202.152668961252
2059.806843651845 -5918.387062119793 -2954.4825431939216
3465.1997590382784 -5822.841501372851 -1444.2936779306988
4562.694469055454 -5209.9109201098945 194.22701879503413
5254.773752442192 -4134.05689027767 1815.4897925496236
5479.943327729648 -2690.87376373444 3275.4383310904373
5218.195890013131 -1008.5946945783799 4444.349799889515
4492.788847793464 763.3024393358742 5218.36128526055
3368.1778001682283 2467.376801817564 5528.6984700348785
1944.2893739932467 3952.2139075529917 5347.786533452996
347.6423045655388 5085.87946359731 4691.700294999144
-1800.2740909717822 5638.142246476199 3601.311143755229
-3319.886038121112 5667.761997277009 2203.1585018719366
-4544.511541703495 5193.776222055891 609.2455586954458
-5365.337251545066 4258.300636993591 -1038.8015260011732
-5709.429201192161 2944.456353089846 -2594.5465364072093
-5546.213310895968 1368.9842006802048 -3919.754701073515
-4890.192028770448 -328.1282056480816 -4896.675458989262
-3799.6557246344146 -1996.0849809376443 -5438.505113667508
-2371.5033348501306 -3486.6808459962153 -5497.099722509806
-732.6324665934242 -4667.469816841171 -5067.252897382314
971.3360114247121 -5433.533611605858 -4187.158415049339
2588.997022189912 -5716.804100309862 -2935.0165324971636
3976.6142859072406 -5492.111456919752 -1422.0855509247028
5010.891919237326 -4779.4206088481815 217.20397256703055
5599.929815606201 -3642.0572655385618 1837.193969912278
5691.389372971235 -2181.0811512807754 3293.9412206378797
5277.1440082968975 -526.3064052147352 4458.007338686832
4394.00124012034 1175.2329746122607 5225.959941050494
3120.432179002247 2772.3477472200047 5529.56306890436
1569.5990249887382 4123.127256239547 5341.840251998229
-120.69989046689344 5107.548814496269 4679.471486422222
-2307.6100886184995 5461.704543124721 3583.824201991007
-3820.195918484051 5351.994609921201 2182.048026059866
-4993.340576338659 4766.736468784671 586.3873072532277
-5722.805011071348 3757.9328739182047 -1061.3764971211137
-5943.773106454224 2415.220451787297 -2614.832341952237
-5636.61087750999 857.9050934947242 -3935.9488581981627
-4828.6110362395875 -775.6388972093437 -4907.339045766116
-3591.5679143887746 -2340.2639680611405 -5442.690623615066
-2035.3982220083153 -3696.9463152714475 -5494.435254701417
-298.3744654044761 -4725.138758588178 -5057.97520147558
1465.1611718453396 -5333.481887274457 -4172.091855040065
3098.5108092228033 -5467.921744676652 -2915.4998383606962
4456.544163610109 -5116.512759484974 -1399.8528665826607
5418.594011838695 -4310.4791621666545 240.1771755443287
5899.178003007274 -3121.440575063575 1858.866421624063
5855.594140492386 -1655.048294649762 3312.3872286415594
5291.7150417431185 -41.59771019651422 4471.587894222318
4257.6438392260125 1575.5490133562382 5233.468352161168
2845.262297231421 3052.701292889344 5530.332180312922
1180.066713899892 4258.607665990252 5335.801724780835
-589.9829755991293 5086.118059376005 4667.161870221777
-2797.670776913565 5239.636908930067 3566.275372828237
-4290.512145223447 4992.10316741001 2160.8998694721145
-5402.122680827821 4300.999151981643 563.518929760477
-6033.7309094157 3227.732487275837 -1083.9331398224203
-6129.215668110037 1867.6676264048392 -2635.0729931698866
-5680.092717072869 341.65230080340365 -3952.0750472468335
-4726.268601447459 -1214.7203310408388 -4917.917889980218
-3352.4947796952974 -2663.159730759746 -5446.782146261682
-1680.837084586188 -3874.9657013166675 -5491.6759060380455
140.1703617204459 -4742.463964304704 -5048.610161740163
1948.723056260757 -5188.573492103959 -4156.953249110869
3584.1231554219553 -5173.655495450039 -2895.932797809256
4901.05818355856 -4699.035503812197 -1377.5960088304903
5782.512684146379 -3806.8855862830032 263.1462310133376
6150.165556608862 -2576.477178170319 1880.5067734334473
5971.349229809642 -1117.1374660933402 3330.776036565939
5261.9523191073595 441.4648123230468 4485.091231979659
4085.0078531549875 1960.8410048281046 5240.886388933302
2545.0925126880875 3305.9878690451847 5531.00579097913
779.0345335143203 4357.383203008797 5329.671056077335
-1056.244082698941 5021.6059173238455 4654.771658966868
-3266.3551221516113 4973.6282501632895 3548.664959309506
-4726.947829449759 4590.932722647932 2139.7143973063826
-5767.530478232432 3800.3126757488776 540.6408211205921
-6295.642733633515 2672.018170212074 -1106.471064584887
-6264.359504178189 1306.3031242933066 -2655.268140533737
-5676.46044208775 -175.48268683574722 -3968.132989743844
-4584.182958981459 -1641.6760911463714 -4928.411808950418
-3084.580702614117 -2961.999370381762 -5450.77961095275
-1310.8999143600383 -4019.136007038608 -5488.821724169602
579.260084074438 -4719.1547717822095 -5039.157939896589
2417.9502819978925 -4999.8559253833555 -4141.742858683385
4041.794986365801 -4836.29793850786 -2876.315748736995
5306.508469069965 -4243.013656052004 -1355.3153620115493
6099.715387068387 -3272.718990097209 286.11074233208774
6350.935824765717 -2011.628879781521 1902.1146516432439
6037.847743809789 -571.7967156093018 3349.1073268632376
5188.270394157979 918.842096033318 4498.5171187759715
3877.6924516356094 2327.8377551712842 5248.2139232682675
2222.564517812395 3529.9948142145386 5531.58388927072
369.95197301779405 4418.496342887755 5323.4483517554045
-1515.5324280869365 4914.395081243568 4642.301066618311
-3709.726889676474 4665.735709507741 3530.993265540896
-5125.885565200634 4151.670226652504 2118.491975404785
-6086.5868136784275 3268.710624854487 517.7533764050436
-6506.468113214605 2095.311739537835 -1128.9898822115563
-6348.221167726646 735.7352110391408 -2675.4174353031513
-5625.906912776442 -689.2146196811732 -3984.1224083920315
-4403.7061397402085 -2052.9247068742866 -4938.82062146208
-2790.2167508419516 -3234.2234247499377 -5454.682948657907
-928.8043589668878 -4128.147198180813 -5485.872758383627
1015.136376193188 -4655.2669769777385 -5029.61869917089
2868.8777894758978 -4768.745855567554 -4126.4609464187015
4467.706821300847 -4458.500737593698 -2856.6490299016245
5669.560495844764 -3752.0982632764276 -1333.0113108800088
6367.648839876453 -2712.3053924550168 309.0703129370974
6499.943640518448 -1431.5122847578257 1923.689683116998
6054.689924167525 -23.52302847167676 3367.3807829788616
5071.450437485244 1386.556352123249 4511.865322765846
3637.590323738711 2673.434116029717 5255.450828630258
1880.5143464258033 3722.765526554556 5532.066465204777
-43.65358306835929 4441.312882957611 5317.133719272031
-1963.9427001362435 4765.230099329303 4629.750308524982
-4124.047669805818 4318.368620810117 3513.260596686686
-5484.007450855439 3677.8190406446765 2097.2329702474776
-6356.689103726253 2710.47909887493 494.85699084647325
-6664.551033860324 1502.3011944285345 -1151.4892038353773
-6380.238357735417 160.6372361169733 -2695.5205295292994
-5529.013504310864 -1195.3000455684808 -4000.0430270775387
-4186.511537352164 -2445.029672717335 -4949.144147770253
-2472.019648096432 -3477.5076836092703 -5458.492091972218
-537.8779648278341 -4200.993876021391 -5482.829059604448
1444.0565360543253 -4551.203326791054 -5019.992604291802
3297.680276570307 -4497.018389348497 -4111.1077762131445
4858.2906528815 -4043.253633172175 -2836.9329809186215
5987.220584426794 -3230.2280481621947 -1310.6842405941636
6584.1596925610065 -2130.182525450691 332.02454635015255
6596.067317902274 -840.860937200866 1945.2314952855186
6021.88541568326 523.1748353767337 3385.596089356989
4912.6325676719325 1840.7242279161223 4525.135613445329
3366.8707572900157 2994.717194919953 5262.596980048509
1521.9477048539213 3882.6163970552007 5532.453510447921
-458.20708011592694 4425.528093730674 5310.727267671702
-2397.6481552088408 4575.212198168026 4617.1196014201005
-4505.808345305748 3934.269505911166 3495.467258964119
-5798.3227035118425 3173.170817447154 2075.9377489463495
-6575.630643990818 2130.121976622195 471.9520598319476
-6768.66494507142 897.8024502880363 -1173.9686409260114
-6360.2736619855705 -414.29076369537137 -2715.57707606117
-5386.744152431072 -1689.5724252393743 -4015.8945708745828
-3934.578785595712 -2814.728162234406 -4959.38220960275
-2132.808827045553 -3689.7829497838275 -5462.206975117356
-141.52944453506933 -4236.984329899166 -5479.690680392286
1862.3254502141322 -4407.711058603498 -5010.279821487889
3700.7045560311603 -4186.793316829524 -4095.683613193455
5210.259821770384 -3593.860615415401 -2817.167942255279
6256.86063749668 -2681.5976269240787 -1288.3345367098384
6747.511927800741 -1531.0629212831989 354.97304618525834
6638.617172351333 -244.48655612734092 1966.7397161532444
5939.852148046887 1063.8135124520222 3403.7529314459402
4713.305193776685 2277.5890819812926 4538.327761655928
3067.960389040259 3288.990866541478 5269.652254119454
1150.0138402151488 4008.1513791107836 5532.74501831645
-870.1164850655991 4371.170052163459 5304.229107584433
-2812.933142205026 4345.791083517606 4604.409163417494
-4851.7587359119125 3516.492264541958 3477.61355963807
-6066.1926363561915 2641.7749791579513 2054.606679238746
-6741.618700012325 1532.3243936371975 449.0389788961304
-6818.022357065983 286.7200612469693 -1196.4278052964626
-6288.614807296033 -984.3606068353403 -2735.586728551553
-5200.436234766304 -2167.9765152049504 -4031.676766050203
-3650.1760810390583 -3158.958196190375 -4969.534630163226
-1775.5817639776017 -3869.252578584571 -5465.827533942724
256.78078482547863 -4235.746889436259 -5476.457674942355
2266.327234032948 -4225.876500892477 -5000.480518484686
4074.5005628832714 -3840.5184402908326 -4080.1887237123633
5520.636636070245 -3113.9134624317644 -2797.3542552248878
6476.239917227535 -2110.6236082514783 -1265.9625851737242
6856.40086122839 -919.7955841589153 377.91541615540604
6627.340499889516 352.76031404261266 1988.2139743046528
5809.411851530705 1593.971910278318 3421.85099570362
4475.291465979396 2693.5521072552733 4551.441539588553
2743.5217941827145 3553.7983790438666 5276.616529008831
767.978171225772 4098.274069267111 5532.940983776445
-1275.80368246124 4278.600123456441 5297.639351223941
-3206.224780189328 4078.753780349292 4591.619214007824
-5158.935169982825 3068.3777318818725 3459.69980701582
-6285.352790427574 2087.906038113794 2033.2401294809786
-6853.289232626442 921.9147302345505 426.1181437143781
-6812.280851342009 -325.99274718216964 -1218.8663091098915
-6165.971421213721 -1544.934338416156 -2755.5491414630637
-4971.78837139071 -2626.6017338491815 -4047.389340068997
-3335.840106435733 -3474.884038577858 -4979.601234134238
-1403.4878089307444 -4014.4076472014626 -5469.3537059265755
653.570539502551 -4197.233519433423 -5473.130099083926
2652.556277353953 -4007.1167742078055 -4990.594864501839
4415.850749410966 -3460.9501186515054 -4064.6233753439333
5786.777503740999 -2607.2628569235794 -2777.492261980822
6643.52368200884 -1521.9088485734046 -1243.5687723166889
6909.96362650672 -301.3265602405102 400.851260079448
6562.422978913558 946.0299153196012 2009.6538989107685
5631.782250925044 2109.3274813196304 3439.8899696029516
4200.732955272487 3085.202043973247 4564.476720787449
2396.4301019310333 3786.942865833668 5283.489684453813
379.193917472717 4152.197195339727 5533.0414034438745
-1671.7353106181545 4148.510582422583 5290.958112385679
-3574.1235200710103 3776.2105988183616 4578.749974054779
