-6590.165447855373 1286.3641080343778 1707.0628282853784
-6927.414479425236 60.19768447764027 79.88502545959184
-6649.132334040455 -1171.31756751812 -1554.390912447936
-5780.045601539536 -2298.756113397428 -3050.5523964523163
-4397.3764520294935 -3221.9400906763267 -4275.658912903213
-2623.9811071879394 -3858.8405516474245 -5120.8543715225605
-617.4335258212878 -4152.866095361817 -5511.039446732871
1443.9757338769866 -4077.891261950624 -5411.544482302694
3377.081412837128 -3640.5778943840737 -4831.2100424481205
5010.118588189031 -2879.7832044885504 -3821.6013889059604
6197.984740437041 -1863.1071391537891 -2472.426681138052
6835.132749089193 -680.8858283942016 -903.5660126852481
6864.949217498755 561.8351762364623 745.5804612287875
6284.784821600117 1754.634659885455 2328.4788392366822
5146.1897139784005 2791.527153916237 3704.481654017303
3550.333066588091 3580.3802099064383 4751.325016988535
1639.0137458514405 4051.1007720066787 5375.992301353907
-417.9391388975136 4161.863252551218 5522.979077590369
-2437.756297059727 3902.825919070514 5179.224925588442
-4240.968110310849 3297.005375410954 4375.273910293762
-5667.351295778844 2398.2314354763544 3182.560607496178
-6684.556369397168 689.899703498969 1685.1769318749107
-6905.144671573356 -561.0854600852373 56.89393098196541
-6512.180566951966 -1762.2157182579026 -1576.444345353656
-5540.580640723207 -2806.7653765070168 -3069.7086234924973
-4076.6758101285127 -3601.921613766526 -4290.21581923965
-2250.540443606772 -4077.0313088702273 -5129.518512145337
-224.43468233652393 -4189.878880423603 -5513.040974725685
1821.6130853747302 -3930.437326470722 -5406.705553119829
3705.802536433056 -3321.759167620815 -4819.960616182767
5260.715169482758 -2417.9281294277826 -3804.9410264490843
6348.190173455631 -1299.2535660322817 -2451.8357288067505
6871.600621943263 -65.13462161442628 -880.8740669560326
6784.439199648592 1174.7718197724198 768.3571213958616
6094.450581444103 2310.294629571289 2349.31640763207
4862.943284022455 3240.537622971749 3721.528621244912
3199.3421351402817 3882.8446277060552 4763.066685200808
1251.4653974692415 4180.143847685675 5381.385371802723
-807.6095327324442 4106.018942539296 5521.544352299248
-2794.924811814746 3667.056235380966 5171.089886195699
-4533.898756041833 2902.25948909779 4361.161390749454
-5870.0158991075805 1879.5842508523167 3163.7245670936204
-6724.959829295752 86.9009691917114 1663.2619349253273
-6827.190733313934 -1177.87694752264 33.90185402942793
-6322.795780044106 -2337.995328421772 -1598.4705553728422
-5256.592674585125 -3290.3725642670897 -3088.811841157692
-3723.3182418122365 -3950.3857582151322 -4304.6986398282115
-1859.210643741351 -4259.389841563397 -5138.094073491159
170.09597903748138 -4189.928445464305 -5514.947300569962
2184.2888276249055 -3748.1735197875832 -5401.773258045522
4004.3980282842167 -2973.3769282891726 -4808.627956252249
5468.698891119195 -1934.382748262526 -3788.214958229741
6447.081858488417 -723.5101721539003 -2431.202436861012
6852.6133101782225 551.6494578227077 -858.1669098210026
6649.259997060497 1777.7926125979877 791.1205131600454
5855.090753407039 2845.9710920295865 2370.11340677168
4540.6710016708685 3661.2725505958815 3738.511323120202
2822.792705029722 4151.2538758118135 4774.726102222822
854.0968889248987 4272.378076684288 5386.685513602574
-1190.4891839033187 4013.8827364209856 5520.014278018704
-3129.2950683659833 3398.7363003924265 5162.865549649216
-4790.049353319141 2481.597228965403 4346.973560331105
-6025.1867324445275 1343.9573534347423 3144.8338937983153
-6710.967907271261 -517.7460864812892 1641.318215876513
-6694.180727549429 -1785.1896607092162 10.90919164148648
-6082.58621325657 -2894.01129940735 -1620.4691621451004
-4930.527220925922 -3745.6873339937347 -3107.8617195633046
-3340.3692477536943 -4264.542611276648 -4319.107124571781
-1453.404807949513 -4404.474562910632 -5146.580907472649
562.7010272028809 -4153.049620911746 -5516.758391346243
2528.808406715522 -3532.607994736782 -5396.747682253288
4270.220061798579 -2598.278645634618 -4797.212258355016
5632.203924838767 -1433.080836509778 -3771.4234730826474
6493.741752637208 -140.54750608937414 -2410.5271616075715
6778.282128397521 1164.4740870296237 -835.4449333994711
6460.54239104854 2366.027047305695 813.8702434308957
5568.7551106316 3357.348121289964 2390.869477521671
4182.159500555738 4050.354081218077 3755.4294663767823
2423.9606657508257 4383.468306343838 4786.303066713544
450.3822884177823 4327.092135917127 5391.892635227752
-1563.2145317112934 3886.2348400831106 5518.388881170881
-3437.9128806438507 3100.0685242470126 5154.5520579712465
-5007.137583098999 2038.4475156049418 4332.7106640417505
-6131.456137834461 795.7014996217841 3125.8889138245677
-6642.614765239886 -1119.1353195609988 1619.3461536644104
-6507.188984036922 -2378.1131721324937 -12.083659132228865
-5793.5709052737675 -3425.785233182271 -1642.439785786727
-4565.1686269098855 -4169.061242452925 -3126.8579297457914
-2931.131082132512 -4541.897864707719 -4333.441024656931
-1036.6496776507715 -4511.166929892743 -5154.97886753459
949.9425999524077 -4079.5990164267964 -5518.474215779643
2852.128308795356 -3285.5408273259372 -5391.628912527466
4500.889901042941 -2199.5479173587178 -4785.713719623453
5749.7276737528455 -918.1155223771431 -3754.5668609721683
6487.676910385525 444.89546585126686 -2389.810260078206
6649.167582829264 1768.3755395471787 -812.7085300667286
6219.850536147297 2934.7276861661057 836.6059193538385
5237.872473964142 3840.3163990288444 2411.5842614552057
3790.486456444527 4404.6761468869345 3772.2827588630535
2006.2990829939738 4577.661089491226 4797.797378755704
43.84323152090275 4343.900755559411 5397.0066467589
-1922.5082834756472 3724.16577660166 5516.668189824002
-3718.036500696756 2773.5223251605253 5146.149554723643
-5183.200858496502 1576.4392437266401 4318.372948180745
-6187.81507391653 239.2826173979605 3106.8899543244383
-6520.376932909521 -1712.3804335826924 1597.34612771438
-6267.727379018246 -2951.85363858983 -35.07630123883575
-5458.162742032634 -3929.041693811949 -1664.3820468971903
-4163.616392664736 -4557.117152223402 -3145.800143668432
-2499.114455079008 -4780.272753080566 -4347.7000925581615
-612.555230976346 -4578.680141945069 -5163.28780865651
1328.4322135529071 -3970.251706990905 -5520.094744240382
3151.382626179215 -3009.048984707971 -5386.417037261716
4694.318862854677 -1780.4790551397314 -4774.132538620504
5820.144267886439 -393.70574801873505 -3737.645412987327
6428.824313434087 1028.0500425629791 -2369.0520900234656
6466.275106302295 2358.4590753396687 -789.9580924471585
5929.168979194637 3479.3086693452296 859.3271483170424
4865.230168556034 4291.006419384876 2432.2574008582164
3368.994306730304 4721.429418290661 3789.070909547334
1573.4085161635776 4732.3326937295915 4809.208839859371
-361.98152585382314 4322.747441830679 5402.027459884522
-2265.207920769345 3529.067109660419 5514.85223369189
-3967.1606512232925 2421.813677740901 5137.658185005327
-5316.613748218286 1099.3714725998248 4303.960660339447
-6193.66238210892 -320.75471239395245 3087.837343382176
-6345.169979182912 -2292.654847679351 1575.3185179346601
-5977.73305232915 -3501.7727469834713 -58.068337629078876
-5079.148310926513 -4399.742770441528 -1686.2955665657844
-3729.2589526228344 -4906.776340792714 -3164.688034226891
-2048.0085707952594 -4977.8213002311695 -4361.884082042252
-184.78363991492816 -4606.564992335111 -5171.507587355159
1694.8601282814652 -3825.9951692925865 -5521.619948744307
3423.9081363088926 -2705.4688853551647 -5381.112146457497
4848.726880851918 -1344.5498181992778 -4762.468915336235
5842.714963743797 135.8384007632998 -3720.6594213367525
6317.552181774744 1604.1567817010553 -2348.2530099065652
6231.047164333894 2929.938792858595 -767.1940134075688
5590.886261841893 3995.382884446018 882.0335379581384
4453.950579784967 4705.819673301438 2452.8885387358837
2921.2618428740075 4998.123733034513 3805.7936285228416
1129.0061714772205 4846.322565182748 4820.5372529653205
-763.5666528172555 4263.904369678228 5406.954987902518
-2588.2932291518982 3302.61955909166 5512.941044133449
-4183.038593538641 2047.882507372577 5129.078095449828
-5406.102621926959 611.1821078890785 4289.474049396999
-6148.810708066452 -879.8245040088299 3068.7314100084614
-6118.341592671997 -2855.231123266663 1553.2637047098078
-5639.552662197699 -4023.4253934786307 -81.05937126410252
-4659.664728917919 -4834.120660968513 -1708.1799663780137
-3265.7451358719004 -5215.283093542251 -3183.521275254956
-1581.64975601721 -5133.044736361865 -4375.992748172465
242.9821456152519 -4594.712828359924 -5179.638061686986
2046.0240173002026 -3648.1205219930757 -5523.049802953372
3667.2676762195156 -2377.3766977339296 -5375.714331722509
4962.658508567629 -895.3925209353011 -4750.723051184314
5817.09535416133 666.1512107137552 -3703.609179343688
6154.657749635314 2168.504483934482 -2327.413378897176
5945.351794783527 3478.1766174324434 -744.4166860502617
5207.77524221861 4478.797494744843 904.7246961710262
4007.4650054373556 5081.4575597700905 2473.4773188185754
2451.0739164524866 5232.607821000565 3822.4506270126676
676.8941536300655 4918.817914413934 4831.782422448423
-1157.4306252434344 4167.969450254747 5411.789145721707
-2888.9126137634016 3046.778609607771 5510.934654152125
-4363.70203876632 1654.8681189294286 5120.409434222736
-5450.757387833855 115.91533361510005 4274.913365515974
-6053.489022737556 -1433.3370377770111 3049.572484134799
-5841.661124093956 -3395.5196261258334 1531.1820688942144
-5255.923306241485 -4512.595788645395 -104.04900512242601
-4203.173637389918 -5228.708012143393 -1730.0348684224368
-2776.9535455325777 -5480.226582955269 -3202.29954153012
-1103.9889446947543 -5244.8029722933325 -4390.025847312786
667.0699186548804 -4543.355601104396 -5187.6790912505985
2378.8566923439225 -3438.2111465696717 -5524.384282176083
3879.2716094775587 -2027.566543321132 -5370.223686269105
5034.996220206041 -436.76375486930766 -4738.895148998646
5743.339321052255 1192.8474099088455 -3686.494981440818
5941.361518993496 2716.4688475919447 -2306.5335568652226
5611.467672736588 3998.7201071393247 -721.626503706343
4782.970298236768 4925.667537073203 927.4002311125688
3529.485023019166 5414.947790402187 2494.023385568272
1962.389514616399 5423.086169446955 3839.0416173748786
220.9270860354333 4949.359543514694 4842.944154121072
-1540.1656836623317 4035.8606022345416 5416.529849863245
-3164.4079734609077 2763.7577353633274 5508.8330983953365
-4507.478728041836 1246.0828651540128 5111.652351019137
-5450.0402168916535 -382.31193596882116 4260.27886013802
-5908.341715363087 -1976.7366438325105 3030.3608966078136
-5517.305672380004 -3909.106106648877 1509.0739918053869
-4829.95026442031 -4965.331694077233 -127.03684220671617
-3713.4325795792274 -5580.365770487613 -1751.8598952967984
-2266.9601139120873 -5699.559859158333 -3221.0225087792087
-619.0582937332566 -5312.323042236369 -4403.983137132131
1083.8495725363468 -4453.063010266019 -5195.630537189194
2690.4526478906027 -3198.128787888379 -5525.6233633679385
4057.997198622802 -1659.0267879498342 -5364.6403049127075
5064.970890029965 27.487022617176528 -4726.985413029775
5621.899690599328 1711.5584905998587 -3669.3171231653273
5679.298032358505 3243.550475642013 -2285.613904374673
5232.065820753718 4487.338766836569 -698.823859928905
4319.941600432293 5332.40731623586 950.0597512095296
3023.971611160977 5703.668074703523 2514.5263841844735
1459.3084737572053 5568.1328945987 3855.5663131073075
-235.02062560966812 4937.844671460049 4854.022255236497
-1908.4671110200966 3868.8072798877447 5421.177018462113
-3412.3379184464234 2456.0093835163048 5506.636413153873
-4613.007527020465 824.9842753998036 5102.806997061045
-5403.791172968654 -879.3443059698504 4245.5707859796685
-5714.424259051605 -2505.5392868151384 3011.0969791834946
-5147.842824743418 -4391.787889568798 1486.939855217459
-4365.0817456714885 -5377.976511262789 -150.02248555071668
-3194.4639976509484 -5886.308319069881 -1773.6546701148427
-1740.0041047647449 -5871.615801089038 -3239.6898536839813
-130.93721128796005 -5335.2044520199015 -4417.864376608535
1489.7640280202754 -4324.7367742296765 -5203.492262192946
2978.0931957171083 -2929.9972552544455 -5526.767025131821
4201.805713827777 -1274.9146220686605 -5358.964284070134
5052.1693549441825 493.4497701585917 -4714.994048941407
5453.625577793756 2217.968984838584 -3652.0759011536675
5370.503235214706 3745.4119218191213 -2264.654782677294
4810.1881121215665 4940.058573076521 -676.0091484862312
3822.4666661035876 5695.759341026099 972.7028651651162
2495.1022821836214 5945.366896097339 2534.985960610341
946.0371109156436 5666.702511637447 3872.0244288526624
-687.0876092726779 4884.526741104194 4865.016534492103
-2259.1615801428147 3668.3393342312893 5425.730571268511
-3630.499130449967 2126.203879269913 5504.344636361278
-4679.250900833621 395.1458789433643 5093.873525094767
-5312.230694123847 -1371.0225667964198 4230.7893970278155
-5473.1954779007465 -3015.36964084289 2991.7810645215004
-4736.210188488823 -4839.6083755985355 1464.780041354587
-3865.080844437051 -5747.198961056462 -173.00553822593588
-2650.522105729167 -6144.125697657282 -1795.4188165127368
-1200.452846302546 -5995.1199029697445 -3258.3012538867133
356.2819166185912 -5313.421395752988 -4431.669326033308
1881.3594677307551 -4159.602079957825 -5211.264130501346
3239.269973924972 -2636.1838652453694 -5527.815247718365
4309.357127633822 -878.529145403515 -5353.195721757958
4996.538989250145 957.1867443691098 -4702.921263806866
5239.756434721392 2707.8523913596773 -3634.771613136512
5017.398526675268 4217.913470163469 -2243.6565537064644
4349.222741043277 5353.194427134838 -653.1827633549956
3294.5994286199625 6012.820567148471 995.329181965906
1947.2364988522984 6138.181212942519 2555.401761538979
426.8530608549999 5718.13752100205 3888.415680403373
-1131.4581448130782 4790.012216687352 4875.926802032783
-2589.2343289922314 3436.273306297597 5430.190429649249
-3816.9456803727276 1777.2064328062695 5501.9578075931795
-4705.5046576618815 -39.77303138186767 5084.852089388304
-5175.958896350701 -1853.2184871906315 4215.934948535433
-5186.506472777278 -3501.9973476971327 2972.4134861794064
-4285.691878773685 -5248.889570955881 1442.5949328842942
-3333.9949360834316 -6070.020111804378 -195.98560334871266
-2086.057912326378 -6351.802727874541 -1817.151958655526
-652.7654885447547 -6069.199797145895 -3276.8563879957755
838.5280135082198 -5247.3218301962215 -4445.397747015186
2255.31462174143 -3959.1962911410324 -5218.946007905616
3471.706628547694 -2319.278786971238 -5528.768013026301
4379.622266073903 -473.2831845917291 -5347.3347175908075
4898.389245603709 1414.765705707851 -4690.767266105456
4981.912844434471 3177.1064544581627 -3617.4045579335866
4622.771624272817 4657.147352227895 -2222.6195800708524
3852.876858595384 5723.380270197644 -630.3450987134477
2740.637075960163 6281.065734519699 1017.938310888527
1384.8796620381604 6280.650944326714 2575.7734344193736
-93.93038730023586 5722.1727555476 3904.7397847065263
-1564.3943095202656 4655.254406096567 4886.752869454182
-2895.854932108087 3174.6962734163703 5434.556516589099
-3970.0061357280533 1412.052444917999 5499.475968066618
-4691.4048721036115 -476.0584400014266 5075.74284572864
-4995.951697701579 -2321.8694433786504 4201.007697017083
-4856.5862905858585 -3961.372157355461 2952.9945786069434
-3799.8921516369464 -5616.262376648945 1420.3849129109467
-2776.1227611304216 -6343.83753587216 -218.96228408698636
-1505.6826804833877 -6507.734890560645 -1838.853721243628
-101.45608609578508 -6093.391441498634 -3295.3549355911405
1311.785326774108 -5137.6234224515765 -4459.049402484419
2608.4688566850486 -3725.3550162306506 -5226.537761750974
3673.3784816024863 -1982.0724683664168 -5529.625304602766
4411.892308073585 -62.67408350609211 -5341.381372779645
4758.390141701862 1862.2931687144983 -4678.532265718962
4682.084129388728 3621.787500355773 -3599.975035448501
4189.754395191637 5059.470118637803 -2201.5442250482033
3325.146596547438 6047.596613759968 -607.4965489346541
2165.08493063452 6498.367610308939 1040.529861506412
812.6459673159816 6371.730127065416 2596.1006274625724
-612.0001564366498 5678.93646015503 3920.9964598687075
-1982.267380571432 4481.544367157703 4897.4945498059615
-3176.4014489053357 2885.9473902048835 5438.82875669213
-4088.2983090958387 1033.9213228608328 5496.89916063933
-4636.931923321553 -909.9731913083963 5066.545951419079
-4773.553787319563 -2773.012594078276 4186.007900244562
-4486.024448918474 -4389.657658698992 2933.524677140205
-3282.706395181109 -5938.694387509213 1398.150364969083
-2195.979467072912 -6566.446397813485 -241.9351836670953
-914.1301264181233 -6610.74082929664 -1860.5237295193845
448.9436875629022 -6067.641927338488 -3313.79657722997
1772.126884747025 -4985.406412728303 -4472.6240566969045
2937.8488313706403 -3460.1956602515193 -5234.039260938944
3842.530016789742 -1627.5313385428149 -5530.387107643589
4405.785547551825 349.7462848990176 -5335.335790130023
4577.567697942518 2295.947416091346 -4666.216473927915
4342.612870046046 4038.1435437646055 -3582.483346663628
3721.797831403291 5421.532896473354 -2180.4308525790393
2770.2847225995893 6323.1952593252 -584.6375085796154
1572.6196589986605 6663.013974500657 1063.1034436965406
235.22043736797156 6410.794657886516 2616.382989647673
-1123.0791523707271 5588.948102610187 3937.1854251609498
-2381.5882308695936 4270.49898172219 4908.151657595019
-3428.482743627916 2572.597285532046 5443.007076183009
-4170.741518966187 646.1090308651459 5494.227429809007
-4542.411607346621 -1337.7888465969029 5057.261565276526
-4510.468490369299 -3202.818314249155 4170.935817242392
-4077.75045415772 -4783.263319343693 2914.0041179959267
-2738.289713638218 -6213.514971138784 1375.8916730167684
-1598.2598932438145 -6736.057302519173 -264.9039053806878
-316.21766748665925 -6660.071381870167 -1882.1616092734603
993.921885725052 -5992.30889170014 -3332.1809944520965
2215.7471176357462 -4792.103459688114 -4486.121475238233
3240.693494498431 -3166.0986054831546 -5241.4503759296185
3977.6900328257825 -1258.77199598611 -5531.053408993546
4361.25135593136 760.4020293842214 -5329.198074040295
4357.296357026093 2712.0109974744005 -4653.820103408017
3966.1764551189535 4422.645886974724 -3564.9297936348157
3222.644369895798 5740.30928095557 -2159.2798272604236
2192.766190065524 6547.921004391151 -561.7683723905012
968.0511114519908 6773.721211508541 1085.6586676462239
-342.6795566363615 6397.646562997482 2636.6201707279674
-1622.9616422931265 5453.11294175458 3953.306401023513
-2759.03646378228 4024.046305044807 4918.7240087887185
-3649.9587876322885 2237.4254948954563 5447.091402908273
-4216.566255620859 251.9996107445607 5491.460821712529
-4408.513307701275 -1755.8175447030437 5047.8898476287395
-4208.744605950438 -3607.622606025401 4155.791708283411
-3635.0104761894213 -5138.874567011352 2894.433238265586
-2171.0233589860677 -6438.437419021675 1353.609221429111
-987.800398492553 -6851.310758190337 -287.8680525915578
283.1929622976897 -6655.415070011753 -1903.7669868513474
1529.0233856159264 -5868.156546054659 -3350.5078697855665
2638.9933711135996 -4559.486560999743 -4499.541425027753
3514.4772145561496 -2845.6861860228205 -5248.77097874389
4077.684334456168 -879.0341053296311 -5531.62419714659
4278.571306616798 1165.7240131997455 -5322.968330499861
4099.288441983601 3106.90243746077 -4641.343368226439
3555.7658098491456 4772.018945736582 -3547.314679486234
2696.297781288346 6013.120629023511 -2138.0915143395955
1597.251862352158 6719.930156276456 -538.889535283821
356.2831060216446 6829.644399216473 1108.1951438596823
-916.3429678015626 6332.514765885319 2656.8118212369827
-2107.547947630723 5272.713405821924 3969.3591090707387
-3111.4880434910556 3744.4083207295953 4929.211420818014
-3838.9587721468406 1883.3961242751498 5451.081666337584
-4225.32116690428 -144.96408296886122 5488.599384125171
-4236.245233465752 -2160.4435952767008 5038.430960311568
-3870.7603205777837 -3983.958213193658 4140.575834884193
-3161.3413666546044 -5453.48066055569 2874.812375909606
-1585.4792826424389 -6611.577985855994 1331.3033949913834
-369.5395433226556 -6911.288136668352 -310.827228742494
879.2354061189372 -6596.9000068493015 -1925.3394891597968
2049.8864312658343 -5696.34836140284 -3368.7768867520685
3038.3960512163158 -4289.651166032708 -4512.883674322537
3756.930848234794 -2501.7996397364495 -5256.000942965661
4141.645852368126 -491.652236482754 -5532.099462246044
4158.357447205093 1562.180625562723 -5316.646667087249
3805.5807342068024 3477.206883510225 -4628.786483838144
3114.6614724582564 5083.268050386764 -3529.638308405109
2146.990870415064 6237.658543432012 -2116.866279707706
988.5507076212408 6837.805701379687 -516.0013923436059
-257.7265237280638 6830.3838155437015 1130.712483165046
-1481.1036224298898 6216.052353051003 2676.957592494456
-2572.8781645626527 5049.397360293257 3985.343272095862
-3436.0411908841534 3434.0812531581428 4939.613712580648
-3993.8968785772045 1513.6319564625364 5454.97779756492
-4196.877301680896 -541.3101820291718 5485.643166459771
-4026.946758837563 -2548.154535346981 5028.885066666151
-3499.2043245067293 -4328.584175807238 4125.288459800616
-2660.5422299382326 -5724.400116568221 2855.1418697515865
-986.3830954060928 -6731.4716584985845 1308.9745788925657
251.52205255175463 -6915.519042301681 -333.78103736214314
1467.0783623540308 -6485.092210940827 -1946.8787436732684
2552.278321493821 -5478.436477279443 -3386.987729872407
3410.6971512799323 -3984.9976208893136 -4526.147992721518
3966.0605715769116 -2137.474238009134 -5263.140143744023
4169.0221053191335 -100.02688893066112 -5532.479196084775
4001.5477295515884 1946.3082881900593 -5310.233192968343
3478.5182775104076 3819.7054326718826 -4616.149667082133
2646.407211286397 5353.704986959605 -3511.9009856365224
1579.1512507728412 6412.004358808591 -2095.6044898934915
371.5807716369945 6900.569004759784 -493.104338814589
-869.0062897141805 6775.987811989773 1153.2102967207693
-2032.3783286529344 6049.330366191739 2697.0571366124204
-3015.164634145489 4785.163370308511 4001.258614075769
-3730.040330062159 3095.813609629814 4949.930704444272
-4113.485573640439 1131.387223981219 5458.779729309805
-4131.429572266649 -933.5678815291325 5482.592219765882
-3782.27792291692 -2915.571383870453 5019.252331536098
-3097.0542818627346 -4638.513573980638 4109.929847023259
-2136.6437766662107 -5949.303477261063 2835.4220594723697
-378.57573709991306 -6797.0845225719895 1286.62315871864
870.3623495841343 -6863.985029899917 -356.7290820717969
2041.964921985374 -6320.990345219075 -1968.3843784403664
3032.129950052762 -5216.347929156263 -3405.1400846719607
3752.8769257748268 -3648.2101080220955 -4539.334151169294
4140.164317412679 -1755.9128088837883 -5270.188457795433
4159.579940636564 292.40504902027385 -5532.763392105336
3809.3986321189864 2314.7414351204493 -5303.728018894453
3120.735537867082 4131.402886634727 -4603.433136177744
2154.7813959533496 5580.971061308559 -3494.1030174780653
997.3654709067698 6534.64546549701 -2074.306512056943
-248.67075309615885 6907.687943256771 -470.19877009536197
-1472.6114894128766 6666.952033368926 1175.6881960225192
-2565.704232446188 5833.828177879139 2717.1101065011417
-3430.822895019065 4482.343087451526 4017.1048601758043
-3991.097887451222 2732.582143265165 4960.162218249552
-4196.7463179387305 740.0192839105337 5462.487395918439
-4029.4954209595203 -1318.2975363407318 5479.446596728886
-3504.2061726786633 -3259.4778352346566 5009.5329212646475
-2667.5528279997984 -4911.039224485123 4094.500261772907
-1593.8757081903811 -6126.233226899416 2815.6532856042013
233.02583180325527 -6807.822622544173 1264.2495204459135
1481.9786930592823 -6757.119642177775 -379.67096659232544
2599.251243880614 -6106.016928472754 -1989.856022090237
3485.56891505697 -4912.367814858964 -3423.233637686144
4062.1784919632523 -3282.233263323896 -4552.441921960222
4277.845683281912 -1360.4578824990572 -5277.145763405825
4113.407512624402 682.2001514568944 -5532.952045400076
3583.475033078674 2664.241708169834 -5297.131257200414
2735.135071022733 4409.553697279753 -4590.637110720852
1643.7663549638585 5763.05748937869 -3476.244711274594
406.3417847166119 6604.48833278509 -2052.972713982941
-867.1880363042309 6859.081404503867 -447.2850817315737
-2063.6643947074513 6504.214992849524 1198.1457929099247
-3076.7751153988825 5571.420535803135 2737.1161558751674
-3816.5008648819185 4143.580914374332 4032.881736754488
-4217.113764082019 2347.565944897998 4970.308077313188
-4243.017598844489 342.9594390940615 5466.100733364854
-3891.910699773591 -1692.1205179261026 5476.206351669091
-3194.9904556590195 -3576.8481411799494 4999.727003691788
-2214.1812885744575 -5143.75711035045 4078.9999704958927
-1036.6323972255161 -6253.620687260023 2795.8358895249025
843.4685960212552 -6763.537239729318 1241.8540504343582
2081.428450106817 -6595.804767181363 -402.6062947509617
3134.4442522021204 -5842.006095856858 -2011.2933038390895
3908.9509272071946 -4569.119545694018 -3441.268076465778
4336.130158181322 -2890.2466726453786 -4565.471078742291
4378.025195807263 -954.5626990936298 -5284.011940432708
4030.9134821386074 1065.9383593020434 -5533.045152711231
3325.6374162094867 2991.7261166802605 -5290.443021802645
2324.86387153071 4651.685879617662 -4577.761811680076
1117.5159693693972 5898.322938563743 -3458.3263754129257
-189.12813080843935 6620.868120054563 -2031.603464075017
-1478.9673665888226 6755.120113877364 -424.36366940908
-2637.3938615064108 6289.150041225807 1220.5826995731552
-3561.476337816813 5264.3613879309805 2757.074939259341
-4169.106012230721 3771.8111230490435 4048.588971368263
-4406.292321637542 1944.1188875636947 4980.3681064310595
-4251.960221571508 -56.31684270685981 5469.619679251993
-3719.822796398753 -2051.748574360528 5472.871540540786
-2857.162791592493 -3864.8734412319695 4989.8347481513565
-1740.6313343008596 -5334.587342132192 4063.4292408595675
-469.4371443217901 -6330.299747233022 2775.970213451884
1447.8037825720278 -6664.526541937239 1219.437135420991
2663.869147568698 -6381.363346268861 -425.53467048815736
3643.2380486067186 -5531.188013132679 -2032.6958534963444
4298.889260939159 -4189.542351810916 -3459.2430895824864
4572.565297072384 -2475.6374670269206 -4578.421396521014
4439.948840188434 -541.7613291415465 -5290.7868703072645
3912.8234444591767 1440.2526803185265 -5533.042712430973
3038.026514546857 3294.293918687511 -5283.663428197175
1893.287596657278 4855.622685610363 -4564.8074613930075
580.3217672489536 5985.508068367528 -3440.348319316496
-784.208197879578 6583.554792280735 -2010.1991313487836
-2079.05782318552 6596.6237814454635 -401.43492894714007
-3189.174037106448 6023.553798822114 1242.998528559624
-4015.9181423707278 4915.264627242965 2776.9861119946727
-4485.830297118878 3370.232623249731 4064.2262927761735
-4557.156744225994 1525.7406606584989 4990.342131881187
-4223.5598158556595 -454.3200552348249 5473.0441728128135
-3514.681063059576 -2394.012440469839 5469.442220931273
-2493.5074738868557 -4120.986314418539 4979.856325468141
-1250.774803081975 -5481.792469680582 4047.7883417476346
103.0946979115545 -6355.5173075614875 2756.0566004362936
2041.1271599794875 -6511.533588180018 1196.999162513109
3224.5977833789734 -6115.548493041315 -448.45569786442246
4121.548742810977 -5176.170076653343 -2054.06330147134
4652.282009325448 -3776.8662337065343 -3477.158366634134
4769.639603108045 -2041.9712513903817 -4591.292651663374
4463.193786935843 -125.63816234495616 -5297.470436036377
3760.1736163910764 1801.8584287787712 -5532.944724601441
2723.0455187798243 3569.2519911800696 -5276.792593457677
1443.962876936556 5019.5018507606355 -4551.774283562315
36.5777967507673 6023.746943180059 -3422.310853440012
-1374.0573811953602 6492.755684919888 -1988.7600854257394
-2662.6015308707624 6384.854591065563 -378.4992562915253
-3714.5618498939475 5709.631147322196 1265.3928927808329
-4436.467047467864 4527.081919835674 2796.849330244353
-4764.172678759304 2942.281596999952 4079.793430944557
-4668.560660315538 1096.0466422806703 5000.229981426753
-4158.1265395617265 -847.5768665267091 5476.3741549113265
-3278.224628130095 -2715.889451213371 5465.918452059892
-2107.038072237287 -4342.883339675169 4969.791907954898
-748.631937041903 -5583.99298497722 4032.077543255543
676.2934310767904 -6328.940348614443 2736.095394357083
2618.619010126507 -6305.740701683197 1174.540519181664
3759.088990947428 -5800.529112941775 -471.3689810671769
4565.547418432348 -4779.915057312741 -2075.3952787794956
4966.336922214719 -3334.5845725297136 -3495.013598250114
4925.8455960476995 -1592.9616148940859 -4604.08462190163
4447.671271954491 290.2029728217995 -5304.062522204623
3574.301837064238 2147.5817528676907 -5532.751190914742
2383.3399983855634 3814.1384696640102 -5269.830636233402
980.6079417350239 5141.792245359693 -4538.662503251888
-509.2554338657398 6012.575215671552 -3404.2142892641127
-1953.8692293368856 6349.1144923192605 -1967.2866965268609
-3224.8731693675454 6121.507083694378 -355.55704750775
-4209.332976177107 5349.97690689188 1287.765405518846
-4819.775075699819 4103.077803925093 2816.6642509996823
-5001.959008512064 2491.6022320191923 4095.290117051727
-4739.696932682456 658.7368675821004 5010.031484319056
-4056.29198456661 -1232.6601583588083 5479.609568043609
-3012.4676928778395 -3014.52991978953 5462.300294776968
-1700.9724266801422 -4528.545468800296 4959.641669409369
-238.33829577738786 -5640.179879713675 4016.2971166857797
1245.473238635579 -6250.659556792785 2716.086939915064
3175.583445731901 -6048.760254200925 1152.0615932545545
4263.031745495208 -5438.87214182232 -494.27412441752705
4971.690966664597 -4345.716371545533 -2096.691417048856
5238.593627539385 -2866.424630794738 -3512.808476096661
5040.02425541782 -1132.4384825005486 -4616.7970863371775
4393.626610420239 702.1697945882534 -5310.563014976342
3356.83595997401 2474.3872040065075 -5532.462114712922
2021.7757032521174 4026.744451679388 -5262.7776767471605
507.0718028797425 5221.30778374358 -4525.472346882981
-1052.6876524264385 5951.9350058903465 -3386.058939289974
-2518.9111901708825 6153.706683127207 -1945.779335466128
-3761.3184146089616 5808.694516471223 -332.60869877413165
-4669.515991635013 4947.554350990768 1310.1156804331279
-5162.806580970908 3646.8022694400947 2836.43053208599
-5197.359148984024 2022.0158025215533 4110.716083492599
-4770.103548374967 217.56435807876588 5019.7464713005065
-3919.0033142381562 -1606.2186343448 5482.750356338817
-2719.682437368506 -3287.282052332457 5458.587811562783
-1278.705840808871 -4676.256033970691 4949.405785111335
275.88938121479816 -5649.724145579031 4000.4473345431957
1805.9706209968888 -6121.189473446617 2696.031582626952
3707.4867515379624 -5742.621934054693 1129.5627729099308
4732.364313291811 -5033.5215493841015 -517.1707323771867
5336.7505381709625 -3877.170685805236 -2117.9513485262264
5466.943057789631 -2376.3161921092646 -3530.5426928823053
5111.373695439244 -664.3155764525594 -4629.429825444364
4301.636349355075 1106.7123934728577 -5316.971802097533
3109.67973621051 2779.4041105108754 -5532.077500987902
1641.4144318988915 4205.133575115958 -5255.633836793245
27.30225208447006 5257.218467647241 -4512.204042230301
-1589.2358526416035 5842.1764284048195 -3367.845117033915
-3064.5633776138234 5908.03137552966 -1924.2383736441884
-4267.590997870188 5448.9318079700315 -309.6546063751459
-5091.424429951135 4505.670737028902 1332.4433315671436
-5462.862458082845 3162.0610482923944 2856.1478321684654
-5348.901183436861 1537.4883589387516 4126.071063883309
-4759.666565376301 -223.69691826311555 5029.374774607488
-3747.514685529363 -1965.005742599568 5485.796465560133
-2402.3796801758167 -3531.7151834203796 5454.781066526489
-843.7826975690635 -4784.616231517486 4939.0844318195295
789.7880805960602 -5612.383130501758 3984.5284705303884
2353.182721872321 -5941.4651588032575 2675.9296688194395
4209.994435049209 -5389.756599162199 1107.0444466695037
5163.307159189504 -4587.774279799586 -540.0584095552491
5657.837383435556 -3378.1480825609497 -2139.174706083736
5649.643927152948 -1868.358603428112 -3548.2159423630796
5139.454814888796 -192.5572632240012 -4641.982621074277
4172.602588195811 1500.3536348411906 -5323.288772897823
2834.996310376763 3059.9515282572765 -5531.597356381397
1245.4881692043457 4347.6593000116 -5248.399239735312
-454.6870615366752 5249.058463571302 -4498.857818418046
-2114.461351498842 5684.055747529036 -3349.573137021998
-3586.3564712195594 5613.999734251023 -1902.6641830419237
-4739.588080006272 5045.115207952751 -286.69516669432545
-5471.686488544702 4027.9500553044736 1354.7479733550426
-5717.6015404752925 2652.883863874693 2875.815810758296
-5455.482604253567 1042.097299150588 4141.354793065831
-4708.620097652834 -661.2841837717241 5038.916227973306
-3543.3760319367093 -2305.9076649680633 5488.747843105708
-2063.287455933399 -3745.6411308228962 5450.8801254049995
-399.86673488251313 -4852.557944728768 4928.67778776861
1299.083900348889 -5528.303690145667 3968.540799542784
2882.6052300985266 -5712.8353921319895 2655.781545623121
4679.006682998935 -4992.976844358993 1084.5070033917616
5552.393544625114 -4105.2533268119505 -562.9367607150283
5932.425873533625 -2852.7600355701534 -2160.361123225034
5785.336129556524 -1346.7864960367433 -3565.8279193478434
5124.193881938902 278.8549339446998 -4654.455256458501
4007.7445207565456 1879.7188793104447 -5329.513818292372
2535.1894712078156 3313.561553239036 -5531.021689184802
837.3717116465199 4452.979741836971 -5241.074010504267
-934.8501992397909 5196.731138792956 -4485.433905915966
-2624.006567401101 5478.730168588211 -3331.2433147845627
-4080.0084367856957 5273.919979893074 -1881.0571362140342
-5173.483651739762 4600.498856767807 -263.73077620761114
-5807.272140777688 3518.303221262017 1377.0292206283068
-5925.059015313482 2123.4909047277247 2895.434128218189
-5516.378394645463 539.9971025220418 4156.567007112491
-4617.5433453853275 -1091.4778119810137 5048.370666631005
-3308.419306132503 -2625.970133018052 5491.604438009573
-1705.327692770839 -3927.133483856303 5446.885055561858
49.289769800880975 -4879.3537907125165 4918.186032666103
1799.527620021175 -5398.022100572479 3952.4845976640545
3389.869544105663 -5437.052457966764 2635.5875609666205
5110.69193255462 -4555.4544393102515 1061.9508322654156
5896.497567221089 -3589.878163969829 -585.8053907808855
6158.373516686606 -2305.3254598398225 -2181.510234091721
5873.05095361747 -815.9344718489168 -3583.378319703504
5065.882039859832 745.95587463521 -4666.847516212884
3808.5872756034887 2241.5647680845645 -5335.646830783757
2212.8828181997806 3538.0007949446663 -5530.350509339049
420.5540113227503 4520.069924913157 -5233.6582755960935
-1409.1428650311937 5100.51100605297 -4471.932536535381
-3113.6312139055103 5227.7493010810995 -3312.8559668507983
-4541.459765478807 4890.479129108229 -1859.417606282556
-5565.759687021369 4118.66842499994 -240.76183147638093
-6095.517435438014 2980.895956851721 1399.286688622384
-6083.661709978319 1578.2578014907756 2915.002445768568
-5531.24594387737 35.3845143970951 4171.707443330678
-4487.354702189906 -1510.632842083141 5057.737927316273
-3044.742302781095 -2922.423841241271 5494.3662009425125
-1331.5911881386737 -4074.544657259314 5442.795925986071
499.8776471615596 -4864.624299635156 4907.609347689255
2286.9301598345505 -5222.46072493629 3936.360142161359
3870.7788917785297 -5116.258596435435 2615.348063570479
5501.518281503292 -4080.6948190402786 1039.3763228025075
6192.859414112332 -3045.8327722050976 -608.6639048450508
6333.93781086159 -1740.3351171425188 -2202.6216734695927
5912.2180370875285 -280.2010495869468 -3600.8668403603633
4965.171745376742 1204.8301108664457 -4679.159186341236
3576.9481547919054 2582.8068286595208 -5341.687704463833
1870.897023475375 3731.289825265118 -5529.583828434429
-1.3915186732855995 4548.231346400206 -5226.152163069682
-1873.5564182812516 4961.04255282313 -4458.353943425179
-3579.247608158013 4933.043357251067 -3294.4114107433247
-4966.90694078053 4466.721611083035 -1837.7459669305595
-5913.2347948025845 3603.512047885351 -217.7887291406921
-6334.145787502954 2420.1146254809037 1421.519992983419
-6192.240130042742 1021.6793981043726 2934.520425493217
-5500.1267628300075 -467.5365273599275 4186.775840267173
-4319.302995831091 -1915.2097806180336 5067.017848270238
-2754.6902027035794 -3192.7082401085513 5497.033084212922
-945.3110963069951 -4186.520561496091 5438.612807290926
948.0630494258579 -4808.342158751811 4896.9479154819355
2757.1976327110474 -5002.921454140426 3920.167711480416
4321.343106567357 -4752.969223369484 2595.0634029412113
5848.282479157948 -3572.5088333622834 1016.7838648317463
6439.107623979411 -2477.531526520623 -631.5119081744821
6457.78979885193 -1162.4146710796076 -2223.6950767950175
5902.669010552701 255.987829059628 -3618.293179317244
4823.070177229577 1651.6446872028132 -4691.390054239036
3314.920392964726 2900.5456667647245 -5347.636335015549
1512.2253844964446 3891.720434999567 -5528.7216597104
-424.8374856761385 4537.098764050872 -5218.555802544607
-2324.1516808778056 4779.335957186282 -4444.698361067791
-4016.954799861825 4596.908176755302 -3275.909964972612
-5352.833856762341 4006.0249316203412 -1816.0425923955083
-6213.0901349650385 3059.188791160067 -194.8118659124271
-6521.286088979127 1840.5303015763438 1443.7287497747536
-6250.037155794794 458.33261766336653 2953.987730345192
-5423.444993481791 -964.5899306885749 4201.771937712834
-4114.955943101599 -2301.8044306656393 5076.210269242245
-2440.8349989901085 -3434.4935056756963 5499.605041767634
-549.8351537903536 -4262.012760679979 5434.33577171276
1390.0199577354767 -4710.833478362897 4886.201920151473
3206.365696014388 -4741.07596834106 3903.9075852407937
4737.811771298338 -4350.053052662927 2574.733929365207
6148.13625935612 -3034.9819840692544 994.1738484918718
6633.278177294438 -1889.5832209646348 -654.3490062175053
6529.024219518342 -576.2866963779219 -2244.7300801611495
5844.637807687174 788.2154301745016 -3635.6570356467937
4640.929677872456 2082.6811567294612 -4703.539908697093
3024.854579794299 3192.091522813313 -5353.49261971476
1140.007877945769 4017.870548832263 -5527.764018055355
-846.1335267004096 4486.644144452984 -5210.869325198901
-2757.0922543034817 4556.759718525533 -4430.966025275121
-4423.071235811563 4221.987194596436 -3257.3519490315502
-5696.040927689411 3512.0725805418033 -1794.307857462915
-6462.892386478145 2490.094905229375 -171.83163856837672
-6655.487494792207 1246.8613699858206 1465.9125754836782
-6256.713332068181 -107.16126974197935 2973.404024152641
-5302.002732655687 -1451.6621603837143 4216.695476706999
-3876.1859229909815 -2667.1764975608944 5085.315031492632
-2105.9529837067753 -3645.70049821852 5502.082029192706
-148.59687999778063 -4300.288010716308 5429.964893109721
1821.9627086057008 -4572.776061958851 4875.371547265484
3630.63291499789 -4438.952892799127 3887.5800442310815
5116.705454122406 -3910.7092790902866 2554.3599939027217
6398.60979852012 -2472.441399462409 971.5466642247444
6773.830260281866 -1286.7535261849398 -677.1748046109554
6547.166176953098 13.268044718900185 -2265.7263203242883
5738.757647036525 1312.1106916236108 -3652.958109500623
4420.435316057606 2494.366545474655 -4715.608539905224
2709.337908486125 3454.9869854129674 -5359.256457432001
757.5039380120784 4108.616669736686 -5526.710920006361
-1261.6375816056157 4397.177732587028 -5203.092863766771
-3168.677065492365 4295.030257200365 -4417.157173184539
-4794.16568659979 3811.2504950316265 -3238.7376833899184
-5993.671647603285 2988.824400981995 -1772.5421374598407
-6660.613579922411 1900.8281426652795 -148.84844394343247
-6735.730766044179 643.9349622258457 1488.0710870279868
-6212.348714335315 -670.1746654694127 2992.7689716245877
-5136.972216914473 -1924.7363331246092 4231.546199542005
-3605.153194789525 -3008.2767310154118 5094.331977795486
-1753.0004903533104 -3824.5185397505115 5504.464003714188
254.914000566744 -4300.93509260561 5425.500246960476
2240.1782638647883 -4395.194688139924 4864.456983848649
4026.3928575580467 -4098.921947638805 3871.1853704040072
5454.844776323238 -3438.4420042672937 2533.9419483817987
6597.632105138996 -1889.420814476477 948.9027027687183
6859.658575347934 -673.9261865596144 -699.9889091866538
6512.174278021383 601.4497405094256 -2286.6834347100594
5586.054717886525 1823.3842187154917 -3670.1961021145094
4163.589682070066 2883.303007298857 -4727.595739455797
2371.1714313893594 3687.027670516856 -5364.92774863423
368.06419331523796 4163.14374495502 -5525.562383748885
-1667.747163558027 4269.346227998522 -5195.226552536328
-3555.3718661613134 3996.198562967027 -4403.272043254703
-5127.086175963708 3367.9711185873666 -3220.0674894888098
-6243.23637918463 2440.4846602234074 -1750.7458082484118
-6804.647632123416 1296.1504299080736 -125.86267892371662
-6761.436081243757 36.64754583293848 1510.203901762615
-6117.4412624720635 -1226.1116335145866 3012.082238356708
-4929.88494158094 -2379.9254135220335 4246.3238497675875
-3304.2867091866196 -3322.272376407403 5103.260952441344
-1385.0881020576783 -3969.4208590967924 5506.750924198869
657.1816612981136 -4263.868878938907 5420.94191036293
2641.0579500533154 -4179.453437206925 4853.458418379513
4390.26464985441 -3723.6752163497904 3854.723846871607
5749.377069156858 -2937.032111440431 2513.480145392166
6743.548172025308 -1290.6238411545012 926.2423551518651
6890.102099017255 -56.06327408230795 -722.7909259784209
6424.440217796493 1183.4787609217196 -2307.601061419785
5387.938630032983 2317.8635144068617 -3687.3707158135503
3872.6950504117885 3246.2959228604736 -4739.50130034744
2013.3455205192547 3886.280692432898 -5370.506395386555
-24.898594292741958 4180.952367820762 -5524.3184291164625
-2060.9303597361736 4104.128077520484 -5187.270527347239
-3913.8394184730664 3662.6339968631028 -4389.310875261466
-5418.986669277274 2895.6988123798724 -3201.3416897351876
-6442.633173684885 1871.4680808517592 -1728.9192462193323
-6893.823447580591 680.9491975375701 -102.8747404397507
-6732.467255112863 -570.0750102741579 1532.310637486256
-5972.90180208243 -1770.4455516900748 3031.3434908371646
-4682.617812289148 -2813.5042363659804 4261.0281721953725
-2976.262680544194 -3606.570722780783 5112.101801239873
-1005.4535485192313 -4079.177573301594 5508.942751154977
1054.6945436519113 -4189.331595258627 5416.28996203289
3021.128397168782 -3927.2451203980363 4842.376040787183
4719.1217345936275 -3316.2056821587307 3838.1957579002838
5997.8003963752 -2410.506816130678 2492.974938279282
6835.132749089198 -680.8858283941827 903.566012685222
6864.949217498753 561.835176236471 -745.5804612288003
6284.784821600119 1754.63465988545 -2328.4788392366763
5146.1897139784005 2791.527153916237 -3704.4816540173038
3550.333066588087 3580.3802099064387 -4751.325016988536
1639.0137458514191 4051.100772006682 -5375.992301353912
-417.9391388975032 4161.8632525512185 -5522.97907759037
-2437.7562970597255 3902.825919070515 -5179.224925588443
-4240.96811031084 3297.005375410959 -4375.273910293768
-5667.351295778834 2398.231435476364 -3182.5606074961897
-6590.165447855371 1286.3641080343818 -1707.0628282853827
-6927.414479425236 60.197684477640614 -79.88502545959118
-6649.132334040442 -1171.3175675181437 1554.3909124479683
-5780.045601539527 -2298.756113397436 3050.552396452328
-4397.376452029485 -3221.940090676331 4275.658912903219
-2623.981107187935 -3858.8405516474254 5120.854371522561
-617.4335258213059 -4152.866095361816 5511.03944673287
1443.975733876981 -4077.8912619506245 5411.544482302695
3377.081412837127 -3640.577894384075 4831.210042448121
5010.118588189035 -2879.7832044885486 3821.6013889059573
6197.984740437036 -1863.107139153797 2472.4266811380617
6871.600621943261 -65.13462161443941 880.8740669560476
6784.439199648589 1174.7718197724278 -768.3571213958743
6094.450581444106 2310.2946295712836 -2349.316407632064
4862.943284022456 3240.5376229717485 -3721.5286212449123
3199.342135140272 3882.8446277060566 -4763.066685200813
1251.4653974692203 4180.143847685675 -5381.385371802726
-807.6095327324442 4106.018942539297 -5521.544352299248
-2794.924811814788 3667.0562353809523 -5171.089886195686
-4533.898756041819 2902.2594890977985 -4361.161390749462
-5870.015899107584 1879.5842508523142 -3163.7245670936154
-6684.5563693971635 689.8997034989809 -1685.176931874924
-6905.144671573356 -561.0854600852363 -56.89393098196473
-6512.180566951974 -1762.2157182578906 1576.4443453536412
-5540.580640723198 -2806.765376507023 3069.708623492509
-4076.6758101285095 -3601.921613766527 4290.215819239653
-2250.540443606791 -4077.0313088702246 5129.518512145331
-224.43468233652416 -4189.878880423602 5513.040974725685
1821.6130853747359 -3930.4373264707206 5406.7055531198275
3705.8025364330806 -3321.759167620804 4819.960616182755
5260.715169482758 -2417.928129427784 3804.9410264490853
6348.1901734556295 -1299.2535660322837 2451.835728806751
6852.6133101782225 551.6494578227081 858.1669098210034
6649.259997060493 1777.7926125979977 -791.1205131600583
5855.090753407068 2845.9710920295624 -2370.1134067716403
4540.671001670837 3661.272550595895 -3738.5113231202263
2822.792705029687 4151.25387581182 -4774.726102222837
854.0968889249244 4272.37807668429 -5386.68551360257
-1190.4891839033141 4013.8827364209865 -5520.014278018704
-3129.295068366025 3398.7363003924083 -5162.865549649202
-4790.049353319146 2481.5972289653982 -4346.973560331101
-6025.1867324445275 1343.957353434741 -3144.833893798315
-6724.959829295757 86.90096919169484 -1663.2619349253082
-6827.190733313934 -1177.876947522645 -33.90185402942233
-6322.795780044114 -2337.9953284217627 1598.4705553728274
-5256.592674585114 -3290.3725642670975 3088.811841157704
-3723.318241812232 -3950.3857582151336 4304.698639828213
-1859.2106437413574 -4259.389841563397 5138.094073491157
170.09597903746584 -4189.9284454643075 5514.947300569961
2184.2888276249128 -3748.1735197875814 5401.773258045521
4004.3980282842317 -2973.376928289164 4808.627956252241
5468.698891119196 -1934.3827482625259 3788.2149582297416
6447.08185848843 -723.5101721538774 2431.202436860986
6778.282128397521 1164.4740870296234 835.4449333994718
6460.5423910485415 2366.027047305694 -813.8702434308939
5568.755110631586 3357.3481212899737 -2390.8694775216873
4182.159500555725 4050.354081218082 -3755.4294663767923
2423.960665750819 4383.468306343838 -4786.303066713545
450.3822884178022 4327.092135917129 -5391.8926352277485
-1563.214531711293 3886.2348400831106 -5518.388881170881
-3437.9128806438644 3100.0685242470054 -5154.552057971242
-5007.137583099005 2038.4475156049377 -4332.710664041747
-6131.456137834461 795.7014996217835 -3125.8889138245668
-6710.967907271262 -517.7460864812962 -1641.3182158765053
-6694.180727549429 -1785.1896607092172 -10.909191641485803
-6082.586213256567 -2894.0112994073534 1620.4691621451047
-4930.527220925923 -3745.6873339937347 3107.861719563304
-3340.369247753689 -4264.542611276649 4319.107124571785
-1453.4048079495583 -4404.474562910634 5146.580907472636
562.7010272028652 -4153.04962091175 5516.758391346241
2528.808406715534 -3532.607994736777 5396.747682253286
4270.220061798593 -2598.278645634609 4797.21225835501
5632.20392483877 -1433.0808365097748 3771.4234730826447
6493.741752637202 -140.54750608938986 2410.5271616075893
6649.167582829262 1768.3755395472 812.7085300667002
6219.850536147298 2934.727686166104 -836.6059193538367
5237.872473964134 3840.316399028849 -2411.5842614552157
3790.486456444514 4404.676146886936 -3772.282758863063
2006.2990829939672 4577.6610894912255 -4797.797378755706
43.843231520922934 4343.900755559414 -5397.006646758897
-1922.508283475646 3724.1657766016606 -5516.668189824002
-3718.0365006967554 2773.5223251605257 -5146.149554723643
-5183.2008584965015 1576.4392437266404 -4318.372948180745
-6187.815073916526 239.28261739796864 -3106.889954324446
-6642.614765239886 -1119.1353195609977 -1619.3461536644122
-6507.188984036921 -2378.113172132497 12.083659132233104
-5793.570905273763 -3425.785233182274 1642.4397857867334
-4565.168626909866 -4169.061242452933 3126.857929745809
-2931.131082132531 -4541.897864707717 4333.4410246569205
-1036.649677650799 -4511.166929892745 5154.978867534582
949.9425999523933 -4079.599016426801 5518.474215779642
2852.128308795367 -3285.5408273259313 5391.628912527463
4500.889901042937 -2199.5479173587223 4785.713719623456
5749.727673752845 -918.1155223771441 3754.5668609721693
6487.6769103855195 444.89546585124964 2389.8102600782245
6466.275106302295 2358.4590753396706 789.9580924471545
5929.168979194638 3479.3086693452283 -859.3271483170406
4865.230168556027 4291.006419384878 -2432.2574008582255
3368.9943067303075 4721.429418290661 -3789.0709095473335
1573.4085161635724 4732.332693729591 -4809.208839859374
-361.98152585380285 4322.747441830686 -5402.027459884518
-2265.207920769338 3529.0671096604233 -5514.85223369189
-3967.160651223304 2421.813677740892 -5137.658185005323
-5316.6137482182685 1099.371472599846 -4303.960660339461
-6193.662382108926 -320.7547123939643 -3087.8373433821635
-6520.376932909522 -1712.3804335826917 -1597.3461277143792
-6267.727379018241 -2951.8536385898433 35.07630123885718
-5458.16274203263 -3929.041693811951 1664.382046897197
-4163.616392664733 -4557.117152223402 3145.800143668436
-2499.114455079008 -4780.272753080567 4347.700092558163
-612.5552309763742 -4578.680141945076 5163.2878086565015
1328.4322135528928 -3970.2517069909113 5520.094744240381
3151.382626179225 -3009.0489847079652 5386.417037261714
4694.31886285464 -1780.4790551397687 4774.132538620527
5820.144267886438 -393.70574801873744 3737.6454129873273
6428.82431343409 1028.0500425629857 2369.0520900234574
6231.047164333892 2929.9387928585993 767.1940134075646
5590.886261841893 3995.3828844460186 -882.0335379581365
4453.950579784974 4705.8196733014365 -2452.8885387358755
2921.26184287399 4998.123733034515 -3805.7936285228534
1129.0061714772241 4846.322565182749 -4820.537252965318
-763.5666528172602 4263.904369678226 -5406.954987902519
-2588.2932291518982 3302.6195590916595 -5512.941044133449
-4183.038593538653 2047.8825073725654 -5129.078095449824
-5406.102621926944 611.1821078890987 -4289.474049397014
-6148.810708066456 -879.8245040088452 -3068.7314100084486
-6345.169979182911 -2292.6548476793614 -1575.3185179346501
-5977.733052329148 -3501.7727469834736 58.06833762908066
-5079.148310926516 -4399.742770441527 1686.2955665657794
-3729.258952622829 -4906.776340792716 3164.6880342268946
-2048.0085707952567 -4977.82130023117 4361.884082042254
-184.78363991495274 -4606.564992335118 5171.5075873551505
1694.860128281468 -3825.9951692925847 5521.619948744307
3423.9081363088985 -2705.4688853551593 5381.112146457495
4848.726880851899 -1344.549818199298 4762.468915336247
5842.7149637438015 135.83840076330773 3720.6594213367475
6317.552181774743 1604.1567817010525 2348.2530099065702
5945.351794783531 3478.176617432436 744.4166860502721
5207.77524221862 4478.797494744836 -904.7246961710099
4007.4650054373383 5081.457559770096 -2473.4773188185936
2451.0739164524384 5232.607821000564 -3822.4506270127026
676.8941536300637 4918.817914413935 -4831.782422448424
-1157.4306252434117 4167.96945025476 -5411.789145721704
-2888.912613763402 3046.778609607771 -5510.934654152125
-4363.702038766335 1654.8681189294123 -5120.409434222729
-5450.757387833865 115.91533361508242 -4274.913365515962
-6053.489022737557 -1433.337037777017 -3049.572484134794
-6118.341592672001 -2855.231123266637 -1553.26370470984
-5639.552662197698 -4023.425393478632 81.05937126410431
-4659.664728917901 -4834.120660968522 1708.1799663780366
-3265.7451358718913 -5215.283093542253 3183.521275254964
-1581.6497560172124 -5133.044736361866 4375.9927481724635
242.98214561523397 -4594.712828359932 5179.638061686979
2046.0240173002053 -3648.1205219930744 5523.049802953372
3667.267676219531 -2377.376697733916 5375.714331722505
4962.658508567624 -895.39252093531 4750.723051184319
5817.095354161338 666.1512107137737 3703.6091793436744
6154.657749635315 2168.5044839344782 2327.413378897181
5611.46767273659 3998.720107139318 721.6265037063534
4782.970298236768 4925.667537073203 -927.4002311125694
3529.4850230191482 5414.94779040219 -2494.02338556829
1962.389514616381 5423.086169446952 -3839.0416173748918
220.92708603544529 4949.359543514699 -4842.944154121067
-1540.165683662335 4035.8606022345393 -5416.529849863245
-3164.4079734609068 2763.757735363328 -5508.8330983953365
-4507.478728041849 1246.0828651539957 -5111.652351019131
-5450.0402168916535 -382.31193596881985 -4260.278860138021
-5908.341715363087 -1976.7366438325155 -3030.360896607809
-5841.661124093958 -3395.519626125823 -1531.1820688942278
-5255.923306241489 -4512.595788645391 104.04900512241798
-4203.173637389919 -5228.708012143394 1730.0348684224361
-2776.9535455325686 -5480.226582955269 3202.299541530128
-1103.9889446947525 -5244.802972293332 4390.025847312787
667.0699186548766 -4543.355601104398 5187.679091250598
2378.856692343944 -3438.2111465696553 5524.384282176084
3879.2716094775565 -2027.5665433211352 5370.223686269107
5034.996220206048 -436.7637548692966 4738.89514899864
5743.339321052251 1192.847409908829 3686.494981440831
5941.361518993496 2716.4688475919397 2306.533556865228
5232.065820753723 4487.338766836563 698.8238599289155
4319.941600432293 5332.40731623586 -950.0597512095304
3023.9716111609896 5703.6680747035225 -2514.526384184461
1459.3084737571878 5568.132894598696 -3855.5663131073206
-235.02062560965547 4937.844671460055 -4854.022255236491
-1908.4671110200884 3868.807279887751 -5421.17701846211
-3412.3379184464334 2456.009383516294 -5506.636413153872
-4613.007527020476 824.9842753997859 -5102.806997061039
-5403.791172968654 -879.3443059698485 -4245.57078597967
-5714.424259051606 -2505.5392868151434 -3011.09697918349
-5517.305672380009 -3909.1061066488646 -1509.0739918054028
-4829.950264420313 -4965.331694077231 127.03684220671303
-3713.432579579229 -5580.365770487613 1751.8598952967977
-2266.9601139120787 -5699.559859158332 3221.0225087792164
-619.0582937332554 -5312.323042236368 4403.983137132132
1083.8495725363532 -4453.063010266015 5195.630537189198
2690.4526478906178 -3198.1287878883654 5525.623363367939
4057.9971986227997 -1659.0267879498376 5364.640304912708
5064.97089002997 27.487022617188323 4726.985413029769
5621.89969059933 1711.5584905998649 3669.3171231653223
5679.298032358504 3243.5504756420296 2285.6139043746557
4810.188112121573 4940.058573076513 676.0091484862417
3822.466666103587 5695.759341026099 -972.7028651651168
2495.102282183626 5945.366896097338 -2534.9859606103373
946.0371109156315 5666.7025116374425 -3872.024428852672
-687.0876092726709 4884.526741104199 -4865.016534492101
-2259.1615801428075 3668.339334231296 -5425.730571268509
-3630.4991304499604 2126.203879269921 -5504.344636361278
-4679.250900833621 395.14587894336466 -5093.873525094767
-5312.230694123844 -1371.022566796407 -4230.789397027824
-5473.195477900746 -3015.369640842905 -2991.781064521486
-5147.842824743412 -4391.787889568811 -1486.9398552174416
-4365.081745671499 -5377.976511262782 150.02248555070128
-3194.463997650937 -5886.308319069883 1773.6546701148563
-1740.004104764737 -5871.615801089036 3239.6898536839885
-130.93721128795417 -5335.204452019898 4417.864376608539
1489.7640280202497 -4324.736774229696 5203.492262192937
2978.0931957171215 -2929.99725525443 5526.767025131822
4201.8057138277745 -1274.9146220686644 5358.964284070135
5052.16935494418 493.4497701585828 4714.99404894141
5453.625577793759 2217.9689848386056 3652.0759011536516
5370.503235214705 3745.411921819125 2264.6547826772885
4349.222741043284 5353.194427134831 653.182763355006
3294.5994286199602 6012.82056714847 -995.3291819659114
1947.2364988523168 6138.18121294252 -2555.401761538962
426.85306085500133 5718.137521002049 -3888.415680403373
-1131.4581448130705 4790.012216687356 -4875.926802032779
-2589.2343289922233 3436.2733062976044 -5430.190429649248
-3816.945680372722 1777.206432806279 -5501.957807593181
-4705.5046576618815 -39.77303138186651 -5084.852089388304
-5175.958896350701 -1853.2184871906277 -4215.934948535434
-5186.506472777276 -3501.9973476971477 -2972.413486179392
-4736.210188488818 -4839.608375598543 -1464.7800413545722
-3865.0808444370628 -5747.198961056455 173.00553822592047
-2650.522105729158 -6144.125697657282 1795.41881651275
-1200.4528463025395 -5995.119902969742 3258.3012538867206
356.2819166185955 -5313.421395752985 4431.669326033311
1881.3594677307397 -4159.602079957838 5211.26413050134
3239.269973924974 -2636.183865245367 5527.815247718366
4309.35712763382 -878.5291454035197 5353.195721757959
4996.5389892501435 957.1867443690991 4702.921263806869
5239.756434721393 2707.852391359682 3634.771613136507
5017.39852667527 4217.913470163466 2243.656553706467
3852.8768585953885 5723.380270197641 630.3450987134507
2740.6370759601673 6281.065734519699 -1017.9383108885252
1384.8796620381459 6280.650944326711 -2575.7734344193914
-93.93038730021819 5722.172755547608 -3904.7397847065145
-1564.3943095202708 4655.254406096561 -4886.752869454185
-2895.854932108084 3174.6962734163735 -5434.5565165890985
-3970.006135728049 1412.0524449180098 -5499.47596806662
-4691.404872103611 -476.05844000141985 -5075.742845728641
-4995.95169770158 -2321.8694433786472 -4201.007697017085
-4856.586290585857 -3961.372157355475 -2952.9945786069275
-4285.6918787736795 -5248.889570955889 -1442.594932884279
-3333.9949360834344 -6070.020111804376 195.985603348712
-2086.0579123263783 -6351.802727874539 1817.1519586555276
-652.7654885447621 -6069.199797145895 3276.8563879957705
838.5280135082036 -5247.321830196232 4445.397747015177
2255.314621741415 -3959.1962911410483 5218.946007905611
3471.706628547695 -2319.278786971236 5528.768013026301
4379.622266073902 -473.28318459173425 5347.334717590808
4898.389245603707 1414.7657057078316 4690.767266105464
4981.912844434472 3177.1064544581623 3617.404557933585
4622.771624272819 4657.14735222789 2222.619580070855
3325.1465965474385 6047.596613759968 607.4965489346572
2165.0849306345217 6498.36761030894 -1040.529861506408
812.6459673159751 6371.730127065415 -2596.1006274625774
-612.0001564366522 5678.93646015503 -3920.9964598687084
-1982.2673805714398 4481.544367157696 -4897.494549805965
-3176.401448905336 2885.947390204885 -5438.82875669213
-4088.2983090958355 1033.9213228608405 -5496.89916063933
-4636.931923321547 -909.9731913083723 -5066.545951419087
-4773.553787319563 -2773.0125940782764 -4186.007900244563
-4486.024448918473 -4389.657658698991 -2933.524677140206
-3799.892151636937 -5616.262376648955 -1420.384912910932
-2776.1227611304207 -6343.837535872161 218.96228408698562
-1505.6826804833845 -6507.734890560647 1838.8537212436295
-101.4560860957924 -6093.3914414986375 3295.354935591132
1311.7853267741007 -5137.623422451584 4459.049402484413
2608.468856685039 -3725.3550162306647 5226.537761750969
3673.378481602482 -1982.0724683664248 5529.625304602765
4411.892308073584 -62.67408350609464 5341.381372779646
4758.39014170186 1862.2931687144653 4678.532265718978
4682.084129388727 3621.787500355777 3599.9750354484995
4189.754395191636 5059.470118637802 2201.5442250482056
2770.2847225995893 6323.1952593252 584.6375085796185
1572.6196589986582 6663.013974500658 -1063.1034436965413
235.22043736796843 6410.794657886515 -2616.382989647674
-1123.079152370733 5588.948102610183 -3937.1854251609534
-2381.5882308696064 4270.498981722175 -4908.151657595026
-3428.4827436279165 2572.597285532047 -5443.007076183009
-4170.7415189661915 646.1090308651304 -5494.227429809005
-4542.41160734662 -1337.7888465968995 -5057.261565276527
-4510.468490369297 -3202.818314249162 -4170.935817242388
-4077.750454157711 -4783.2633193437105 -2914.00411799591
-3282.70639518109 -5938.694387509229 -1398.1503649690537
-2195.9794670728984 -6566.44639781349 241.9351836671118
-914.1301264181253 -6610.74082929664 1860.5237295193795
448.9436875628951 -6067.641927338494 3313.796577229961
1772.1268847470342 -4985.4064127282945 4472.62405669691
2937.8488313706403 -3460.1956602515206 5234.039260938943
3842.530016789739 -1627.531338542823 5530.387107643588
4405.785547551833 349.7462848990565 5335.335790130015
4577.567697942518 2295.947416091313 4666.216473927932
4342.612870046044 4038.143543764609 3582.483346663626
3721.797831403292 5421.532896473351 2180.4308525790448
2192.7661900655044 6547.921004391159 561.768372390475
968.0511114520086 6773.721211508543 -1085.6586676462005
-342.67955663637423 6397.646562997475 -2636.620170727981
-1622.961642293131 5453.112941754574 -3953.3064010235166
-2759.036463782281 4024.0463050448056 -4918.724008788719
-3649.958787632294 2237.425494895442 -5447.091402908275
-4216.566255620859 251.99961074455803 -5491.460821712529
-4408.513307701275 -1755.8175447030542 -5047.889847628736
-4208.7446059504355 -3607.622606025411 -4155.791708283405
-3635.010476189407 -5138.874567011377 -2894.4332382655602
-2738.2897136382203 -6213.514971138782 -1375.8916730167725
-1598.2598932438123 -6736.057302519173 264.90390538068954
-316.2176674866552 -6660.071381870166 1882.1616092734644
993.9218857250554 -5992.308891700137 3332.1809944520996
2215.7471176357526 -4792.1034596881045 4486.121475238238
3240.69349449843 -3166.0986054831565 5241.450375929618
3977.69003282578 -1258.771995986119 5531.053408993546
4361.251355931359 760.4020293842167 5329.198074040297
4357.296357026094 2712.010997474387 4653.820103408024
3966.176455118952 4422.645886974726 3564.9297936348144
3222.6443698958005 5740.309280955568 2159.2798272604286
1597.2518623521491 6719.930156276458 538.8895352838097
356.2831060216186 6829.644399216469 -1108.1951438597143
-916.3429678015747 6332.514765885313 -2656.8118212369964
-2107.547947630727 5272.713405821919 -3969.3591090707423
-3111.4880434910533 3744.4083207295994 -4929.211420818011
-3838.958772146835 1883.3961242751707 -5451.081666337581
-4225.321166904281 -144.9640829688639 -5488.599384125171
-4236.24523346575 -2160.443595276712 -5038.4309603115635
-3870.7603205777827 -3983.9582131936595 -4140.575834884192
-3161.341366654605 -5453.480660555689 -2874.8123759096075
-2171.0233589860727 -6438.43741902167 -1353.6092214291198
-987.8003984925401 -6851.310758190339 287.8680525915742
283.19296229768963 -6655.415070011753 1903.7669868513467
1529.02338561593 -5868.156546054655 3350.50786978557
2638.9933711136023 -4559.486560999739 4499.5414250277545
3514.4772145561433 -2845.686186022838 5248.770978743886
4077.6843344561694 -879.034105329621 5531.62419714659
4278.571306616797 1165.7240131997678 5322.968330499855
4099.288441983603 3106.9024374607566 4641.343368226446
3555.7658098491356 4772.018945736601 3547.3146794862173
2696.2977812883546 6013.120629023503 2138.0915143396096
988.5507076212439 6837.805701379687 516.001392343609
-257.7265237280707 6830.383815543701 -1130.712483165056
-1481.1036224299 6216.0523530509945 -2676.9575924944697
-2572.878164562647 5049.397360293266 -3985.343272095856
-3436.041190884167 3434.0812531581078 -4939.613712580663
-3993.896878577205 1513.6319564625333 -5454.977797564921
-4196.877301680896 -541.3101820291737 -5485.64316645977
-4026.9467588375596 -2548.1545353469987 -5028.885066666145
-3499.2043245067293 -4328.584175807238 -4125.288459800615
-2660.5422299382344 -5724.400116568219 -2855.1418697515883
-1585.4792826424462 -6611.57798585599 -1331.3033949913922
-369.5395433226457 -6911.288136668352 310.8272287425081
879.2354061189359 -6596.900006849302 1925.3394891597961
2049.8864312658234 -5696.348361402851 3368.776886752056
3038.396051216326 -4289.651166032689 4512.883674322549
3756.9308482347883 -2501.799639736468 5256.000942965657
4141.645852368124 -491.65223648277214 5532.099462246044
4158.357447205091 1562.1806255627446 5316.646667087244
3805.5807342068033 3477.206883510223 4628.786483838145
3114.6614724582646 5083.2680503867505 3529.638308405121
2146.9908704150753 6237.658543432004 2116.8662797077204
371.580771636994 6900.569004759785 493.1043388145872
-869.0062897141783 6775.987811989773 -1153.2102967207675
-2032.3783286529308 6049.330366191741 -2697.057136612417
-3015.164634145486 4785.163370308516 -4001.258614075766
-3730.040330062162 3095.8136096298026 -4949.930704444278
-4113.485573640439 1131.3872239812156 -5458.779729309806
-4131.429572266649 -933.5678815291375 -5482.592219765881
-3782.277922916916 -2915.57138387047 -5019.252331536092
-3097.05428186274 -4638.513573980628 -4109.929847023265
-2136.643776666213 -5949.303477261062 -2835.4220594723715
-986.3830954061041 -6731.47165849858 -1308.9745788925793
251.5220525517533 -6915.519042301681 333.78103736214246
1467.078362354054 -6485.092210940811 1946.8787436733
2552.2783214938186 -5478.436477279447 3386.9877298724045
3410.6971512799314 -3984.9976208893145 4526.147992721518
3966.0605715769075 -2137.474238009153 5263.140143744018
4169.0221053191335 -100.02688893067939 5532.479196084775
4001.5477295515825 1946.3082881900918 5310.233192968335
3478.518277510411 3819.7054326718767 4616.149667082137
2646.407211286407 5353.704986959591 3511.9009856365346
1579.1512507728528 6412.004358808584 2095.604489893506
-248.67075309616882 6907.687943256771 470.1987700953455
-1472.611489412887 6666.952033368921 -1175.6881960225367
-2565.7042324461895 5833.828177879135 -2717.1101065011467
-3430.8228950190596 4482.343087451536 -4017.104860175798
-3991.0978874512157 2732.582143265194 -4960.162218249541
-4196.7463179387305 740.0192839105133 -5462.4873959184415
-4029.4954209595194 -1318.2975363407356 -5479.446596728885
-3504.206172678664 -3259.4778352346566 -5009.5329212646475
-2667.5528279998025 -4911.039224485116 -4094.5002617729097
-1593.8757081903825 -6126.233226899416 -2815.6532856042004
-378.57573709992596 -6797.084522571985 -1286.6231587186537
870.3623495841314 -6863.985029899917 356.7290820717962
2041.9649219853911 -6320.99034521906 1968.3843784403934
3032.1299500527584 -5216.347929156266 3405.1400846719575
3752.876925774825 -3648.2101080220978 4539.334151169293
4140.164317412678 -1755.9128088837906 5270.188457795433
4159.579940636566 292.4050490202547 5532.763392105336
3809.3986321189795 2314.7414351204743 5303.728018894447
3120.735537867086 4131.402886634721 4603.433136177748
2154.7813959533614 5580.971061308546 3494.103017478077
997.3654709067689 6534.645465497012 2074.306512056939
-867.1880363042391 6859.081404503867 447.28508173155967
-2063.6643947074613 6504.214992849517 -1198.1457929099422
-3076.775115398881 5571.420535803136 -2737.1161558751683
-3816.500864881916 4143.580914374338 -4032.881736754485
-4217.113764082018 2347.565944898002 -4970.308077313187
-4243.01759884449 342.95943909405906 -5466.100733364855
-3891.9106997735885 -1692.1205179261153 -5476.20635166909
-3194.9904556590004 -3576.8481411799908 -4999.727003691771
-2214.1812885744635 -5143.757110350447 -4078.9999704958964
-1036.6323972255075 -6253.620687260031 -2795.83588952489
233.0258318032628 -6807.822622544176 -1264.249520445901
1481.978693059283 -6757.119642177774 379.6709665923297
2599.2512438806148 -6106.0169284727535 1989.856022090241
3485.568915056963 -4912.367814858977 3423.2336376861335
4062.178491963251 -3282.2332633239007 4552.4419219602205
4277.845683281912 -1360.4578824990776 5277.145763405821
4113.407512624407 682.2001514568694 5532.952045400076
3583.475033078666 2664.241708169859 5297.131257200407
2735.135071022738 4409.553697279746 4590.637110720855
1643.7663549638646 5763.057489378686 3476.2447112745986
406.3417847166264 6604.488332785086 2052.9727139829556
-1478.9673665888222 6755.120113877365 424.3636694090758
-2637.3938615064076 6289.150041225808 -1220.5826995731559
-3561.47633781682 5264.361387930967 -2757.074939259359
-4169.106012230722 3771.8111230490335 -4048.588971368272
-4406.292321637542 1944.118887563699 -4980.3681064310595
-4251.960221571502 -56.316842706885495 -5469.619679251996
-3719.822796398749 -2051.7485743605394 -5472.871540540783
-2857.162791592483 -3864.8734412319877 -4989.834748151348
-1740.6313343008665 -5334.5873421321885 -4063.429240859571
-469.43714432179746 -6330.29974723302 -2775.970213451888
843.4685960212421 -6763.537239729318 -1241.8540504343696
2081.428450106816 -6595.804767181363 402.6062947509659
3134.444252202114 -5842.006095856863 2011.2933038390845
3908.9509272071873 -4569.119545694031 3441.268076465768
4336.130158181318 -2890.2466726454013 4565.471078742281
4378.025195807261 -954.5626990936273 5284.011940432708
4030.9134821386083 1065.9383593020405 5533.045152711231
3325.6374162094744 2991.726116680289 5290.443021802636
2324.8638715307306 4651.6858796176375 4577.76181168009
1117.5159693694059 5898.322938563739 3458.3263754129307
-189.12813080843335 6620.868120054563 2031.6034640750197
-2079.0578231855256 6596.623781445463 401.43492894713586
-3189.1740371064593 6023.553798822106 -1242.998528559639
-4015.9181423707373 4915.2646272429465 -2776.9861119946904
-4485.830297118875 3370.232623249749 -4064.2262927761612
-4557.156744225994 1525.7406606584939 -4990.342131881188
-4223.559815855658 -454.3200552348297 -5473.0441728128135
-3514.681063059579 -2394.012440469831 -5469.442220931275
-2493.5074738868575 -4120.986314418536 -4979.856325468144
-1250.7748030819805 -5481.792469680577 -4047.788341747641
103.09469791155323 -6355.517307561487 -2756.0566004362972
1447.803782572019 -6664.526541937239 -1219.4371354210045
2663.869147568703 -6381.363346268859 425.5346704881616
3643.2380486067177 -5531.188013132683 2032.695853496339
4298.889260939162 -4189.542351810908 3459.2430895824923
4572.565297072384 -2475.6374670269306 4578.421396521008
4439.948840188433 -541.76132914154 5290.786870307265
3912.8234444591762 1440.2526803185267 5533.042712430973
3038.0265145468557 3294.293918687513 5283.663428197175
1893.2875966572985 4855.622685610339 4564.807461393025
580.3217672489562 5985.508068367524 3440.3483193165007
-784.2081978795894 6583.5547922807355 2010.199131348773
-2662.6015308707583 6384.854591065563 378.49925629153336
-3714.5618498939493 5709.631147322194 -1265.3928927808333
-4436.467047467866 4527.081919835672 -2796.849330244354
-4764.172678759306 2942.2815969999474 -4079.79343094456
-4668.560660315538 1096.0466422806714 -5000.229981426752
-4158.12653956172 -847.5768665267257 -5476.374154911328
-3278.2246281300945 -2715.8894512133716 -5465.918452059892
-2107.0380722372815 -4342.883339675174 -4969.7919079548965
-748.6319370419025 -5583.99298497722 -4032.0775432555442
676.2934310767934 -6328.940348614443 -2736.0953943570826
2041.1271599794763 -6511.533588180019 -1196.9991625131254
3224.597783378975 -6115.548493041315 448.45569786442184
4121.548742810976 -5176.170076653346 2054.0633014713344
4652.282009325451 -3776.866233706518 3477.158366634146
4769.639603108046 -2041.9712513903921 4591.292651663369
4463.193786935846 -125.63816234496872 5297.470436036373
3760.1736163910764 1801.8584287787717 5532.944724601441
2723.045518779823 3569.251991180071 5276.792593457677
1443.9628769365693 5019.501850760622 4551.774283562325
36.57779675076549 6023.74694318006 3422.310853440013
-1374.0573811953573 6492.755684919886 1988.7600854257448
-3224.873169367544 6121.507083694379 355.5570475077555
-4209.332976177115 5349.976906891873 -1287.7654055188561
-4819.775075699827 4103.077803925069 -2816.664250999704
-5001.959008512065 2491.6022320191855 -4095.2901170517307
-4739.69693268245 658.7368675820794 -5010.031484319064
-4056.291984566601 -1232.6601583588283 -5479.609568043612
-3012.4676928778354 -3014.529919789535 -5462.300294776968
-1700.9724266801354 -4528.545468800301 -4959.641669409366
-238.33829577738084 -5640.17987971368 -4016.297116685776
1245.4732386355947 -6250.659556792789 -2716.086939915051
2618.6190101264965 -6305.7407016831985 -1174.54051918168
3759.0889909474213 -5800.529112941781 471.3689810671616
4565.547418432357 -4779.915057312726 2075.3952787795115
4966.336922214719 -3334.5845725297277 3495.013598250101
4925.845596047701 -1592.9616148940968 4604.084621901624
4447.671271954492 290.2029728217972 5304.062522204622
3574.3018370642403 2147.5817528676876 5532.751190914743
2383.3399983855616 3814.1384696640116 5269.830636233402
980.6079417350333 5141.792245359685 4538.662503251895
-509.25543386573696 6012.57521567155 3404.2142892641173
-1953.8692293368836 6349.1144923192605 1967.2866965268659
-3761.318414608933 5808.694516471239 332.60869877417406
-4669.515991635017 4947.554350990762 -1310.115680433138
-5162.80658097091 3646.802269440083 -2836.4305320860035
-5197.359148984024 2022.0158025215512 -4110.716083492602
-4770.10354837496 217.56435807874706 -5019.746471300514
-3919.0033142381462 -1606.2186343448172 -5482.75035633882
-2719.682437368507 -3287.2820523324563 -5458.587811562784
-1278.705840808885 -4676.256033970681 -4949.405785111341
275.88938121477213 -5649.72414557902 -4000.4473345432143
1805.9706209968933 -6121.18947344662 -2696.0315826269475
3175.583445731897 -6048.760254200927 -1152.0615932545588
4263.031745495199 -5438.8721418223295 494.2741244175117
4971.6909666646 -4345.716371545521 2096.6914170488694
5238.593627539386 -2866.424630794735 3512.8084760966644
5040.024255417824 -1132.4384825005604 4616.797086337173
4393.6266104202405 702.1697945882488 5310.563014976341
3356.8359599740143 2474.387204006503 5532.462114712923
2021.7757032521292 4026.7444516793767 5262.777676747164
507.07180287976587 5221.307783743566 4525.472346882994
-1052.6876524264326 5951.935005890346 3386.0589392899788
-2518.911190170898 6153.706683127207 1945.7793354661103
-4267.590997870177 5448.931807970039 309.6546063751638
-5091.424429951138 4505.670737028894 -1332.443331567154
-5462.862458082848 3162.0610482923544 -2856.147832168504
-5348.901183436859 1537.488358938749 -4126.071063883311
-4759.666565376289 -223.69691826313897 -5029.374774607497
-3747.514685529351 -1965.005742599584 -5485.7964655601345
-2402.3796801758135 -3531.715183420383 -5454.781066526489
-843.7826975690592 -4784.61623151749 -4939.084431819528
789.7880805960586 -5612.383130501758 -3984.5284705303893
2353.182721872334 -5941.465158803258 -2675.929668819426
3707.4867515379588 -5742.621934054696 -1129.562772909935
4732.364313291809 -5033.521549384104 517.1707323771836
5336.750538170965 -3877.1706858052253 2117.95134852624
5466.943057789632 -2376.316192109281 3530.542692882294
5111.3736954392425 -664.3155764525567 4629.429825444366
4301.636349355077 1106.7123934728531 5316.9718020975315
3109.679736210514 2779.4041105108704 5532.077500987902
1641.414431898904 4205.133575115948 5255.6338367932485
27.302252084471704 5257.218467647241 4512.204042230302
-1589.2358526415937 5842.176428404818 3367.845117033923
-3064.563377613838 5908.031375529658 1924.2383736441707
-4739.588080006261 5045.115207952761 286.69516669434324
-5471.686488544702 4027.950055304471 -1354.747973355048
-5717.601540475292 2652.8838638746797 -2875.815810758309
-5455.482604253567 1042.097299150591 -4141.35479306583
-4708.62009765283 -661.2841837717308 -5038.916227973309
-3543.3760319366947 -2305.9076649680796 -5488.747843105711
-2063.2874559333954 -3745.6411308228994 -5450.880125404998
-399.86673488252796 -4852.55794472876 -4928.677787768615
1299.0839003488868 -5528.303690145666 -3968.540799542785
2882.6052300985302 -5712.835392131988 -2655.781545623116
4209.994435049206 -5389.7565991622005 -1107.0444466695055
5163.307159189507 -4587.774279799584 540.0584095552533
5657.837383435555 -3378.1480825609515 2139.174706083735
5649.643927152951 -1868.358603428128 3548.2159423630683
5139.454814888798 -192.55726322400548 4641.982621074275
4172.602588195799 1500.353634841206 5323.288772897827
2834.9963103767655 3059.9515282572747 5531.597356381397
1245.4881692043593 4347.659300011591 5248.399239735317
-454.6870615366736 5249.058463571302 4498.857818418046
-2114.461351498854 5684.055747529038 3349.573137021987
-3586.3564712195657 5613.999734251021 1902.664183041915
-5173.48365173976 4600.498856767809 263.7307762076118
-5807.272140777686 3518.3032212620215 -1377.0292206283027
-5925.059015313478 2123.490904727698 -2895.434128218215
-5516.378394645455 539.9971025220223 -4156.567007112505
-4617.543345385323 -1091.4778119810192 -5048.370666631008
-3308.4193061325054 -2625.97013301805 -5491.604438009573
-1705.327692770835 -3927.1334838563057 -5446.885055561857
49.28976980085661 -4879.353790712506 -4918.186032666113
1799.527620021164 -5398.022100572476 -3952.48459766406
3389.8695441056693 -5437.052457966764 -2635.5875609666127
4679.006682998928 -4992.9768443589965 -1084.5070033917705
5552.393544625115 -4105.253326811949 562.9367607150325
5932.425873533625 -2852.760035570155 2160.3611232250337
5785.336129556531 -1346.7864960367715 3565.8279193478215
5124.1938819389015 278.8549339447012 4654.455256458503
4007.7445207565365 1879.7188793104553 5329.513818292376
2535.189471207818 3313.561553239034 5531.021689184802
837.37171164654 4452.979741836961 5241.074010504273
-934.8501992397884 5196.731138792956 4485.4339059159665
-2624.006567401115 5478.730168588212 3331.243314784551
-4080.0084367857135 5273.919979893069 1881.0571362140117
-5565.7596870213665 4118.668424999943 240.76183147638162
-6095.517435438013 2980.8959568517207 -1399.2866886223894
-6083.661709978314 1578.2578014907574 -2915.0024457685895
-5531.24594387737 35.384514397098535 -4171.707443330678
-4487.354702189894 -1510.6328420831533 -5057.73792731628
-3044.7423027810987 -2922.4238412412674 -5494.366200942512
-1331.5911881386928 -4074.5446572593046 -5442.7959259860745
499.87764716153265 -4864.624299635149 -4907.609347689266
2286.930159834535 -5222.460724936291 -3936.360142161367
3870.778891778524 -5116.2585964354375 -2615.348063570481
5110.691932554635 -4555.454439310241 -1061.9508322653858
5896.4975672210885 -3589.8781639698295 585.8053907808896
6158.3735166866045 -2305.3254598398266 2181.5102340917206
5873.050953617476 -815.9344718489377 3583.3783197034904
5065.882039859832 745.9558746352083 4666.847516212885
3808.58727560348 2241.564768084572 5335.6468307837595
2212.882818199795 3538.0007949446563 5530.350509339049
420.55401132277325 4520.0699249131485 5233.6582755961
-1409.1428650311789 5100.511006052969 4471.932536535387
-3113.631213905501 5227.749301081102 3312.855966850803
-4541.4597654788 4890.479129108234 1859.4176062825613
-5913.234794802581 3603.512047885357 217.78872914069524
-6334.145787502951 2420.1146254809087 -1421.519992983417
-6192.2401300427355 1021.6793981043544 -2934.5204254932382
-5500.126762830007 -467.5365273599245 -4186.775840267173
-4319.302995831078 -1915.209780618045 -5067.017848270244
-2754.6902027035785 -3192.7082401085518 -5497.033084212922
-945.3110963070125 -4186.520561496084 -5438.612807290928
948.0630494258304 -4808.342158751806 -4896.947915481945
2757.197632711043 -5002.921454140427 -3920.1677114804165
4321.343106567353 -4752.969223369488 -2595.0634029412126
5501.518281503284 -4080.6948190402863 -1039.3763228025164
6192.859414112331 -3045.8327722050985 608.6639048450551
6333.937810861587 -1740.3351171425106 2202.6216734696054
5912.2180370875385 -280.20104958697334 3600.8668403603447
4965.171745376738 1204.8301108664486 4679.15918634124
3576.948154791886 2582.806828659536 5341.6877044638395
1870.8970234753901 3731.28982526511 5529.583828434429
-1.3915186732848304 4548.231346400207 5226.152163069681
-1873.5564182812373 4961.042552823131 4458.353943425186
-3579.2476081580057 4933.04335725107 3294.4114107433293
-4966.906940780523 4466.7216110830395 1837.7459669305647
-6213.090134965037 3059.1887911600707 194.81186591243517
-6521.286088979128 1840.5303015763434 -1443.7287497747518
-6250.037155794788 458.33261766335545 -2953.9877303452004
-5423.444993481785 -964.5899306885859 -4201.7719377128415
-4114.955943101591 -2301.804430665646 -5076.210269242249
-2440.834998990104 -3434.4935056756995 -5499.605041767635
-549.8351537903673 -4262.012760679974 -5434.335771712762
1390.0199577354906 -4710.833478362899 -4886.2019201514695
3206.3656960144003 -4741.075968341058 -3903.9075852407855
4737.81177129835 -4350.053052662922 -2574.7339293651958
5848.282479157942 -3572.50883336229 -1016.7838648317601
6439.107623979407 -2477.5315265206364 631.511908174462
6457.78979885193 -1162.414671079602 2223.695076795021
5902.669010552701 255.98782905962938 3618.2931793172434
4823.070177229579 1651.6446872028118 4691.390054239033
3314.920392964716 2900.5456667647313 5347.636335015552
1512.2253844964455 3891.720434999567 5528.7216597104
-424.8374856761537 4537.098764050876 5218.555802544603
-2324.151680877818 4779.335957186283 4444.698361067785
-4016.9547998618523 4596.908176755293 3275.909964972589
-5352.833856762332 4006.0249316203467 1816.0425923955227
-6462.892386478144 2490.094905229378 171.83163856838476
-6655.487494792207 1246.861369985822 -1465.912575483674
-6256.7133320681805 -107.16126974198232 -2973.404024152642
-5302.002732655679 -1451.6621603837243 -4216.6954767070065
-3876.1859229909737 -2667.1764975609 -5085.315031492635
-2105.952983706776 -3645.70049821852 -5502.082029192705
-148.59687999777134 -4300.288010716311 -5429.96489310972
1821.96270860572 -4572.776061958852 -4875.371547265477
3630.6329149978906 -4438.952892799127 -3887.5800442310824
5116.705454122418 -3910.70927909028 -2554.35999390271
6148.136259356108 -3034.981984069269 -994.1738484918978
6633.278177294439 -1889.5832209646335 654.3490062175047
6529.024219518342 -576.286696377916 2244.7300801611536
5844.637807687175 788.2154301745028 3635.657035646793
4640.929677872457 2082.6811567294603 4703.539908697092
3024.854579794292 3192.091522813317 5353.492619714761
1140.00787794577 4017.8705488322626 5527.764018055355
-846.1335267004206 4486.644144452985 5210.869325198897
-2757.092254303467 4556.759718525534 4430.966025275129
-4423.071235811559 4221.987194596437 3257.351949031555
-5696.0409276894015 3512.07258054181 1794.3078574629296
-6660.6135799224085 1900.82814266529 148.84844394345035
-6735.730766044178 643.9349622258349 -1488.0710870279968
-6212.348714335316 -670.1746654694117 -2992.768971624584
-5136.972216914473 -1924.7363331246115 -4231.546199542005
-3605.1531947895173 -3008.276731015417 -5094.3319777954885
-1753.0004903533054 -3824.518539750514 -5504.464003714188
254.91400056675343 -4300.935092605613 -5425.500246960475
2240.178263864808 -4395.194688139923 -4864.456983848641
4026.3928575580367 -4098.921947638808 -3871.185370404016
5454.844776323251 -3438.442004267286 -2533.9419483817874
6398.60979852011 -2472.441399462424 -971.5466642247704
6773.830260281866 -1286.7535261849491 677.1748046109401
6547.166176953101 13.268044718898164 2265.7263203242833
5738.757647036526 1312.1106916236126 3652.958109500623
4420.435316057625 2494.366545474644 4715.608539905214
2709.3379084861176 3454.9869854129715 5359.256457432003
757.5039380120793 4108.616669736686 5526.710920006361
-1261.6375816056266 4397.177732587028 5203.0928637667685
-3168.677065492382 4295.030257200361 4417.15717318453
-4794.165686599794 3811.2504950316247 3238.737683389917
-5993.671647603277 2988.824400982002 1772.5421374598548
-6804.647632123416 1296.1504299080768 125.86267892371976
-6761.436081243758 36.647545832938754 -1510.2039017626155
-6117.441262472065 -1226.1116335145825 -3012.082238356704
-4929.884941580957 -2379.925413522021 -4246.323849767576
-3304.2867091866297 -3322.272376407398 -5103.26095244134
-1385.0881020576928 -3969.420859096789 -5506.750924198869
657.1816612980971 -4263.868878938906 -5420.941910362932
2641.0579500533327 -4179.453437206922 -4853.458418379506
4390.264649854398 -3723.6752163497954 -3854.7238468716155
5749.3770691568525 -2937.0321114404355 -2513.4801453921723
6597.632105138986 -1889.4208144764957 -948.9027027687442
6859.658575347934 -673.9261865596269 699.9889091866385
6512.174278021381 601.4497405094284 2286.683434710063
5586.054717886526 1823.3842187154903 3670.196102114509
4163.589682070087 2883.303007298845 4727.595739455786
2371.171431389339 3687.0276705168626 5364.927748634234
368.0641933152347 4163.14374495502 5525.562383748885
-1667.7471635580305 4269.346227998522 5195.226552536327
-3555.371866161323 3996.198562967025 4403.272043254697
-5127.086175963707 3367.9711185873675 3220.06748948881
-6243.236379184622 2440.484660223418 1750.7458082484263
-6893.823447580591 680.9491975375714 102.87474043975138
-6732.467255112864 -570.0750102741574 -1532.3106374862564
-5972.901802082429 -1770.4455516900744 -3031.343490837165
-4682.617812289157 -2813.504236365974 -4261.028172195366
-2976.2626805441773 -3606.570722780789 -5112.101801239879
-1005.4535485192202 -4079.1775733015957 -5508.9427511549775
1054.6945436518954 -4189.331595258628 -5416.289962032893
3021.1283971687826 -3927.2451203980368 -4842.376040787183
4719.121734593624 -3316.2056821587335 -3838.195757900287
5997.8003963751835 -2410.5068161306954 -2492.9749382793057
6743.548172025301 -1290.6238411545212 -926.2423551518913
6890.102099017256 -56.06327408231865 722.790925978408
6424.440217796493 1183.4787609217183 2307.601061419784
5387.938630032984 2317.8635144068608 3687.37071581355
3872.6950504117913 3246.2959228604714 4739.501300347437
2013.3455205192574 3886.280692432897 5370.506395386554
-24.898594292745276 4180.952367820762 5524.318429116462
-2060.930359736145 4104.128077520488 5187.2705273472475
-3913.8394184730755 3662.6339968630996 4389.310875261461
-5418.986669277285 2895.6988123798656 3201.3416897351767
-6442.633173684889 1871.468080851754 1728.919246219324
