-6523.974070020241 -1403.2539209651725 -1862.180849235368
-5546.850669773781 -2498.186599757994 -3315.205590650345
-4076.8652455646998 -3371.1444360509977 -4473.659766795933
-2244.632453258731 -3944.5612951771923 -5234.6096403291895
-212.95421707344534 -4167.486572804765 -5530.441475613153
1837.645935832981 -4020.112379725044 -5334.869315846222
3724.9631829643126 -3515.5335597341495 -4665.270605677969
5281.3011045575795 -2698.584155295952 -3581.142128992381
6368.37224640273 -1641.8537061182155 -2178.813458562456
6889.585567013721 -439.23734999554745 -582.8876507738628
6798.62897554727 802.4071722355726 1064.8302827462928
6103.584364311603 1972.7542959076916 2617.9333727137196
4866.209497168037 2967.813543098784 3938.4215939041624
3196.4505611924455 3699.169532950332 4908.963772997728
1242.672965462684 4101.838076261123 5443.322978227747
-821.5215766289649 4140.040305876205 5494.019049212796
-2812.720321449014 3810.381786046559 5056.547417569814
-4553.996522288549 3142.154122941614 4169.779357582889
-5890.630147238166 2194.732276897054 2912.5081028994064
-6703.8554330010365 1052.2988366262423 1396.4477219420364
-6921.413744156764 -183.63597321619426 -243.69316731977486
-6365.717087207824 -1981.9079272877775 -1883.8162547456047
-5289.572730293097 -2984.4101635988663 -3333.5856153107834
-3743.426623384214 -3721.734460005921 -4487.151264756099
-1864.6606332305407 -4128.366317078767 -5242.01383278882
179.78863711411367 -4168.174709841996 -5531.1004675794675
2208.26289806174 -3837.62248790233 -5328.724552991069
4040.523309714452 -3166.0806667836464 -4652.868077146885
5513.765493754564 -2213.218684305069 -3563.5838538729504
6497.08541691324 -1063.7025091757803 -2157.65956665226
6903.110788789452 180.32830187536936 -560.0177582014452
6695.76447327899 1408.3361519471562 1087.3840856629972
5893.470100439266 2511.2071545370554 2638.1670816098526
4567.51504610799 3390.9463811952296 3954.537354950091
2835.7162357203674 3969.3851409611284 4919.529630101691
851.9515934532802 4195.12661159285 5447.400108618557
-1207.512686620159 4048.112672774641 5491.245181963038
-3159.684165405196 3541.4061581305555 5047.169022957545
-4831.103840048464 2720.0301651316017 4154.629747125812
-6073.258737553391 1656.9675553049497 2892.9333859696267
-6775.777944169725 446.676106707084 1374.1871980409553
-6876.239545434825 -803.3044741774795 -266.6615529548011
-6156.223624871179 -2543.4947158877358 -1905.4191295063374
-4989.809151460995 -3444.647100193336 -3351.908073826803
-3380.028237526683 -4039.727473061946 -4500.565276181467
-1469.916981678579 -4275.860331896971 -5249.327503341969
570.8028486161331 -4132.064235938954 -5531.663945536234
2560.8043408842586 -3621.116099352531 -5322.4877708622125
4323.2671295600685 -2788.4159063323686 -4640.385200394214
5701.588661429142 -1707.9527232729308 -3545.9640408761593
6573.299019720519 -475.7304455236258 -2136.4684151193796
6860.942913662117 798.7625700191448 -537.1381949420091
6538.961920972777 2002.2820259038942 1109.9191110480788
5635.965465843258 3027.889936917153 2658.3552332217714
4232.1887460465005 3784.4565393591893 3970.5848269239095
2452.3634835090584 4204.757570465193 4930.010534129367
454.6349634420474 4251.447439160681 5451.383170382513
-1583.4898682595208 3920.377545716963 5488.3764889461845
-3480.9146761354377 3240.964903042787 5037.703471123458
-5069.0449392942155 2273.5783059930623 4139.408392293875
-6206.768314459391 1104.1742990218002 2873.308712314462
-6792.99308693075 -163.34044000666313 1351.9029439382953
-6775.630613069153 -1416.3416641328097 -289.62533373512827
-5897.279411022653 -3083.4859012596503 -1926.9891004675749
-4650.145786276338 -3875.197701434145 -3370.172649796372
-2989.826301590695 -4322.581179811214 -4513.9015694317
-1063.8476293721003 -4385.884351026988 -5256.550525692253
956.6585733346143 -4059.482450517559 -5532.131899753014
2892.1614635735887 -3372.3777195343214 -5316.159077159744
4570.6831157324705 -2385.622428734614 -4627.8221909809845
5843.079514946052 -1186.8941160102447 -3528.2829942703893
6596.292657324577 117.2949475206683 -2115.2403699039864
6763.3962497462835 1411.0618402239857 -514.249356092127
6329.542404702452 2579.4496960805113 1132.4349697546513
5333.280940261485 3518.6421267117244 2678.4974789296953
3863.1340595603574 4145.187763077972 3986.5637327092763
2049.7307645827286 4403.415275837857 4940.406304090835
54.19989607659507 4270.3800172698975 5455.272094737969
-1946.1468710482648 3757.902753913468 5485.413019700356
-3773.5699481556067 2911.519339587219 5028.150925523822
-5265.694775330359 1806.4346549464744 4124.115555937603
-6289.939513596108 540.8403238058177 2853.634420823301
-6755.295523133926 -772.8100435436389 1329.5953444504753
-6620.413880315182 -2017.7928471032328 -312.58411310984354
-5591.069615114658 -3597.535897367276 -1948.5257951474564
-4273.489477336733 -4272.616528452063 -3388.379027816991
-2576.1910455977445 -4568.0564309150905 -4527.15991420856
-649.9867340292016 -4457.604472905848 -5263.682775108641
1333.9717512776429 -3951.074795603887 -5532.504322148924
3199.4009924448565 -3093.474783706367 -5309.738581170949
4780.549415093335 -1961.0059617860518 -4615.179265851966
5936.925043115197 -654.2931544281447 -3510.5410193814364
6565.778827289869 710.5564710189404 -2093.9757975833304
6611.234349214034 2012.270035790261 -491.35163690853517
6069.25268628646 3135.184577180034 1154.9312729667517
4987.991287705626 3979.524210356447 2698.593470906509
3463.5249737729005 4470.265653588347 4002.4737963738544
1631.3092664914632 4563.8043760612145 4950.716760466423
-345.8554280005377 4251.829051795418 5459.06681452889
-2292.2893499531556 3562.06005743313 5482.354825400339
-4035.043303616307 2555.7863951248182 5018.511551117089
-5419.265952257267 1322.4198957258109 4108.75150214189
-6321.963038983255 -28.449414752568877 2833.9108512423973
-6662.92596621774 -1376.7908698819672 1307.264784797103
-6411.858681584785 -2602.7984142751525 -335.53749461445005
-5240.160442336767 -4081.5170770119103 -1970.028841638783
-3863.043295733861 -4633.7401488934065 -3406.526893491159
-2142.6777996187066 -4774.235073712021 -4540.3400815598225
-231.92597802075917 -4490.5182608457835 -5270.724128427633
1699.43348451469 -3807.799194188595 -5532.781206292773
3479.7908241100167 -2786.74045887621 -5303.226393768392
4950.95347817265 -1518.067604383605 -4602.456643331985
5982.202188798156 -114.50778131158042 -3492.73842258724
6481.905982487063 1299.2265606391372 -2072.6750653654767
6405.663984256105 2597.51892111517 -468.44543280133485
5760.250630230608 3665.0103264261215 1177.407632206169
4603.013729265582 4406.849480601201 2718.6428621238642
3036.7788584622913 4757.120719284445 4018.3147431741404
1200.7128594000953 4684.7009057788455 4960.941725209606
-742.0417464613881 4196.024858323489 5462.76726422602
-2618.8626867532194 3334.51358825429 5479.20195885667
-4262.986184637415 2176.71615259684 5008.785514361151
-5528.324652209837 825.5079344196649 4093.31649622146
-6302.447213780278 -599.050286412607 2814.1383441689113
-6516.569682572289 -1970.3802604082439 1284.9116505942307
-6151.6663375727385 -3166.63330139522 -358.4850818776005
-4847.477640252968 -4531.5531018412785 -1991.4978686154232
-3422.2793937680176 -4955.712482351585 -3424.6159334318154
-1692.9966047210132 -4939.535061018928 -4553.441843883308
186.7163622486603 -4484.458272722161 -5277.674464055353
2049.838761041279 -3630.9176871730474 -5532.962547403176
3730.8239903461617 -2454.754131098774 -5296.622627408017
5080.309135657355 -1060.4748979653214 -4589.65454312211
5978.3865196959705 428.032183669789 -3474.87551131259
6345.25802574249 1878.506727397554 -2051.3385410829214
6148.325510495584 3162.0677047050463 -445.5311393271297
5405.0872921590535 4164.665089943932 1199.863659339079
4181.583348079289 4797.213705609583 2738.6453063580784
2586.527372946427 5003.508831306221 4034.086299560171
761.6470899388108 4765.220239804451 4971.081021750231
-1130.9088794430124 4103.520918171482 5466.373379928012
-2922.978631974483 3077.2057549540245 5475.954474514737
-4455.328905774541 1777.4673563138992 4998.972983210438
-5591.8036544077 319.79318277823864 4077.810804716276
-6231.422109120577 -1166.296018436537 2794.317241045102
-6317.351363292571 -2548.7547002074534 1262.5363278478267
-5841.956225596203 -3704.7453418391265 -381.42647862809406
-4416.282097709245 -4944.050152523045 -2012.9325053387272
-2954.909700945382 -5236.007549692085 -3442.6458352676827
-1230.9806098448844 -5062.722698230329 -4566.4649749307055
602.3265105098017 -4439.5927176381765 -5284.533661969684
2382.1142771393042 -3421.9854412521418 -5533.04834234864
3950.2407365086697 -2100.3197412750833 -5289.9273961272065
5167.370971093288 -592.0314151843729 -4576.773186295861
5925.357618262266 968.8615002325353 -3456.9525940238227
6156.850238045036 2443.666819575145 -2029.9665931861607
5841.279695285262 3701.34161814327 -422.60915218227393
5006.685817565658 4630.135970869234 1222.2989665827556
3727.2259334765213 5147.522423566424 2758.600458196236
2116.5856685363997 5207.528919399648 4049.7881931802585
317.87747846361896 4804.823617879962 4981.134474997447
-1509.0755205529967 3975.1886522904983 5469.88509936252
-3201.9405370996597 2792.340730116939 5472.6124284538455
-4610.299085440399 1361.3810800870351 4989.07412711297
-5609.012328075447 -190.54325323104766 4062.2346953869296
-6109.340210615831 -1725.5369823142796 2774.447884152411
-6066.826405045075 -3107.209178124553 1240.1392029469655
-5485.248449556903 -4212.792202695588 -404.36128870158666
-3950.142739570328 -5315.725806152278 -2034.3323816638447
-2464.8547101083586 -5472.449443894051 -3460.6162876487606
-760.5535228164974 -5142.921933097009 -4579.4092498116715
1011.3261826117497 -4356.423239203137 -5291.301603722316
2693.3451185830904 -3182.837222657574 -5533.03858964761
4136.04852121795 -1726.442151227797 -5283.140815542805
5211.245861992633 -116.64511829482467 -4563.812795295422
5823.401138753475 1503.5163452873112 -3438.969980223464
5918.121668761096 2990.0837835178477 -2008.5595907374832
5486.99111725012 4210.969155816286 -399.6798671958751
4568.317325707563 5057.691439086671 1244.7131665122827
3243.7284920455018 5455.015642680908 2778.507973042073
1630.9201469971963 5367.637767481095 4065.42015288565
-126.8026102870136 4803.3217211502215 4991.101911342868
-1873.2583991831375 3812.2094608649627 5473.302361887297
-3453.2669586527413 2482.365660376194 5469.175878386238
-4726.437594433616 931.9527772807195 4979.0891170075365
-5579.643508319302 -701.2681998835233 4046.5884372100345
-5937.0736106285985 -2272.178420023332 2754.5306166055448
-5766.9686682151405 -3641.195616253306 1217.7206626571408
-5084.443251705615 -4686.676602855394 -427.28911604744707
-3452.9069427739673 -5643.635327565492 -2055.6971280462576
-1956.2106158608915 -5663.2293633857125 -3478.526980251637
-285.69639103964505 -5179.6206175963935 -4592.274444997472
1410.2032118834104 -4235.779849542953 -5297.9781724408
2980.8000708557624 -2915.571453443921 -5532.933289468502
4286.539762506926 -1336.3017389318202 -5276.26300284912
5211.40158508945 361.7042493479805 -4550.773593927777
5673.207506977603 2027.5712277602572 -3420.9279804449684
5630.924045409719 3513.2796047362403 -1987.1179034044678
5088.30827150402 4686.817671057824 -376.7436803231783
4093.573978002128 5443.911419545337 1267.105872067233
2735.107672201228 5717.289748194476 2798.367507121945
1133.6150469029362 5482.661792803728 4080.981908735327
-568.6042501004007 4760.875276857373 5000.98315866346
-2220.3005642036255 3616.064099805232 5476.625108491214
-3674.7134295488354 2149.9497586494617 5465.644883656102
-4802.611880464366 492.8029465385631 4969.018125320636
-5503.777189885535 -1208.1315700023931 4030.8723003735554
-5715.907743056997 -2801.718294750553 2734.5657823465644
-5420.15480940987 -4146.36005387192 1195.2810941137884
-4642.797334989077 -5122.579526205367 -450.2095647356699
-2928.6687192446757 -5925.195162731349 -2077.0263755480646
-1433.2150805612291 -5806.9195734797995 -3496.3776037848957
189.5860075908379 -5172.673696877768 -4605.060338325027
1795.5415469839973 -4078.8130624035052 -5304.563252830568
3241.9553403233244 -2622.5319877583984 -5532.732443629696
4400.307174588266 -933.2274372088586 -5269.294076815904
5167.672405961038 838.9984665377901 -4537.655807360851
5475.867266107359 2536.675674648463 -3402.8269062472505
5297.507289212345 4008.9581170487745 -1965.6419014536636
4648.440541942994 5125.027037726364 -353.8009876385338
3586.339453176672 5785.714815291272 1289.4766965583688
2205.576365604149 5932.316441326277 2818.178717490766
628.8381389352385 5551.805718007537 4096.473192000511
-1003.7751159887999 4677.992692945718 5010.778046324513
-2547.1985468626735 3388.519488082884 5479.853281795304
-3864.2922086510966 1797.9614564310368 5462.01950523855
-4838.026549533834 47.6466591513904 4958.861325963553
-5381.881000160674 -1706.9017528877723 4015.0865562721992
-5447.531705927478 -3309.7844535679 2714.553726138916
-5029.145313523486 -4618.578280798666 1172.8208848153852
-4163.897289972257 -5516.991159483517 -473.12223896364867
-2381.734929220889 -6158.203445601807 -2098.319755844367
-900.2119139618461 -5902.484187211927 -3514.1678499943428
661.2988803675813 -5122.303306163069 -4617.766709000688
2164.05036711404 -3886.9832975037966 -5311.056731176918
3474.516481963792 -2306.287765116078 -5532.436055599504
4476.256559726641 -520.6684438206074 -5262.234157786331
5080.261598429394 1311.214553624115 -4524.45966211961
5232.863099750887 3026.590383809052 -3384.6670702093684
4920.501750618039 4473.0403764194325 -1944.1319557442278
4170.932227676515 5522.041101970559 -330.85218532866924
3050.7570724713178 6080.3842425333805 1311.82525367427
1659.508763350155 6098.458559820356 2837.9412620379285
120.80581797107541 5574.658071422711 4111.893735169421
-1428.6312544823475 4555.524749395146 5020.4864051826735
-2851.1281705300007 3131.613061792754 5482.986826053738
-4020.289836656175 1429.4438107925084 5458.299805738562
-4832.231108044098 -399.7377958075036 4948.618894329349
-5214.807439585362 -2193.4009450295894 3999.2314775026493
-5134.02524531395 -3792.1707947043 2694.494793561562
-4597.062377697705 -5053.989627602082 1150.3404226169148
-3651.6303439470626 -5866.739303019258 -496.026743063045
-1816.5898043764469 -6340.857354543524 -2119.57690122968
-361.61496099144006 -5949.286683434932 -3531.8974116684813
1125.490958598766 -5029.09578248856 -4630.393337604029
2512.5920673817586 -3662.0476514447405 -5317.458495346991
3676.4383446491966 -1969.6105159386507 -5532.044130496115
4513.616941210627 -102.16484259800671 -5255.083367674856
4949.740864863789 1774.3586253504689 -4511.18538608218
4946.058591093798 3493.222542791991 -3366.4487859251108
4502.897306084491 4901.698307551844 -1922.5884377213931
3659.6338347902583 5874.63666693694 -307.8976696858119
2491.1958372363215 6325.587778046338 1334.1511574880774
1101.4041571110715 6214.482655691569 2857.654799493227
-386.2521158060076 5551.193477570668 4127.243271951851
-1839.5881931942458 4394.65639795628 5030.10806758879
-3129.4687867173634 2847.634811751516 5486.025687154794
-4141.282345093056 1047.5883758831192 5454.485849389902
-4785.124793389013 -845.540884448385 4938.291007289826
-5003.7879046180715 -2663.540126601589 3983.3073378589097
-4777.842501760274 -4244.87213975293 2674.389331002887
-4127.364825404616 -5449.028634972639 1127.8400957230135
-3110.1526716695557 -6169.015023306743 -518.9226815065922
-1237.858073629947 -6471.767180523354 -2140.7974446242015
178.12850186493696 -5947.094107204059 -3549.5659826437477
1578.2875782650578 -4893.99562406706 -4642.940006091641
2838.2088771353824 -3406.0441527856383 -5323.768434791678
3845.942861997703 -1615.4507113506672 -5531.556675087502
4511.94794592928 318.6826150765109 -5247.841829965163
4777.046654507605 2224.4995926385186 -4497.833208475867
4617.683804108982 3932.660019338897 -3348.1723679975817
4048.0194833436585 5291.386345126825 -1901.01171941024
3118.670867042368 6179.949773283685 -284.9378371008276
1912.2146581426814 6519.397543821419 1356.4540224641094
535.8497852511921 6279.568232685732 2877.3189894326974
-888.1276925978956 5481.771726644632 4142.521537283761
-2233.1911274755003 4196.895746332147 5039.642867390843
-3379.825730479043 2539.107161184444 5488.969812621785
-4226.147985208605 655.7077620772649 5450.577702054016
-4696.95844530743 -1285.9541492166193 4927.877843192477
-4750.423535278052 -3113.3533910357683 3967.314412327564
-4381.7926472489 -4664.117521335076 2654.237685654804
-3623.820253331383 -5800.45434172113 1105.3202926814083
-2543.8555270321144 -6421.395338970664 -541.8096589149641
-650.2669956249863 -6549.966996377564 -2161.9810195802065
714.5745576740143 -5896.0779250745445 -3567.173257809773
2015.92302566488 -4718.296455616851 -4655.4064978009355
3138.147886092935 -3121.2736401746483 -5329.9864405475655
3981.534535306456 -1246.9119643191884 -5530.973697791306
4471.144368381487 738.2433115490642 -5240.509669708009
4563.473403031945 2657.8024294588004 -4484.40335987325
4250.317799349843 4341.20413793723 -3329.8381320337694
3559.5028069830432 5638.870807699411 -1879.4021734090857
2552.410369595045 6435.499060420504 -261.97308405646453
1318.5250698000966 6660.30497990079 1378.7334634645424
-32.51696869855068 6293.313573649904 2896.933492284573
-1380.669731829953 5367.133638628507 4157.728267331872
-2606.143930318972 3964.0603265369073 5049.090639936784
-3600.050803724863 2208.762858440322 5491.819151613979
-4274.077364657066 257.20711737517706 5446.575431218889
-4568.333395259923 -1717.202604803641 4917.3795818574035
-4456.672955893032 -3539.0313397261284 3951.2529770830292
-3949.0175666079085 -5046.401609330728 2634.040205506732
-3090.4746365515257 -6105.376950177579 1082.7814023761227
-1957.329472712985 -6621.862755995712 -564.6872800635201
-58.60761044317048 -6574.921844527386 -2183.1272602883923
1243.3193228041844 -5796.811535695327 -3584.718933114684
2434.7718780034356 -4503.6290830283015 -4667.7925974538375
3409.8842670216736 -2810.279422483523 -5336.1124052387895
4082.013474884407 -867.2241025429613 -5530.295208674691
4391.437871882579 1152.8878846588234 -5233.087013519063
4310.663742456302 3070.5607239435517 -4470.896072188151
3846.8682224765225 4715.400767972094 -3311.4463946390656
3041.2615792265683 5941.256760570865 -1857.7601728831603
1965.4254983057372 6639.206017217057 -239.00380712037347
714.9527367326891 6747.232683557811 1400.9890957560162
-599.0467130174617 6255.738116221521 2916.497969335098
-1859.8182334428168 5208.3937644043945 4172.863199498232
-2955.3367421488747 3698.2607699603946 5058.451222077404
-3788.2606120333435 1859.5210765553188 5494.573654927456
-4284.58090203077 -144.44522487551586 5442.479105997873
-4400.197376309173 -2135.576934188744 4906.796404574215
-4124.837003754368 -3936.9532610743045 3935.123309482774
-3482.9667618669473 -5388.514013678572 2613.797239339592
-2531.61963843977 -6361.281649063243 1060.2238140208326
-1355.327000307432 -6768.821493903932 -587.5551498892423
532.3044708888733 -6546.531389182086 -2204.2358015840646
1760.0352000670925 -5650.264463789813 -3602.202705570352
2831.3790779321157 -4251.946745012609 -4680.098091160538
3651.1424994204353 -2475.824898580094 -5342.146223078916
4146.485887060308 -479.71514493009556 -5529.521219454172
4273.395807081264 1559.0194045421417 -5225.573989576734
4020.5957561544415 3459.2282382768512 -4457.311578671665
3410.5481281994316 5052.069462467588 -3292.997473411931
2497.4583321099485 6196.012144276422 -1836.0860915581377
1362.458403297154 6789.411956314833 -216.03040293834852
106.3980663011693 6779.542721191063 1423.2205350163445
-1159.1162058058978 6167.281363756268 2936.01208273439
-2321.637916329415 5007.029992483255 4187.926072424669
-3277.871909646889 3401.88203338889 5067.724452169167
-3942.852599088292 1494.4619267145047 5497.2332749959805
-4257.493532177061 -545.7476804865966 5438.288797128519
-4193.837481229268 -2537.4652113022435 4896.128494098881
-3757.540565721606 -4303.717822610984 3918.925688062569
-2987.369681254408 -5687.56621882616 2593.5091367197815
-1951.7578907518382 -6566.04939702539 1037.647917152053
-742.7238465075504 -6861.110271665739 -610.4128734975037
1117.6684171641646 -6465.130008157822 -2225.3062789536507
2260.506412109486 -5457.7932930366405 -3619.6242732576156
3202.4884922699034 -3965.507692697766 -4692.322766423175
3859.91541600287 -2120.8693315188148 -5348.08778987274
4174.371916064174 -87.78242295267937 -5528.65174349541
4117.917152453752 1953.1043391196672 -5217.97072761995
3695.5673786660395 3820.449209603974 -4443.650113908086
2944.8502255535377 5348.330402049753 -3274.491686938168
1932.4702066382329 6400.9889675120485 -1814.3803037136909
748.3817293573027 6884.8915729334785 -193.05326822743788
-502.20374879613274 6757.041348250753 1445.4273973411148
-1708.1662199841928 6028.7983469884 2955.475495502271
-2762.3506263626728 4764.870155650348 4202.916625997467
-3571.08805721276 3077.56234069452 5076.910170076955
-4062.5186427176914 1116.7996061080662 5499.797965891805
-4192.976618747732 -943.1956744754027 5434.004576971323
-3950.870221627217 -2919.3838802357245 4885.376034650626
-3357.7116672067327 -4636.172016731939 3902.660392531619
-2466.205696079987 -5941.015924035729 2573.176247993146
-1355.5665260910837 -6717.974494770003 1015.0541016224896
-124.47932145328625 -6898.01155029847 -633.2600561688582
1692.7373453730925 -6331.48332869693 -2246.338328540842
2740.6635224954284 -5221.129420273299 -3636.9833353315103
3545.0697184402798 -3646.8552503093197 -4704.466412139497
4034.4809126195037 -1748.541987394656 -5353.937003018097
4165.41077268461 305.1369044501101 -5527.686795812981
3926.2256059925935 2331.703043263253 -5210.277358945927
3338.1780642508597 4151.087134172177 -4429.911913810946
2453.518752147298 5601.628916464057 -3255.9293547856414
1350.8535318257368 6554.441387184517 -1792.6431841769847
128.1590470783742 6924.8629769613635 -170.0727997691622
-1105.9229314185986 6679.98010197456 1467.6092992503154
-2241.738804196192 5841.55168031748 2974.887871534087
-3178.366346512263 4484.075756636853 4217.83460135168
-3832.582090909724 2728.170023936733 5086.008217176872
-4146.2560975203805 729.8544122328706 5502.26768332647
-4091.517054321168 -1333.3119669112025 5429.626519508499
-3673.228765518663 -3278.007726652057 4874.539211908672
-2928.5579812008978 -4931.438114579883 3886.327703767772
-1923.6719684884201 -6146.688584767569 2552.7989242788976
-747.8592594803323 -6815.778799900112 992.4427575942487
494.4040266588497 -6879.257158108909 -656.0963033659061
2252.856985966976 -6146.781240855896 -2267.3315871529253
3196.616660914986 -4942.3637396209015 -3654.279592026419
3856.342917419545 -3298.7955309145577 -4716.52881860652
4173.416182429228 -1362.1148627606883 -5359.693761507633
4119.663104894814 695.5956884920582 -5526.62639307012
3699.8598816467343 2691.4995102509038 -5202.494016407873
2951.3078713466857 4448.25178907289 -4416.097215618842
1940.5192050762253 5809.757375604294 -3237.3107974986597
757.3068916064586 6655.040523612969 -1770.875108316266
-493.1954625690951 6908.994115934323 -147.089394402562
-1699.875235542732 6549.053261433632 1489.7658576949666
-2755.5136340588037 5607.200284607699 2994.2488756065236
-3566.3125538163454 4167.122955701215 4232.6797408756875
-4060.228952662439 2356.778465062777 5095.018436358947
-4193.37619104319 337.023865251601 5504.642384651571
-3953.9235525214403 -1712.6767839920924 5425.154700342682
-3363.1474548504584 -3610.198585019761 4863.618213009093
-2473.54094688649 -5186.938398672922 3869.927903812657
-1364.149470836015 -6302.795973099738 2532.3775174636
-133.54732783039347 -6858.622465952102 969.8142755321899
1108.9210813157515 -6805.030254135673 -678.9212207401017
2793.5035288441904 -5912.627450902053 -2288.2856922670508
3624.6871802871233 -4623.9283903528685 -3671.512744661315
4133.801469083855 -2924.3730005453244 -4728.509777524126
4275.60935646354 -964.9742362397456 -5365.357965930559
4037.5105893188233 1080.1667236753794 -5525.470553578431
3440.6612879897425 3029.330129958369 -5194.620834412723
2538.09413212941 4709.324260198238 -4402.206257891391
1410.006174386748 5970.87426339037 -3218.636336592456
156.6329803396273 6701.885885530163 -1749.076452034347
-1110.6577413831837 6837.405535998807 -124.10344901739865
-2279.2616487428763 6365.391699133975 1511.8966900637565
-3245.3431562367487 5327.78487573974 3013.558173383375
-3923.0616823451423 3816.780985537182 4247.4517882156915
-4252.19896190454 1966.6393551021695 5103.940672029882
-4203.509703230929 -58.24681248831145 5506.922028859492
-3781.320160626744 -2077.95749517732 5420.58919669566
-3023.143727700681 -3913.032535453504 4852.613226541542
-1996.3477077206767 -5400.41746289422 3853.4612758668163
-792.1674330820821 -6407.951599415097 2511.9123801950595
482.4003943553944 -6846.111115495535 947.1690461970347
1714.104829775129 -6675.963615300404 -701.7344141384906
3310.3203410545557 -5631.0256654807135 -2309.2002820365096
4021.4374870931765 -4268.575726396846 -3688.682495644877
4375.23226461585 -2526.844101686523 -4740.409081998731
4340.268455036851 -560.5912896687149 -5370.929518474354
3919.652746273433 1455.472518550545 -5524.219297297567
3150.7586898908794 3342.2112062606034 -5186.657948918813
2101.905897034734 4931.9797612421535 -4388.239280505105
866.2895411649673 6083.52027080063 -3199.9062945476367
-446.30044208637474 6694.513307209502 -1727.2475917620945
-1719.234672501079 6710.6694578850365 -101.1153605473182
-2839.4073575269745 6130.553177939633 1534.0014141895408
-3707.2862383026513 5005.710344644797 3032.8154314213384
-4245.756467647453 3436.0881800302323 4262.1504882800555
-4406.972602646405 1561.1545015953857 5112.774770115734
-4176.609882219502 -452.49460531990235 5509.106576584115
-3575.13704500681 -2425.937580812677 5415.930087406989
-2655.9975921147734 -4183.825356198478 4841.524442546041
-1500.861097509881 -5569.961888270902 3836.928104284814
-212.3665079707852 -6461.1828631953185 2491.4038658762256
1094.9977777565734 -6778.299386290856 924.5074606387644
2305.0667056116727 -6493.134262837539 -724.5354896106321
3799.153256907966 -5304.362524854165 -2330.0749952969136
4383.698801967123 -3879.3546880688 -3705.7885484806334
4578.733470926181 -2109.649162980818 -4752.226526546707
4366.92757755257 -152.49205171920943 -5376.408322926457
3767.1010049673782 1818.214647538064 -5522.872645834898
2832.550976440385 3627.364996257977 -5178.605497433508
1646.316363211426 5114.208046631308 -4374.1965246492355
313.79931637076743 6146.631268729093 -3181.1209948045966
-1046.6001768150525 6632.899328553255 -1705.3889044520163
-2314.0046513616066 6529.805175036191 -78.1255259629623
-3375.7996577925414 5846.5091761391395 1556.0796483561385
-4137.640050175821 4643.7251799592 3052.0203171757375
-4531.832966366692 3028.325822887594 4276.775587243712
-4523.352635874479 1143.8464268634314 5121.520578064557
-4112.952573278729 -842.268743874914 5511.195990101498
-3337.0986251520817 -2753.54464048447 5411.17745293267
-2264.728819564578 -4420.156012055338 4830.352052509657
-991.127919760018 -5694.0171244199455 3820.3286745703117
370.53904520844435 -6461.939827497253 2470.8523286591535
1699.2819899263231 -6655.690819145575 901.8299101897785
2877.036272663056 -6258.054473494739 -747.3240534153257
4256.084153313189 -4935.387430045029 -2350.9094715725346
4708.596625245123 -3459.5847778057273 -3722.83060777209
4742.729623688088 -1676.3828359205897 -4763.961907098109
4355.450281940234 255.7730776209129 -5381.794284675941
3581.170069063231 2165.2024307741995 -5521.43062244512
2488.6871798439615 3882.2440461188253 -5170.463619010853
1175.073513271782 5254.331241018379 -4360.078232821624
-242.9505916798012 6159.548046900618 -3162.280761758004
-1639.3874703895149 6517.461978084347 -1683.500767571641
-2890.1575780216967 6296.270811104484 -55.13434226511557
-3884.124501599037 5515.628351828629 1578.1310113047602
-4532.969918009668 4244.898108556467 3071.1724990063167
-4779.0410645943075 2596.990039910536 4291.326832552647
-4600.47344011347 718.3280095154882 5130.17794484905
-4013.1335616333836 -1224.1606168555752 5513.190233330525
-3069.209154855609 -3057.8772002786372 5406.331375343743
-1852.572045666386 -4619.88797518387 4819.096249363204
-471.3257803411921 -5771.401429449568 3803.663273371189
951.7998489464269 -6410.100539330661 2450.258123438812
2290.3538847503355 -6479.234086029346 879.1367864582104
3425.39992684169 -5972.659250533867 -770.0997120274287
4677.462537658157 -4527.189434022868 -2371.7033510824613
4993.573701689551 -3012.8278611150877 -3739.808379227839
4865.983928388588 -1230.7633111699386 -4775.615021000074
4306.030129031538 660.6599600885254 -5387.087310715134
3363.4666560080764 2493.380694634604 -5519.893252029869
2122.044410267987 4104.553612441458 -5162.232454249201
692.0692062370834 5351.018929246041 -4345.884648824504
-799.3993838636851 6122.022731627329 -3143.385920751088
-2219.837830601746 6349.057948249276 -1661.5835590970362
-3443.033944492968 6011.951503787392 -32.142206477874645
-4360.301382910405 5140.656785199367 1600.155122240615
-4890.136908588791 3812.5921518456676 3090.271646182911
-4985.462309926712 2145.7619745153856 4305.803972928123
-4637.807506686654 288.27142922809526 5138.746720969159
-3878.06315379447 -1594.833297604447 5515.089271833538
-2773.7358710878193 -3336.23008713417 5401.3919383248785
-1422.9499838956222 -4781.188192617452 4807.757227477951
54.27125387885328 -5801.316745287877 3786.932188474524
1526.6702525807223 -6305.972846480263 2429.6216058469436
2863.41789965872 -6250.315586956843 856.4284813210829
3945.738300449571 -5639.290358474139 -792.862072144652
5059.934892253497 -4083.171390945971 -2392.45627474683
5236.410299786628 -2542.8580315365343 -3756.7215696665917
4947.607672575611 -776.60057687639 -4787.1856670204215
4219.188391437598 1058.6612470947182 -5392.2873096412095
3115.8757061170795 2799.8563734030804 -5518.260561137278
1735.7037905127347 4292.271973967276 -5153.9121452886975
201.30697611070065 5403.300373319177 -4331.616017760294
-1350.9768465398815 6034.221822508536 -3124.436798070089
-2783.220447711147 6128.976182021703 -1639.6376575063134
-3968.162698141509 5679.144111193286 -9.14951564177239
-4800.51627884684 4724.6951635719 1622.151600839556
-5206.322921457924 3350.436316683915 3109.3174288912514
-5149.524924925648 1678.4764999110155 4320.206758371123
-4635.169040495801 -142.62331975183454 5147.226758454669
-3708.958045713629 -1951.050431562547 5516.893072816919
-2453.1898520755044 -3586.1181504851515 5396.359227172918
-979.444974434111 -4902.543534316876 4796.335182662188
581.3278874092332 -5783.356410666606 3770.135708801654
2090.447215340848 -6150.2926900870225 2408.943132246045
3413.821134412932 -5970.7484738782805 833.7053869175453
4433.8620643851045 -5260.677053567365 -815.610740694362
5400.471538154537 -3607.0215797166675 -2413.167884193019
5435.241643692632 -2053.629793971485 -3773.5698870223155
4987.066677023549 -317.7639888260131 -4798.6736453509975
4095.7689507192827 1446.3365412109458 -5397.394191657802
2840.544179157629 3081.923722417927 -5516.532577961531
1332.9245917550006 4443.668456088599 -5145.502835808908
-293.1311950682929 5410.573746717977 -4317.272586027385
-1893.1409888247063 5896.725816039656 -3105.4337209386426
-3324.936897811645 5858.92791925119 -1617.66344177309
-4461.297572182772 5300.538565355579 13.843333193080793
-5201.252379183542 4271.173098897756 1644.1200672545936
-5479.0530869737395 2862.295158868433 3128.309518238473
-5270.015883557885 1199.0897329982795 4334.534940166625
-4592.714641804133 -570.6600777674138 5155.617910867715
-3507.330549329845 -2289.7042363229752 5518.601605131666
-2110.3047458810115 -3805.2981252796894 5391.233328795418
-525.7691048407931 -4982.774576529549 4784.830312157918
1105.483428464243 -5717.509640108689 3753.2741244032136
2638.508907816116 -5944.2188812863815 2388.223059723073
3937.0912918028826 -5642.758189086876 810.9678956422816
4885.845836872411 -4839.9136689505585 -838.3453248403196
5696.390801897346 -3102.683038545902 -2433.837821761843
5588.572359880596 -1549.2448341542167 -3790.3530403492296
4984.184738642594 141.8505725010569 -4810.078757611244
3936.930430641746 1820.3419332886012 -5402.407868576536
2539.8625769437526 3337.0879248644587 -5514.70933234237
917.1167872809767 4557.319009746961 -5137.004671026294
-787.1188536324578 5372.61230114839 -4302.854601315839
-2421.415530186456 5710.525412272038 -3086.3770175120662
-3840.5588106763453 5541.033280287307 -1595.6612913599008
-4918.4515868228955 4879.196024925021 36.835942973816614
-5559.318355210971 3783.820790749055 1666.0601421224658
-5706.2152910717805 2352.2364742909813 3147.247586259031
-5346.089957007513 711.6456244724487 4348.788270887902
-4510.941069333759 -992.1780620858873 5163.92003330542
-3274.975271710891 -2607.842373726154 5520.214839273927
-1748.0135492042489 -3991.7884461330996 5386.014331709137
-65.73315181971252 -5021.04659742605 4773.242814637413
1622.3879245692092 -5604.162724037645 3736.347726454075
3166.352714128049 -5689.324399155454 2367.461746083332
4428.973169726536 -5268.964634219413 788.2164001383943
5298.0599229662275 -4380.434239062523 -861.0654319895705
5945.380291157903 -2574.320865685591 -2454.4657305137725
5695.287825615648 -1033.917653204567 -3807.0707398268423
4939.1440434084725 598.3536800365989 -4821.400806851555
3744.1356378678306 2177.4586629746236 -5407.32825381855
2216.4443500340362 3563.0868880873836 -5512.790855764576
491.8122549938899 4632.119206844327 -5128.417797691727
-1276.51951718501 5289.567406352838 -4288.362312603149
-2931.426928348391 5477.01432892267 -3067.2670168717354
-4325.864192572822 5177.804492886225 -1573.6315862116778
-5335.929439544817 4418.524005236093 59.82791665173913
-5871.873939472616 3266.638269347503 1687.9714465701875
-5886.076671583913 1824.4973878214573 3166.1313059201884
-5377.275660802956 220.24190671256503 4362.966504400796
-4390.680109774101 -1403.5830343234175 5172.132982402242
-3013.953362809534 -2902.6934632370594 5521.7327473855075
-1369.423633042826 -4143.886839681668 5380.702326038529
396.7853961363553 -5016.877685272675 4761.572890199788
2127.7383016047593 -5444.096932322103 3719.3568072483613
3669.6323215498956 -5387.584275908835 2346.6595498443644
4885.463405809093 -4852.36111355689 765.4512932909059
5667.199626959112 -3885.984372029426 -883.7706697990892
6145.515109383038 -2026.2877578256882 -2475.051254234968
5754.662332352404 -511.9403550302759 -3823.722696764951
4852.482553172555 1047.8951949228474 -4832.639597556716
3519.138404374392 2514.6206581947376 -5412.155262415989
1873.103364863058 3757.9110407550206 -5510.777181357432
60.634871404913696 4667.294536023252 -5119.742364087941
-1757.2212964693385 5161.968429681113 -4273.795970149919
-3418.940640713616 5197.978775436459 -3048.104049019391
-4776.872105256618 4772.125896040141 -1551.5747067491925
-5710.357520289618 3922.248688651096 82.81885718912713
-6136.452610153662 2723.8624727705223 1709.8536022216406
-6017.296956226824 1283.4491227107467 3184.960351127779
-5363.478061266482 -271.0043142256026 4377.0693958679485
-4233.090603326816 -1801.3778285601713 5180.256616332594
-2726.574468669425 -3171.6910176107694 5523.15530325436
-977.7902270957917 -4260.185541009869 5375.2974035141515
857.8749671170648 -4970.143883573938 4749.8207403675815
2617.314205779264 -5238.483130965269 3702.3016601943623
4144.1935913637835 -5041.360163465759 2325.8168302296303
5302.843189861586 -4396.290221797636 742.6729682199648
5990.311899796145 -3360.590601120934 -906.4606461826753
6295.272864847473 -1463.0880717341242 -2495.5940374435813
5766.364003784528 12.353119234098818 -3840.3086236086306
4725.08839571369 1486.6966813476176 -4843.794935649255
3263.96794797479 2828.94071906248 -5416.888811013482
1512.829624370946 3919.820959286753 -5508.668343894149
-372.73025030173676 4662.407905427462 -5110.978520026969
-2225.171406535348 4990.719448530852 -4259.155825495584
-3879.896318294403 4875.583667220711 -3028.888444871441
-5189.875415528456 4327.230880931502 -1529.4910338624627
-6038.71130669968 3394.384641131586 105.80836756604863
-6350.981197822554 2159.932429955467 1731.7062312039595
-6098.938538696962 733.5607436704763 3203.73439673175
-5304.978425657211 -757.9910338679343 4391.096701753096
-4039.6476989834537 -2182.1919816583154 5188.2907948132015
-2415.376546553074 -3412.4955954865845 5524.482482315024
-576.488588256077 -4339.584000165605 5369.799657471101
1313.6229109859892 -4881.0813224792055 4737.98656808321
3087.0132498477737 -4988.873149017952 3685.182579809521
4586.10891432604 -4653.3817029572365 2304.933947162392
5677.70867595895 -3904.4168715595315 719.8818182738767
6264.819105518793 -2808.52746687253 -929.1349693176172
6393.5453561516615 -889.3407064307605 -2516.0937253958405
5730.456435362014 534.6230116034898 -3856.8282339432294
4558.191312596617 1911.0831289023051 -4854.866628492823
2980.9108884138777 3117.7351235480096 -5421.528817869572
1138.76345028362 4047.3626705112224 -5506.464379791262
-804.5681177854617 4617.364282640996 -5102.126416847579
-2676.410277800246 4777.092815288703 -4244.442131454004
-4310.441639399434 4512.355687371489 -3009.6205362532446
-5561.471345276415 3846.6759544845445 -1507.380948904199
-6318.339916010583 2839.2021821822627 128.7960507873274
-6513.796257629187 1579.4528363595205 1753.5289561542545
-6130.473216433382 179.36217471163724 3222.453118531784
-5202.4307268188895 -1236.6656032773014 4405.0481798251685
-3812.1294366353363 -2542.810215397446 5196.235379105561
-2083.1037167522336 -3623.0149809407053 5525.71426164906
-168.98509008561427 -4381.298966088009 5364.209182847408
1760.1486034139655 -4750.285311084571 4726.070577705499
3532.8853692153234 -4697.187959907534 3667.999861715314
4991.709766149788 -4226.72484522287 2284.011261259475
6006.998844604338 -3380.698679363694 697.0782370224184
6488.539714435571 -2234.282599891252 -951.7932476515565
6439.646843670202 -309.74111243489085 -2536.5499640920852
5647.397049400048 1050.55972281025 -3873.2812424991866
4353.3512440969525 2317.5137163783033 -4865.854484895483
2672.491076388557 3378.546446004729 -5426.075202858131
754.1683485091445 4139.38049739675 -5504.165327108006
-1231.1655467486303 4532.412426222967 -5093.18620741264
-3107.1049802967386 4522.719620814943 -4229.655142109141
-4706.964501039864 4111.163329469371 -2990.3006558933866
-5888.589569692142 3334.312134757316 -1485.244833683184
-6546.987613427552 2261.1926744843067 151.78150988931986
-6623.657076728018 987.156322002731 1775.32140022601
-6111.785541320883 -374.5932017529429 3241.116193282962
-5056.855039438318 -1703.058475657667 4418.923589162571
-3552.600775658828 -2880.1995302511987 5204.090232018333
-1732.6823426303388 -3801.4222170344547 5526.850619985442
241.19252029207507 -4384.871857567574 5358.526076182387
2193.636369330608 -4578.706390862612 4714.072975006162
3951.1660003394577 -4365.702768007468 3650.7538026321326
5357.61719281176 -3764.787295643819 2263.04913382505
6288.020586186931 -2829.3539505653002 674.262618250077
6659.705755955565 -1642.5200905637466 -974.4350899091892
6433.31884466226 270.9772586616577 -2556.962400283042
5518.032187206058 1555.919444459964 -3889.667365157192
4112.444154431199 2702.6113595779857 -4876.758315113047
2341.447411371212 3609.164395182904 -5430.527887469747
362.4027905381408 4195.027335718758 -5501.771225545653
-1648.8429086126616 4408.14368790175 -5084.15804610648
-3513.5816795053047 4229.577128594729 -4214.795112810657
-5066.123299074671 3675.194080218564 -2970.9291374179124
-6168.51763120537 2794.253909491387 -1463.0830704577752
-6722.812101709688 1665.0320165246233 174.76434794678474
-6679.755214402137 387.86472201695955 1797.083187095611
-6043.172762672019 -923.7660551581902 3259.723298701298
-4869.627890951638 -2153.316164451969 4432.722690157293
-3263.395211110162 -3191.5346828618663 5211.855217909706
-1367.1955455875805 -3946.1713388802004 5527.891537700923
650.4854439992846 -4350.173353951348 5352.750435614973
2610.367947278472 -4367.643376102597 4701.993967166253
4338.307803030922 -3997.0291171998724 3633.4447003741475
5680.769972133857 -3271.261280560566 2242.047926844359
6518.470799564287 -2254.8275234497733 651.43535594918
6776.976890615488 -1038.042445732876 -997.0601050990393
6374.731418430605 848.0817469187197 -2577.3306814758116
5343.5889867238075 2046.5591526698468 -3905.986318952854
3837.645223592579 3063.1907965293462 -4887.577930852308
1990.7098411164764 3807.644495525819 -5434.886794813072
-33.10884682910191 4213.772271522182 -5499.282116446837
-2053.985668438078 4245.4878893587575 -5075.042088832235
-3892.3568496387293 3899.973277209078 -4199.862300169508
-5384.875043422274 3207.928924628547 -2951.5063153446004
-6398.9234584628675 2230.8460093305434 -1440.8960419291755
-6844.399443005949 1055.5426361970613 197.74416807977934
-6681.720500885718 -213.55033233508806 1818.8139409688504
-5925.34137001434 -1463.6684166890645 3278.2741134693238
-4642.469655484887 -2583.733139017162 4446.445244519054
-2947.0941389230475 -3474.221833417482 5219.530202689727
-989.8563750083259 -4056.0106715472443 5528.8369968203815
1055.3344717390494 -4277.405162000383 5346.882360882022
3006.754219413373 -4118.73343272641 4689.833762772531
4691.0106597692575 -3594.0941631907313 3616.0728538442186
5958.450216843411 -2750.1038548331258 2221.008002977532
6696.455323922968 -1661.7547503415844 628.596844313166
6839.4509885617945 -425.75144379157706 -1019.6679025202478
6264.480936827104 1416.879200187679 -2597.654455939991
5125.664120806407 2518.4706740339366 -3922.237822081738
3531.4095540455673 3396.284976365763 -4898.3131452743455
1623.3737510721962 3972.3244541963695 -5439.151849616157
-428.905933742335 4195.405472012888 -5496.698042794828
-2443.07544412111 4045.7063024073977 -5065.838493009134
-4240.166980029771 3536.52837354333 -4184.856962053513
-5660.501072096491 2713.11437889078 -2932.032525077123
-6577.874803207596 1648.6282653674693 -1418.6841312348697
-6910.775491525608 437.6542955802625 220.72057346039495
-6629.623449982844 -812.2071789834874 1840.5132865874139
-5759.400271285797 -1989.9004813820554 3296.768317241616
-4377.429103773224 -2990.7823934753933 4460.09101527943
-2606.504150359146 -3725.920165076105 5227.115053822648
-603.9798647306261 -4129.993579078461 5529.686981017119
1452.210682401172 -4167.098939401399 5340.9219533166015
3379.365937480038 -3833.939271946033 4677.592571813961
5006.249698910664 -3160.1172752128814 3598.63856302874
6188.306205028109 -2205.504990630835 2199.9297255532174
6820.5045478943375 -1054.923908931989 605.7474777296836
6846.671130388932 189.39179153279622 -1042.2580917691657
6103.584364311588 1972.7542959077077 -2617.9333727137423
4866.209497168027 2967.813543098789 -3938.4215939041696
3196.450561192456 3699.169532950328 -4908.963772997723
1242.6729654626806 4101.838076261123 -5443.322978227747
-821.5215766289698 4140.040305876205 -5494.019049212796
-2812.720321449035 3810.381786046553 -5056.547417569806
-4553.9965222885385 3142.1541229416202 -4169.779357582896
-5890.6301472381665 2194.732276897054 -2912.508102899406
-6703.855433001034 1052.2988366262498 -1396.4477219420453
-6921.413744156765 -183.63597321618366 243.6931673197619
-6523.974070020244 -1403.2539209651677 1862.1808492353625
-5546.850669773782 -2498.1865997579926 3315.205590650344
-4076.865245564668 -3371.1444360510113 4473.659766795952
-2244.63245325871 -3944.5612951771964 5234.609640329195
-212.95421707343593 -4167.486572804765 5530.441475613153
1837.6459358329844 -4020.112379725043 5334.869315846221
3724.9631829642963 -3515.533559734156 4665.270605677976
5281.301104557579 -2698.584155295953 3581.1421289923815
6368.37224640273 -1641.8537061182167 2178.8134585624566
6889.585567013721 -439.23734999554694 582.887650773861
6798.628975547271 802.4071722355686 -1064.8302827462887
5893.470100439276 2511.2071545370454 -2638.16708160984
4567.515046107982 3390.946381195233 -3954.5373549500982
2835.7162357203783 3969.385140961125 -4919.529630101686
851.9515934532772 4195.12661159285 -5447.400108618557
-1207.5126866201724 4048.1126727746387 -5491.245181963036
-3159.684165405216 3541.406158130548 -5047.169022957537
-4831.103840048464 2720.030165131602 -4154.629747125812
-6073.258737553411 1656.9675553049267 -2892.933385969597
-6775.777944169721 446.67610670709604 -1374.1871980409687
-6876.239545434825 -803.304474177483 266.66155295480775
-6365.717087207831 -1981.907927287766 1883.8162547455902
-5289.572730293098 -2984.4101635988645 3333.5856153107825
-3743.426623384233 -3721.7344600059137 4487.151264756089
-1864.6606332305196 -4128.3663170787695 5242.013832788826
179.78863711411648 -4168.174709841996 5531.1004675794675
2208.2628980617196 -3837.6224879023353 5328.724552991073
4040.52330971445 -3166.0806667836478 4652.868077146886
5513.765493754569 -2213.2186843050645 3563.583853872943
6497.08541691325 -1063.702509175764 2157.6595666522376
6903.110788789452 180.3283018753674 560.0177582014458
6695.76447327899 1408.3361519471553 -1087.384085662998
5635.965465843257 3027.8899369171545 -2658.355233221772
4232.1887460464895 3784.456539359194 -3970.584826923917
2452.3634835091075 4204.757570465187 -4930.010534129347
454.6349634420069 4251.447439160678 -5451.383170382518
-1583.4898682595592 3920.377545716953 -5488.37648894618
-3480.914676135411 3240.9649030427986 -5037.703471123468
-5069.044939294213 2273.578305993065 -4139.408392293879
-6206.768314459411 1104.1742990217729 -2873.3087123144314
-6792.99308693075 -163.34044000666447 -1351.9029439382946
-6775.630613069153 -1416.341664132812 289.62533373513
-6156.223624871167 -2543.49471588775 1905.4191295063574
-4989.8091514609905 -3444.6471001933382 3351.9080738268062
-3380.028237526702 -4039.7274730619415 4500.565276181456
-1469.9169816785568 -4275.860331896972 5249.327503341974
570.8028486161375 -4132.064235938953 5531.663945536234
2560.8043408842514 -3621.1160993525336 5322.487770862215
4323.267129560054 -2788.415906332377 4640.385200394222
5701.5886614291485 -1707.9527232729238 3545.964040876152
6573.299019720524 -475.7304455236141 2136.4684151193665
6860.942913662117 798.7625700191455 537.1381949420098
6538.961920972764 2002.282025903919 -1109.9191110481133
5333.280940261483 3518.6421267117253 -2678.497478929696
3863.1340595603615 4145.187763077971 -3986.563732709273
2049.7307645827104 4403.415275837858 -4940.406304090842
54.19989607657922 4270.380017269896 -5455.272094737972
-1946.1468710482727 3757.9027539134654 -5485.413019700355
-3773.569948155592 2911.5193395872266 -5028.150925523827
-5265.694775330359 1806.4346549464742 -4124.115555937603
-6289.939513596116 540.8403238058052 -2853.6344208232877
-6755.2955231339265 -772.81004354364 -1329.5953444504748
-6620.413880315181 -2017.7928471032346 312.5841131098453
-5897.279411022648 -3083.4859012596557 1926.9891004675833
-4650.145786276338 -3875.197701434145 3370.172649796372
-2989.8263015906887 -4322.5811798112145 4513.901569431704
-1063.847629372095 -4385.884351026987 5256.550525692254
956.6585733346182 -4059.482450517558 5532.131899753014
2892.1614635735455 -3372.377719534341 5316.159077159754
4570.683115732457 -2385.6224287346236 4627.822190980993
5843.079514946059 -1186.894116010237 3528.282994270382
6596.292657324581 117.2949475206801 2115.2403699039733
6763.396249746283 1411.061840223989 514.2493560921228
6329.54240470246 2579.4496960805 -1132.434969754633
4987.991287705598 3979.52421035646 -2698.593470906539
3463.524973772905 4470.265653588346 -4002.4737963738517
1631.309266491452 4563.8043760612145 -4950.716760466427
-345.8554280005529 4251.829051795415 -5459.066814528892
-2292.289349953163 3562.0600574331265 -5482.354825400338
-4035.043303616294 2555.7863951248282 -5018.511551117095
-5419.265952257266 1322.4198957258102 -4108.751502141889
-6321.963038983255 -28.449414752569393 -2833.9108512423963
-6662.925966217739 -1376.7908698819672 -1307.2647847971025
-6411.858681584788 -2602.7984142751434 335.53749461443715
-5591.0696151146585 -3597.535897367275 1948.5257951474557
-4273.48947733673 -4272.616528452064 3388.379027816994
-2576.1910455977345 -4568.0564309150905 4527.159914208565
-649.9867340291731 -4457.604472905842 5263.6827751086485
1333.9717512776185 -3951.074795603896 5532.504322148924
3199.400992444831 -3093.4747837063815 5309.7385811709555
4780.549415093324 -1961.0059617860618 4615.1792658519735
5936.9250431152 -654.2931544281377 3510.541019381429
6565.778827289866 710.5564710189334 2093.9757975833377
6611.234349214035 2012.2700357902602 491.3516369085359
6069.252686286469 3135.184577180022 -1154.931272966733
4603.013729265577 4406.849480601202 -2718.6428621238692
3036.7788584622963 4757.120719284445 -4018.314743174138
1200.712859400084 4684.700905778845 -4960.941725209611
-742.0417464613865 4196.02485832349 -5462.76726422602
-2618.8626867532257 3334.5135882542863 -5479.201958856669
-4262.9861846374015 2176.7161525968513 -5008.785514361158
-5528.324652209833 825.5079344196693 -4093.3164962214623
-6302.447213780283 -599.0502864126189 -2814.138344168898
-6516.569682572292 -1970.38026040822 -1284.9116505942586
-6151.666337572733 -3166.633301395228 358.4850818776146
-5240.160442336768 -4081.517077011909 1970.0288416387823
-3863.0432957338403 -4633.740148893411 3406.526893491178
-2142.677799618697 -4774.235073712022 4540.340081559829
-231.92597802075787 -4490.5182608457835 5270.724128427634
1699.4334845146886 -3807.799194188596 5532.781206292773
3479.790824109992 -2786.740458876228 5303.226393768398
4950.95347817264 -1518.0676043836168 4602.456643331992
5982.202188798161 -114.50778131157462 3492.7384225872333
6481.905982487057 1299.2265606391024 2072.6750653655135
6405.663984256106 2597.5189211151683 468.44543280133536
5760.250630230603 3665.010326426126 -1177.4076322061794
4181.5833480792835 4797.213705609584 -2738.645306358083
2586.527372946429 5003.508831306221 -4034.086299560169
761.6470899388174 4765.220239804452 -4971.081021750228
-1130.9088794430322 4103.520918171473 -5466.373379928014
-2922.978631974481 3077.205754954026 -5475.954474514738
-4455.328905774546 1777.4673563138936 -4998.972983210436
-5591.803654407701 319.7931827782367 -4077.810804716276
-6231.42210912058 -1166.2960184365522 -2794.3172410450884
-6317.351363292574 -2548.7547002074325 -1262.5363278478546
-5841.9562255961955 -3704.7453418391365 381.4264786281081
-4847.47764025296 -4531.553101841283 1991.497868615432
-3422.2793937680135 -4955.712482351585 3424.6159334318168
-1692.9966047210185 -4939.535061018929 4553.4418438833045
186.7163622486631 -4484.4582727221605 5277.674464055354
2049.8387610412806 -3630.9176871730465 5532.962547403176
3730.8239903461395 -2454.7541310987917 5296.622627408024
5080.309135657355 -1060.4748979653205 4589.65454312211
5978.386519695973 428.0321836697983 3474.875511312583
6345.258025742488 1878.5067273975367 2051.338541082943
6148.325510495582 3162.0677047050503 445.53113932712546
5405.087292159058 4164.66508994393 -1199.8636593390725
3727.2259334765286 5147.522423566423 -2758.6004581962284
2116.585668536417 5207.52891939965 -4049.788193180247
317.87747846359326 4804.823617879953 -4981.134474997456
-1509.0755205530431 3975.188652290472 -5469.885099362526
-3201.940537099662 2792.3407301169373 -5472.6124284538455
-4610.2990854403815 1361.3810800870565 -4989.07412711298
-5609.012328075448 -190.54325323104857 -4062.2346953869296
-6109.3402106158355 -1725.536982314299 -2774.447884152394
-6066.826405045073 -3107.2091781245636 -1240.1392029469528
-5485.248449556903 -4212.792202695588 404.361288701586
-4416.282097709273 -4944.050152523035 2012.9325053386947
-2954.909700945379 -5236.007549692086 3442.645835267684
-1230.9806098448578 -5062.722698230324 4566.464974930719
602.32651050981 -4439.592717638173 5284.533661969686
2382.1142771393006 -3421.985441252145 5533.04834234864
3950.240736508655 -2100.3197412750983 5289.927396127212
5167.370971093288 -592.0314151843729 4576.773186295861
5925.357618262271 968.8615002325488 3456.952594023812
6156.850238045036 2443.6668195751367 2029.9665931861705
5841.279695285257 3701.341618143284 422.60915218225506
5006.685817565662 4630.135970869232 -1222.2989665827492
3243.72849204551 5455.015642680907 -2778.5079730420657
1630.9201469971924 5367.637767481093 -4065.420152885652
-126.80261028703853 4803.321721150211 -4991.101911342878
-1873.2583991831557 3812.20946086495 -5473.302361887299
-3453.266958652731 2482.365660376204 -5469.175878386239
-4726.437594433616 931.9527772807187 -4979.089117007536
-5579.643508319302 -701.2681998835241 -4046.588437210034
-5937.073610628599 -2272.1784200233506 -2754.530616605527
-5766.9686682151405 -3641.195616253305 -1217.7206626571424
-5084.443251705614 -4686.676602855395 427.2891160474489
-3950.1427395703395 -5315.725806152274 2034.332381663831
-2464.8547101083664 -5472.449443894051 3460.616287648754
-760.5535228164991 -5142.92193309701 4579.409249811671
1011.3261826117568 -4356.423239203134 5291.301603722318
2693.345118583091 -3182.8372226575734 5533.03858964761
4136.048521217947 -1726.442151227801 5283.140815542806
5211.245861992645 -116.64511829480166 4563.812795295408
5823.401138753473 1503.5163452873055 3438.9699802234686
5918.121668761095 2990.0837835178554 2008.5595907374745
5486.991117250127 4210.969155816274 399.67986719589294
4568.317325707569 5057.69143908667 -1244.7131665122758
2735.1076722012367 5717.289748194475 -2798.3675071219373
1133.6150469029328 5482.661792803726 -4080.9819087353294
-568.604250100388 4760.8752768573795 -5000.983158663455
-2220.300564203643 3616.064099805218 -5476.625108491217
-3674.713429548828 2149.949758649471 -5465.644883656103
-4802.611880464359 492.80294653857527 -4969.01812532064
-5503.777189885539 -1208.1315700024056 -4030.8723003735468
-5715.907743056998 -2801.718294750571 -2734.5657823465467
-5420.154809409871 -4146.360053871918 -1195.2810941137902
-4642.797334989076 -5122.579526205367 450.2095647356717
-3452.9069427739805 -5643.635327565489 2055.697128046243
-1956.210615860895 -5663.2293633857125 3478.5269802516336
-285.69639103964636 -5179.6206175963935 4592.274444997472
1410.2032118834177 -4235.779849542947 5297.978172440801
2980.800070855763 -2915.571453443921 5532.933289468502
4286.53976250693 -1336.3017389318152 5276.2630028491185
5211.401585089456 361.704249347994 4550.773593927769
5673.207506977604 2027.5712277602515 3420.9279804449734
5630.924045409717 3513.2796047362476 1987.1179034044592
5088.308271504017 4686.817671057827 376.74368032317165
4093.5739780021127 5443.911419545345 -1267.105872067255
2205.576365604158 5932.316441326277 -2818.178717490758
628.838138935237 5551.805718007535 -4096.4731920005115
-1003.7751159887979 4677.992692945719 -5010.778046324512
-2547.1985468626835 3388.519488082874 -5479.853281795305
-3864.2922086510926 1797.9614564310432 -5462.019505238552
-4838.02654953383 47.64665915140356 -4958.861325963559
-5381.881000160673 -1706.9017528877641 -4015.0865562722047
-5447.531705927478 -3309.784453567895 -2714.5537261389195
-5029.145313523494 -4618.578280798654 -1172.8208848154013
-4163.897289972248 -5516.991159483523 473.1222389636651
-2928.66871924466 -5925.19516273135 2077.0263755480823
-1433.215080561242 -5806.919573479802 3496.377603784886
189.58600759084908 -5172.673696877761 4605.060338325034
1795.5415469840043 -4078.8130624034993 5304.5632528305705
3241.9553403233285 -2622.5319877583934 5532.732443629696
4400.30717458825 -933.2274372088884 5269.294076815913
5167.672405961042 838.9984665378041 4537.655807360843
5475.86726610736 2536.675674648457 3402.826906247255
5297.507289212348 4008.958117048766 1965.6419014536734
4648.440541942984 5125.027037726376 353.80098763851237
3586.3394531766653 5785.714815291275 -1289.476696558379
1659.5087633501648 6098.458559820357 -2837.941262037921
120.80581797106967 5574.658071422707 -4111.893735169426
-1428.6312544823313 4555.524749395158 -5020.486405182667
-2851.128170529998 3131.613061792756 -5482.986826053737
-4020.2898366561712 1429.4438107925155 -5458.299805738562
-4832.231108044094 -399.73779580748857 -4948.618894329355
-5214.807439585363 -2193.400945029581 -3999.2314775026543
-5134.025245313951 -3792.1707947042946 -2694.4947935615655
-4597.062377697706 -5053.98962760208 -1150.3404226169143
-3651.630343947053 -5866.739303019262 496.0267430630614
-2381.7349292208783 -6158.203445601806 2098.3197558443803
-900.2119139618593 -5902.4841872119305 3514.167849994333
661.2988803675897 -5122.303306163062 4617.7667090006935
2164.050367114046 -3886.9832975037907 5311.056731176922
3474.5164819637953 -2306.287765116073 5532.436055599504
4476.256559726632 -520.6684438206283 5262.234157786335
5080.261598429395 1311.214553624116 4524.459662119608
5232.863099750888 3026.5903838090453 3384.6670702093725
4920.501750618044 4473.0403764194225 1944.1319557442375
4170.932227676513 5522.041101970561 330.8521853286626
3050.7570724713228 6080.384242533379 -1311.825253674266
1101.404157111078 6214.48265569157 -2857.6547994932234
-386.2521158060038 5551.193477570669 -4127.24327195185
-1839.5881931942606 4394.656397956263 -5030.108067588798
-3129.46878671735 2847.634811751534 -5486.025687154791
-4141.282345093061 1047.5883758831108 -5454.485849389901
-4785.124793389013 -845.5408844483778 -4938.291007289828
-5003.787904618073 -2663.5401266015806 -3983.3073378589143
-4777.8425017602785 -4244.87213975292 -2674.3893310028952
-4127.364825404617 -5449.028634972638 -1127.8400957230128
-3110.1526716695444 -6169.015023306746 518.9226815066111
-1816.5898043764375 -6340.857354543522 2119.576901229693
-361.61496099144284 -5949.286683434932 3531.897411668481
1125.4909585987673 -5029.095782488556 4630.39333760403
2512.592067381752 -3662.047651444748 5317.4584953469885
3676.4383446491856 -1969.6105159386707 5532.044130496116
4513.61694121062 -102.16484259802947 5255.083367674862
4949.74086486379 1774.358625350469 4511.185386082178
4946.0585910938 3493.222542791984 3366.448785925115
4502.897306084499 4901.698307551831 1922.5884377214077
3659.6338347902592 5874.63666693694 307.8976696858101
2491.1958372363274 6325.587778046336 -1334.1511574880735
535.8497852511941 6279.568232685734 -2877.318989432694
-888.1276925978956 5481.771726644633 -4142.52153728376
-2233.191127475506 4196.895746332139 -5039.642867390846
-3379.8257304790454 2539.107161184441 -5488.969812621785
-4226.147985208609 655.7077620772525 -5450.577702054014
-4696.9584453074285 -1285.9541492166163 -4927.8778431924775
-4750.423535278053 -3113.353391035763 -3967.314412327569
-4381.792647248907 -4664.117521335059 -2654.2376856548244
-3623.8202533313815 -5800.454341721132 -1105.3202926814076
-2543.855527032113 -6421.395338970664 541.8096589149634
-1237.8580736299332 -6471.767180523352 2140.7974446242147
178.12850186493642 -5947.09410720406 3549.5659826437454
1578.2875782650624 -4893.995624067056 4642.940006091643
2838.2088771353756 -3406.044152785649 5323.768434791676
3845.9428619976975 -1615.4507113506793 5531.556675087502
4511.947945929275 318.6826150764931 5247.8418299651685
4777.046654507605 2224.499592638508 4497.833208475874
4617.683804108983 3932.660019338895 3348.1723679975858
4048.019483343671 5291.386345126804 1901.0117194102684
3118.670867042367 6179.949773283686 284.9378371008283
1912.2146581426825 6519.39754382142 -1356.4540224641053
-32.51696869854942 6293.313573649905 -2896.933492284569
-1380.6697318299555 5367.133638628505 -4157.728267331873
-2606.1439303189704 3964.0603265369105 -5049.090639936782
-3600.0508037248674 2208.7628584403114 -5491.819151613979
-4274.0773646570715 257.2071173751554 -5446.575431218886
-4568.333395259922 -1717.2026048036378 -4917.379581857405
-4456.672955893029 -3539.0313397261434 -3951.2529770830206
-3949.017566607911 -5046.401609330722 -2634.0402055067398
-3090.474636551519 -6105.376950177583 -1082.781402376115
-1957.3294727129694 -6621.862755995716 564.6872800635391
-650.2669956249609 -6549.966996377559 2161.981019580233
714.5745576740292 -5896.077925074536 3567.173257809786
2015.923025664876 -4718.296455616857 4655.406497800931
3138.1478860929296 -3121.27364017466 5329.986440547562
3981.5345353064595 -1246.9119643191777 5530.973697791305
4471.144368381486 738.2433115490619 5240.50966970801
4563.473403031945 2657.8024294587894 4484.403359873257
4250.317799349831 4341.204137937263 3329.8381320337417
3559.502806983057 5638.870807699392 1879.4021734091139
2552.4103695950434 6435.499060420504 261.9730840564652
1318.525069800096 6660.304979900791 -1378.7334634645408
-599.0467130174823 6255.738116221509 -2916.4979693351193
-1859.8182334428018 5208.393764404411 -4172.863199498217
-2955.336742148884 3698.2607699603786 -5058.45122207741
-3788.260612033347 1859.521076555309 -5494.573654927457
-4284.58090203077 -144.44522487551876 -5442.479105997873
-4400.197376309173 -2135.576934188754 -4906.796404574211
-4124.837003754368 -3936.9532610743026 -3935.1233094827753
-3482.966761866944 -5388.514013678577 -2613.7972393395867
-2531.6196384397635 -6361.281649063246 -1060.2238140208246
-1355.327000307411 -6768.821493903933 587.5551498892686
-58.60761044317369 -6574.921844527387 2183.1272602883873
1243.3193228041882 -5796.811535695326 3584.718933114688
2434.771878003438 -4503.6290830283 4667.792597453838
3409.8842670216745 -2810.2794224835206 5336.1124052387895
4082.0134748844093 -867.2241025429514 5530.295208674691
4391.437871882579 1152.8878846588198 5233.087013519064
4310.663742456304 3070.56072394354 4470.896072188158
3846.8682224765225 4715.400767972094 3311.4463946390665
3041.261579226577 5941.256760570856 1857.7601728831748
1965.425498305737 6639.206017217057 239.00380712037418
714.9527367326898 6747.232683557811 -1400.9890957560144
-1159.116205805906 6167.281363756262 -2936.0120827343985
-2321.637916329435 5007.029992483229 -4187.926072424689
-3277.871909646897 3401.882033388873 -5067.724452169174
-3942.8525990882945 1494.4619267144944 -5497.2332749959805
-4257.493532177061 -545.7476804865929 -5438.28879712852
-4193.83748122927 -2537.4652113022253 -4896.128494098888
-3757.540565721606 -4303.717822610982 -3918.92568806257
-2987.3696812544044 -5687.566218826166 -2593.509136719776
-1951.7578907518355 -6566.049397025391 -1037.6479171520498
-742.7238465075523 -6861.110271665738 610.4128734975005
532.3044708888619 -6546.5313891820915 2204.2358015840505
1760.035200067107 -5650.264463789799 3602.2027055703675
2831.3790779321153 -4251.94674501261 4680.098091160538
3651.1424994204363 -2475.8248985800915 5342.146223078916
4146.485887060309 -479.7151449300915 5529.521219454172
4273.395807081264 1559.0194045421224 5225.573989576739
4020.595756154438 3459.228238276862 4457.311578671659
3410.548128199424 5052.0694624676025 3292.997473411918
2497.4583321099576 6196.012144276414 1836.0860915581522
1362.4584032971397 6789.411956314838 216.03040293832956
106.39806630117977 6779.5427211910655 -1423.2205350163308
-1708.1662199841899 6028.798346988403 -2955.4754955022677
-2762.350626362678 4764.87015565034 -4202.916625997474
-3571.088057212766 3077.5623406945037 -5076.910170076962
-4062.51864271769 1116.7996061080764 -5499.797965891804
-4192.976618747731 -943.1956744754441 -5434.004576971318
-3950.870221627216 -2919.383880235731 -4885.376034650623
-3357.7116672067345 -4636.172016731937 -3902.660392531621
-2466.205696079978 -5941.015924035738 -2573.1762479931326
-1355.5665260910823 -6717.974494770004 -1015.0541016224868
-124.47932145328936 -6898.011550298471 633.2600561688552
1117.6684171641525 -6465.130008157829 2225.3062789536366
2260.5064121094947 -5457.79329303663 3619.6242732576266
3202.488492269903 -3965.507692697767 4692.322766423175
3859.915416002865 -2120.869331518835 5348.087789872736
4174.371916064176 -87.78242295265758 5528.651743495409
4117.917152453755 1953.104339119647 5217.970727619955
3695.567378666044 3820.449209603962 4443.650113908092
2944.850225553529 5348.330402049766 3274.4916869381545
1932.4702066382356 6400.988967512047 1814.3803037136934
748.3817293573168 6884.891572933477 193.05326822745573
-502.20374879612154 6757.0413482507565 -1445.4273973411014
-2241.7388041961917 5841.55168031748 -2974.8878715340875
-3178.36634651226 4484.075756636858 -4217.834601351677
-3832.5820909097215 2728.1700239367383 -5086.008217176869
-4146.25609752038 729.8544122328734 -5502.2676833264695
-4091.517054321166 -1333.3119669112166 -5429.626519508496
-3673.2287655186615 -3278.007726652063 -4874.539211908669
-2928.557981200898 -4931.438114579883 -3886.327703767772
-1923.6719684884108 -6146.6885847675785 -2552.798924278884
-747.8592594803416 -6815.778799900109 -992.44275759426
494.40402665884835 -6879.257158108909 656.0963033659054
1692.737345373081 -6331.483328696937 2246.338328540828
2740.6635224954275 -5221.1294202733 3636.98333533151
3545.0697184402916 -3646.8552503092837 4704.466412139514
4034.4809126195037 -1748.5419873946541 5353.937003018098
4165.41077268461 305.1369044501072 5527.686795812981
3926.2256059925976 2331.703043263233 5210.277358945932
3338.1780642508643 4151.087134172166 4429.911913810953
2453.51875214728 5601.628916464079 3255.9293547856164
1350.853531825738 6554.441387184516 1792.6431841769854
128.1590470783885 6924.862976961363 170.07279976918008
-1105.9229314185875 6679.980101974565 -1467.6092992503018
-2755.5136340588106 5607.200284607689 -2994.2488756065363
-3566.31255381635 4167.1229557012 -4232.679740875697
-4060.22895266244 2356.7784650627714 -5095.01843635895
-4193.37619104319 337.0238652516124 -5504.64238465157
-3953.9235525214467 -1712.6767839920637 -5425.154700342687
-3363.147454850453 -3610.1985850197757 -4863.618213009086
-2473.5409468864914 -5186.938398672922 -3869.927903812657
-1364.1494708360167 -6302.795973099737 -2532.3775174635994
-133.54732783039708 -6858.622465952101 -969.8142755321915
1108.9210813157504 -6805.030254135673 678.9212207401034
2252.8569859669637 -6146.781240855907 2267.331587152911
3196.616660914984 -4942.363739620903 3654.279592026419
3856.3429174195517 -3298.7955309145304 4716.528818606534
4173.416182429227 -1362.1148627606935 5359.693761507633
4119.663104894815 695.5956884920545 5526.62639307012
3699.8598816467356 2691.4995102509006 5202.4940164078735
2951.307871346693 4448.251789072879 4416.097215618848
1940.5192050762128 5809.7573756043075 3237.3107974986424
757.3068916064615 6655.040523612968 1770.875108316267
-493.19546256908103 6908.994115934323 147.0893944025774
-1699.875235542734 6549.05326143363 -1489.765857694972
-3245.3431562367546 5327.784875739729 -3013.558173383388
-3923.0616823451464 3816.780985537168 -4247.4517882157015
-4252.198961904539 1966.6393551021754 -5103.940672029879
-4203.5097032309295 -58.246812488306354 -5506.922028859492
-3781.3201606267453 -2077.9574951773184 -5420.58919669566
-3023.14372770068 -3913.0325354535084 -4852.613226541539
-1996.3477077206735 -5400.417462894225 -3853.4612758668104
-792.1674330820542 -6407.951599415114 -2511.9123801950236
482.4003943553904 -6846.111115495535 -947.1690461970366
1714.1048297751381 -6675.963615300399 701.7344141385068
2793.503528844197 -5912.627450902046 2288.2856922670635
3624.687180287124 -4623.928390352866 3671.5127446613187
4133.801469083855 -2924.3730005453212 4728.5097775241275
4275.609356463541 -964.974236239763 5365.357965930556
4037.510589318825 1080.1667236753729 5525.470553578431
3440.6612879897516 3029.33012995835 5194.620834412729
2538.094132129425 4709.324260198219 4402.206257891403
1410.0061743867345 5970.874263390383 3218.636336592438
156.63298033962985 6701.885885530164 1749.0764520343475
-1110.6577413831774 6837.405535998809 124.10344901740424
-2279.2616487428654 6365.391699133982 -1511.896690063743
-3707.2862383026504 5005.710344644795 -3032.8154314213425
-4245.756467647451 3436.0881800302304 -4262.150488280057
-4406.972602646404 1561.1545015953702 -5112.7747701157405
-4176.609882219499 -452.49460531991724 -5509.106576584117
-3575.1370450068116 -2425.9375808126742 -5415.930087406989
-2655.9975921147607 -4183.825356198502 -4841.52444254603
-1500.8610975098775 -5569.961888270906 -3836.928104284807
-212.3665079707728 -6461.182863195326 -2491.4038658762074
1094.997777756568 -6778.299386290856 -924.5074606387662
2305.0667056116667 -6493.134262837541 724.5354896106289
3310.3203410545443 -5631.025665480725 2309.2002820364955
4021.4374870931756 -4268.575726396844 3688.6824956448795
4375.232264615848 -2526.8441016865318 4740.409081998729
4340.268455036852 -560.5912896687336 5370.9295184743505
3919.6527462734407 1455.4725185505197 5524.219297297568
3150.7586898908803 3342.2112062606047 5186.6579489188125
2101.905897034738 4931.979761242152 4388.239280505106
866.2895411649463 6083.520270800646 3199.9062945476107
-446.30044208635275 6694.513307209498 1727.2475917621161
-1719.2346725010711 6710.669457885038 101.1153605473238
-2839.4073575269686 6130.553177939636 -1534.0014141895367
-4137.6400501758235 4643.725179959196 -3052.0203171757407
-4531.8329663666955 3028.325822887574 -4276.775587243724
-4523.3526358744775 1143.8464268634084 -5121.520578064564
-4112.952573278734 -842.2687438748939 -5511.195990101496
-3337.098625152078 -2753.544640484476 -5411.177452932669
-2264.728819564572 -4420.156012055342 -4830.352052509654
-991.127919760022 -5694.017124419942 -3820.3286745703167
370.53904520844503 -6461.939827497252 -2470.8523286591553
1699.2819899263143 -6655.690819145575 -901.8299101897923
2877.036272663056 -6258.054473494739 747.3240534153226
3799.1532569079573 -5304.362524854177 2330.074995296895
4383.698801967125 -3879.3546880687927 3705.7885484806384
4578.733470926182 -2109.6491629808233 4752.226526546705
4366.927577552568 -152.49205171920175 5376.408322926458
3767.101004967383 1818.2146475380512 5522.872645834899
2832.550976440382 3627.364996257981 5178.6054974335075
1646.3163632114251 5114.208046631308 4374.1965246492355
313.7993163707659 6146.631268729093 3181.1209948045976
-1046.6001768150338 6632.899328553251 1705.3889044520402
-2314.0046513616076 6529.805175036191 78.12552596296298
-3375.799657792549 5846.509176139132 -1556.0796483561487
-4532.969918009667 4244.8981085564765 -3071.1724990063085
-4779.041064594308 2596.990039910532 -4291.326832552649
-4600.473440113471 718.3280095154925 -5130.177944849048
-4013.1335616333813 -1224.1606168555816 -5513.190233330526
-3069.209154855609 -3057.8772002786363 -5406.331375343743
-1852.5720456663717 -4619.887975183884 -4819.096249363196
-471.3257803411897 -5771.401429449567 -3803.663273371188
951.7998489464355 -6410.100539330663 -2450.2581234388053
2290.353884750334 -6479.234086029347 -879.1367864582146
3425.399926841692 -5972.659250533866 770.0997120274279
4256.084153313181 -4935.387430045045 2350.9094715725137
4708.596625245124 -3459.584777805723 3722.8306077720913
4742.729623688089 -1676.3828359205954 4763.961907098105
4355.450281940229 255.7730776209322 5381.794284675944
3581.170069063237 2165.2024307741876 5521.430622445121
2488.6871798439665 3882.2440461188185 5170.463619010856
1175.0735132717812 5254.331241018379 4360.078232821625
-242.95059167980298 6159.548046900617 3162.280761758004
-1639.3874703895046 6517.461978084345 1683.500767571656
-2890.1575780216986 6296.270811104483 55.13434226511625
-3884.1245015990366 5515.628351828631 -1578.1310113047564
-4890.136908588792 3812.5921518456703 -3090.2716461829073
-4985.462309926712 2145.7619745153734 -4305.803972928129
-4637.807506686645 288.27142922806354 -5138.746720969169
-3878.063153794467 -1594.833297604453 -5515.089271833538
-2773.7358710878025 -3336.2300871341904 -5401.391938324874
-1422.9499838956044 -4781.188192617466 -4807.757227477942
54.27125387886074 -5801.316745287881 -3786.9321884745195
1526.6702525807295 -6305.972846480264 -2429.621605846938
2863.4178996587284 -6250.31558695684 -856.428481321075
3945.7383004495805 -5639.29035847413 792.8620721446658
4677.4625376581525 -4527.189434022882 2371.703351082443
4993.573701689551 -3012.8278611151018 3739.8083792278276
4865.983928388584 -1230.7633111699158 4775.615021000083
4306.0301290315465 660.6599600885079 5387.08731071513
3363.4666560080827 2493.380694634592 5519.893252029869
2122.044410267989 4104.553612441455 5162.232454249202
692.0692062370862 5351.018929246037 4345.884648824508
-799.3993838636868 6122.022731627329 3143.385920751089
-2219.8378306017357 6349.057948249277 1661.5835590970512
-3443.03394449297 6011.951503787391 32.14220647787532
-4360.301382910405 5140.656785199369 -1600.155122240611
-5206.32292145792 3350.436316683956 -3109.3174288912155
-5149.524924925647 1678.476499911005 -4320.2067583711305
-4635.1690404957935 -142.6233197518518 -5147.226758454674
-3708.9580457136262 -1951.0504315625506 -5516.893072816919
-2453.189852075488 -3586.1181504851693 -5396.359227172913
-979.4449744340947 -4902.5435343168865 -4796.335182662179
581.327887409233 -5783.356410666605 -3770.135708801653
2090.447215340836 -6150.2926900870225 -2408.9431322460555
3413.821134412911 -5970.748473878289 -833.7053869175738
4433.862064385105 -5260.677053567363 815.6107406943662
5059.934892253495 -4083.171390945981 2392.4562747468203
5236.4102997866285 -2542.8580315365516 3756.72156966658
4947.6076725756075 -776.6005768763787 4787.185667020428
4219.188391437597 1058.6612470947205 5392.28730964121
3115.875706117088 2799.856373403068 5518.260561137278
1735.70379051274 4292.271973967272 5153.912145288699
201.30697611070636 5403.300373319175 4331.616017760298
-1350.976846539867 6034.2218225085335 3124.4367980701013
-2783.220447711126 6128.976182021706 1639.6376575063373
-3968.1626981415075 5679.144111193287 9.14951564177307
-4800.516278846849 4724.695163571883 -1622.1516008395802
-5479.053086973739 2862.2951588684514 -3128.3095182384573
-5270.01588355788 1199.0897329982695 -4334.534940166631
-4592.7146418041075 -570.6600777674622 -5155.617910867732
-3507.3305493298417 -2289.704236322979 -5518.601605131666
-2110.30474588099 -3805.298125279709 -5391.2333287954125
-525.7691048407767 -4982.77457652956 -4784.830312157909
1105.483428464248 -5717.509640108691 -3753.2741244032095
2638.5089078161195 -5944.2188812863815 -2388.223059723068
3937.091291802882 -5642.758189086876 -810.967895642281
4885.845836872418 -4839.913668950551 838.3453248403335
5400.471538154535 -3607.021579716673 2413.167884193014
5435.241643692631 -2053.6297939714896 3773.5698870223127
4987.066677023545 -317.76398882600137 4798.673645351003
4095.768950719294 1446.3365412109276 5397.394191657799
2840.544179157627 3081.923722417929 5516.532577961531
1332.924591755005 4443.668456088594 5145.502835808908
-293.1311950682873 5410.573746717974 4317.272586027389
-1893.1409888246915 5896.725816039654 3105.4337209386554
-3324.9368978116436 5858.92791925119 1617.6634417730909
-4461.297572182767 5300.538565355583 -13.843333193074097
-5201.252379183548 4271.173098897739 -1644.1200672546174
-5706.2152910717805 2352.2364742909995 -3147.2475862590154
-5346.08995700751 711.6456244724443 -4348.788270887906
-4510.9410693337495 -992.1780620859038 -5163.920033305427
-3274.975271710893 -2607.842373726152 -5520.214839273927
-1748.0135492042411 -3991.788446133105 -5386.014331709135
-65.73315181969197 -5021.04659742606 -4773.242814637403
1622.3879245692142 -5604.1627240376465 -3736.3477264540716
3166.3527141280315 -5689.324399155456 -2367.4617460833488
4428.973169726535 -5268.964634219414 -788.2164001383937
5298.0599229662275 -4380.434239062521 861.0654319895747
5696.390801897345 -3102.6830385459048 2433.837821761842
5588.572359880595 -1549.2448341542154 3790.3530403492314
4984.184738642595 141.85057250105527 4810.078757611244
3936.9304306417584 1820.3419332885842 5402.407868576533
2539.8625769437567 3337.0879248644546 5514.70933234237
917.1167872809616 4557.319009746971 5137.004671026289
-787.1188536324532 5372.612301148389 4302.854601315842
-2421.4155301864407 5710.525412272038 3086.377017512079
-3840.558810676344 5541.033280287307 1595.6612913599015
-4918.451586822903 4879.196024925013 -36.83594297383203
-5559.318355210973 3783.8207907490482 -1666.0601421224756
-5886.076671583913 1824.497387821458 -3166.1313059201893
-5377.275660802959 220.24190671256977 -4362.966504400793
-4390.680109774078 -1403.5830343234468 -5172.132982402253
-3013.9533628095132 -2902.693463237078 -5521.732747385508
-1369.4236330428178 -4143.886839681672 -5380.702326038527
396.78539613634985 -5016.877685272673 -4761.572890199791
2127.7383016047647 -5444.096932322104 -3719.3568072483567
3669.632321549876 -5387.58427590884 -2346.6595498443858
4885.463405809086 -4852.361113556894 -765.451293290915
5667.199626959114 -3885.9843720294202 883.7706697990983
5945.380291157903 -2574.3208656856013 2454.4657305137634
5695.287825615647 -1033.9176532045658 3807.0707398268437
4939.144043408473 598.3536800365973 4821.400806851554
3744.135637867854 2177.458662974598 5407.328253818545
2216.444350034036 3563.0868880873836 5512.790855764576
491.81225499387904 4632.119206844332 5128.417797691723
-1276.5195171850055 5289.567406352837 4288.362312603151
-2931.4269283483704 5477.014328922671 3067.2670168717527
-4325.864192572817 5177.804492886226 1573.6315862116808
-5335.929439544824 4418.524005236085 -59.827916651754556
-5871.87393947262 3266.63826934748 -1687.9714465702157
-6017.296956226823 1283.4491227107494 -3184.9603511277796
-5363.478061266479 -271.00431422560456 -4377.069395867952
-4233.090603326797 -1801.3778285601913 -5180.256616332604
-2726.5744686694243 -3171.6910176107704 -5523.155303254361
-977.7902270957745 -4260.185541009878 -5375.297403514147
857.8749671170568 -4970.143883573937 -4749.820740367583
2617.3142057792456 -5238.483130965271 -3702.301660194373
4144.19359136376 -5041.360163465768 -2325.816830229652
5302.843189861575 -4396.290221797647 -742.6729682199788
5990.31189979614 -3360.5906011209436 906.4606461826673
6145.5151093830345 -2026.287757825667 2475.051254234994
5754.662332352403 -511.9403550302783 3823.7226967649517
4852.482553172556 1047.8951949228438 4832.639597556716
3519.1384043744106 2514.6206581947204 5412.155262415985
1873.1033648630598 3757.9110407550197 5510.777181357432
60.63487140490516 4667.294536023256 5119.742364087937
-1757.2212964693206 5161.968429681111 4273.795970149928
-3418.940640713594 5197.978775436464 3048.1040490194086
-4776.872105256608 4772.125896040149 1551.5747067492025
-5710.3575202896145 3922.248688651103 -82.8188571891229
-6136.45261015366 2723.862472770528 -1709.8536022216392
-6098.938538696963 733.5607436704843 -3203.734396731747
-5304.978425657214 -757.991033867929 -4391.096701753095
-4039.6476989834327 -2182.191981658333 -5188.29079481321
-2415.376546553073 -3412.495595486585 -5524.482482315024
-576.4885882560593 -4339.584000165612 -5369.799657471097
1313.6229109859914 -4881.081322479207 -4737.986568083207
3087.0132498477537 -4988.873149017954 -3685.1825798095333
4586.108914326017 -4653.381702957247 -2304.933947162414
5677.708675958948 -3904.4168715595347 -719.8818182738759
6264.819105518789 -2808.527466872538 929.134969317612
6295.272864847474 -1463.0880717341374 2495.5940374435722
5766.364003784526 12.35311923409688 3840.308623608632
4725.088395713682 1486.6966813476242 4843.79493564926
3263.9679479748147 2828.940719062461 5416.888811013478
1512.8296243709424 3919.8209592867543 5508.668343894148
-372.7302503017581 4662.407905427469 5110.978520026962
-2225.171406535332 4990.719448530852 4259.155825495593
-3879.896318294404 4875.583667220712 3028.888444871438
-5189.875415528447 4327.23088093151 1529.4910338624727
-6038.711306699677 3394.384641131592 -105.80836756604438
-6350.981197822553 2159.932429955472 -1731.7062312039582
-6130.4732164333855 179.36217471164267 -3222.453118531777
-5202.4307268188895 -1236.6656032773026 -4405.048179825168
-3812.129436635324 -2542.810215397456 -5196.235379105565
-2083.1037167522195 -3623.014980940713 -5525.71426164906
-168.9850900856036 -4381.298966088013 -5364.209182847406
1760.1486034139725 -4750.285311084571 -4726.070577705496
3532.8853692153084 -4697.1879599075355 -3667.9998617153265
4991.709766149794 -4226.724845222866 -2284.01126125947
6006.998844604344 -3380.6986793636847 -697.0782370224057
6488.539714435573 -2234.282599891243 951.7932476515655
6393.545356151665 -889.3407064307708 2516.093725395827
5730.456435362026 534.623011603474 3856.828233943215
4558.191312596615 1911.0831289023079 4854.866628492824
2980.91088841388 3117.7351235480082 5421.528817869571
1138.763450283624 4047.362670511221 5506.464379791263
-804.5681177854724 4617.364282640998 5102.126416847576
-2676.4102778002502 4777.092815288703 4244.442131454003
-4310.441639399446 4512.355687371483 3009.6205362532323
-5561.471345276422 3846.6759544845377 1507.3809489041903
-6318.339916010592 2839.20218218224 -128.79605078735756
-6513.7962576291875 1579.4528363595298 -1753.528956154241
-6111.785541320886 -374.5932017529375 -3241.116193282954
-5056.85503943832 -1703.0584756576675 -4418.92358916257
-3552.6007756588256 -2880.199530251201 -5204.090232018334
-1732.682342630324 -3801.422217034461 -5526.850619985442
241.1925202920863 -4384.871857567576 -5358.526076182386
2193.6363693306043 -4578.706390862613 -4714.072975006165
3951.1660003394627 -4365.702768007466 -3650.7538026321304
5357.617192811771 -3764.78729564381 -2263.049133825036
6288.020586186933 -2829.353950565298 -674.2626182500763
6659.705755955567 -1642.5200905637373 974.4350899091982
6439.64684367021 -309.7411124349094 2536.5499640920634
5647.397049400048 1050.5597228102515 3873.281242499186
4353.351244096951 2317.5137163783065 4865.854484895484
2672.491076388559 3378.5464460047288 5426.07520285813
754.1683485091486 4139.380497396749 5504.165327108007
-1231.1655467486364 4532.412426222967 5093.1862074126375
-3107.104980296742 4522.719620814942 4229.65514210914
-4706.964501039876 4111.163329469366 2990.300655893377
-5888.589569692133 3334.3121347573233 1485.2448336831985
-6546.987613427551 2261.192674484308 -151.7815098893156
-6623.657076728021 987.1563220027408 -1775.3214002259965
-6043.1727626720285 -923.7660551581777 -3259.7232987012826
-4869.627890951629 -2153.3161644519787 -4432.722690157299
-3263.3952111101653 -3191.5346828618653 -5211.855217909704
-1367.195545587577 -3946.1713388802023 -5527.891537700924
650.485443999296 -4350.17335395135 -5352.750435614972
2610.36794727848 -4367.643376102596 -4701.9939671662505
4338.307803030927 -3997.02911719987 -3633.444700374145
5680.7699721338695 -3271.2612805605563 -2242.0479268443455
6518.470799564284 -2254.8275234497805 -651.435355949194
6776.976890615488 -1038.0424457328668 997.0601050990483
6433.31884466227 270.97725866164006 2556.962400283019
5518.032187206068 1555.9194444599543 3889.66736515718
4112.444154431204 2702.6113595779843 4876.758315113045
2341.4474113712145 3609.1643951829037 5430.527887469746
362.4027905381655 4195.0273357187525 5501.771225545654
-1648.8429086126682 4408.14368790175 5084.158046106477
-3513.5816795053097 4229.5771285947285 4214.795112810655
-5066.123299074682 3675.1940802185577 2970.929137417903
-6168.517631205378 2794.253909491376 1463.0830704577616
-6722.812101709689 1665.0320165246205 -174.76434794678545
-6679.75521440214 387.86472201696813 -1797.083187095598
-5925.341370014342 -1463.668416689061 -3278.27411346932
-4642.469655484885 -2583.7331390171635 -4446.445244519056
-2947.0941389230525 -3474.2218334174795 -5219.530202689725
-989.8563750083481 -4056.0106715472393 -5528.83699682038
1055.3344717390391 -4277.405162000382 -5346.882360882023
3006.754219413357 -4118.733432726413 -4689.833762772539
4691.010659769242 -3594.094163190739 -3616.0728538442318
5958.45021684342 -2750.103854833117 -2221.0080029775177
6696.4553239229635 -1661.7547503415951 -628.59684431318
6839.450988561795 -425.75144379158587 1019.6679025202375
6374.731418430617 848.0817469186995 2577.330681475789
5343.588986723819 2046.5591526698356 3905.9863189528432
3837.6452235925744 3063.1907965293485 4887.577930852311
1990.709841116481 3807.644495525818 5434.886794813072
-33.10884682907467 4213.772271522179 5499.28211644684
-2053.985668438097 4245.487889358757 5075.04208883223
-3892.356849638731 3899.973277209078 4199.862300169507
-5384.875043422274 3207.928924628547 2951.506315344599
-6398.923458462873 2230.8460093305366 1440.8960419291643
-6844.399443005948 1055.542636197063 -197.74416807977758
-6681.720500885723 -213.55033233507626 -1818.813940968837
-5759.400271285796 -1989.9004813820554 -3296.768317241617
-4377.429103773222 -2990.7823934753947 -4460.091015279432
-2606.5041503591515 -3725.9201650761033 -5227.1150538226475
-603.9798647306365 -4129.99357907846 -5529.686981017118
1452.210682401192 -4167.098939401398 -5340.921953316597
3379.365937480044 -3833.9392719460316 -4677.592571813958
5006.249698910649 -3160.1172752128905 -3598.638563028753
6188.306205028109 -2205.504990630835 -2199.929725553217
6820.504547894337 -1054.9239089319913 -605.7474777296854
6846.671130388938 189.39179153277266 1042.2580917691362
6264.480936827118 1416.8792001876604 2597.654455939969
5125.664120806416 2518.470674033929 3922.2378220817304
3531.4095540455687 3396.2849763657628 4898.3131452743455
1623.3737510722005 3972.3244541963686 5439.151849616156
-428.90593374232924 4195.405472012888 5496.698042794828
-2443.0754441211066 4045.7063024073987 5065.838493009136
-4240.166980029771 3536.5283735433295 4184.856962053511
-5660.5010720964765 2713.114378890792 2932.03252507714
-6577.874803207601 1648.628265367462 1418.6841312348586
-6910.775491525608 437.65429558025346 -220.72057346040788
-6629.6234499828415 -812.2071789834943 -1840.5132865874236
