-3742.4080287134557 -3508.8168782384387 -4656.357268280612
-1857.6054323437852 -4016.788609447246 -5330.458523710814
192.25355865679097 -4167.851045320195 -5530.925146977377
2225.029977279886 -3948.581625503392 -5239.944798869777
4060.1027180384367 -3378.463400195555 -4483.372360263594
5534.417514831946 -2508.1538756379214 -3328.432612492465
6516.975028041427 -1414.9838723778546 -1877.7470205154268
6920.470710735566 -196.08634250256642 -260.21536540851685
6709.052200795358 1040.234319414796 1380.4375668512362
5901.504960623832 2184.1255970590514 2898.4325633457997
4569.583106372942 3133.947730527286 4158.88910702527
2831.63373983565 3805.304855035087 5049.810102561316
842.0812890939537 4138.54394386772 5492.033309758166
-1222.293779596611 4104.055241586747 5446.265255991792
-3178.0626820220914 3704.903220741014 4916.57263368914
-4851.446768451584 2976.554290032438 3950.0209568595624
-6093.758519280631 1983.725448261159 2632.4925836315974
-6794.613083652833 814.6338949760958 1081.0556918444927
-6891.736457874071 -426.84145483955064 -566.4377422977477
-6376.498803925892 -1630.390068229823 -2163.6006972657333
-5294.681248444808 -2689.071369208902 -3568.518235476379
-3397.372042439771 -3828.8161159045826 -4668.7372065792615
-1472.4022513313557 -4165.579141680785 -5336.577439982287
583.3969413387313 -4132.212180375677 -5530.239348658524
2587.358755575503 -3731.6800329297275 -5232.515222150809
4361.422389942553 -2999.571738349871 -4469.859155640151
5747.954505176296 -2000.9383314138665 -3310.0364874970455
6623.75563814224 -824.5127727585126 -1856.102551583968
6911.007014786408 425.17436407115554 -237.2457585907514
6584.185089712059 1637.0828928061176 1402.691361189091
5672.329425196434 2703.5294222953303 2917.9931979176577
4256.462398644447 3529.755498370135 4174.018533608989
2462.3900087952843 4042.347308337897 5059.164005210552
449.52346064414826 4195.758820410851 5494.780553173586
-1603.2852196864703 3976.358748505996 5442.161735539867
-3513.6349723466246 3403.641751833439 4905.9829651700275
-5111.782838380714 2528.4962488746537 3933.886078793179
-6255.726366535132 1428.682758080366 2612.2461507408884
-6843.82115421995 201.92453455958142 1058.4966885418053
-6823.812398737859 -1042.7755699880229 -589.3048495703953
-6197.477965820421 -2194.8204889969948 -2184.744065676556
-5020.470418455777 -3151.845975747483 -3586.0591839558965
-3025.175940629675 -4115.2502172280465 -4681.036522619691
-1075.5950745650212 -4277.704095810193 -5342.604201372184
969.5571340460037 -4060.0651930843724 -5529.45805120039
2928.559936465572 -3481.671680650386 -5224.995287552462
4627.347336756616 -2593.916360326091 -4456.268763091345
5914.974619397513 -1475.6801881723661 -3291.583203016197
6677.030449666366 -226.32335538368218 -1834.4260304780896
6845.802822816852 1043.1433007345174 -214.2720548859769
6406.295572849208 2219.922096823474 1424.9209331001703
5397.560847668837 3199.4510726420194 2937.503443017873
3909.22915436747 3894.6947800965386 4189.075881001885
2073.545295330958 4243.87776475296 5068.430543502182
53.61783720065146 4215.973586060261 5497.43290977122
-1971.0738010629889 3813.4616527507496 5437.9642369201165
-3820.6268821871795 3072.1069164935443 4895.308577505688
-5330.700498284188 2057.78199898672 3917.683268272014
-6367.117981714829 860.6141204423417 2591.9546081824997
-6837.789090833044 -413.02309944616815 1035.9194065505576
-6700.892632087571 -1649.9614044268694 -612.1617804108394
-5968.59245659815 -2740.2933978878946 -2205.849706755025
-4705.956648603415 -3587.1382973670684 -3603.5382064420187
-2629.0558531326565 -4365.8332007414965 -4693.255004010728
-670.6512748113821 -4352.291046073344 -5348.538703807164
1347.3436123815436 -3952.0287322469085 -5528.581268094836
3245.621106894313 -3200.611322367899 -5217.385124932996
4855.51092288588 -2164.805550845066 -4442.6014173033645
6033.967285320338 -936.6473060369378 -3273.073077711101
6676.27917482477 374.73616232154257 -1812.717831519616
6725.374361277441 1652.8226781551975 -191.2946510164313
6176.890521911355 2784.0486457419056 1447.1258987123053
5079.562852835858 3667.8996735582095 2956.9629617330643
3530.8937329914656 4225.841719066271 4204.06088918562
1668.4892098988757 4408.299183034354 5077.609557416682
-342.1679015375525 4199.05991908751 5499.990333748756
-2322.4218933432376 3616.7157540588055 5433.672832617218
-4096.318508144792 2713.0105225863003 4884.549655027165
-5506.239247099989 1568.2424003314254 3901.412805094847
-6426.90646521741 284.12905868868273 2571.6183063617536
-6776.514839885784 -1025.230396698375 1013.3242357473744
-6524.0001327847485 -2243.493632189303 -635.0081401133383
-5691.799383782777 -3262.4126130505565 -2226.9172560376373
-4353.857281481526 -3991.4519163803348 -3620.955001097587
-2212.4384570369994 -4578.588735621523 -4705.392439757073
-261.1003365532978 -4388.793584947306 -5354.380844807053
1713.4376946531474 -3809.0348643470993 -5527.609014482622
3535.7292673921856 -2890.826680375471 -5209.684865708789
5043.855778431108 -1715.7558596685433 -4428.857354291256
6103.813568959914 -388.23260135949005 -3254.5064312245636
6621.420737741969 973.7868273110556 -1790.9783295773411
6550.68561634935 2249.2810229818924 -168.3139437682487
5897.8933307337575 3324.916728953622 1469.3058745782569
4721.047340203913 4105.118992401074 2976.371418025833
3124.71557552192 4520.563418355729 4218.9732993910075
1250.7391193663866 4534.3359464236655 5086.700888445905
-734.3709963230982 4145.2128270463045 5502.452780943219
-2654.2290262552283 3387.769357019011 5429.287596737419
-4338.2471593123455 2329.3077126396306 4873.70638352532
-5636.792994180486 1063.8768559936805 3885.074970228805
-6434.485034857064 -296.0841280539881 2551.237596456775
-6660.444842914112 -1629.736737980262 990.7115663177797
-6294.594897797471 -2818.5800867551225 -657.8435341546599
-5369.442572636809 -3756.9802256867983 -2247.9463497186384
-3967.191711486735 -4361.556184330052 -3638.3092671600634
-1778.9115403946118 -4751.865843528147 -4717.448620262967
149.49663991095815 -4386.995358340589 -5360.130523486627
2064.62138770527 -3632.321083552433 -5526.541307153146
3796.295464760258 -2554.899140312102 -5201.894642852038
5190.652030003019 -1250.4631964648556 -4415.0368113948925
6123.79638357878 165.0818899556614 -3235.883584175378
6512.814554635763 1565.958726003667 -1769.2079000606718
6323.140571497448 2827.6932571495527 -145.33032998460786
5571.62779993622 3838.17483327026 1491.4604776822791
4325.051447664819 4507.617731902053 2995.7284767405436
2694.175294092709 4776.539013699765 4233.812854102564
823.9098424469203 4621.0438426340415 5095.704379595883
-1119.5636143690401 4054.9486470334014 5504.820208831754
-2963.5589309243305 3128.5534692948 5424.80860500734
-4544.229031102832 1924.1725863785953 4862.778950247573
-5721.124439847213 548.8205250703311 3868.6700458043706
-6389.672835370093 -875.2966483496327 2530.812830412589
-6490.4707588529545 -2221.639873387654 968.0817887494774
-6014.561872449945 -3370.580646169189 -680.6675682009914
-5004.232769209709 -4220.030536989059 -2268.9366246563904
-3549.2556237114436 -4694.51219529845 -3655.600704946641
-1332.1932899483602 -4884.3518180757 -4729.423337335825
557.5776510453834 -4347.011261517067 -5365.787640557356
2397.8053708545362 -3423.419677827922 -5525.378164544149
4024.9775608676905 -2195.6422323339707 -5194.014590888501
5294.512831274657 -772.7723390799163 -4401.140027274812
6093.607402036016 718.7617677569585 -3217.2048581528556
6351.258213770838 2146.430737294541 -1747.4069189130619
6044.571861174535 3383.3799163673684 -122.34420655887916
5200.798772546166 4319.700942152756 1513.5893254467815
3894.9118896475848 4872.197582532515 3015.033803609133
2242.944992814514 4991.77808641734 4248.579297062902
391.68259036788953 4667.817201266663 5104.619875389481
-1494.3825291036362 3929.100273405059 5507.092576532346
-3247.6652028746366 2841.265543678839 5420.2359347726
-4712.378571226177 1500.9719017083248 4851.767543894698
-5758.376423591554 27.31031936430452 3852.19831511057
-6292.717260502103 -1448.7779047045713 2510.3443609350284
-6267.922553682199 -2796.135854083357 945.4352938256096
-5686.195421642552 -3895.044862186751 -703.4798481146709
-4599.224872932347 -4647.862041162011 -2289.887718379505
-3103.5930108962425 -4987.696280973399 -3672.8290158595314
-876.1005645290818 -4975.08226003395 -4741.316384189823
959.6104561200083 -4269.285789981777 -5371.352098329096
2710.0558765617197 -3184.1445420376294 -5524.119606741406
4219.700939486631 -1816.0780781452404 -5186.044845895134
5354.407056085561 -286.64510728229476 -4387.167241908136
6013.350608322955 1268.25753928403 -3198.47057571126
6137.981569856361 2710.4699378284163 -1725.5757626055195
5717.225932819579 3911.845187695343 -99.35597042777573
4788.469682019008 4765.6358257857 1535.692035738994
3434.2368861179907 5195.978807106632 3034.2870652568286
1774.8570719850165 5164.636269238723 4263.272373277158
-42.22658182579003 4674.3931342159885 5113.447221869146
-1855.5582185330672 3768.8096559817654 5509.269844804531
-3504.015364540549 2528.3509006648146 5415.569664996541
-4841.125368290459 1063.2370723386184 4840.672354617583
-5748.080138139022 -496.35003580392976 3835.660062590098
-6144.292762679713 -2011.8342650690256 2489.832541484554
-5994.558011471644 -3348.5581910934698 922.7724726179875
-5312.180474259779 -4387.748026933696 -726.2799799610083
-4157.792389789902 -5037.067195265793 -2310.799269093258
-2633.9662053158067 -5238.820838493228 -3689.9939023910215
-414.51642374517104 -5023.448150855392 -4753.127555449424
1352.122934272448 -4154.58856386201 -5376.823800711812
2998.6202358862333 -2916.5755508578573 -5522.765655478362
4378.676970313347 -1419.412000979007 -5177.985545497771
5369.669040420735 203.8725341737953 -4373.1186965844145
5883.542451882288 1809.0420999853743 -3179.6810603642316
5874.6372969933245 3253.470336362773 -1703.7148081301723
5343.744837845348 4408.813455734928 -76.36601856446207
4338.037199216857 5172.41415180585 1557.768226877437
2946.875918275242 5476.423151723197 3053.4879292080323
1293.871779842921 5293.827921722778 4277.891829017415
-474.0985442912365 4640.852849296097 5122.186266599525
-2199.9431322179003 3575.5176351621917 5511.35197605007
-3730.313118555607 2192.481988243412 5410.809876258794
-4929.228414100161 614.634695120469 4829.493574013877
-5690.160133489303 -1017.8255879438514 3819.055573834362
-5945.496154161467 -2559.8476008653374 2469.277726270324
-5672.548750156265 -3874.415920743757 900.093716480368
-4895.570496129505 -4844.725383469894 -749.0675700151075
-3683.599319664373 -5384.559735147566 -2331.6709156858515
-2144.3241784377124 -5445.952324606179 -3707.0950681286195
48.642812741147495 -5029.199912223619 -4764.856647152999
1731.7328731356877 -4004.0070684331195 -5382.202653217212
3260.9508681676266 -2623.0406253167 -5521.316334135778
4500.41906811567 -1009.0055116167247 -5169.8368288687325
5340.005284097854 694.6841697381489 -4358.994633901466
5705.108596360742 2336.6481140405217 -3160.836636579181
5563.287973380278 3770.990619199057 -1681.824432993713
4927.144799877824 4870.264059121992 -53.37474797179471
3853.2031884874255 5536.793164590136 1579.8175176386196
2436.887564296227 5711.353899567858 3072.6360638918795
804.0437859123783 5378.4357767052115 4292.437411827069
-900.2428113378271 4567.620032205657 5130.836858670105
-2524.5388841501504 3350.9512031742784 5513.33893431361
-3924.5185983493366 1836.535654333699 5405.956650753945
-4975.787612618957 158.93585310163496 4818.231395124788
-5584.936061623115 -1532.7860961570318 3802.38513557858
-5697.838432463839 -3088.313274251154 2448.680270243889
-5304.462854028038 -4369.430265088486 877.3994170416566
-4439.762472760034 -5262.30420194381 -771.8422247686361
-3180.5697122105903 -5687.599317214811 -2352.5022977344397
-1638.7693750309604 -5607.52627353278 -3724.132217760236
509.4606967116856 -4992.4484248072795 -4776.503456756303
2095.176934786877 -3818.93667716127 -5387.488562960395
3494.7275076736955 -2306.0956466219395 -5519.771667741312
4583.756205144667 -588.3478977461681 -5161.59883672443
5265.498048305744 1181.6771437665636 -4344.795297761179
5479.377282617272 2846.7049853509343 -3141.9376297717085
5206.389799517107 4258.790596427763 -1659.9050152108775
4470.791734864535 5292.463973617312 -30.382555675353654
3337.9442048228743 5855.878701155359 1601.8395272635728
1908.5056838558444 5898.972907995341 3091.7311386481333
309.4880575389573 5417.917484743715 4306.9088705252
-1317.028940856223 4455.456316833348 5139.398848697823
-2826.5221381700185 3097.1083027243394 5515.2306852832835
-4084.86643951932 1463.568624482336 5401.010072290108
-4980.252431576209 -300.0155488100286 4806.886012431648
-5433.121139609738 -2036.9420239940716 3785.649035696822
-5403.233191529535 -3592.8772613734077 2428.0405290931685
-4893.2442626836255 -4829.5695869975525 854.6899661992273
-3948.469107449507 -5637.133460599925 -794.6035509366698
-2652.8551444472387 -5943.813288075252 -2373.293055511571
-1121.5233599978028 -5722.359220910114 -3741.105057079229
964.0536940334529 -4913.663005068152 -4788.067783135973
2439.3385521375103 -3601.0680467649913 -5392.6814386614205
3697.877475023198 -1968.502389479967 -5518.1316829690895
4627.843756385086 -161.02665625917135 -5153.271711322927
5146.6058110343365 1660.7570020240828 -4330.520933365307
5208.06935386559 3334.975112565467 -3122.984366300057
4806.773079369974 4712.866049058146 -1637.95693329792
3978.3739225961176 5671.998155020017 -7.389838716645143
2796.478783993195 6127.1483337544405 1623.8338754643837
1366.1042332874817 6037.8744944872 3110.772823732798
-185.65467359552895 5412.109009608974 4321.305955210886
-1720.9173479974477 4305.453888577802 5147.872088829643
-3103.2689639084033 2816.240295373309 5517.027196291322
-4209.881513904567 1076.791393057908 5395.970226287444
-4942.427616629573 -758.3351499518703 4795.457621852617
-5235.817336130694 -2526.0802869894324 3768.847563197037
-5063.981708310675 -4069.372105007238 2407.3588592362826
-4442.189082789558 -5251.082353349807 831.9657561120384
-3425.688463036874 -5966.2108906018975 -817.3511554643615
-2104.8003899571863 -6151.215407938754 -2394.0428299912483
-596.8915654654242 -5789.657442116064 -3758.0132929895126
1408.6038601747407 -4793.666364595149 -4799.549426593033
2761.2745183489933 -3352.3719961356182 -5397.78119064693
3868.5938179142972 -1613.2046641772515 -5516.396408139249
4632.171579713576 269.3029816253369 -5144.855596461488
4984.1605687051415 2127.8818756938263 -4316.171787211224
4893.285018538862 3797.389127051138 -3103.977173459318
4367.619620647799 5129.481689902227 -1615.980566266107
3453.872052479173 6005.797294245885 15.603005853761957
2233.2327953798917 6348.471452988482 1645.8001824308983
814.1610040304654 6127.056063324961 3129.760790323841
-677.2525654138295 5361.224854292347 4335.628417267553
-2108.4892723471744 4119.0252896080965 5156.256432745115
-3352.377454479687 2510.832251897434 5518.728436314612
-4298.392188115547 679.5407499998204 5390.837199776718
-4862.4759126539175 -1212.130929650752 4783.946420739265
-4994.507313728907 -2996.0994568528595 3751.981008216062
-4682.754821944751 -4513.851399147701 2386.635617815399
-3954.9190142997422 -5630.527835917672 809.227179193938
-2875.6712963579625 -6246.9071653019355 -840.0846455339042
-1540.9075640591802 -6308.221378948554 -2414.7512628552763
-69.22743253226717 -5809.022439902053 -3774.8566335105975
1839.3908740305988 -4633.626601802613 -4810.948188856297
3058.2400433324447 -3075.0820023173555 -5402.787730851677
4005.3511639188214 -1243.3028721511123 -5514.565873217447
4596.569256396944 698.9491743505614 -5136.350637474107
4779.361998732257 2579.0965194232267 -4301.748107087694
4537.487453595539 4230.079820566504 -3084.9163794758974
3892.437235771141 5505.201966252908 -1593.976293615118
2901.526887869031 6291.162758056827 38.59558098309511
1652.8031428387014 6518.126130494376 1667.7380688370895
257.22058536006887 6165.925391912115 3148.6947105268896
-1161.21714992176 5265.855123540567 4349.876009367244
-2476.47564551553 3897.89051861784 5164.551735658879
-3571.6884121708613 2183.581235505144 5520.334375975225
-4349.540989308397 275.25117712936475 5385.611081397781
-4740.917761899632 -1657.5361562542314 4772.352607873196
-4711.04318617117 -3443.0441281770177 3735.0496620146178
-4262.571749278898 -4922.622519761004 2365.871162690566
-3435.35210647518 -5964.804297891111 786.4746281068684
-2302.8863532167215 -6476.987038041077 -862.8036285711984
-965.7990414246827 -6413.66105607164 -2435.417996499317
457.10375353724874 -5780.453143382279 -3791.634787782658
2252.8231615002032 -4435.046300727769 -4822.263873085825
3327.712064782409 -2771.674466946359 -5407.700972820036
4106.919147684832 -862.0271934837034 -5512.640109814341
4521.208441397628 1124.214979064007 -5127.756981228977
4533.768524095798 3010.565717185685 -4287.250142070556
4143.483377312601 4629.414479685383 -3065.8023135018075
3385.0315490778635 5836.919449814229 -1571.9444953265493
2325.804812741299 6525.788511927955 61.587489623234646
1059.9201121663252 6634.8126268056985 1689.6471558477967
-300.143141757386 6154.304523396118 3167.5742573808184
-1633.5373603794894 5126.959455362229 4364.048485474905
-2821.7846158712387 3644.061540428424 5172.757854323203
-3759.303925045001 1837.3727659268952 5521.844987540937
-4362.792583044981 -132.5746420048525 5380.291961398057
-4578.627974241504 -2090.7422112002014 4760.676383462585
-4387.632176948761 -3863.138159859324 3718.0538169722813
-3806.7760059274506 -5292.2773299124065 2345.065852433532
-2887.671081018146 -6251.174434426228 763.7084957540857
-1711.9839082245533 -6654.627257614118 -885.5077122526592
-384.17945226758974 -6466.787245612275 -2456.042674039141
977.761033967108 -5704.344807809388 -3808.3474660715
2645.467848515706 -4199.748835880897 -4833.4962838763295
3567.4106163815263 -2444.846925416838 -5412.520831707511
4172.3732956582335 -472.7096365954442 -5510.6191511850475
4406.602297457081 1541.429977889508 -5119.074776125964
4249.285347071202 3418.606774384947 -4272.678142518447
3714.400745916447 4992.025356667551 -3046.635305608978
2849.4753381078144 6121.880578867811 -1549.8855518573084
1731.3615417917383 6707.779846205233 84.57833473760456
459.40867453249774 6697.663437600305 1711.527065125154
-853.3646695406994 6092.430240352723 3186.399104863502
-2090.312817796058 4945.857880060051 4378.145600852599
-3141.5274990035205 3359.8243425842375 5180.874647030427
-3913.6036755581695 1475.2556679235304 5523.260244925696
-4337.93899097262 -540.3959468850188 5374.879931630962
-4376.829390307449 -2508.0310103243164 4748.917949138738
-4026.819290914048 -4252.816512183467 3700.9937665823877
-3319.0086261175384 -5619.72060375727 2324.2200463215536
-2316.289479661022 -6487.287857949574 740.9291752733591
-1107.7578480676732 -6778.431116969194 -908.1965045119921
199.20292964172523 -6467.281024591102 -2476.6249393167277
1488.4636528647952 -5581.4846319827875 -3824.9943797736396
3014.0792936563107 -3929.8620054391313 -4844.645227260482
3775.3180726675423 -2097.494388420685 -5417.247224282193
4201.103273211799 -78.75519028851998 -5508.503032228565
4253.602011693133 1946.9817521122268 -5110.304172094035
3928.149544810555 3799.7208216491417 -4258.032360068458
3253.6637524712223 5314.838021382321 -3027.4156867835804
2290.075657256624 6357.708539133198 -1527.799844133065
1123.0042900632743 6835.668752837717 107.56771930786911
-143.85093652536386 6706.249800014365 1733.3774188351522
-1397.9243761242537 5980.9511225672395 3205.1689278973804
-2527.786100214442 4724.218690908318 4392.167112063784
-3433.0429362939876 3047.718696669941 5188.90197361542
-4033.258841823027 1100.4155215392493 5524.580123690073
-4275.1019995912 -944.6644017741977 5369.375085554322
-4137.083583719577 -2905.8067473985725 4737.077507952606
-3631.467136142199 -4608.755411593693 3683.8698054470647
-2803.178897087536 -5902.19593227873 2303.3341043311693
-1725.8159114786865 -6671.200443020556 718.1370600302422
-495.1066085165653 -6847.439518319071 -930.8696135469627
779.595089351812 -6415.253542921553 -2497.1644369064993
1985.0263423345775 -5413.044137358994 -3841.575241421257
3355.6259630006048 -3627.7991373356476 -4855.710510712367
3949.6961084304908 -1732.6840212483712 -5421.880068926201
4192.818421670455 316.38767388543755 -5506.291789487168
4063.390418264416 2337.34693575009 -5101.445320588682
3572.9123443004455 4150.622665095244 -4243.313047631851
2764.965329077796 5595.097355939166 -3008.143788920307
1711.339010516106 6542.423093027543 -1505.687753541629
505.6527107825202 6908.425827349576 130.55524634108352
-744.9630513244839 6660.584609784209 1755.1978396541547
-1929.3855771047995 5820.9212201453865 3223.883402355097
-2942.373727390193 4464.043435404638 4406.112776977488
-3693.9190596025564 2710.5158012962233 5196.839695458002
-4117.243472872442 716.146943339959 5525.804601041705
-4174.7327353522305 -1341.854713291128 5363.777518228775
-3861.2786737831157 -3280.626690013926 4725.155264371271
-3204.7330571060184 -4927.900588535847 3666.6822292720594
-2263.4328445656583 -6137.308894030848 2282.4083871320727
-1121.0166908742196 -6801.390371154723 695.3325436111911
121.00671530210862 -6861.138466391477 -953.5266478261486
1352.2781437946383 -6311.244299279118 -2517.660812121386
2463.3937248361094 -5200.568379736401 -3858.089764687125
3667.3154243638737 -3296.2378337969044 -4866.691943150734
4089.100230247739 -1353.6283802112475 -5426.419285637087
4147.550535953302 709.256895256481 -5503.985461145785
3837.4727753136726 2709.1215830580895 -5092.498374589311
3186.418718115533 4468.268929420701 -4228.520459389561
2252.237374444596 5830.390972729074 -2988.8199448166483
1117.9348562733412 6674.457191861106 -1483.549661926494
-115.7010798541043 6925.468599123336 153.54051887627918
-1339.056467290701 6561.121729435096 1776.987950775445
-2443.430811256003 5613.790401078077 3242.5422050650363
-3330.695604821693 4167.649159871892 4419.982354772486
-3922.013477382071 2351.194001383985 5204.687675485334
-4164.843241004398 325.8249378281474 5526.933655835651
-4037.6084055499578 -1728.4951013128627 5358.087326316111
-3551.61434450976 -3629.2307653264293 4713.151424274442
-2750.0437629570433 -5207.4933492238415 3649.4313348616492
-1704.1197246973 -6323.047296334581 2261.44325608075
-506.7771704919815 -6876.770742929957 672.516019816827
735.5947592665285 -6819.462930804671 -976.1672160957592
1912.6058665598027 -6156.2159105572255 -2538.1137110190034
2919.6735492766056 -4945.962090548255 -3874.5376643896025
3946.6172544128326 -2938.096539443086 -4877.589334942319
4192.39175869909 -963.6574376312295 -5430.864796029223
4065.6538572167337 1096.4068564551803 -5501.584087031328
3577.6647686925844 3059.0505898433244 -5083.463488596591
2771.7844651468677 4749.88425390146 -4213.654850787973
1719.6189480970677 6018.669857476747 -2969.4444881670925
514.657741085394 6752.670231717585 -1461.3859515800748
-736.0330647600077 6886.666222265102 176.5231399914416
-1921.3241027735958 6408.751697327428 1798.7473759156992
-2935.897062663796 5361.391459738617 3261.145013816998
-3689.602684564262 3837.648062873155 4433.775605941471
-4115.470916386509 1972.9127943802741 5212.4457781742885
-4175.661496841171 -67.12443387849964 5527.967268574789
-3864.8262287128327 -2101.1973616164537 5352.304608077623
-3210.5841896528154 -3948.569682822014 4701.066194950864
-2271.067655925482 -5445.094259696215 3632.11742011351
-1129.7567945529465 -6457.798316193799 2240.4390732143415
111.937915871674 -6896.698652716455 649.6878826551206
1343.68645123963 -6722.797048281721 -998.790927386303
2456.0425487440934 -5951.545423598236 -2558.5227804076844
3350.1684876274403 -4651.47287010114 -3890.918656497549
4191.283670203602 -2556.509136032815 -4888.402497905111
4258.747161753563 -566.1896369416319 -5435.216523335149
3947.802278777636 1474.438296074104 -5499.087708612017
3286.0778386873517 3384.055916017815 -5074.34081862977
2332.370961914637 4992.985317138519 -4198.716478534375
1171.4226897344217 6158.266061476313 -2950.0177535574176
-93.61162913249221 6776.357841146449 -1439.1970052372117
-1350.3281439431103 6792.340489074148 199.5027128103423
-2487.062077346943 6204.79387685233 1820.4757393214838
-3402.8096308863396 5065.92409938274 3279.691507367714
-4016.202615737376 3476.924734241253 4447.4922922952
-4272.73837336526 1578.9853482295916 5220.113869553788
-4149.622575916135 -459.2538152353762 5528.905421410141
-3657.7946022781257 -2456.686261814508 5346.429463372395
-2840.955526260489 -4235.831353041317 4688.899785094763
-1771.6850844066078 -5638.604239910713 3614.7407840136525
-544.9926478912914 -6540.362395456871 2219.396201244303
730.1247770500113 -6860.980650259071 626.8485263345883
1940.367411450609 -6571.970665368096 -1021.397391019399
2978.1998861817033 -5699.012246240926 -2578.887667852712
3751.4062314106154 -4319.671579331937 -3907.2324581351804
4399.367716297263 -2154.797783150968 -4899.131245311626
4287.664662596134 -164.70222746963242 -5439.474392406907
3794.9837875168723 1840.0278439062733 -5496.496368996644
2965.1019489047103 3681.2633665218486 -5065.130522224011
1871.757789996771 5195.40248406379 -4183.705600592585
612.099737373878 6247.9072912483725 -2930.5400764589126
-701.9460630701665 6745.258117116023 -1416.983206068536
-1953.6208753708534 6643.263158200222 222.47884050939248
-3031.7078995708634 5950.985114198129 1842.1726657757881
-3840.4143724629935 4729.935927331522 3298.1813654463745
-4307.8831749809115 3088.6111763395825 4461.132176966534
-4392.577652567844 1172.8497681829635 5227.691817207122
-4086.9723292145954 -847.1244888431509 5529.748098141182
-3418.2215790279806 -2791.828017490946 5340.461993655567
-2445.7468409264 -4488.465375049224 4676.652404802212
-1255.9567630252682 -5786.282886728523 3597.301726631126
45.430584946109526 -6569.963771237767 2198.3150035502754
1342.781226076191 -6769.874542861418 603.9983452574857
2520.8198625710625 -6368.25225224674 -1043.9862166145274
3474.8725918407263 -5400.78280240524 -2599.2080216822737
4120.167642098149 -3953.430099625074 -3923.4787875870347
4569.238859601672 -1736.4442384760182 -4909.775391892079
4278.968068571787 237.2988656419091 -5443.638329717328
3608.4921867072 2189.956924178705 -5493.810112933864
2617.385938446582 3948.0276995344734 -5055.832758427657
1393.7134633459468 5355.2988881524725 -4168.622476178517
46.20343081626224 6286.728269216014 -2911.0117932225203
-1305.4119793018886 6659.554254707134 -1394.744937673837
-2541.0358063529548 6440.649619695033 245.45112632451765
-3550.8774508575884 5649.465001647706 1863.837780604408
-4245.208051084483 4356.3006259351905 3316.614268760193
-4562.333286183848 2676.05982229791 4474.695024414663
-4474.075187335925 758.0393597543532 5235.179490274215
-3988.2758739376404 -1227.3362265043038 5530.495284216115
-3148.100746879598 -3103.657602961754 5334.402301976612
-2028.2030532487227 -4704.205381218997 4664.32426556756
-728.0906177141991 -5886.76386728964 3579.800549112932
636.7158643772682 -6546.257550113863 2177.1958441736733
1944.9473477372787 -6624.087521832388 581.1377340129806
3080.361723989973 -6113.338247906813 -1066.557014095698
3942.072443121388 -5059.392042711697 -2619.483490993613
4453.512726181488 -3555.8966517453773 -3939.657364302778
4699.5958662897265 -1305.059903601937 -4920.334753837647
4232.807791765855 636.3093772142047 -5447.70826336131
3389.916169572521 2521.139777467226 -5491.028986811383
2245.8156193106297 4181.955844652524 -5046.447687799465
902.1644956734356 5471.186782829554 -4153.467365755634
-521.6479024880205 6274.278765444435 -2891.433241073095
-1899.1095952992682 6519.873545530722 -1372.482584075466
-3107.827066463018 6186.14894910282 268.41917355791816
-4040.4004642970776 5302.757871079612 1885.4707096825305
-4613.966549872947 3948.193485441363 3334.9898989999165
-4777.5614594339095 2242.814782259901 4488.18060042906
-4516.6490673410335 338.15214324410897 5242.576759453919
-3854.4125846269426 -1596.556797655171 5531.1469667321335
-2849.69462895773 -3389.404660708675 5328.250492977536
-1591.768799826714 -4881.089045500863 4651.915580279725
-192.4073274687708 -5939.067248293835 3562.2375536787818
1224.050380300418 -6469.333262908559 2156.0390878114595
2531.745840123293 -6424.770626912445 558.2670873703987
3614.484571667588 -5809.338926073664 -1089.109393698274
4376.060487114949 -4677.721967789256 -2639.713725659025
4748.804224256999 -3130.4688848220444 -3955.767908902072
4789.476858363206 -864.3548516307028 -4930.809148803606
4149.659055810059 1028.8569828701773 -5451.684123057059
3141.125835669368 2830.650359378545 -5488.15303865518
1853.4898004257445 4380.928029351661 -5036.975472405863
401.16306250830684 5541.9410185308525 -4138.240531030516
-1086.8087739881078 6210.528227806009 -2871.804758103651
-2478.212881533925 6327.282749586382 -1350.1965297116808
-3649.4168990973626 5881.830432243002 291.38258558506226
-4496.354209973719 4913.751669007127 1907.0710794411523
-4943.77071736846 3509.06450633595 3353.3079388453016
-4951.911501144566 1792.5815630008615 4501.588672133553
-4520.053216938289 -83.18011882144815 5249.883497006218
-3686.568368480213 -1951.5508820565542 5531.703134435632
-2525.51574224386 -3646.5177851809394 5322.006672891072
-1140.0599592658507 -5017.4755806122785 4639.426563218539
346.695154163647 -5942.608651877297 3544.613043615917
1802.6448816990935 -6339.714865714495 2134.8450998098774
3098.421700718808 -6173.509592352512 535.3868002723191
4118.890154429981 -5458.760899709388 -1111.6429659757114
4773.377142468316 -4258.977345749457 -2659.898376331975
5003.728623777786 -2680.7649644054445 -3971.8101431793907
4838.266471470697 -418.106100809295 -4941.198395912483
4030.317307598018 1411.53126502866 -5455.565840147291
2864.2567641890555 3115.7478835659126 -5485.182318128663
1443.6944376981203 4543.116629413951 -5027.416275818175
-105.14647513096455 5566.809525599605 -4122.942234948314
-1644.6446622169683 6095.866965894517 -2852.1266832693045
-3038.0089536607798 6083.279874998138 -1327.887159430014
-4161.432817489124 5530.166671174148 314.34096586144904
-4915.095113336429 4485.673889879632 1928.638516873503
-5232.02963882416 3042.60929841369 3371.5680719706133
-5084.075370518476 1329.1955185126865 4514.919007990372
-4484.378694444933 -502.32311628664667 5257.099576754466
-3486.225291998224 -2289.2081377951613 5532.163777722409
-2178.3054733097297 -3872.6869702361896 5315.670949538852
-676.833653981592 -5112.0605703648425 4626.857430051046
884.7778057383946 -5897.205154908295 3526.927323273808
2367.772874635091 -6158.357181979587 2113.614246158053
3640.3809328203433 -5872.31214792663 512.497267827811
4589.525169575914 -5064.486409312985 -1134.15734180615
5130.869954215195 -3806.6588280993287 -2680.0370944531287
5216.314426970521 -2210.5929047619675 -3987.783790108837
4845.7000602433545 29.87459570173922 -4951.502315757185
3875.890876506422 1781.0131071156525 -5459.353347600436
2561.6917793249263 3373.9007881150706 -5482.116876531834
1019.8751257512018 4667.002577970719 -5017.770263109719
-612.5619083937714 5545.420707970186 -4107.572741688207
-2190.570128794312 5931.103872388565 -2832.399356381618
-3573.936580092813 5789.782429524582 -1305.5548584806668
-4639.74308228771 5134.013409755637 337.2939179294196
-5293.28805044419 4022.0647682831554 1950.1726495414887
-5476.501146106702 2552.7380216082074 3389.76998305008
-5173.103081708206 856.5892992070682 4528.17137780413
-4410.05210671097 -915.6711415088632 5264.2248740875
-3255.148648837587 -2606.570182945065 5532.5288886378285
-1811.0109485304126 -4065.8640248817833 5309.2434323295665
-205.95697795566224 -5163.888005457373 4614.20839782778
1417.397173937751 -5803.077875398813 3509.180698058969
2914.809366781762 -5926.638809723272 2092.3468934817633
4153.227955956992 -5523.591877177783 489.5988853055979
5022.6140151047575 -4629.749566461343 -1156.652132399291
5445.718777631896 -3324.533689443497 -2700.129532256209
5384.947528623215 -1723.918404642805 -4003.6885738488827
4811.864922474655 475.77317031942954 -4961.720730404095
3687.7909472456045 2134.1032642059463 -5463.0465800117845
2236.0405627497553 3602.8089177098523 -5478.956766800381
585.6081615512273 4751.3891882086955 -5008.037600853018
-1116.8580947002154 5477.787678207185 -4092.132316658847
-2720.0866079865227 5717.460694121686 -2812.6231181026537
-4081.623489249773 5449.112236700487 -1283.2000125097752
-5080.490211583522 4696.586244013262 360.24104542510366
-5627.933083254 3526.7479529162097 1971.673105582161
-5675.309402699823 2043.5426293240946 3407.913357763324
-5218.409576030674 378.7595751773899 4541.3455527257975
-4297.8311579179535 -1319.6779293828552 5271.259265961878
-2995.371580702871 -2900.8562586061876 5532.798460876961
-1426.7600935706287 -4224.280779054385 5302.724232256998
268.6252891088845 -5172.359414332718 4601.479684978999
1940.142136008408 -5660.851217122167 3491.373474429622
3439.2688399500416 -5646.351547033925 2071.043409037062
4632.8014144794315 -5130.148763386082 466.6920481272311
5414.689252618189 -4158.109748824326 -1179.126949303054
5715.458188689394 -2816.604435515502 -2720.175342774305
5508.383582820418 -1224.8314576461166 -4019.5242197472257
4737.198538727613 915.8055969757073 -4971.85346339617
3467.7189354048714 2467.749865608791 -5466.645473604618
1890.117286837483 3800.423729140648 -5475.702043504775
144.57042269150097 4795.413266453509 -4998.2184571169
-1613.8221579474462 5364.309290717468 -4076.6212264937817
-3228.8195577108836 5456.562893617606 -2792.798309939102
-4556.9221703304775 5063.97693768797 -1260.8230075528054
-5480.122250392642 4221.434407947992 383.18195208519563
-5916.389419387031 3003.7989056020724 1993.139513714118
-5826.959424821564 1519.2626885390512 3425.9978828008348
-5219.778514170446 -100.26668557518427 4554.44130525665
-4148.797375914565 -1710.886924662962 5278.202630903942
-2709.1773841112677 -3169.487352390831 5532.972489784685
-1028.8350927005615 -4346.464919792619 5296.113461898218
742.9237116650023 -5137.240004923692 4588.671511310989
2448.670483982171 -5471.548771210875 3473.505959890501
3936.8421379840725 -5319.686417679673 2049.7041607039205
5075.208091478916 -4695.146580878311 443.77715186026126
5762.6195338620155 -3653.4223660544812 -1201.581404410189
5937.996941822161 -2287.075541226754 -2740.174179845613
5585.757263031047 -717.5120178953574 -4035.290454345412
4622.483849192032 1346.249908805295 -4981.900339755916
3217.6513769192843 2779.0746142931425 -5470.149966231312
1526.9164593767343 3964.966344533 -5472.352762849321
-299.4916863439313 4798.553415092874 -4988.313001463615
-2099.288681435309 5205.76795661693 -4061.039739046832
-3712.5546646045264 5150.42717005918 -2772.925274236383
-4995.943873545858 4637.4483271643085 -1238.4242300278693
-5835.421544984044 3712.411849294114 406.11624175381473
-6156.396403824744 2457.5112869630766 2014.5715032439002
-5930.348425284994 984.2500621747156 3444.0232458693467
-5177.362964253247 -576.4660999481432 4567.458409252236
-3964.346083364489 -2085.9607193107536 5285.054849011954
-2399.0796557225444 -3410.1085746747867 5533.050972355781
-620.6444724819816 -4431.253318163979 5289.411235411541
1212.9376957920067 -5058.661758099408 4575.784098002106
2938.7450269054602 -5236.585901256227 3455.5784629874192
4403.431965908251 -4949.216406707707 2028.329516979971
5476.854650597181 -4222.087315144746 420.8545922113932
6063.6347647998 -3119.8072373061514 -1224.0151099651496
6111.634320327068 -1740.3185953843688 -2760.125698119423
5616.588346027828 -206.19500900032855 -4050.9870053836644
4468.841614621288 1763.4776073174648 -4991.861185988492
2939.8224638768584 3065.3974594311976 -5473.5599973744065
1149.5871860185637 4094.9432949993047 -5468.908982671199
-742.7939581977647 4760.635448444061 -4978.321404945876
-2569.174599530588 5003.324250589993 -4045.3881233874813
-4167.2728030581175 4801.445736344182 -2753.004354172723
-5395.0905302584515 4172.9376976266285 -1216.0040667290993
-6143.530787880489 3173.6458318394953 429.0435183893459
-6346.091374558547 1892.3616065780861 2035.9687040724293
-5984.773893243788 442.93274808008215 3461.9891356971893
-5091.682987766662 -1045.852628863204 4580.396639926181
-3746.173704343726 -2441.7094100833033 5291.815801958134
-2067.800447477331 -3620.609594952247 5533.033907234967
-205.6940464597763 -4477.802728526182 5282.61766853461
1674.6891732591948 -4937.12343915696 4562.81766759915
3406.2689106816883 -4957.759066009291 3437.591293301986
4835.186707225224 -4537.876043079389 2006.9198469740122
5834.476945964434 -3714.782819580858 397.92476501969145
6315.3483038743325 -2561.6148405066806 -1246.427678570676
6235.07325053545 -1180.8361413919367 -2780.029553062242
5600.784576718216 304.86503089955386 -4066.613601805503
4277.719932744265 2163.9841984887803 -5001.7358300846745
2636.7043791285328 3324.2595316244874 -5476.875508147663
761.4060704406841 4189.159817102674 -5465.370762439445
-1181.5465089813729 4681.834869006251 -4968.243840103935
-3019.5134959489546 4758.508346904707 -4029.666649796223
-4589.183457884782 4412.367475810746 -2733.03589375327
-5751.084330287631 3674.16839113527 -1193.5629048198866
-6401.976121726541 2609.5033210850174 451.96338607127865
-6484.024240140586 1312.9724293396569 2057.3307467013597
-5989.938350146437 -100.22182463714054 3479.8952420397572
-4963.620151330278 -1504.510929678706 4593.255773854191
-3496.262519580171 -2775.1176361808402 5298.485372990714
-1718.2466198700315 -3799.142962305141 5532.921294716932
212.4430324166578 -4485.597763964354 5275.732878582383
2124.2561889822578 -4773.487519573779 4549.772444013383
3847.3198610120257 -4637.2319609641245 3419.544761446294
5228.532279705752 -4088.937992465537 1985.475520399691
6145.166660311658 -3177.323939327542 374.98806624973514
6515.776015529149 -1983.390710723859 -1268.8187231945124
6307.430077754805 -613.2245135056106 -2799.8854009636498
5538.641297870961 811.4293728290831 -4082.169973762488
4050.8810054642554 2544.4185991449262 -5011.524101523791
2310.9856008880724 3553.444145449735 -5480.096441297047
365.74898407971074 4246.730585398561 -5461.738163253948
-1611.9860350271413 4562.676376364519 -4958.080480962585
-3446.489020837605 4473.208348315005 -4013.8755897598944
-4974.75633247873 3986.276128166191 -2713.020237804116
-6060.994712620511 3145.1457805451637 -1171.1011318262515
-6608.687114308764 2024.5554280777847 474.875449007035
-6569.1686641449705 724.0744412105041 2078.6572622395047
-5945.950749850052 -640.7437373066384 3497.7412556848017
-4794.409018055852 -1948.6290229065394 4606.035588977855
-3216.86300508997 -3083.370068403565 5305.063446935963
-1353.4845971510822 -3944.1401521762523 5532.71313674633
630.156856914018 -4454.456074854119 5268.756984445102
2557.8061088444897 -4568.974027222686 4536.648652516733
4258.183063256896 -4277.5185866602515 3401.4391790575582
5580.201765770348 -3605.986848091921 1963.9969075691404
6406.395053082996 -2614.0473534579883 352.044891984741
6663.3520259275965 -1389.8382799114424 -1291.1878571760758
6328.240929629802 -42.13597598994609 -2819.692898942201
5430.8378557064925 1309.310294308951 -4097.6558526188455
3790.3852752235507 2901.611167084138 -5021.225831276729
1965.5473657548184 3750.9956906935513 -5483.222741201771
-33.93805282376882 4267.087786211384 -5458.011247844375
-2030.4079264742763 4404.03040611802 -4947.831503028163
-3846.4671455591447 4149.655597671959 -3998.015215966969
-5320.750878818013 3526.5656789091036 -2692.9577319663354
-6322.262546763268 2590.1249234966 -1148.6191356301376
-6762.0134426364075 1423.5402020554218 497.7793115388425
-6600.929769524077 130.46768655830576 2099.9478824091098
-5853.324518686378 -1174.197455437485 3515.526868457783
-4585.625697471803 -2374.5300006370308 4618.735864608465
-2910.4739093499584 -3363.875134826685 5311.549910200174
-976.713741977999 -4054.3252011641052 5532.4094369177465
1043.8317276063988 -4384.530681265008 5261.6901065862485
2971.6281674128463 -4325.151369139534 4523.446519737858
4635.382403769241 -3881.4633772518637 3383.2748587926762
5887.262571510122 -3092.8903307738947 1942.484379386595
6616.033623946083 -2029.5004054809995 329.09563841970896
6756.941054909088 -785.7804628452806 -1313.5346942331917
6297.464620795997 527.7595222550045 -2839.451704951409
5278.430819156893 1794.4057577684018 -4113.0709709561115
3498.5730709373233 3232.6001205443386 -5030.840851808817
1603.4384942172742 3915.2362518891705 -5486.254353875205
-434.1686292879108 4249.986460522358 -5454.1900805691075
-2433.197964763222 4207.106721379752 -4937.497083285516
-4216.026983155951 3790.4070874587974 -3982.0858023029327
-5624.243502365561 3036.9131498896186 -2672.848722690052
-6532.721304803935 2013.5761516788873 -1126.117304462714
-6860.7381509352235 811.3240759581045 520.6745781505083
-6579.148304502446 -463.0177043486442 2121.2022395523395
-5712.972259097836 -1696.2183297042789 3533.251773227227
-4339.173557506574 -2778.702512734146 4631.356381430849
-2579.8202431813374 -3614.286783372457 5317.944650771624
-591.2385788947889 -4128.725812271821 5532.01020047563
1449.8772277343767 -4276.309434136043 5254.532367040469
3362.165079997886 -4043.92419650242 4510.166273658281
4975.7098102851605 -3452.218547540522 3365.0521143228634
6147.140888385752 -2553.768130818083 1920.9383073418837
6772.371522269805 -1428.4042086456016 306.1407018546586
6795.847226337277 -176.12030408636005 -1335.858848468663
6215.4820812603375 1091.8126623822138 -2859.1614777855893
5082.84407706955 2262.733282457178 -4128.415062577783
3178.043924696491 3534.656126726697 -5040.3689970827245
1227.8487965601762 4044.7798153727203 -5489.191226965838
-831.4460854761949 4195.5070671990225 -5450.2747274141075
-2816.8633340769748 3973.4451044251878 -4927.07740019495
-4551.9899138439005 3398.325106946531 -3966.0876238454202
-5882.65221368704 2521.249010411601 -2652.6935572283974
-6690.615048750081 1420.1488749825407 -1103.59602689767
-6904.087375451139 192.86227979057665 543.5608534743325
-6504.101240754954 -1051.5609753229155 2142.419966637573
-5526.197168039517 -2202.5484230796583 3550.915663909929
-4057.266225626944 -3157.829777721216 4643.896921507155
-2227.8293740478525 -3832.524098704517 5324.247558222499
-200.4401059164455 -4166.681834762937 5531.515434314211
1844.759145242602 -4130.611604620611 5247.283889411444
3726.0434507546456 -3727.5184065172816 4496.808143608402
5276.252444194759 -2993.218840049807 3346.77126032827
6357.64325351572 -1992.9586441193696 1899.359063504185
6874.129559703926 -815.6153267039656 283.1804786877859
6779.819287891735 434.1989917579767 -1358.159934377063
6083.092319603471 1645.4328243513487 -2878.8218770858293
4845.8559035074695 2710.462729638092 -4143.687862513801
2831.6337398356213 3805.304855035094 -5049.810102561326
842.0812890939395 4138.543943867721 -5492.033309758168
-1222.2937795966009 4104.055241586748 -5446.265255991794
-3178.0626820220973 3704.9032207410123 -4916.572633689138
-4851.446768451585 2976.554290032438 -3950.0209568595615
-6093.758519280643 1983.725448261146 -2632.4925836315792
-6794.61308365283 814.6338949761072 -1081.0556918445068
-6891.736457874071 -426.84145483955115 566.4377422977494
-6376.498803925901 -1630.3900682298115 2163.600697265719
-5294.681248444817 -2689.0713692088952 3568.5182354763706
-3742.4080287134616 -3508.816878238436 4656.357268280609
-1857.6054323437895 -4016.7886094472456 5330.458523710814
192.25355865682806 -4167.851045320194 5530.925146977375
2225.0299772799053 -3948.581625503388 5239.94479886977
4060.102718038448 -3378.4634001955505 4483.372360263587
5534.417514831947 -2508.1538756379214 3328.4326124924637
6516.97502804142 -1414.983872377868 1877.7470205154434
6920.470710735566 -196.08634250256964 260.21536540852
6709.052200795358 1040.2343194147954 -1380.4375668512366
5901.504960623831 2184.125597059051 -2898.4325633458006
4569.583106372948 3133.947730527282 -4158.889107025266
2462.3900087953057 4042.3473083378926 -5059.164005210545
449.5234606441345 4195.758820410851 -5494.780553173587
-1603.2852196864594 3976.358748505999 -5442.1617355398685
-3513.6349723466296 3403.641751833437 -4905.982965170025
-5111.782838380721 2528.49624887465 -3933.8860787931735
-6255.726366535143 1428.6827580803529 -2612.2461507408707
-6843.821154219951 201.92453455958048 -1058.496688541802
-6823.812398737852 -1042.7755699880481 589.3048495704313
-6197.477965820431 -2194.8204889969834 2184.7440656765416
-5020.4704184557695 -3151.8459757474866 3586.059183955904
-3397.3720424397884 -3828.8161159045767 4668.737206579253
-1472.4022513313607 -4165.579141680783 5336.577439982285
583.3969413387066 -4132.21218037568 5530.239348658525
2587.358755575521 -3731.6800329297225 5232.515222150804
4361.422389942553 -2999.5717383498713 4469.85915564015
5747.9545051762825 -2000.93833141388 3310.03648749706
6623.755638142238 -824.5127727585163 1856.102551583971
6911.007014786407 425.17436407116276 237.2457585907398
6584.18508971205 1637.082892806134 -1402.6913611891152
5672.329425196435 2703.5294222953294 -2917.993197917658
4256.462398644444 3529.7554983701352 -4174.018533608991
2073.545295330956 4243.8777647529605 -5068.430543502183
53.61783720063626 4215.9735860602605 -5497.432909771222
-1971.0738010629393 3813.4616527507646 -5437.964236920124
-3820.6268821872154 3072.106916493525 -4895.3085775056725
-5330.70049828421 2057.7819989867003 -3917.6832682719946
-6367.117981714819 860.614120442359 -2591.9546081825206
-6837.789090833044 -413.02309944616786 -1035.9194065505592
-6700.892632087562 -1649.9614044268963 612.1617804108753
-5968.59245659815 -2740.293397887895 2205.8497067550247
-4705.956648603412 -3587.1382973670707 3603.5382064420214
-3025.1759406296514 -4115.250217228051 4681.036522619702
-1075.5950745650166 -4277.704095810193 5342.604201372185
969.5571340459808 -4060.0651930843774 5529.45805120039
2928.5599364655905 -3481.671680650378 5224.995287552458
4627.347336756617 -2593.9163603260895 4456.268763091344
5914.974619397508 -1475.6801881723718 3291.583203016204
6677.03044966636 -226.3233553836932 1834.426030478104
6845.802822816852 1043.1433007345272 214.27205488596533
6406.295572849202 2219.922096823485 -1424.9209331001848
5397.560847668836 3199.451072642021 -2937.5034430178735
3909.229154367432 3894.6947800965513 -4189.07588100191
1668.4892098988742 4408.299183034354 -5077.609557416682
-342.1679015375489 4199.059919087511 -5499.990333748755
-2322.421893343257 3616.7157540587978 -5433.672832617215
-4096.318508144807 2713.0105225862903 -4884.549655027157
-5506.239247099995 1568.2424003314186 -3901.4128050948407
-6426.906465217404 284.1290586886956 -2571.618306361768
-6776.514839885784 -1025.230396698376 -1013.3242357473738
-6524.000132784743 -2243.493632189315 635.0081401133547
-5691.799383782777 -3262.4126130505565 2226.917256037637
-4353.857281481521 -3991.4519163803357 3620.9550010975895
-2629.0558531326465 -4365.833200741498 4693.2550040107335
-670.6512748113839 -4352.291046073345 5348.538703807164
1347.3436123815475 -3952.0287322469076 5528.581268094836
3245.6211068943167 -3200.611322367897 5217.3851249329955
4855.510922885881 -2164.8055508450643 4442.601417303364
6033.967285320316 -936.6473060369677 3273.0730777111326
6676.279174824766 374.73616232153086 1812.7178315196306
6725.374361277439 1652.8226781552066 191.2946510164197
6176.890521911348 2784.048645741914 -1447.1258987123178
5079.562852835854 3667.8996735582123 -2956.962961733069
3530.893732991485 4225.841719066267 -4204.060889185607
1250.739119366343 4534.335946423661 -5086.70088844592
-734.3709963230942 4145.212827046306 -5502.452780943219
-2654.229026255241 3387.769357019005 -5429.2875967374175
-4338.24715931236 2329.3077126396197 -4873.706383525313
-5636.792994180491 1063.8768559936748 -3885.0749702288
-6434.485034857062 -296.08412805397836 -2551.2375964567855
-6660.444842914111 -1629.736737980262 -990.7115663177789
-6294.594897797471 -2818.5800867551216 657.8435341546592
-5369.442572636809 -3756.980225686798 2247.946349718638
-3967.1917114867447 -4361.556184330049 3638.3092671600552
-2212.438457037003 -4578.588735621522 4705.392439757071
-261.10033655329477 -4388.793584947305 5354.380844807054
1713.4376946531563 -3809.034864347096 5527.609014482622
3535.729267392214 -2890.826680375453 5209.68486570878
5043.855778431095 -1715.7558596685553 4428.857354291265
6103.813568959904 -388.2326013595073 3254.50643122458
6621.420737741966 973.7868273110427 1790.9783295773557
6550.6856163493485 2249.2810229819006 168.31394376823707
5897.893330733763 3324.9167289536167 -1469.3058745782482
4721.047340203912 4105.118992401074 -2976.371418025834
3124.715575521941 4520.563418355726 -4218.973299390996
823.909842446912 4621.04384263404 -5095.704379595886
-1119.5636143690358 4054.948647033403 -5504.820208831754
-2963.558930924342 3128.553469294793 -5424.808605007336
-4544.229031102831 1924.1725863785957 -4862.7789502475725
-5721.124439847218 548.820525070326 -3868.670045804365
-6389.67283537009 -875.2966483496214 -2530.812830412599
-6490.470758852955 -2221.63987338765 -968.0817887494816
-6014.56187244994 -3370.580646169197 680.6675682010053
-5004.232769209735 -4220.030536989045 2268.9366246563586
-3549.255623711428 -4694.512195298452 3655.6007049466534
-1778.9115403946164 -4751.865843528146 4717.448620262965
149.49663991098427 -4386.995358340581 5360.130523486633
2064.6213877052783 -3632.321083552429 5526.541307153146
3796.295464760258 -2554.899140312103 5201.894642852038
5190.652030003019 -1250.4631964648574 4415.036811394893
6123.7963835787705 165.08188995564183 3235.883584175395
6512.814554635763 1565.958726003653 1769.2079000606864
6323.140571497445 2827.693257149559 145.33032998459626
5571.627799936245 3838.1748332702396 -1491.4604776822418
4325.051447664819 4507.617731902052 -2995.7284767405436
2694.1752940926963 4776.539013699765 -4233.812854102572
391.6825903678796 4667.817201266659 -5104.619875389484
-1494.3825291036364 3929.1002734050585 -5507.092576532346
-3247.665202874632 2841.2655436788427 -5420.235934772601
-4712.378571226191 1500.971901708308 -4851.76754389469
-5758.376423591553 27.31031936430493 -3852.1983151105715
-6292.717260502104 -1448.7779047045763 -2510.3443609350256
-6267.922553682198 -2796.135854083359 -945.4352938256089
-5686.195421642543 -3895.04486218676 703.4798481146848
-4599.224872932372 -4647.862041162001 2289.887718379475
-3103.5930108962248 -4987.6962809734005 3672.8290158595437
-1332.193289948352 -4884.351818075699 4729.423337335828
557.5776510453848 -4347.011261517067 5365.787640557356
2397.80537085453 -3423.4196778279256 5525.378164544149
4024.9775608676914 -2195.6422323339693 5194.014590888501
5294.5128312746565 -772.7723390799152 4401.140027274812
6093.607402036009 718.7617677569417 3217.204858152872
6351.258213770837 2146.4307372945423 1747.4069189130626
6044.57186117453 3383.3799163673775 122.34420655886754
5200.798772546181 4319.700942152746 -1513.5893254467583
3894.9118896475784 4872.197582532517 -3015.0338036091384
2242.944992814523 4991.778086417341 -4248.579297062896
-42.22658182578007 4674.393134215993 -5113.447221869143
-1855.5582185330522 3768.809655981776 -5509.269844804531
-3504.0153645405717 2528.3509006647946 -5415.569664996537
-4841.12536829049 1063.2370723385766 -4840.672354617561
-5748.080138139021 -496.35003580392845 -3835.660062590099
-6144.292762679712 -2011.8342650690076 -2489.8325414845735
-5994.558011471643 -3348.558191093471 -922.7724726179866
-5312.180474259768 -4387.7480269337075 726.2799799610272
-4157.792389789891 -5037.067195265798 2310.79926909327
-2633.966205315807 -5238.820838493229 3689.9939023910215
-876.1005645291233 -4975.0822600339625 4741.316384189804
959.6104561200098 -4269.285789981777 5371.352098329096
2710.055876561743 -3184.1445420376126 5524.119606741405
4219.70093948664 -1816.078078145231 5186.044845895131
5354.407056085558 -286.64510728229925 4387.167241908139
6013.350608322951 1268.2575392840167 3198.4705757112724
6137.981569856361 2710.4699378284167 1725.5757626055201
5717.225932819571 3911.8451876953536 99.35597042775922
4788.469682019016 4765.635825785697 -1535.6920357389852
3434.236886117971 5195.978807106636 -3034.287065256846
1774.8570719850259 5164.636269238725 -4263.272373277152
-474.0985442912269 4640.852849296102 -5122.186266599522
-2199.943132217905 3575.5176351621885 -5511.351976050071
-3730.3131185556276 2192.4819882433903 -5410.80987625879
-4929.228414100174 614.6346951204495 -4829.493574013868
-5690.1601334892985 -1017.8255879438377 -3819.0555738343724
-5945.496154161466 -2559.8476008653383 -2469.277726270323
-5672.548750156265 -3874.4159207437574 -900.0937164803671
-4895.570496129493 -4844.725383469903 749.0675700151262
-3683.5993196643744 -5384.559735147566 2331.670915685851
-2144.32417843771 -5445.952324606179 3707.095068128621
-414.51642374519014 -5023.448150855398 4753.127555449415
1352.1229342724437 -4154.588563862014 5376.823800711812
2998.6202358862315 -2916.5755508578586 5522.765655478362
4378.676970313351 -1419.4120009790017 5177.98554549777
5369.669040420735 203.87253417379398 4373.118696584415
5883.542451882289 1809.0420999853734 3179.6810603642325
5874.63729699332 3253.47033636279 1703.7148081301523
5343.744837845349 4408.813455734927 76.36601856446275
4338.037199216849 5172.414151805855 -1557.7682268774472
2946.875918275259 5476.4231517231965 -3053.4879292080172
1293.8717798429304 5293.827921722781 -4277.891829017409
-900.2428113378177 4567.620032205663 -5130.836858670103
-2524.5388841501535 3350.951203174276 -5513.33893431361
-3924.5185983493293 1836.5356543337098 -5405.9566507539475
-4975.787612618967 158.9358531016148 -4818.231395124779
-5584.936061623112 -1532.7860961570166 -3802.385135578591
-5697.838432463841 -3088.3132742511466 -2448.6802702438977
-5304.462854028034 -4369.4302650884965 -877.3994170416414
-4439.762472760021 -5262.304201943818 771.8422247686574
-3180.5697122105917 -5687.599317214811 2352.5022977344393
-1638.7693750309588 -5607.52627353278 3724.1322177602374
48.64281274112791 -5029.199912223628 4764.85664715299
1731.7328731356893 -4004.007068433118 5382.202653217212
3260.950868167625 -2623.040625316702 5521.316334135778
4500.419068115673 -1009.00551161672 5169.836828868732
5340.005284097854 694.6841697381481 4358.994633901466
5705.108596360744 2336.6481140405253 3160.836636579178
5563.287973380276 3770.9906191990667 1681.8244329937017
4927.144799877827 4870.264059121991 53.37474797179786
3853.2031884874173 5536.793164590138 -1579.8175176386299
2436.8875642962225 5711.353899567858 -3072.636063891884
804.0437859123577 5378.435776705205 -4292.437411827082
-1317.028940856214 4455.456316833354 -5139.3988486978205
-2826.5221381700208 3097.1083027243367 -5515.2306852832835
-4084.866439519319 1463.5686244823369 -5401.010072290108
-4980.252431576212 -300.01554881003676 -4806.886012431644
-5433.121139609737 -2036.9420239940614 -3785.6490356968284
-5403.233191529537 -3592.877261373399 -2428.0405290931767
-4893.244262683628 -4829.569586997549 -854.6899661992315
-3948.4691074495136 -5637.133460599921 794.6035509366619
-2652.8551444472528 -5943.81328807525 2373.2930555115568
-1121.5233599977882 -5722.35922091011 3741.105057079241
509.4606967117012 -4992.44842480727 4776.503456756312
2095.1769347868662 -3818.9366771612804 5387.488562960392
3494.7275076737023 -2306.095646621931 5519.771667741311
4583.75620514467 -588.3478977461615 5161.598836724428
5265.498048305745 1181.6771437665666 4344.795297761177
5479.377282617273 2846.7049853509047 3141.9376297717336
5206.389799517105 4258.790596427772 1659.9050152108664
4470.791734864538 5292.463973617309 30.382555675356794
3337.9442048228825 5855.878701155355 -1601.8395272635637
1908.5056838558266 5898.972907995339 -3091.73113864815
309.48805753894794 5417.917484743711 -4306.908870525206
-1720.9173479974386 4305.453888577809 -5147.87208882964
-3103.268963908409 2816.2402953733003 -5517.027196291323
-4209.881513904558 1076.7913930579255 -5395.970226287447
-4942.427616629571 -758.3351499518645 -4795.457621852619
-5235.817336130694 -2526.0802869894214 -3768.847563197043
-5063.981708310679 -4069.372105007229 -2407.3588592362908
-4442.189082789561 -5251.082353349803 -831.9657561120426
-3425.6884630368813 -5966.210890601895 817.3511554643535
-2104.800389957189 -6151.215407938753 2394.0428299912473
-596.8915654654097 -5789.657442116057 3758.013292989525
964.0536940334625 -4913.663005068145 4788.067783135979
2439.3385521374994 -3601.0680467650022 5392.681438661418
3697.8774750232033 -1968.502389479958 5518.131682969089
4627.843756385088 -161.0266562591652 5153.2717113229255
5146.605811034337 1660.7570020240862 4330.520933365305
5208.069353865592 3334.975112565446 3122.984366300074
4806.773079369974 4712.866049058145 1637.956933297918
3978.373922596121 5671.998155020015 7.389838716648279
2796.4787839932046 6127.148333754439 -1623.8338754643748
1366.104233287479 6037.874494487198 -3110.772823732802
-185.65467359552517 5412.109009608975 -4321.305955210885
-2108.489272347171 4119.025289608099 -5156.256432745114
-3352.3774544796847 2510.832251897438 -5518.728436314612
-4298.392188115556 679.5407499997974 -5390.8371997767135
-4862.475912653915 -1212.1309296507338 -4783.946420739272
-4994.507313728908 -2996.0994568528627 -3751.981008216058
-4682.7548219447535 -4513.851399147695 -2386.6356178154033
-3954.919014299748 -5630.5278359176655 -809.2271791939447
-2875.671296357976 -6246.90716530193 840.084645533889
-1540.9075640591834 -6308.221378948555 2414.751262855276
-69.22743253225465 -5809.022439902044 3774.8566335106093
1408.6038601747487 -4793.66636459514 4799.549426593038
2761.274518348993 -3352.3719961356173 5397.78119064693
3868.593817914298 -1613.2046641772497 5516.396408139249
4632.171579713574 269.302981625325 5144.855596461492
4984.160568705141 2127.8818756938053 4316.171787211235
4893.285018538867 3797.389127051117 3103.977173459334
4367.619620647801 5129.481689902225 1615.9805662661076
3453.8720524791797 6005.797294245881 -15.603005853755263
2233.2327953799045 6348.47145298848 -1645.800182430885
814.1610040304671 6127.056063324959 -3129.760790323842
-677.2525654138261 5361.224854292349 -4335.628417267552
-2476.4756455155302 3897.890518617841 -5164.551735658879
-3571.6884121708613 2183.581235505145 -5520.334375975225
-4349.540989308401 275.25117712935383 -5385.61108139778
-4740.917761899632 -1657.5361562542312 -4772.352607873197
-4711.043186171169 -3443.044128177024 -3735.049662014614
-4262.571749278899 -4922.622519761002 -2365.8711626905697
-3435.352106475182 -5964.804297891109 -786.4746281068751
-2302.8863532167406 -6476.987038041073 862.803628571171
-965.7990414246813 -6413.66105607164 2435.4179964993164
457.10375353724777 -5780.45314338228 3791.634787782656
1839.3908740306092 -4633.626601802602 4810.948188856302
3058.2400433324437 -3075.082002317358 5402.787730851676
4005.3511639188237 -1243.302872151106 5514.565873217446
4596.569256396941 698.9491743505472 5136.350637474112
4779.361998732257 2579.096519423214 4301.748107087702
4537.487453595543 4230.07982056649 3084.916379475912
3892.4372357711445 5505.201966252903 1593.976293615128
2901.5268878690335 6291.1627580568265 -38.59558098308842
1652.8031428387226 6518.126130494378 -1667.7380688370622
257.2205853600685 6165.925391912116 -3148.6947105268882
-1161.21714992176 5265.8551235405685 -4349.876009367243
-2821.784615871239 3644.0615404284254 -5172.757854323202
-3759.303925045001 1837.3727659268961 -5521.844987540937
-4362.79258304498 -132.57464200485026 -5380.2919613980575
-4578.627974241503 -2090.7422112002096 -4760.676383462582
-4387.632176948757 -3863.1381598593425 -3718.053816972268
-3806.7760059274515 -5292.277329912405 -2345.065852433536
-2887.671081018135 -6251.174434426235 -763.7084957540703
-1711.9839082245608 -6654.627257614118 885.5077122526466
-384.17945226757985 -6466.787245612272 2456.0426740391495
977.7610339671235 -5704.344807809377 3808.3474660715124
2252.8231615002237 -4435.046300727746 4822.263873085839
3327.7120647824195 -2771.67446694634 5407.700972820039
4106.919147684828 -862.0271934837132 5512.640109814341
4521.208441397626 1124.214979063993 5127.756981228982
4533.768524095797 3010.5657171856933 4287.250142070552
4143.483377312602 4629.41447968538 3065.802313501812
3385.031549077869 5836.919449814222 1571.9444953265615
2325.8048127412735 6525.788511927964 -61.58748962326726
1059.920112166346 6634.812626805701 -1689.6471558477692
-300.14314175738605 6154.304523396119 -3167.5742573808166
-1633.5373603794878 5126.959455362231 -4364.048485474902
-3141.527499003535 3359.82434258421 -5180.874647030435
-3913.6036755581617 1475.2556679235556 -5523.260244925694
-4337.9389909726215 -540.3959468850395 -5374.879931630959
-4376.829390307448 -2508.031010324323 -4748.917949138735
-4026.819290914047 -4252.816512183471 -3700.9937665823863
-3319.0086261175325 -5619.720603757276 -2324.220046321544
-2316.2894796610212 -6487.287857949575 -740.9291752733584
-1107.7578480676714 -6778.431116969195 908.1965045119937
199.20292964173336 -6467.281024591098 2476.6249393167363
1488.4636528648173 -5581.484631982767 3824.9943797736596
2645.467848515703 -4199.748835880902 4833.496283876327
3567.4106163815277 -2444.846925416836 5412.520831707512
4172.3732956582335 -472.7096365954431 5510.6191511850475
4406.602297457081 1541.4299778895095 5119.074776125964
4249.285347071199 3418.606774384955 4272.678142518443
3714.400745916449 4992.0253566675465 3046.635305608983
2849.47533810782 6121.8805788678055 1549.8855518573184
1731.361541791739 6707.779846205233 -84.57833473760279
459.4086745325082 6697.663437600308 -1711.5270651251406
-853.3646695407003 6092.430240352722 -3186.3991048635025
-2090.3128177960552 4945.8578800600535 -4378.1456008525965
-3433.0429362939926 3047.7186966699273 -5188.901973615423
-4033.2588418230353 1100.4155215392104 -5524.580123690076
-4275.101999591201 -944.6644017742185 -5369.3750855543185
-4137.0835837195755 -2905.8067473985793 -4737.077507952602
-3631.4671361422006 -4608.755411593687 -3683.869805447069
-2803.1788970875436 -5902.195932278722 -2303.3341043311825
-1725.8159114786856 -6671.200443020556 -718.1370600302416
-495.10660851656365 -6847.439518319071 930.8696135469643
779.5950893518159 -6415.253542921551 2497.164436906503
1985.026342334575 -5413.044137358997 3841.5752414212543
3014.0792936563025 -3929.8620054391467 4844.645227260475
3775.3180726675487 -2097.494388420665 5417.247224282197
4201.103273211799 -78.75519028852199 5508.503032228565
4253.602011693133 1946.9817521122282 5110.304172094035
3928.1495448105543 3799.720821649144 4258.032360068456
3253.6637524712314 5314.838021382307 3027.4156867835964
2290.0756572566142 6357.708539133206 1527.7998441330517
1123.0042900632623 6835.668752837719 -107.56771930788452
-143.85093652535343 6706.24980001437 -1733.3774188351388
-1397.9243761242692 5980.951122567229 -3205.168927897397
-2527.786100214435 4724.218690908328 -4392.167112063777
-3693.9190596025555 2710.5158012962256 -5196.839695458001
-4117.243472872444 716.1469433399449 -5525.804601041705
-4174.73273535223 -1341.8547132911478 -5363.7775182287705
-3861.2786737831193 -3280.6266900139126 -4725.155264371278
-3204.7330571060033 -4927.900588535874 -3666.6822292720362
-2263.4328445656583 -6137.308894030847 -2282.408387132072
-1121.01669087422 -6801.390371154723 -695.3325436111905
121.00671530212043 -6861.138466391474 953.526647826165
1352.2781437946405 -6311.244299279117 2517.6608121213894
2463.3937248361067 -5200.568379736404 3858.089764687122
3355.6259630005975 -3627.799137335664 4855.71051071236
3949.6961084304935 -1732.6840212483578 5421.8800689262025
4192.818421670455 316.3876738854347 5506.291789487168
4063.390418264419 2337.3469357500685 5101.445320588688
3572.912344300438 4150.622665095265 4243.313047631838
2764.9653290778065 5595.097355939152 3008.143788920322
1711.3390105161122 6542.423093027541 1505.6877535416365
505.6527107825095 6908.425827349577 -130.55524634109892
-744.96305132448 6660.58460978421 -1755.1978396541508
-1929.3855771047863 5820.9212201454 -3223.8834023550817
-2942.3737273901856 4464.043435404649 -4406.112776977479
-3922.0134773820714 2351.1940013839817 -5204.687675485335
-4164.843241004397 325.82493782815175 -5526.93365583565
-4037.6084055499587 -1728.4951013128587 -5358.087326316111
-3551.6143445097623 -3629.2307653264243 -4713.151424274445
-2750.043762957039 -5207.493349223848 -3649.431334861643
-1704.1197246973002 -6323.047296334582 -2261.443256080749
-506.77717049198 -6876.770742929958 -672.5160198168238
735.5947592665399 -6819.462930804667 976.1672160957754
1912.605866559795 -6156.215910557231 2538.113711018994
2919.673549276605 -4945.962090548257 3874.5376643896025
3667.315424363868 -3296.2378337969217 4866.691943150727
4089.1002302477386 -1353.6283802112503 5426.419285637087
4147.5505359533 709.2568952565209 5503.985461145781
3837.4727753136726 2709.1215830580895 5092.4983745893105
3186.418718115532 4468.268929420701 4228.5204593895605
2252.237374444608 5830.390972729062 2988.8199448166633
1117.934856273346 6674.457191861105 1483.5496619264993
-115.70107985412989 6925.4685991233355 -153.54051887631428
-1339.0564672907003 6561.121729435096 -1776.9879507754451
-2443.4308112559906 5613.790401078091 -3242.542205065021
-3330.695604821687 4167.649159871904 -4419.982354772479
-4115.470916386511 1972.912794380255 -5212.445778174295
-4175.6614968411695 -67.124433878519 -5527.967268574789
-3864.8262287128314 -2101.1973616164605 -5352.304608077621
-3210.5841896528227 -3948.569682822001 -4701.06619495087
-2271.0676559254975 -5445.094259696198 -3632.117420113526
-1129.7567945529374 -6457.7983161938055 -2240.4390732143274
111.937915871674 -6896.698652716455 -649.6878826551174
1343.6864512396273 -6722.797048281722 998.7909273863024
2456.0425487440907 -5951.545423598238 2558.5227804076835
3350.1684876274403 -4651.472870101137 3890.9186564975516
3946.617254412827 -2938.0965394431046 4877.58933494231
4192.391758699089 -963.6574376312335 5430.864796029223
4065.653857216729 1096.4068564552083 5501.584087031325
3577.664768692586 3059.050589843318 5083.463488596591
2771.7844651468686 4749.884253901462 4213.6548507879725
1719.6189480970686 6018.669857476748 2969.444488167091
514.6577410854005 6752.670231717583 1461.3859515800802
-736.0330647600205 6886.6662222651 -176.52313999146193
-1921.3241027735921 6408.751697327428 -1798.7473759156974
-2935.8970626637865 5361.391459738629 -3261.145013816987
-3689.6026845642627 3837.6480628731506 -4433.775605941475
-4272.7383733652605 1578.9853482295725 -5220.113869553794
-4149.6225759161325 -459.2538152353955 -5528.905421410142
-3657.7946022781275 -2456.6862618145033 -5346.429463372395
-2840.955526260492 -4235.831353041314 -4688.8997850947635
-1771.6850844066093 -5638.604239910714 -3614.7407840136516
-544.9926478912932 -6540.362395456873 -2219.3962012443026
730.1247770500152 -6860.980650259072 -626.8485263345804
1940.3674114506339 -6571.970665368084 1021.397391019437
2978.199886181701 -5699.012246240927 2578.8876678527113
3751.406231410622 -4319.671579331921 3907.232458135194
4191.283670203604 -2556.5091360328 4888.402497905118
4258.747161753564 -566.1896369416297 5435.21652333515
3947.802278777636 1474.4382960741063 5499.087708612016
3286.0778386873603 3384.055916017799 5074.340818629776
2332.3709619146402 4992.985317138518 4198.716478534376
1171.4226897344374 6158.266061476304 2950.0177535574326
-93.61162913247765 6776.357841146446 1439.1970052372267
-1350.328143943123 6792.340489074145 -199.5027128103626
-2487.06207734694 6204.793876852332 -1820.475739321482
-3402.8096308863364 5065.924099382743 -3279.691507367711
-4016.2026157373725 3476.924734241267 -4447.492292295193
-4392.577652567844 1172.8497681829633 -5227.691817207122
-4086.972329214595 -847.1244888431538 -5529.748098141182
-3418.221579027974 -2791.828017490963 -5340.461993655563
-2445.7468409263956 -4488.465375049233 -4676.652404802207
-1255.9567630252711 -5786.2828867285225 -3597.3017266311253
45.430584946123645 -6569.963771237772 -2198.3150035502545
1342.7812260761934 -6769.874542861419 -603.9983452574777
2520.819862571071 -6368.2522522467325 1043.986216614546
3474.8725918407226 -5400.782802405242 2599.208021682273
4120.167642098147 -3953.4300996250768 3923.478787587034
4399.367716297261 -2154.797783150988 4899.131245311619
4287.664662596133 -164.70222746963125 5439.474392406907
3794.983787516876 1840.0278439062631 5496.496368996645
2965.1019489047208 3681.2633665218323 5065.130522224016
1871.7577899967846 5195.402484063777 4183.705600592594
612.0997373738804 6247.907291248374 2930.5400764589117
-701.946063070162 6745.258117116023 1416.9832060685364
-1953.6208753708745 6643.263158200213 -222.47884050942753
-3031.7078995708466 5950.985114198144 -1842.172665775766
-3840.41437246299 4729.935927331529 -3298.1813654463713
-4307.883174980909 3088.6111763395897 -4461.132176966531
-4474.075187335924 758.0393597543498 -5235.179490274215
-3988.2758739376322 -1227.3362265043277 -5530.495284216116
-3148.100746879585 -3103.6576029617754 -5334.402301976607
-2028.2030532487329 -4704.205381218983 -4664.324265567569
-728.0906177141923 -5886.763867289643 -3579.8005491129275
636.7158643772708 -6546.257550113863 -2177.195844173673
1944.947347737276 -6624.087521832389 -581.1377340129872
3080.361723989975 -6113.338247906812 1066.5570140956972
3942.0724431213835 -5059.392042711708 2619.4834909935994
4453.512726181489 -3555.896651745377 3939.6573643027778
4569.238859601673 -1736.444238476041 4909.77539189207
4278.968068571784 237.29886564191992 5443.63832971733
3608.492186707202 2189.956924178698 5493.810112933865
2617.385938446577 3948.0276995344784 5055.832758427654
1393.713463345952 5355.298888152466 4168.622476178522
46.20343081625947 6286.728269216014 2911.011793222519
-1305.41197930189 6659.5542547071345 1394.7449376738377
-2541.035806352955 6440.649619695033 -245.45112632451585
-3550.8774508575766 5649.465001647721 -1863.837780604385
-4245.2080510844835 4356.30062593519 -3316.6142687601937
-4562.333286183849 2676.0598222978965 -4474.695024414668
-4516.649067341036 338.1521432441186 -5242.576759453917
-3854.41258462694 -1596.5567976551772 -5531.1469667321335
-2849.6946289577304 -3389.404660708672 -5328.250492977536
-1591.7687998267081 -4881.089045500868 -4651.915580279722
-192.40732746876844 -5939.067248293834 -3562.2375536787813
1224.050380300433 -6469.33326290856 -2156.0390878114454
2531.7458401232952 -6424.770626912445 -558.2670873703981
3614.4845716675954 -5809.3389260736585 1089.109393698283
4376.060487114948 -4677.72196778926 2639.71372565902
4748.804224256999 -3130.468884822044 3955.7679089020717
4699.59586628973 -1305.059903601959 4920.334753837638
4232.807791765856 636.3093772142038 5447.70826336131
3389.9161695725234 2521.1397774672196 5491.028986811383
2245.8156193106174 4181.955844652538 5046.447687799458
902.164495673445 5471.186782829546 4153.467365755642
-521.6479024880138 6274.278765444432 2891.433241073104
-1899.1095952992694 6519.873545530721 1372.4825840754665
-3107.8270664630204 6186.148949102819 -268.41917355791884
-4040.400464297072 5302.757871079621 -1885.470709682517
-4613.966549872949 3948.1934854413607 -3334.9898989999174
-4777.56145943391 2242.8147822599035 -4488.180600429059
-4520.0532169382905 -83.18011882144486 -5249.883497006217
-3686.568368480204 -1951.5508820565694 -5531.703134435632
-2525.5157422438374 -3646.5177851809667 -5322.006672891065
-1140.0599592658436 -5017.475580612284 -4639.426563218536
346.69515416366323 -5942.6086518773045 -3544.613043615905
1802.6448816991094 -6339.714865714497 -2134.8450998098633
3098.4217007188113 -6173.509592352511 -535.3868002723184
4118.890154429986 -5458.760899709384 1111.642965975718
4773.37714246832 -4258.9773457494475 2659.8983763319834
5003.728623777787 -2680.764964405429 3971.8101431794007
4789.476858363212 -864.3548516307277 4930.809148803595
4149.659055810068 1028.8569828701582 5451.684123057056
3141.1258356693543 2830.650359378564 5488.1530386551785
1853.489800425759 4380.928029351646 5036.975472405871
401.1630625083169 5541.941018530845 4138.240531030525
-1086.8087739881046 6210.528227806008 2871.804758103656
-2478.2128815339233 6327.282749586382 1350.196529711686
-3649.4168990973653 5881.830432243001 -291.382585585063
-4496.354209973715 4913.751669007136 -1907.071079441139
-4943.770717368461 3509.0645063359484 -3353.3079388453025
-4951.9115011445665 1792.581563000864 -4501.58867213355
-4484.378694444955 -502.32311628659744 -5257.099576754453
-3486.2252919982147 -2289.2081377951736 -5532.163777722409
-2178.3054733097147 -3872.6869702362046 -5315.670949538848
-676.8336539815873 -5112.060570364845 -4626.857430051043
884.7778057384088 -5897.2051549083 -3526.927323273795
2367.7728746351027 -6158.357181979587 -2113.614246158039
3640.3809328203433 -5872.312147926631 -512.4972678278103
4589.525169575909 -5064.486409312993 1134.1573418061396
5130.869954215189 -3806.6588280993547 2680.0370944531032
5216.314426970521 -2210.5929047619666 3987.7837901088387
4838.266471470702 -418.1061008093105 4941.198395912477
4030.317307598029 1411.5312650286398 5455.565840147288
2864.256764189049 3115.747883565921 5485.182318128663
1443.6944376981196 4543.116629413952 5027.416275818174
-105.1464751309516 5566.809525599599 4122.942234948323
-1644.6446622169622 6095.866965894517 2852.1266832693095
-3038.0089536607766 6083.279874998141 1327.8871594300172
-4161.432817489114 5530.166671174157 -314.34096586143255
-4915.095113336421 4485.673889879651 -1928.6385168734807
-5232.0296388241595 3042.6092984136917 -3371.5680719706115
-5084.075370518471 1329.1955185126599 -4514.9190079903865
-4410.052106710981 -915.6711415088422 -5264.224874087494
-3255.148648837578 -2606.5701829450754 -5532.5288886378285
-1811.0109485303692 -4065.86402488182 -5309.243432329554
-205.9569779556577 -5163.8880054573765 -4614.208397827777
1417.3971739377696 -5803.077875398819 -3509.1806980589536
2914.809366781774 -5926.63880972327 -2092.3468934817492
4153.2279559569915 -5523.591877177783 -489.59888530559726
5022.614015104759 -4629.74956646134 1156.6521323992974
5445.718777631895 -3324.5336894434986 2700.1295322562087
5384.947528623212 -1723.918404642791 4003.6885738488927
4845.700060243358 29.87459570172995 4951.502315757181
3875.8908765064216 1781.0131071156538 5459.353347600437
2561.6917793249186 3373.900788115078 5482.116876531833
1019.8751257512199 4667.0025779707075 5017.770263109727
-612.5619083937729 5545.420707970186 4107.5727416882055
-2190.5701287943057 5931.103872388565 2832.399356381623
-3573.936580092806 5789.782429524584 1305.5548584806747
-4639.743082287701 5134.013409755647 -337.29391792940316
-5293.288050444189 4022.0647682831573 -1950.1726495414873
-5476.501146106702 2552.738021608218 -3389.769983050073
-5173.103081708198 856.5892992070432 -4528.171377804145
-4297.831157917967 -1319.6779293828354 -5271.259265961872
-2995.3715807028657 -2900.856258606193 -5532.798460876961
-1426.7600935706112 -4224.280779054397 -5302.724232256994
268.6252891088794 -5172.3594143327155 -4601.479684979002
1940.1421360084128 -5660.851217122168 -3491.3734744296175
3439.2688399500576 -5646.3515470339225 -2071.0434090370427
4632.8014144794315 -5130.148763386082 -466.69204812723046
5414.68925261818 -4158.109748824344 1179.1269493030297
5715.458188689393 -2816.6044355155027 2720.1753427743047
5508.383582820417 -1224.8314576461157 4019.524219747227
4811.864922474655 475.77317031942835 4961.720730404094
3687.7909472456035 2134.1032642059477 5463.046580011785
2236.0405627497576 3602.8089177098504 5478.956766800381
585.6081615512466 4751.3891882086855 5008.037600853027
-1116.8580947002094 5477.7876782071835 4092.1323166588504
-2720.0866079865345 5717.460694121686 2812.6231181026415
-4081.623489249767 5449.112236700489 1283.2000125097807
-5080.490211583513 4696.586244013273 -360.2410454250871
-5627.933083253999 3526.7479529162124 -1971.6731055821597
-5675.3094026998215 2043.5426293240805 -3407.9133577633365
-5218.409576030667 378.7595751773776 -4541.345552725804
-4148.797375914564 -1710.8869246629617 -5278.202630903942
-2709.177384111271 -3169.487352390828 -5532.972489784685
-1028.8350927005329 -4346.464919792636 -5296.1134618982105
742.923711665029 -5137.2400049237 -4588.671511310975
2448.6704839821764 -5471.548771210877 -3473.5059598904973
3936.8421379840684 -5319.686417679674 -2049.704160703924
5075.208091478916 -4695.146580878311 -443.77715186026074
5762.619533862007 -3653.422366054502 1201.581404410162
5937.996941822161 -2287.075541226765 2740.1741798456037
5585.757263031044 -717.5120178953524 4035.2904543454165
4737.198538727622 915.8055969756942 4971.853463396165
3467.7189354048705 2467.7498656087923 5466.645473604618
1890.1172868374845 3800.423729140647 5475.702043504775
144.57042269153402 4795.4132664534945 4998.218457116913
-1613.822157947444 5364.309290717468 4076.6212264937826
-3228.819557710891 5456.562893617606 2792.7983099390945
-4556.922170330473 5063.976937687972 1260.8230075528109
-5480.122250392633 4221.434407948007 -383.18195208517426
-5916.38941938703 3003.798905602077 -1993.139513714114
-5826.959424821561 1519.2626885390353 -3425.997882800849
-5219.778514170431 -100.26668557521312 -4554.441305256667
-3964.34608336449 -2085.9607193107513 -5285.054849011954
-2399.0796557225394 -3410.10857467479 -5533.050972355781
-620.644472481955 -4431.253318163993 -5289.411235411534
1212.9376957920088 -5058.661758099411 -4575.784098002103
2938.7450269054775 -5236.585901256228 -3455.578462987403
4403.431965908245 -4949.216406707711 -2028.3295169799746
5476.854650597171 -4222.087315144757 -420.8545922114073
6063.634764799792 -3119.8072373061764 1224.0151099651225
6111.63432032707 -1740.3185953843868 2760.1256981194097
5616.588346027831 -206.19500900033785 4050.9870053836607
4622.483849192014 1346.2499088053162 4981.900339755927
3217.6513769192848 2779.074614293142 5470.149966231313
1526.9164593767405 3964.9663445329975 5472.352762849322
-299.4916863439059 4798.553415092866 4988.3130014636245
-2099.2886814353046 5205.767956616931 4061.039739046833
-3712.5546646045314 5150.427170059181 2772.9252742363747
-4995.943873545845 4637.4483271643185 1238.4242300278843
-5835.421544984034 3712.411849294132 -406.1162417537934
-6156.396403824743 2457.5112869630893 -2014.5715032438914
-5930.348425284994 984.2500621747215 -3444.0232458693454
-5177.3629642532505 -576.4660999481356 -4567.458409252234
-3746.1737043437306 -2441.7094100832983 -5291.815801958133
-2067.800447477334 -3620.609594952245 -5533.033907234967
-205.69404645974916 -4477.802728526193 -5282.617668534603
1674.6891732591978 -4937.1234391569615 -4562.817667599147
3406.2689106817056 -4957.759066009291 -3437.5912933019695
4835.186707225227 -4537.87604307939 -2006.919846974007
5834.476945964425 -3714.7828195808715 -397.9247650197079
6315.348303874326 -2561.614840506708 1246.4276785706468
6235.07325053545 -1180.8361413919415 2780.0295530622416
5600.784576718219 304.86503089954533 4066.6136018054995
4468.8416146212985 1763.4776073174512 4991.861185988487
2939.8224638768593 3065.397459431197 5473.559997374407
1149.5871860185543 4094.943294999309 5468.908982671196
-742.7939581977328 4760.635448444054 4978.3214049458875
-2569.1745995305896 5003.324250589995 4045.3881233874786
-4167.272803058136 4801.445736344179 2753.0043541727023
-5395.090530258441 4172.937697626639 1216.0040667291144
-6143.530787880488 3173.6458318394925 -429.0435183893539
-6346.091374558546 1892.361606578098 -2035.9687040724207
-5984.773893243788 442.93274808008726 -3461.989135697188
-5091.682987766665 -1045.8526288631974 -4580.396639926178
-3496.2625195801784 -2775.1176361808357 -5298.485372990711
-1718.246619870031 -3799.1429623051417 -5532.921294716932
212.44303241667416 -4485.597763964359 -5275.732878582379
2124.2561889822673 -4773.487519573778 -4549.772444013379
3847.3198610120326 -4637.231960964122 -3419.5447614462887
5228.532279705759 -4088.9379924655327 -1985.4755203996858
6145.166660311654 -3177.3239393275494 -374.9880662497491
6515.776015529149 -1983.3907107238558 1268.8187231945142
6307.4300777548015 -613.2245135055964 2799.8854009636625
5538.641297870955 811.4293728290927 4082.169973762494
4277.719932744278 2163.9841984887703 5001.735830084668
2636.7043791285564 3324.2595316244747 5476.875508147659
761.4060704406824 4189.159817102675 5465.370762439445
-1181.5465089813677 4681.83486900625 4968.243840103938
-3019.5134959489505 4758.508346904706 4029.6666497962265
-4589.183457884793 4412.367475810741 2733.03589375326
-5751.084330287632 3674.168391135269 1193.562904819887
-6401.976121726545 2609.503321085006 -451.9633860712916
-6484.024240140586 1312.9724293396462 -2057.3307467013697
-5989.9383501464235 -100.22182463716872 -3479.895242039781
-4963.620151330285 -1504.5109296786986 -4593.2557738541855
-3216.863005089978 -3083.370068403561 -5305.06344693596
-1353.4845971510817 -3944.1401521762527 -5532.71313674633
630.1568569140229 -4454.45607485412 -5268.756984445101
2557.8061088445 -4568.9740272226845 -4536.648652516728
4258.183063256903 -4277.518586660249 -3401.4391790575546
5580.201765770346 -3605.9868480919213 -1963.9969075691445
6406.395053082999 -2614.047353457983 -352.04489198473544
6663.3520259275965 -1389.838279911428 1291.187857176092
6328.240929629802 -42.13597598994439 2819.6928989422004
5430.837855706486 1309.31029430896 4097.655852618852
4050.8810054642795 2544.41859914491 5011.52410152378
2310.9856008880747 3553.444145449734 5480.096441297046
365.7489840797089 4246.730585398562 5461.738163253948
-1611.986035027136 4562.676376364519 4958.080480962588
-3446.4890208376005 4473.208348315005 4013.875589759898
-4974.756332478737 3986.2761281661856 2713.0202378041076
-6060.994712620511 3145.1457805451623 1171.1011318262522
-6608.687114308768 2024.5554280777703 -474.8754490070528
-6569.168664144974 724.0744412105132 -2078.657262239492
-5945.950749850052 -640.743737306639 -3497.7412556848003
-4794.409018055862 -1948.6290229065326 -4606.035588977848
-2910.473909349975 -3363.8751348266783 -5311.5499102001695
-976.7137419779834 -4054.32520116411 -5532.4094369177465
1043.8317276063967 -4384.530681265007 -5261.690106586249
2971.628167412847 -4325.151369139534 -4523.446519737859
4635.382403769248 -3881.4633772518605 -3383.2748587926717
5887.262571510128 -3092.8903307738897 -1942.48437938659
6616.033623946085 -2029.500405480993 -329.09563841970333
6756.941054909087 -785.7804628452652 1313.5346942332078
6297.464620796003 527.759522254995 2839.451704951396
5278.430819156885 1794.4057577684111 4113.070970956118
3790.3852752235753 2901.6111670841237 5021.225831276718
1965.5473657548366 3750.9956906935445 5483.222741201768
-33.93805282376168 4267.087786211383 5458.011247844377
-2030.407926474271 4404.03040611802 4947.831503028166
-3846.4671455591288 4149.655597671963 3998.0152159669815
-5320.750878818022 3526.5656789090976 2692.957731966327
-6322.262546763269 2590.124923496598 1148.6191356301383
-6762.013442636409 1423.540202055406 -497.7793115388603
-6600.929769524072 130.46768655829132 -2099.947882409124
-5853.324518686374 -1174.1974554374895 -3515.526868457785
-4585.625697471813 -2374.530000637025 -4618.735864608458
-2579.8202431813415 -3614.286783372455 -5317.944650771622
-591.238578894784 -4128.725812271822 -5532.01020047563
1449.8772277343728 -4276.309434136043 -5254.5323670404705
3362.1650799978643 -4043.9241965024253 -4510.166273658293
4975.7098102851505 -3452.2185475405277 -3365.052114322872
6147.140888385743 -2553.7681308180927 -1920.9383073418967
6772.371522269801 -1428.4042086456125 -306.1407018546726
6795.847226337274 -176.12030408634973 1335.8588484686766
6215.482081260347 1091.8126623822018 2859.161477785576
5082.844077069559 2262.7332824571704 4128.415062577776
3498.5730709373515 3232.600120544326 5030.840851808807
1603.4384942172946 3915.2362518891646 5486.2543538752025
-434.1686292879139 4249.986460522359 5454.1900805691075
-2433.197964763215 4207.106721379754 4937.49708328552
-4216.026983155934 3790.4070874588047 3982.085802302945
-5624.24350236557 3036.9131498896113 2672.8487226900397
-6532.721304803934 2013.5761516788882 1126.1173044627146
-6860.738150935223 811.3240759581029 -520.6745781505115
-6579.148304502442 -463.0177043486514 -2121.202239552349
-5712.97225909784 -1696.2183297042743 -3533.251773227223
-4339.173557506585 -2778.7025127341385 -4631.356381430843
-2227.8293740478493 -3832.5240987045186 -5324.2475582225
-200.4401059164405 -4166.681834762937 -5531.515434314211
1844.759145242598 -4130.611604620612 -5247.283889411444
3726.0434507546333 -3727.5184065172857 -4496.8081436084085
5276.2524441947735 -2993.218840049798 -3346.7712603282553
6357.643253515721 -1992.9586441193683 -1899.3590635041824
6874.129559703924 -815.615326703977 -283.18047868779996
6779.819287891736 434.19899175797536 1358.1599343770624
6083.092319603471 1645.4328243513473 2878.821877085829
4845.855903507498 2710.4627296380736 4143.687862513781
3178.0439246965193 3534.6561267266866 5040.368997082714
1227.848796560191 4044.7798153727176 5489.191226965836
-831.4460854761923 4195.5070671990225 5450.274727414108
-2816.8633340769675 3973.4451044251896 4927.077400194952
-4551.9899138439 3398.3251069465314 3966.0876238454202
-5882.652213687036 2521.249010411605 2652.6935572284024
-6690.615048750081 1420.148874982542 1103.5960268976708
-6904.08737545114 192.86227979059362 -543.5608534743112
-6504.10124075495 -1051.5609753229223 -2142.4199666375825
-5526.19716803951 -2202.5484230796646 -3550.9156639099374
-4057.266225626932 -3157.8297777212224 -4643.896921507162
