596.8036795556295 -4153.958266132168 -5512.488806297991
2604.802707264633 -3863.5436894044865 -5127.095646128437
4381.3535834447675 -3229.8363009910026 -4286.137537911729
5768.6019664823425 -2309.1437833313103 -3064.337300046777
6643.284749705191 -1183.2737070120452 -1570.2572454499207
6927.6825293417905 47.73543088635887 63.34705636556151
6596.525314612336 1274.5030662670429 1691.3226942290132
5679.2378773050295 2388.025511145314 3169.016888462821
4257.325231674274 3289.3614096809615 4365.130025155131
2457.1305562451785 3898.423111841683 5173.382203054829
438.6090479538797 4161.092812567223 5521.9566691992395
-1618.8847990522245 4054.03115624113 5379.881052577593
-3532.533627303636 3586.7510408603116 4759.7793952152915
-5132.301340500625 2800.7723553013657 3716.7504506402756
-6276.041556860653 1765.9327549868708 2343.471917835191
-6862.127938938901 574.1822797235119 761.965620973288
-6838.484139689966 -668.5868108506718 -887.2446651430884
-6207.211014436216 -1851.9490292359212 -2457.619369152474
-5024.399950652934 -2870.757449229093 -3809.623807127684
-3395.14890203813 -3634.486471746689 -4823.126451580877
-1464.2239741116982 -4075.2754215684145 -5408.073144869297
985.00957994443 -4082.114311496539 -5510.460563650955
2957.6038589178324 -3612.972366118281 -5118.406670404334
4667.402055795651 -2822.8019707423236 -4271.5598827345675
5962.481097459428 -1781.813232603526 -3045.1662540520742
6727.767527696645 -582.5025693893054 -1548.1962402050342
6895.262288776505 668.5660033855768 86.33780373151843
6450.082736138422 1860.2295528060592 1713.2003549193007
5431.785026672564 2886.6035429768035 3187.8375363165956
3930.8493805909006 3656.490140703044 4379.221363017532
2080.6405167953276 4101.481543185144 5181.492153717965
45.557612342002926 4182.03831149995 5523.364627956759
-1993.5732858942447 3891.0026232651344 5374.4619161151595
-3855.5664490264708 3254.2342765694566 4748.014677589092
-5374.975613288046 2328.3129334286714 3699.6854986400035
-6416.794606616994 1195.5107685197509 2322.62302733438
-6888.453239508725 -43.517774584775545 739.1853073867838
-6748.042572590968 -1278.6795724427946 -909.932270983365
-6008.03870980142 -2400.2250788964325 -2478.198373904697
-4734.194241802417 -3308.500053875834 -3826.26567591013
-3039.6958397500107 -3922.8002799550327 -4834.352481320611
-1075.107122850387 -4188.5424862347345 -5412.885853559308
1364.9947894065765 -3974.177608926191 -5508.337163415304
3286.2976077763756 -3330.3172706937353 -5109.62930728853
4915.598462015748 -2390.5436281035013 -4256.908463970269
6108.126821156432 -1238.3596934283858 -3025.942622493185
6757.921307164341 23.85793445986829 -1526.1084998770784
6807.24482838151 1283.9556801725425 109.32706016995012
6251.714773495086 2429.968329155189 1735.0484311469768
5140.692425785226 3360.06762835202 3206.603134881958
3572.8969964872317 3991.6101733558544 4393.237078136589
1687.6339896511054 4268.480637564304 5189.512627595435
-347.58270322527335 4166.077865206419 5524.677206291359
-2351.91514757854 3693.5007919933605 5368.949970561711
-4147.269609859823 2892.7399647504376 4736.167968698783
-5574.120967312171 1834.94649705917 3682.5566584861476
-6505.68721519182 614.1099805741828 2301.7340285333653
-6859.194604263607 -661.2929026621201 716.39222915194
-6603.2324516668305 -1877.937009460807 -932.6041636251771
-5760.54411793114 -2927.7181717780427 -2498.734583798191
-4406.006159585795 -3717.3587264532275 -3842.841470684632
-2659.9752185216776 -4176.695644922975 -4845.495028868728
-677.5938061829457 -4264.914826214375 -5417.605089633138
1733.4197014434835 -3831.0560403463833 -5506.118642259049
3587.9782332220293 -3017.8963762414132 -5100.763708353233
5123.7291533956795 -1936.5833752872775 -4242.183534627385
6204.2142531750815 -683.196442882702 -3006.666737334079
6733.42768981407 630.8954916301991 -1503.9944058889998
6664.34652705236 1888.9295930725195 132.31442869008998
6003.1089293590285 2979.12401073933 1756.8665456277163
4808.468759082523 3804.610186381575 3225.313360104486
3186.575037943962 4292.040050707017 4407.176928481418
1281.5401406298424 4398.103321219618 5197.443486185392
-737.3652221255256 4113.375810883328 5525.894381536735
-2690.7524490210335 3463.156808497637 5363.345311100464
-4405.054512648418 2505.221125863588 4724.239473119685
-5727.948151563644 1324.685552214744 3665.3642259687804
-6541.888460526016 26.445853964806858 2280.8052821545652
-6774.553271165995 -1274.1436744656182 693.5867798717986
-6405.269294025513 -2461.519945932355 -955.2599515580293
-5466.849031049555 -3430.179368000631 -2519.2276442026614
-4042.6752407930144 -4094.05230012784 -3859.3509052114764
-2259.2920144039476 -4394.150718936092 -4856.553901809753
-275.16077779538944 -4303.809562954062 -5422.23077159648
2087.0423651028505 -3653.9651083154395 -5503.8050384928065
3859.962632619303 -2678.2897294909967 -5091.810026694365
5289.908281060548 -1464.6365547203766 -4227.385348983863
6249.822364349431 -120.84399461119611 -2987.3389314411006
6654.412303672164 1233.6860847343287 -1481.8543401188176
6467.728507406212 2478.597741508995 155.2995123336822
5706.358650098159 3503.275111803549 1778.6543215946426
4437.953784786431 4216.671114544744 3243.9678888859767
2775.217250057006 4555.397384202251 4421.040673331211
865.8904838197388 4489.356605241238 5205.2845925335205
-1120.374451802746 4024.416790687573 5527.016132674049
-3007.08920070023 3201.8898834191323 5357.648034515691
-4626.610877721922 2094.8610087465713 4712.229396839466
-5835.037874710597 801.6945403007617 3648.108497975952
-6524.996149889277 -562.7060062293011 2259.8371496068335
-6635.179882676332 -1877.1076547112664 670.7693533631482
-6155.798764880279 -3024.7200505208707 -977.8992435496727
-5129.447912546685 -3903.572796076381 -2539.6772012329534
-3647.3231029719095 -4435.575968153448 -3875.793694396868
-1841.1176296842975 -4573.458750255553 -4867.528909173128
128.67922461242654 -4304.969652104304 -5426.762819570582
2422.746700012292 -3444.4176449971765 -5501.396392069128
4099.813859166732 -2314.318104391448 -5082.7684169289005
5412.5945651974525 -978.5812439928035 -4212.514162582726
6244.442491330364 444.10685436767284 -2967.9595385771445
6521.444298824039 1827.3341097867249 -1459.6886848930994
6218.987161480272 3048.1947104275832 178.2819141820011
5363.945723263342 3998.2098342647837 1800.4113828047273
4032.2941682463875 4592.966468472691 3262.56639909002
2342.35558094921 4779.617876055448 4434.828073279375
444.28842102659434 4541.579260343111 5213.035811235386
-1493.2557148319047 3900.0013969569695 5528.042440332301
-3298.1175273828176 2911.8912945769644 5351.85823919101
-4809.927124075367 1665.0468720493418 4700.137947254561
-5894.353587776322 270.25572800227474 3630.7897724888885
-6455.040868258677 -1148.54882347551 2238.829992979111
-6442.16944011598 -2465.299771664015 647.9403436495286
-5856.882986224038 -3562.998016350316 -1000.5216486526755
-4751.186776498453 -4344.108251324632 -2560.0829017551478
-3223.326771441224 -4739.225404363694 -3892.169554297915
-1409.0600374048718 -4713.241582476908 -4878.4198614365605
530.4078645129538 -4268.465562267058 -5431.2011552936
2737.5696446590046 -3204.210943818566 -5498.89274458181
4305.362616736927 -1929.0195507660592 -5073.6390351922
5490.6052265451335 -482.4263052651108 -4197.570232227578
6187.983466850623 1007.0326345515961 -2948.5288933959887
6335.532220608272 2407.0123054984656 -1437.497822980246
5920.141133539663 3593.11837010229 201.2612373626023
4978.719526644619 4459.9600993822605 1822.1373535453672
3594.9168410564243 4930.514801619602 3281.108569547567
1891.6900181076455 4962.971626525219 4448.538890237679
20.378235505096576 4554.446642771818 5220.697008438795
-1852.7442427504884 3741.2390879482523 5528.973286788661
-3561.2422644035123 2595.6060220031636 5345.976025107728
-4953.308282610002 1219.3419703736952 4687.965333166608
-5905.251122671256 -265.2659663176194 3613.408348576593
-6332.486485715427 -1726.3038578010433 2217.7841750342327
-6197.052634844571 -3033.9520757591695 625.1001449545096
-5510.983462050233 -4072.0203375066876 -1023.1267762111929
-4335.239224100139 -4748.271722499839 -2580.4443933926586
-2774.289956204761 -5002.618327501634 -3908.4782021274864
-966.8328509296302 -4812.4603404759655 -4889.226570529208
926.5315960266076 -4194.694133064676 -5435.545702121981
3028.7270034211283 -2935.4114228990966 -5496.294139265178
4474.72652429964 -1525.6240331448223 -5064.42203913534
5523.126956480231 19.721747045167636 -4182.55381597828
6080.77332073414 1563.3151634627689 -2929.047331436423
6098.11629040662 2968.001167111077 -1415.2821375839656
5573.614866533911 4108.967242202988 224.23708505620283
4553.873302363698 4884.833545919414 1843.831858640874
3129.500110934648 5226.660952341972 3299.594080062468
1427.057101064003 5104.076596325147 4462.172887440407
-402.18619477308397 4527.972635853629 5228.268051846065
-2195.693482239575 3549.5384360058756 5529.808655968774
-3794.1037681669286 2255.712169226142 5340.001493843065
-5055.391284142502 761.4559771808604 4675.711764778826
-5867.485099302769 -800.4589200314482 3595.9645263908837
-6158.227114355744 -2291.2495294428472 2196.7000592027157
-5901.783625363641 -3578.4525631803344 602.249151694922
-5120.940761707128 -4547.694382898808 -1045.7142358678107
-3885.07983849457 -5112.8535994686345 -2600.761324532336
-2304.0125222396987 -5223.713336337225 -3924.7193562591
-518.2235823914284 -4870.423219383855 -4899.948849835023
1313.6117969390732 -4084.374625887966 -5439.796385031759
3293.63776888484 -2640.336950591034 -5493.600620993348
4606.326981116414 -1107.52637150394 -5055.117587922345
5509.723826542816 523.69278599074 -4167.465173146286
5923.557530956117 2108.379541262188 -2909.5151891165083
5811.05715363991 3505.7275218212685 -1393.0420123366303
5182.218846818514 4591.5762274347035 247.209060503539
4092.9176536644536 5269.443235440183 1865.4945234588893
2639.9427655090267 5479.097087406043 3318.0226114170364
952.397377440134 5201.909118534348 4475.729829448368
-819.7726971413906 4462.5086962787045 5235.748810716383
-2519.102370068661 3326.5947929618474 5530.548533447034
-3994.5987425166727 1895.0983437695245 5333.934748568431
-5115.157486684218 295.2140902311965 4663.377453692432
-5781.212040660985 -1330.9012307498888 3578.458607160971
-5933.580534393852 -2838.7601368149935 2175.5780095763143
-5558.724358556535 -4094.382747030414 579.3877584739594
-4689.951129401416 -4986.201482269438 -1068.2836375700979
-3404.4551608874613 -5434.974334224025 -2621.0333443305117
-1816.4584111232427 -5400.8258655907985 -3940.8927362318022
-67.06136013428215 -4886.790317665893 -4910.586514195975
1688.2943869965297 -3938.5420046902927 -5443.953130619857
3529.946708928851 -2321.5369836179593 -5490.812236279434
4698.903483953274 -678.257710482713 -5045.725842227468
5450.342063630181 1025.2877367139054 -4152.30456429043
5717.493832521348 2637.731869102344 -2889.932803727754
5476.6211835845825 4015.801949425392 -1370.7778312926503
4749.126708730123 5037.050403485411 270.1767670122371
3599.651484605698 5610.734824464148 1887.124973916888
2130.3314292637024 5685.880833985015 3336.3938453774763
471.7220776261565 5255.811379329263 4489.209482153028
-1228.8018507267425 4358.740018871756 5243.139155867974
-2820.141342134454 3074.375479721984 5531.192906446842
-4160.898899307091 1516.839187524333 5327.77589404764
-5131.942329472222 -175.47492302398086 4650.962612902894
-5646.990162505784 -1852.197316602627 3560.8908931884575
-5660.278138192542 -3364.3438503670386 2154.4183909019634
-5170.62556157942 -4577.553668846559 556.5163600744218
-4221.540212903429 -5384.027755585652 -1090.8345915775446
-2897.3524903868833 -5712.107348824322 -2641.2601027190917
-1315.7222842774977 -5532.641136949732 -3956.998062754989
382.81562074210507 -4861.575480461434 -4921.139379915141
2047.3386779000793 -3758.537507861548 -5448.015867105364
3735.5450228135983 -1981.770687171465 -5487.929033274762
4751.525268914032 -241.4557565910636 -5036.246964232398
5345.311643146248 1520.3135775735573 -4137.072251212227
5464.143620371154 3146.996378584556 -2870.300513429294
5097.462457926763 4494.054740992166 -1348.4899789218466
4277.8493862500145 5441.796617828248 293.13980796364416
3078.1306235721627 5906.010984239151 1908.722836488655
1604.9064468361535 5845.450356598107 3354.707464699476
-10.920710717183304 5265.495812436945 4502.611612780519
-1625.7775151985386 4217.678858092993 5250.438959680401
-3096.176852847405 2795.1026282286603 5531.74176384082
-4291.467289772449 1124.169263740369 5321.525036635091
-5105.442025207204 -646.6514731668109 4638.467456796362
-5465.775831839004 -2360.014388899886 3543.2616878421063
-5340.45146964974 -3863.679669426634 2133.221568575281
-4740.604558196839 -5024.040055845865 533.635351451884
-3719.534127947705 -5737.992435666554 -1113.3667084681815
-2367.966767523747 -5942.099006813217 -2661.4412504115285
-805.9951681542897 -5618.224004732531 -3973.035057713266
827.5926389571925 -4795.145144661414 -4931.607264759989
2387.645208266834 -3545.996595339283 -5451.984524330768
3908.5888869539467 -1623.983223758629 -5484.951061768026
4763.6001729696945 199.1659661436428 -5026.68111762351
5195.344678902029 2004.6183859285572 -4121.768496951414
5165.460010719332 3631.951665000863 -2850.618657242048
4676.601552336335 4936.570100080471 -1326.1788401028077
3772.206523100353 5802.552617986886 316.09778681958386
2532.6343902312647 6152.9528717023995 1930.2877382107238
1068.026577507162 5956.636260978228 3372.9631531336386
-491.48008358589374 5231.046378198463 4515.935989895639
-2007.3165824275118 4040.65506864685 5257.648096096736
-3344.794193956727 2491.2338241232474 5532.195096151001
-4385.072162965327 720.4555217267371 5315.182284273946
-5035.717226722231 -1114.3384154421747 4625.892201145888
-5238.916716003807 -2850.1184942054756 3525.5712955524477
-4976.615464461108 -4332.653037219607 2111.9879086343817
-4272.120089383794 -5430.212344342089 510.7451277278757
-3188.0280964745125 -6045.27345457541 -1135.879599145329
-1820.6658167626024 -6123.185489124112 -2681.576438908957
-291.5293893709839 -5657.025621807203 -3989.0034441711596
1263.510703621863 -4688.214202544699 -4941.989987965446
2706.2823257725277 -3302.834377496941 -5455.85903376317
4047.515729038932 -1251.2804134384814 -5481.878373184435
4734.880633662892 639.8495828126875 -5017.028467588965
5001.530615304483 2474.126135697294 -4106.393565781426
4823.772652920682 4088.5657239014904 -2830.8875750428538
4217.401321547263 5339.718305161877 -1303.844800116232
3236.2953749934995 6116.41348204082 339.0503071293979
1967.6303821232543 6349.638479601966 1951.8193066887866
524.1327949976406 6018.670233320976 3391.1605954309425
-965.936291082428 5152.916724310117 4529.182383405925
-2370.1776987581725 3829.3039511417646 5264.766440625742
-3563.8184165457787 2165.440717290833 5532.552895549004
-4440.798228463769 309.1685728285371 5308.747746494249
-4923.193629660707 -1574.5745560934827 4613.237063107727
-4968.141671782908 -3318.409825799986 3507.820021806679
-4571.64852403657 -4767.389819882506 2090.7177777534816
-3768.9443425804875 -5792.76630712282 487.8460841830573
-2631.3529165463046 -6303.430086839048 -1158.3728748443157
-1259.9542363749033 -6254.006441192313 -2701.665320506142
223.39690691651663 -5648.886877990413 -4004.9029463780294
1686.898254667191 -4541.838925947332 -4952.2873702371035
3000.5112896596406 -3031.2286538019935 -5459.639328495459
4151.058088539317 -866.9019822069134 -5478.711020584824
4665.466769601168 1076.8247906186427 -5007.289180815894
4765.3282541202625 2924.8709552299642 -4090.947723204839
4441.769410962167 4513.029499884342 -2811.107607558637
3723.5398632560914 5700.185568370221 -1281.488244638331
2674.457458214155 6380.855134254071 361.9969725366449
1387.7377713466494 6494.557719537905 1973.3171701041888
-22.288506491893838 6031.190350543684 3409.2994773481946
-1430.3343527171692 5031.925251460722 4542.350564565517
-2711.288714784564 3585.551511545256 5271.793870344038
-3751.3331762488087 1820.5857848953553 5532.815155856153
-4458.055222548867 -106.14697825164608 5302.221534411059
-4768.659498472343 -2023.4481165626196 4600.502261217598
-4655.547451039029 -3760.9570099612383 3490.0081731432915
-4128.769582047419 -5164.288368336781 2069.411543236618
-3235.1324168840256 -6108.75004207938 464.9386162504
-2054.0395393357076 -6510.422466775227 -1180.846147139192
-690.4362347133625 -6333.61528477968 -2721.707548297502
734.5153592927878 -5594.038590118575 -4020.7332897727415
2094.2020402581793 -4357.407017691451 -4962.499233754232
3267.8096796923755 -2733.600709576681 -5463.325343247484
4218.254942248555 -474.19362756438045 -5475.449058664735
4555.806509018688 1506.3409678943763 -4997.463425487528
4488.554674634945 3353.0305578872567 -4075.431235948733
4022.4750597121315 4901.788668279613 -2791.2790963604884
3198.9808833928573 6015.001344350047 -1259.1095597340775
2091.2432170877455 6593.754754576365 384.9373867860061
797.689413674667 6586.624118642438 1994.7809572202807
-566.7425947457091 5994.243024843282 3427.379485653453
-1880.817036514055 4869.247132984529 4555.440305979214
-3027.772630758474 3311.59726502105 5278.730263898182
-3905.697339598678 1459.6974473552036 5532.981872543599
-4436.583699945073 -521.9028942848854 5295.603760722502
-4573.260128924466 -2457.1298734346237 4587.688015386889
-4303.582326027403 -4174.0300803928885 3472.1360571468776
-3651.5123475028413 -5520.049397278911 2048.0695730112716
-2674.9894725046684 -6375.588100878917 442.0231195083517
-1460.78204387648 -6664.627822908308 -1203.2990279494384
-116.77772011346501 -6361.486115634818 -2741.702776183097
1237.6028165522273 -5493.098450065161 -4036.494200988438
2482.0169118367317 -4136.624881141725 -4972.625402172901
3505.8929123527287 -2412.5940382495655 -5466.917014367157
4248.460395159125 -76.57814062493539 -5472.092543753473
4406.6927586723195 1924.69919669664 -4987.551371280281
4173.371132124833 3754.9585639884513 -4059.844371960142
3569.2271659505027 5251.573384505631 -2771.402383857779
2647.94170278604 6281.5628636592855 -1236.709131850608
1491.374999028276 6753.407916192226 407.8711537301188
202.29308181544855 6625.183038528993 2016.210297388869
-1104.7634634652534 5908.2815737555575 3445.400308131463
-2313.656926842442 4666.403363087321 4568.45138160634
-3316.9718189534824 3009.8947354349357 5285.575501506818
-4025.5592086594506 1085.9437518336408 5533.0530427323865
-4376.45799680041 -934.4980997037227 5288.894539707842
-4338.48928615607 -2871.9056941050635 4574.794546898851
-3915.0267632901305 -4554.131864434583 3454.2039824427225
-3143.696931693886 -5831.703433130614 2026.6922356220316
-2093.0358318299 -6591.102559783982 419.0999896739618
-856.3993131713571 -6764.853299423384 -1225.7311295466661
456.3320427089558 -6337.517136339278 -2761.6506588746197
1728.5162940143812 -5347.064763955561 -4052.1854078572483
2847.114287127807 -3881.502222087175 -4982.6657006289915
3712.733681474671 -2071.051174094414 -5470.414279831579
4241.349659500993 322.4741675920005 -5468.641533813148
4219.257630435306 2328.2839267058753 -4977.55318936082
3822.266044998307 4127.21544142624 -4044.187400401391
3085.649347724952 5559.425752189232 -2751.4778132922183
2074.859164757091 6497.656687732155 -1214.2873478105041
879.7086396311154 6858.542312073345 430.79787733639444
-393.6078586638692 6610.016353769636 2037.6048205566183
-1631.9505713969409 5774.161434854504 3463.3616335889233
-2725.2873141642795 4425.246932962438 4581.383566764666
-3576.4703193417063 2683.1298212003994 5292.329464962712
-4109.868241564152 702.6048501034014 5533.028665193514
-4278.086334663912 -1340.3496452558832 5282.0939872255085
-4066.1776828561333 -3264.208192606631 4561.82207840486
-3492.971299799734 -4898.027517302586 3436.2122586914784
-2609.399088104049 -6096.635602446486 2005.2799002242257
-1493.970316271037 -6753.53085966834 396.1696225961608
-245.79572565658776 -6810.345262626637 -1248.142064561337
1024.2188938392098 -6262.030602292633 -2781.5508519013074
2203.227169906817 -5157.30704247626 -4067.806639414997
3186.4690432250195 -3594.334119466693 -4992.619955741252
3886.5791584636017 -1711.988836467046 -5473.817079248094
4196.922267969905 719.4754818765311 -5465.0960884376445
3994.963767947402 2713.594010655067 -4967.469052383115
3438.0352055330372 4466.597803175756 -4028.4605916454598
2575.6221275380635 5822.724779542673 -2731.5057287319755
1484.3537205798107 6661.477106640388 -1191.8445948052236
261.1939715689997 6908.327959402335 453.7171616938704
-985.1740080465592 6541.34355627347 2058.9641572714645
-2144.004953682247 5593.132071956341 3481.2631518600983
-3112.3316503725196 4147.946257990054 4594.236638134275
-3804.1140216847043 2334.1972160390196 5298.992037634806
-4157.884168090781 313.04450798718324 5532.9087403479425
-4142.208059587863 -1735.923578372534 5275.202220711089
-3758.478587209896 -3630.6472368187124 4548.770833920403
-3040.7917985467298 -5202.771955440546 3418.1611965838965
-2052.917314287648 -6312.607553832862 1983.832936577533
-882.6321175748855 -6861.54026864514 373.2324142488412
366.07881615167395 -6800.795019214794 -1270.5314459893573
1582.2620405527177 -6135.769287529845 -2801.4030116159665
2657.8543390080554 -4925.553528267862 -4083.3576259058705
3497.284615640887 -3277.680722583628 -5002.487995614262
4025.9658065932695 -1338.571600832929 -5477.125353855336
4115.502490852429 1110.9506827345722 -5461.456268851614
3735.5928403625844 3077.2728462912123 -4957.299134485445
3023.7593726273603 4770.165813065424 -4012.6642172713173
2043.2516150847325 6039.20861382092 -2711.4864750657325
881.1919848798211 6771.641226607925 -1169.3812603881765
-359.16542022900455 6902.38379955276 476.62861102001943
-1567.609401578987 6419.819281294946 2080.2879386888644
-2636.7644082581255 5366.825646981203 3499.1045538119497
-3471.631326013525 3836.966002006738 4607.0103737614445
-3998.0285654494814 1966.175089506007 5305.56310447021
-4169.18342178587 -79.31910811456044 5532.693270266601
-3969.8880349364986 -2117.765454892994 5268.219359175305
-3417.8506746163152 -3968.039047343593 4535.641038821404
-2562.1222828658474 -5465.7349569851285 3400.051107835385
-1478.7380825942946 -6477.776329715764 1962.3517150396522
-263.96151434906267 -6914.2388482979495 350.2887607240046
974.2691928221284 -6736.340902571448 -1292.8988871989027
2125.9318067011277 -5959.88950570634 -2821.206795200854
3088.6960500566634 -4653.875771714926 -4098.83809878711
3777.0160948453204 -2934.344752209168 -5012.269649841425
4129.7316844448305 -954.0843243098377 -5480.339046524245
3997.7369507113167 1493.4674708712018 -5457.722137909416
3443.2312943951047 3416.137366906973 -4947.043611287419
2582.7794272002325 5035.2684664211565 -3996.7985500592254
1492.8362735577791 6206.993865782123 -2691.420397996713
270.2480658056506 6827.200621224402 -1146.8977324683349
-976.3528685574232 6840.78064079445 499.5318296676678
-2136.2005658951684 6246.527280158533 2101.575796578357
-3106.2374683913513 5097.242558247081 3516.885531349578
-3800.2715403223683 3495.0454661548256 4619.704553062459
-4156.634808678772 1582.2982466403187 5312.04255199622
-4143.662833192658 -471.0431158896459 5532.38225867034
-3762.508230812544 -2482.5302304341612 5261.145523201951
-3047.0382606293215 -4273.433639600136 4522.432919840219
-2060.825569282013 -5684.623716233007 3381.8823051806926
-891.4994823199568 -6590.71002911827 1940.8366065598252
357.04024592727774 -6911.182833061802 327.3390582249416
1573.8553814785346 -6617.566713061485 -1315.2440019369878
2650.8265596348665 -5735.9507498924595 -2840.9618606736135
3492.26016500688 -4344.670390790237 -4114.247790733598
4023.391129186732 -2567.347001194311 -5021.96474950787
4197.026135177185 -561.9035639255303 -5483.4581017590535
3844.5894523235634 1863.6661570542701 -5453.893760094024
3120.253479296325 3727.205631711817 -4936.702659886905
2118.6692916267575 5259.56652941926 -3980.863863986053
928.8320397690783 6324.591859760284 -2671.307844036684
-343.5360149343292 6827.649448347357 -1124.394399303294
-1585.3793871278588 6724.040420802679 522.4264221317516
-2686.3548434522227 6022.970893904323 2122.8273633297877
-3548.6358830618015 4786.733971710158 3534.6057774215287
-4095.6050515292745 3125.1747298934843 4632.318956827414
-4278.661737901636 1185.929998722366 5318.430268322268
-4081.540552263666 -858.6898172033142 5531.975710929876
-3521.7565770113874 -2827.0112745722445 5253.9808349458235
-2649.0490749174555 -4544.140374060834 4509.146705061701
-1540.9619373567177 -5857.502659682541 3363.6551023684556
-295.95356926176714 -6650.400128764412 1919.2879826724982
975.3515722329639 -6852.380361605305 304.3837030594735
2159.992446274893 -6445.496528141644 -1337.5664043362292
3152.7085124945797 -5465.902042556983 -2860.667866893178
3865.2925919457 -4000.6381737751103 -4129.586435642509
4234.428462045301 -2179.900046741843 -5031.573127193436
4227.316780808937 -165.4682342217782 -5486.48246569824
3657.3330694601855 2218.2888607978107 -5449.9712015159175
2769.3022818993118 4007.7227786659782 -4926.276458857001
1635.2068337087517 5441.052940048 -3964.8604342204503
355.81608235621246 6390.9216700391735 -2651.1491605000165
-955.1904893868547 6772.928963549578 -1101.8716494926737
-2181.3241943634553 6553.131796139409 545.3119930561486
-3213.6376720873304 5751.060110697033 2144.0422719597
-3960.4053398296023 4437.981496307632 3552.264986025085
-4355.273613175451 2730.5687502102514 4644.853367224033
-4363.156713187206 780.5329877531397 5324.7261431418365
-3983.354191834422 -1238.8565559784413 5531.473634065694
-3249.6131698751997 -3148.1682580789006 5246.725418130596
-2227.1297570800493 -4777.75139494021 4495.782623919332
-1006.7560917703942 -5982.810353544409 3345.369814155766
303.0722703694137 -6656.270357105409 1897.7062154908256
1585.9713312761505 -6738.291528876252 281.42309163296096
2727.949879478434 -6221.585927801122 -1359.865708921366
3627.538109478198 -5152.065114060729 -2880.324473565664
4204.80365926204 -3624.760705470674 -4144.853768637906
4408.453951443519 -1775.3804011992088 -5041.094616975496
4220.393763857724 231.75024284738262 -5489.412086115468
3437.5395536570136 2554.2078661367073 -5445.954529911948
2393.267430253449 4255.185115785974 -4915.765188242937
1136.3429929906933 5578.0704943254 -3948.788537118302
-221.55050595831514 6405.319830484796 -2630.944695497686
-1559.7582701945928 6663.428390422551 -1079.3298719714269
-2759.374667237624 6329.462095897417 568.1881472405845
-3713.808515780337 5433.095317764887 2165.2201561176817
-4338.254179915734 4053.9741779028427 3569.8628522115782
-4577.226922050718 2314.6396417614837 4657.307567801373
-4409.492965331999 369.63921582088204 5330.930067734382
-3849.9562079023804 -1608.2052765804024 5530.876036747925
-2948.333946146095 -3443.15367266491 5239.379398046709
-1784.7392747243234 -4972.162754902117 4482.340907191269
-462.56268654398184 -6059.3733563894275 3327.0267563027965
900.7146262587083 -6608.182044039539 1876.09167770038
2183.959491797279 -6569.824757547482 258.4576204415624
3273.1499723412826 -5947.7097101462605 -1382.141530616061
4071.5067138607046 -4797.114553904385 -2899.931341250255
4508.09221634068 -3220.274717757631 -4160.049526075278
4544.113941961947 -1357.2993409952783 -5050.529054431862
4176.371202324317 626.278038624547 -5492.246912420479
3187.0661531482638 2868.4528897535456 -5441.843814644153
1995.2616444549049 4467.362142235858 -4905.169029558972
626.1693825901732 5669.32666368471 -3932.648450217714
-798.5607768167083 6367.546631634859 -2610.694797931197
-2152.3353067772255 6499.982137846135 -1056.769456003032
-3314.8653993626594 6054.865706407986 591.0544896473734
-4182.855154167497 5071.747885615013 2186.360650092665
-4679.179872367071 3637.9830081861187 3587.3990720915795
-4759.738924664173 1880.9673754544222 4669.681343493623
-4417.374285734637 -43.18046307575642 5337.04193496721
-3682.506556189812 -1963.491527967335 5530.182929296202
-2620.431958713687 -3709.3377539583485 5231.9429015491705
-1325.5204821295993 -5125.593042349558 4468.82178699624
87.16930624251287 -6086.416895633419 3308.6262455673073
1492.1137192187937 -6506.435897939648 1854.4447425525789
2764.4772802092793 -6348.329517690292 235.4876860653423
3791.204903144446 -5626.146200608926 -1404.3934847494904
4481.0673330065365 -4404.0551036675315 -2919.4881313650203
4772.767265490907 -2790.6443838877944 -4175.173445546128
4640.38588149225 -929.2726640584342 -5059.876276643599
4095.6858479249827 1014.6690100184135 -5494.986895659974
2908.0399524230625 3158.2370258053284 -5437.6391266985665
1578.5948318885746 4642.316307618685 -4894.488165785251
108.8846329914708 5713.905413030565 -3916.4404522343852
-1370.500443379296 6277.788947433796 -2590.3998174866306
-2728.1105410136456 6283.863384234498 -1034.1907911728597
-3843.3160449630286 5731.5889830657125 613.9106254081669
-4617.026052202781 4670.0377480875795 2207.463388819266
-4980.493033219217 3193.5331650687567 3604.873342840263
-4901.421351700444 1433.2691457441135 4681.974480623799
-4386.83687354977 -454.3471269779286 5343.061639297317
-3482.462687867658 -2301.5926635984783 5529.394323679475
-2268.6564098327312 -3944.331591685236 5224.416057055394
-853.2700539494754 -5236.5993484366945 4455.225496789698
637.9330907411356 -6063.572272641809 3290.1685996991796
2072.4530807961387 -6351.770190874067 1832.7657838583102
3322.826519811858 -6075.585453362801 212.5136851614672
4277.952240558299 -5259.558286052634 -1426.6211870629338
4852.963131246942 -3976.196283835318 -2938.9945061928297
4996.766950846369 -2339.5317925492454 -4190.2252658825355
4696.586098912507 -494.98963462902617 -5069.136122197862
3979.0929614616507 1393.534524554228 -5497.631988518451
2602.83986422791 3420.981142908959 -5433.340538683997
1146.7465410734637 4778.420336635877 -4883.7227813646705
-411.2402446696816 5711.275913700454 -3900.164823056664
-1932.6865299758376 6136.659562311215 -2570.0601046286533
-3282.405135638485 6016.774078523702 -1011.5942673814022
-4340.467640401983 5362.271813681217 636.7561598310195
-5012.860547487263 4231.308166250889 2228.5280078840806
-5239.838796352121 2724.3742194591227 3622.2853627025597
-5001.234373507277 975.3676675490887 4694.186766907414
-4318.248329020771 -860.3045819531791 5348.989076773222
-3251.566970180093 -2619.5349939644634 5528.510233515808
-1895.9696167722755 -4146.008226122037 5216.798994542952
-371.9070425886727 -5304.090432931202 4441.552271359665
1185.2011044161616 -5990.880928156986 3271.654137434939
2636.9989321241937 -6145.355362368085 1811.055175981459
3854.4878324338038 -5753.7880041849785 189.53601445727776
4729.488573690436 -4850.971331747266 -1448.8242537165477
5184.253500155918 -3517.124568346752 -2958.450128887141
5178.374752410782 -1870.765852401682 -4205.20472716156
4712.374682990638 -58.1813807499799 -5078.308431190692
3827.6594430711166 1759.5727619060879 -5500.18214531903
2274.076426093138 3654.3365217838805 -5428.948124830768
703.3369034997082 4874.371966533116 -4872.873062199659
-929.8971895128452 5661.2980712268445 -3883.821843740889
-2480.5058364505794 5945.192998094685 -2549.676010594306
-3810.7106542990964 5700.83143703207 -988.9802748375573
-4802.317107484888 4949.92598510246 659.5906984069699
-5367.216611049139 3759.197887004091 2249.5541435319406
-5455.215365079524 2234.448559677199 3639.6348309983414
-5058.494294104275 511.1586721070025 4706.3179914561515
-4212.303806261294 -1257.5499066627754 5354.824145036756
-2991.831639841204 -2914.5196575587183 5527.530674072145
-1505.5221027843147 -4312.521546721723 5209.091845547392
114.55967997984688 -5327.336971269381 4427.8023468227275
1724.4623324409513 -5868.795127286545 3253.0831784923016
3181.1389389863743 -5888.785081461088 1789.313293832448
4355.15739060456 -5385.530638640139 166.55507074353068
5142.200995774128 -4403.748164564072 -1471.0023012958536
5472.337476291776 -3030.6733405359732 -2977.854663477826
5316.23275708343 -1388.309890310359 -4220.111570709844
4687.757427505035 377.4109861669222 -5087.393045229693
3642.754278608189 2109.5972402824395 -5502.637322024231
1924.5695724346251 3856.20553691021 -5424.461960989441
252.0963061311813 4929.205966330346 -4861.939195648984
-1442.776823278445 5564.224814177935 -3867.411796506373
-3009.4529004179535 5704.837869087397 -2529.2478873870577
-4308.7258805888005 5338.551044059814 -966.34920405187
-5225.149657737253 4497.910530922142 682.4138468169607
-5677.295957604162 3257.6109283567803 2270.5414326722753
-5624.989597234991 1727.85829901682 3656.9214481276986
-5072.878226291227 44.57787722797213 4718.367944781519
-4070.0193629820824 -1642.6634845793521 5360.566743324824
-2705.5214182861664 -3183.9469870718717 5526.455662264045
-1100.626022590335 -4442.322827241837 5201.294743159883
602.0648252303546 -5305.978789398713 4413.975960619957
2251.259571211404 -5698.175251213137 3234.4560435644676
3700.420024800395 -5584.063835927047 1767.540512861731
4820.7819201600605 -4973.783843558322 143.57125086745378
5512.796186260497 -3921.5613295985727 -1493.154946818431
5714.974318704111 -2520.8908820155325 -2997.2077748769734
5409.351903179142 -896.228216817959 -4234.9455391080355
4623.084832506897 808.0682584765691 -5096.389807436914
3426.036386392775 2440.564322856351 -5504.997476236753
1557.3245708106356 4024.7602021152516 -5419.8821246294865
-203.16595149411498 4942.303329562196 -4850.92137052452
-1945.604287429552 5420.701117236626 -3850.93496473063
-3515.1671442830743 5417.4458222895355 -2508.7760877706864
-4772.391974310094 4932.826691962618 -943.7014458298188
-5605.568834122455 4009.904262701437 705.2252109386236
-5940.666303389389 2730.684242524211 2291.4895128853154
-5747.9095014155 1208.8309439882814 3674.1449155760565
-5044.425715955464 -420.4322887882159 4730.336418798463
-3892.7225685351677 -2012.3382676691524 5366.216772471165
-2395.1339379688816 -3425.4391604666794 5525.285216655388
-684.7271461418957 -4534.174751564579 5193.407822024977
1086.520657495385 -5240.029018087804 4400.073351512805
2761.2263325968256 -5480.283710865333 3215.773054314861
4190.5849306048485 -5233.591146103541 1745.737209053452
5247.591667449592 -4521.8710407739845 120.58495172605004
5838.326855964694 -3408.3628495674484 -1515.2818077405384
5910.301082251929 -1992.0066618228582 -3016.5091288846756
5457.119120451975 -398.6519403980081 -4249.706376195175
4519.048176627055 1230.124755386397 -5105.298562451447
3179.439970792571 2749.59946834112 -5507.2625672001805
1175.5063268473452 4158.458418110306 -5415.208694837989
-658.5937525000936 4913.397555941865 -4839.819777087978
-2434.1748867468527 5231.7597588379695 -3834.391632944421
-3993.468900105588 5085.257147961773 -2488.2609652632364
-5197.925676640319 4486.907123205754 -921.0373912650354
-5940.5239460844505 3489.8757100853154 728.0243968530881
-6155.2805933590325 2182.753525056477 2312.398022428394
-5823.113547909689 681.6841104703157 3691.3049359193387
-4973.537309415675 -879.9559288525744 4742.22320682895
-3682.0404549710843 -2363.4080222739335 5371.774134908049
-2063.3781477338985 -3636.86094127099 5524.019357458052
-261.3756370847486 -4587.162805534727 5185.431218338247
1563.8512459474978 -5129.875124094316 4386.094759578998
3250.1230829291635 -5216.775525791939 3197.0345333713294
4647.607221062341 -4840.142528580627 1723.9037589186576
5632.131061915771 -4033.4416270892975 97.59657025903252
6116.215341717926 -2868.3517365640296 -1537.3825019636267
6056.847047839498 -1448.3962066907943 -3035.7583921948117
5459.301313725049 100.25568232900171 -4264.393827073229
4376.67270013693 1639.9994140090253 -5114.119156432096
2905.1575104298604 3034.022000735457 -5509.432555799713
782.4122765466677 4256.057779511481 -5410.441752318236
-1110.3167402519507 4842.577961808962 -4828.634607047628
-2904.3892421344435 4998.813840896364 -3817.78208682688
-4440.394014151042 4710.883173286899 -2467.7028741308186
-5581.850291662122 4004.3698623606083 -898.3574317325698
-6227.334675212497 2942.050716275865 750.8110108517974
-6319.4930446621365 1618.3174530730998 2333.266600242126
-5850.1367244551 150.78958229562713 3708.401212829112
-4860.970083378075 -1330.1366045979898 4754.028103605557
-3439.884918377051 -2692.8743169647396 5377.238734667949
-1713.1508826918785 -3816.338328784888 5522.6581065315795
165.80412695925722 -4600.703932367574 5177.365069843962
2030.0267123106357 -4976.276801702744 4372.040426208333
3713.8725156477226 -4909.685639175578 3178.240804320704
5067.724447908429 -4406.847361807114 1702.0405394891316
5971.286823630029 -3512.4413572109793 74.60650344207791
6344.274160511495 -2305.9395239316273 -1559.4566478410673
6153.544896842925 -894.544844502008 -3054.9552324007686
5416.046164702866 596.334070006986 -4279.007638111417
4197.307962901863 2034.2260854268766 -5122.851437060128
2605.620529014404 3291.368186102474 -5511.507404562819
381.4440970369596 4316.626819624931 -5405.581379388342
-1554.4831036268345 4730.289984224483 -4817.366053554969
-3352.2876587966102 4723.646125190012 -3801.1066132005412
-4852.226744210272 4297.285578552818 -2447.1021693815965
-5921.024189754491 3489.092349934069 -875.6619588821283
-6463.712652052362 2370.8779543940764 773.5846594432625
-6432.071879679604 1042.0006481796565 2354.094885956729
-5828.913294114792 -379.4629883700561 3725.4334510776953
-4707.8301826032175 -1767.2096731571894 4765.750905274988
-3168.435699394875 -2997.9320232124 5382.610477385232
-1347.5117998442322 -3962.2749567972073 5521.201487382779
593.1444365806892 -4574.552372313322 5169.209515832716
2481.0971868439137 -4780.360734456968 4357.9105940986
4148.593563940397 -4561.413067076565 3159.392191703181
5447.469197077808 -3937.1638312548625 1680.147928310645
6262.313286230016 -2963.0803110672864 51.61514827999103
6520.723358191486 -1725.7141019776134 -1581.5038641846893
6199.738544054505 -335.01062175560315 -3074.099318001194
5327.879753173806 1085.4600223792715 -4293.547556950612
3982.615465208448 2409.4827800628796 -5131.495253541848
2283.4783157391976 3519.412418896903 -5513.487077659898
-23.921522789739587 4339.553593086229 -5400.627659979846
-1987.2922929759497 4577.332468923858 -4806.014311201473
-3774.0834218426735 4408.395267604927 -3784.365500026436
-5225.530676386399 3847.7528008353065 -2426.459206759577
-6212.666598469513 2945.220612126433 -852.9513646313065
-6647.779829440313 1780.9926471423335 796.3449493598969
-6492.208649264066 458.51566970216084 2374.8825198981936
-5759.776240012323 -904.7024371539206 3742.4013565432574
-4515.562435473756 -2187.533762247654 4777.391409401632
-2870.1210923240283 -3275.993112731851 5387.889270297763
-969.6568948023145 -4073.3660986908644 5519.6495251653305
1016.9655730917636 -4508.8026311084905 5160.964697138981
2913.2261869367126 -4543.612263197684 4343.70550725131
4550.633869589803 -4174.702006387766 3140.489021006705
5783.697762802031 -3434.8511559322906 1658.2263034365797
6502.854728449713 -2389.7987066762175 28.622901799853974
6644.204514166702 -1132.4021548730695 -1603.523770271335
6195.187571188723 225.6132978555511 -3093.190318405749
5195.701025377761 1563.5820189820654 -4308.01333250769
3734.5536425035993 2762.619616055338 -5140.050456611191
1941.5747796742637 3716.186336685603 -5515.3715409048955
-430.1628019788502 4324.5515191276845 -5395.580679636224
-2405.0273897674697 4384.851957818755 -4794.57957601507
-4166.194739686389 4055.53905745176 -3767.5590363990736
-5557.1774039397005 3365.873714390164 -2405.774342738513
-6454.3804685816285 2377.135720911481 -830.2260411588001
-6778.083504007908 1177.1787867415437 819.0914875648142
-6499.524074973565 -127.37564859439608 2395.6291430945075
-5643.453409186224 -1420.6121985738946 3759.3046362149203
-4285.9371421052865 -2587.6211204561805 4788.9494149709935
-2547.59655142299 -3524.7085501976526 5393.075022248515
-582.8908272033868 -4148.6101573253845 5518.00224667935
1433.6073049874726 -4403.889546098938 5152.630756138713
3322.723136848156 -4267.864022550651 4329.425410967522
4916.600436469594 -3752.620051385953 3121.5316186613672
6073.616211165043 -2903.939320553772 1636.2760434212914
6690.96453187275 -1797.2308373625879 5.630161044096397
6713.791291109359 -530.8305072541121 -1625.5159858494276
6140.068231143098 782.7364429352139 -3112.2279039408327
5020.773163594148 2026.7538251874446 -4322.404714979894
3455.360367159738 3090.685235809102 -5148.516898532325
1582.9236385039912 3879.995699980354 -5517.1607617558875
-833.7432215702853 4271.662431614781 -5390.440525511442
-2804.0868552250754 4154.334017134746 -4783.062045456926
-4525.275066260636 3667.8747942377404 -3750.6875125415067
-5844.372728816412 2855.5087996692982 -2385.047934515733
-6644.17222680958 1789.4183170562546 -807.4863808977448
-6853.607864981138 564.3301642398538 841.8238812585773
-6454.070367786402 -710.9012001914177 2416.334397281854
-5481.060395192553 -1922.9658732471357 3776.142998197775
-4021.034153248461 -2964.166589668125 4800.4247223932425
-2203.7213807705107 -3741.988096566268 5398.167643687146
-190.59829273912035 -4187.317539640208 5516.259680370927
1839.4602900289713 -4260.585443576761 5144.207836746869
3706.074753689455 -3955.2816335802645 4315.070551843601
5243.388211643493 -3298.5336929725922 3102.520312033783
6314.803616762806 -2348.6965583676297 1614.297527313654
6825.121008473523 -1190.1674274666177 -17.362676936317992
6728.996447031152 74.11330232852671 -1647.4801311456392
6034.9710215555315 1331.808739970919 -3131.2117458552057
4804.711936780615 2471.1671265204836 -4336.721455849097
3147.5331112916624 3390.9514693404167 -5156.89443310218
1210.6821561428794 4009.434893164027 -5518.854709315652
-1231.1420530035246 4181.256805845598 -5385.207286368435
-3181.015387931345 3887.5916723713526 -4771.461918417926
-4848.241545985359 3248.4969583918632 -3733.7512198002505
-6084.680166521003 2320.759033865159 -2364.28034000597
-6780.468252082162 1186.811484696245 -784.7327765287567
-6873.781977850987 -52.58947312430846 864.5417378860536
-6356.330009792394 -1287.317625472692 2436.9979249107973
-5274.090226068919 -2407.661957497491 3792.9161517179896
-3723.224380795528 -3314.0749587481314 4811.817133506622
-1841.533710187348 -3926.0178563356103 5403.167046671529
203.78531200854485 -4189.116838342082 5514.421856331631
2230.9971149353664 -4079.9944056254108 5135.6960844149435
4059.9750336305933 -3608.346565208387 4300.6411777669455
5528.206353680803 -2816.081297504496 3083.4554294213763
6505.232279072452 -1773.5948483481122 1592.2911346504522
6904.239768726859 -573.5167136232287 -40.35521508868353
6689.7752561727175 677.5208979437451 -1669.415826871277
5880.894854512458 1868.3578044769315 -3150.141516325672
4549.471137146789 2893.182920929151 -4350.963307886166
2813.8069442203664 3660.9360383327016 -5165.182915653005
828.123656111561 4103.398922977202 -5520.453354332189
-1618.8847990522565 4054.0311562411257 -5379.881052577588
-3532.5336273036446 3586.751040860309 -4759.779395215287
-5132.301340500615 2800.772355301373 -3716.7504506402843
-6276.041556860656 1765.9327549868678 -2343.4719178351856
-6862.127938938902 574.1822797235104 -761.9656209732849
-6838.484139689962 -668.586810850685 887.2446651431071
-6207.211014436225 -1851.94902923591 2457.6193691524604
-5024.39995065293 -2870.757449229094 3809.6238071276866
-3395.1489020381473 -3634.486471746683 4823.12645158087
-1464.223974111713 -4075.2754215684126 5408.073144869294
596.8036795556204 -4153.958266132169 5512.488806297991
2604.8027072646273 -3863.543689404488 5127.095646128438
4381.3535834448 -3229.8363009909867 4286.137537911707
5768.6019664823525 -2309.143783331302 3064.3373000467654
6643.284749705195 -1183.2737070120359 1570.257245449907
6927.6825293417905 47.73543088636038 -63.34705636556464
6596.525314612343 1274.5030662670285 -1691.3226942289955
5679.237877305033 2388.0255111453102 -3169.0168884628174
4257.325231674271 3289.361409680962 -4365.130025155133
2457.1305562451753 3898.4231118416833 -5173.38220305483
438.6090479538886 4161.092812567223 -5521.956669199239
-1993.573285894224 3891.0026232651394 -5374.461916115163
-3855.566449026478 3254.2342765694534 -4748.014677589087
-5374.975613288036 2328.31293342868 -3699.685498640012
-6416.794606616997 1195.510768519748 -2322.6230273343745
-6888.453239508726 -43.51777458478007 -739.1853073867759
-6748.042572590964 -1278.6795724428066 909.9322709833839
-6008.038709801416 -2400.225078896434 2478.1983739047005
-4734.1942418023855 -3308.5000538758495 3826.2656759101556
-3039.695839750029 -3922.8002799550277 4834.352481320604
-1075.1071228503783 -4188.5424862347345 5412.885853559309
985.0095799444086 -4082.114311496542 5510.460563650957
2957.603858917826 -3612.9723661182834 5118.406670404336
4667.402055795631 -2822.8019707423364 4271.55988273458
5962.4810974594375 -1781.8132326035177 3045.166254052063
6727.767527696645 -582.5025693893039 1548.1962402050303
6895.2622887765065 668.566003385561 -86.33780373149946
6450.082736138424 1860.229552806055 -1713.2003549192966
5431.785026672556 2886.603542976808 -3187.837536316604
3930.849380590873 3656.4901407030534 -4379.22136301755
2080.640516795325 4101.481543185145 -5181.492153717967
45.55761234199997 4182.03831149995 -5523.364627956759
-2351.9151475785447 3693.500791993359 -5368.94997056171
-4147.269609859831 2892.7399647504326 -4736.167968698778
-5574.120967312142 1834.946497059198 -3682.556658486178
-6505.687215191835 614.1099805741547 -2301.7340285333335
-6859.194604263608 -661.2929026621423 -716.3922291519125
-6603.232451666839 -1877.9370094607903 932.6041636251522
-5760.544117931141 -2927.7181717780436 2498.7345837981907
-4406.00615958576 -3717.358726453242 3842.8414706846584
-2659.9752185216803 -4176.695644922976 4845.495028868728
-677.5938061829429 -4264.914826214375 5417.605089633138
1364.9947894066017 -3974.1776089261853 5508.337163415302
3286.297607776378 -3330.317270693734 5109.62930728853
4915.5984620157315 -2390.5436281035136 4256.908463970281
6108.126821156439 -1238.3596934283748 3025.942622493173
6757.921307164343 23.85793445987262 1526.1084998770743
6807.24482838151 1283.9556801725405 -109.32706016994588
6251.714773495093 2429.9683291551814 -1735.0484311469638
5140.692425785217 3360.0676283520256 -3206.603134881966
3572.896996487215 3991.6101733558594 -4393.237078136598
1687.633989651101 4268.480637564305 -5189.512627595436
-347.582703225322 4166.077865206413 -5524.6772062913615
-2690.752449021037 3463.1568084976357 -5363.345311100463
-4405.054512648416 2505.221125863588 -4724.239473119685
-5727.948151563655 1324.6855522147303 -3665.364225968767
-6541.888460526023 26.445853964794047 -2280.805282154551
-6774.553271165994 -1274.1436744656246 -693.5867798717907
-6405.269294025518 -2461.519945932345 955.2599515580141
-5466.849031049555 -3430.179368000631 2519.2276442026605
-4042.6752407929953 -4094.052300127846 3859.3509052114905
-2259.292014403951 -4394.150718936092 4856.553901809752
-275.1607777953868 -4303.809562954062 5422.230771596481
1733.4197014434933 -3831.0560403463805 5506.118642259049
3587.978233222027 -3017.8963762414146 5100.7637083532345
5123.729153395682 -1936.5833752872757 4242.183534627383
6204.2142531750815 -683.1964428827002 3006.666737334077
6733.427689814071 630.8954916302032 1503.9944058889953
6664.34652705237 1888.9295930724904 -132.31442869004889
6003.108929359036 2979.1240107393223 -1756.8665456277033
4808.468759082514 3804.61018638158 -3225.313360104495
3186.57503794395 4292.040050707019 -4407.176928481424
1281.540140629833 4398.103321219618 -5197.443486185396
-737.3652221255056 4113.3758108833335 -5525.894381536734
-3007.089200700271 3201.889883419109 -5357.64803451568
-4626.6108777219215 2094.861008746573 -4712.229396839467
-5835.037874710601 801.694540300756 -3648.108497975946
-6524.996149889281 -562.7060062293131 -2259.8371496068194
-6635.1798826763315 -1877.1076547112743 -670.7693533631378
-6155.798764880284 -3024.7200505208634 977.8992435496626
-5129.447912546685 -3903.57279607638 2539.677201232953
-3647.323102971911 -4435.575968153448 3875.793694396867
-1841.1176296842984 -4573.458750255553 4867.528909173128
128.67922461241218 -4304.969652104308 5426.76281957058
2087.042365102845 -3653.9651083154417 5503.805038492807
3859.9626326193047 -2678.2897294909953 5091.810026694364
5289.908281060553 -1464.6365547203718 4227.385348983858
6249.822364349442 -120.84399461117474 2987.3389314410783
6654.412303672162 1233.686084734318 1481.8543401188304
6467.728507406217 2478.5977415089815 -155.29951233366322
5706.358650098168 3503.275111803541 -1778.6543215946297
4437.953784786422 4216.671114544748 -3243.9678888859853
2775.2172500570164 4555.39738420225 -4421.040673331206
865.8904838197368 4489.356605241237 -5205.2845925335205
-1120.374451802726 4024.4167906875796 -5527.016132674048
-3298.117527382826 2911.8912945769594 -5351.858239191008
-4809.927124075365 1665.046872049345 -4700.137947254563
-5894.353587776327 270.25572800226945 -3630.789772488883
-6455.040868258677 -1148.5488234755098 -2238.8299929791106
-6442.169440115978 -2465.2997716640216 -647.9403436495181
-5856.882986224044 -3562.9980163503087 1000.5216486526654
-4751.186776498457 -4344.108251324629 2560.0829017551423
-3223.3267714412104 -4739.225404363696 3892.1695542979255
-1409.060037404916 -4713.241582476913 4878.419861436542
530.4078645129667 -4268.465562267053 5431.201155293603
2422.7467000122865 -3444.4176449971797 5501.396392069128
4099.813859166751 -2314.3181043914333 5082.768416928892
5412.594565197456 -978.5812439927995 4212.514162582722
6244.442491330362 444.1068543676708 2967.9595385771445
6521.44429882404 1827.3341097867235 1459.6886848931
6218.98716148028 3048.1947104275696 -178.28191418198216
5363.945723263353 3998.209834264776 -1800.4113828047139
4032.2941682463797 4592.966468472694 -3262.566399090029
2342.355580949251 4779.6178760554485 -4434.828073279354
444.28842102659297 4541.579260343111 -5213.035811235387
-1493.2557148319202 3900.001396956963 -5528.042440332301
-3561.242264403522 2595.6060220031554 -5345.976025107726
-4953.308282610003 1219.3419703736934 -4687.965333166608
-5905.251122671251 -265.2659663176124 -3613.4083485766005
-6332.486485715428 -1726.3038578010578 -2217.7841750342186
-6197.052634844571 -3033.9520757591677 -625.1001449545138
-5510.98346205023 -4072.0203375066912 1023.1267762111971
-4335.239224100138 -4748.27172249984 2580.444393392658
-2774.289956204745 -5002.618327501634 3908.478202127496
-966.8328509296665 -4812.460340475974 4889.226570529193
926.5315960266215 -4194.69413306467 5435.545702121984
2737.569644659011 -3204.210943818561 5498.892744581809
4305.362616736927 -1929.0195507660585 5073.6390351922
5490.605226545128 -482.4263052651167 4197.570232227583
6187.983466850622 1007.0326345515971 2948.528893395989
6335.532220608271 2407.0123054984665 1437.4978229802464
5920.141133539671 3593.1183701022796 -201.26123736258333
4978.719526644617 4459.960099382262 -1822.137353545368
3594.9168410564134 4930.5148016196035 -3281.108569547576
1891.6900181076676 4962.971626525222 -4448.538890237666
20.378235505093304 4554.446642771817 -5220.697008438796
-1852.7442427504807 3741.2390879482564 -5528.973286788661
-3794.1037681669222 2255.712169226149 -5340.001493843067
-5055.391284142493 761.4559771808736 -4675.711764778834
-5867.485099302777 -800.4589200314676 -3595.9645263908683
-6158.227114355745 -2291.2495294428863 -2196.7000592026748
-5901.7836253636415 -3578.4525631803317 -602.2491516949262
-5120.940761707141 -4547.694382898799 1045.7142358677906
-3885.0798384945697 -5112.8535994686345 2600.7613245323355
-2304.012522239678 -5223.713336337224 3924.7193562591133
-518.2235823914117 -4870.423219383851 4899.948849835029
1313.6117969390696 -4084.3746258879683 5439.796385031758
3028.72700342109 -2935.4114228991275 5496.294139265182
4474.72652429964 -1525.6240331448225 5064.42203913534
5523.1269564802415 19.721747045188888 4182.553815978266
6080.7733207341425 1563.3151634627775 2929.047331436416
6098.1162904066205 2968.0011671110774 1415.2821375839665
5573.614866533918 4108.967242202981 -224.23708505618876
4553.873302363698 4884.833545919416 -1843.8318586408748
3129.5001109346326 5226.660952341975 -3299.594080062481
1427.0571010640133 5104.07659632515 -4462.172887440401
-402.1861947731089 4527.972635853618 -5228.268051846072
-2195.693482239568 3549.5384360058815 -5529.808655968774
-3994.598742516667 1895.0983437695322 -5333.934748568434
-5115.157486684219 295.21409023119566 -4663.377453692431
-5781.21204066099 -1330.9012307499079 -3578.4586071609556
-5933.580534393851 -2838.760136815011 -2175.5780095762952
-5558.724358556541 -4094.3827470304027 -579.3877584739757
-4689.951129401416 -4986.201482269437 1068.2836375700972
-3404.4551608874626 -5434.974334224026 2621.0333443305108
-1816.4584111232232 -5400.825865590795 3940.8927362318154
-67.06136013428306 -4886.790317665894 4910.586514195975
1688.2943869965302 -3938.5420046902923 5443.953130619857
3293.6377688848215 -2640.336950591052 5493.600620993349
4606.32698111641 -1107.526371503945 5055.1175879223465
5509.723826542817 523.6927859907428 4167.4651731462845
5923.557530956117 2108.3795412621907 2909.5151891165046
5811.05715363991 3505.727521821268 1393.0420123366307
5182.218846818515 4591.576227434703 -247.2090605035372
4092.9176536644377 5269.443235440189 -1865.4945234589086
2639.9427655090285 5479.097087406042 -3318.0226114170346
952.3973774401205 5201.909118534343 -4475.729829448375
-819.7726971413721 4462.5086962787145 -5235.748810716378
-2519.1023700686533 3326.5947929618537 -5530.548533447034
-4160.898899307085 1516.8391875243412 -5327.7758940476415
-5131.942329472225 -175.47492302398618 -4650.962612902891
-5646.990162505782 -1852.1973166026132 -3560.8908931884685
-5660.278138192541 -3364.343850367056 -2154.4183909019443
-5170.625561579426 -4577.553668846549 -556.5163600744382
-4221.540212903436 -5384.027755585649 1090.834591577537
-2897.352490386871 -5712.107348824323 2641.260102719104
-1315.7222842774734 -5532.6411369497255 3956.9980627550067
382.8156207421042 -4861.575480461434 4921.13937991514
2047.3386779000796 -3758.537507861548 5448.015867105364
3529.9467089288346 -2321.5369836179793 5490.812236279437
4698.903483953273 -678.2577104827141 5045.725842227468
5450.342063630183 1025.2877367139063 4152.304564290429
5717.49383252135 2637.7318691023484 2889.9328037277505
5476.6211835845825 4015.8019494253917 1370.7778312926512
4749.126708730122 5037.050403485413 -270.1767670122402
3599.651484605691 5610.734824464151 -1887.1249739168977
2130.3314292637074 5685.880833985017 -3336.3938453774726
471.7220776261435 5255.811379329258 -4489.2094821530345
-1228.8018507267445 4358.740018871755 -5243.139155867975
-2820.1413421344746 3074.375479721965 -5531.192906446842
-4291.467289772444 1124.1692637403778 -5321.525036635094
-5105.442025207207 -646.6514731668165 -4638.467456796358
-5465.775831839005 -2360.014388899886 -3543.2616878421063
-5340.451469649741 -3863.6796694266363 -2133.221568575278
-4740.604558196847 -5024.040055845856 -533.635351451898
-3719.5341279477107 -5737.992435666551 1113.3667084681738
-2367.966767523752 -5942.099006813217 2661.4412504115235
-805.995168154296 -5618.224004732534 3973.035057713262
827.5926389571748 -4795.145144661425 4931.607264759981
2387.6452082668475 -3545.9965953392702 5451.984524330772
3735.5450228136087 -1981.7706871714495 5487.929033274759
4751.525268914025 -241.45575659107777 5036.246964232403
5345.311643146251 1520.3135775735711 4137.072251212218
5464.143620371154 3146.9963785845594 2870.3005134292907
5097.462457926761 4494.054740992168 1348.4899789218425
4277.849386250035 5441.796617828235 -293.13980796361295
3078.1306235721554 5906.010984239152 -1908.722836488665
1604.9064468361578 5845.450356598107 -3354.7074646994733
-10.920710717175474 5265.495812436949 -4502.611612780514
-1625.7775151985522 4217.678858092982 -5250.438959680406
-3096.1768528474154 2795.1026282286484 -5531.74176384082
-4385.072162965323 720.455521726747 -5315.182284273948
-5035.717226722234 -1114.3384154421851 -4625.892201145882
-5238.916716003808 -2850.1184942054592 -3525.5712955524596
-4976.6154644611115 -4332.653037219599 -2111.987908634388
-4272.120089383803 -5430.21234434208 -510.74512772788967
-3188.02809647452 -6045.2734545754065 1135.8795991453212
-1820.665816762609 -6123.185489124112 2681.5764389089522
-291.5293893709912 -5657.025621807205 3989.003444171156
1263.5107036218612 -4688.214202544699 4941.989987965446
2706.2823257725395 -3302.8343774969276 5455.859033763173
3908.588886953953 -1623.9832237586193 5484.951061768025
4763.600172969688 199.16596614362717 5026.681117623514
5195.344678902031 2004.6183859285702 4121.768496951404
5165.460010719333 3631.9516650008654 2850.6186572420443
4676.601552336332 4936.570100080476 1326.178840102799
3772.206523100369 5802.552617986877 -316.0977868195625
2532.634390231266 6152.952871702399 -1930.2877382107245
1068.026577507167 5956.636260978228 -3372.963153133636
-491.48008358588584 5231.046378198467 -4515.935989895635
-2007.316582427512 4040.6550686468486 -5257.6480960967365
-3344.794193956725 2491.23382412325 -5532.195096151001
-4440.798228463769 309.16857282853925 -5308.747746494249
-4923.193629660708 -1574.5745560934809 -4613.237063107727
-4968.141671782906 -3318.4098258000063 -3507.820021806661
-4571.648524036576 -4767.389819882495 -2090.717777753492
-3768.944342580488 -5792.766307122819 -487.8460841830542
-2631.3529165463115 -6303.430086839046 1158.3728748443102
-1259.954236374911 -6254.006441192313 2701.665320506137
223.39690691649986 -5648.8868779904205 4004.902946378018
1686.8982546671891 -4541.838925947334 4952.2873702371035
3000.5112896596506 -3031.2286538019794 5459.639328495463
4047.515729038937 -1251.2804134384714 5481.878373184433
4734.880633662893 639.8495828126898 5017.028467588964
5001.530615304484 2474.1261356972936 4106.3935657814245
4823.772652920686 4088.565723901481 2830.887575042861
4217.401321547273 5339.718305161865 1303.8448001162467
3236.295374993517 6116.413482040812 -339.0503071293765
1967.630382123256 6349.638479601966 -1951.8193066887875
524.132794997649 6018.670233320979 -3391.1605954309375
-965.9362910824161 5152.916724310125 -4529.182383405919
-2370.1776987581675 3829.3039511417696 -5264.766440625741
-3563.8184165457787 2165.4407172908336 -5532.552895549004
-4458.055222548868 -106.14697825164694 -5302.221534411059
-4768.659498472343 -2023.4481165626216 -4600.502261217598
-4655.547451039027 -3760.957009961245 -3490.0081731432874
-4128.769582047418 -5164.288368336781 -2069.4115432366198
-3235.1324168840188 -6108.750042079385 -464.938616250392
-2054.0395393357103 -6510.422466775228 1180.8461471391863
-690.4362347133651 -6333.615284779682 2721.707548297497
734.5153592927685 -5594.038590118589 4020.7332897727247
2094.2020402581807 -4357.407017691451 4962.499233754232
3267.8096796923746 -2733.600709576683 5463.325343247483
4151.058088539322 -866.9019822069 5478.711020584822
4665.4667696011675 1076.8247906186377 5007.2891808158965
4765.328254120261 2924.8709552299665 4090.9477232048375
4441.769410962171 4513.029499884329 2811.1076075586507
3723.539863256097 5700.185568370214 1281.4882446383435
2674.457458214161 6380.855134254069 -361.9969725366333
1387.7377713466544 6494.5577195379055 -1973.3171701041806
-22.288506491890384 6031.190350543687 -3409.2994773481896
-1430.3343527171492 5031.925251460741 -4542.350564565501
-2711.2887147845636 3585.5515115452567 -5271.793870344037
-3751.33317624881 1820.5857848953535 -5532.815155856153
-4436.583699945073 -521.9028942848863 -5295.603760722502
-4573.260128924466 -2457.1298734346265 -4587.688015386888
-4303.582326027403 -4174.030080392888 -3472.13605714688
-3651.5123475028367 -5520.049397278916 -2048.0695730112666
-2674.989472504653 -6375.5881008789265 -442.0231195083314
-1460.7820438764822 -6664.627822908309 1203.299027949433
-116.77772011345134 -6361.486115634812 2741.702776183109
1237.6028165522184 -5493.098450065168 4036.4942009884285
2482.016911836738 -4136.624881141719 4972.625402172905
3505.892912352738 -2412.594038249546 5466.917014367159
4218.254942248564 -474.1936275643489 5475.449058664732
4555.80650901869 1506.3409678943938 4997.463425487522
4488.554674634945 3353.030557887253 4075.4312359487367
4022.475059712136 4901.788668279601 2791.279096360501
3198.9808833928514 6015.001344350051 1259.1095597340714
2091.2432170877432 6593.7547545763655 -384.9373867860068
797.6894136746764 6586.6241186424395 -1994.7809572202675
-566.7425947457356 5994.243024843266 -3427.3794856534764
-1880.8170365140365 4869.24713298455 -4555.4403059791985
-3027.772630758474 3311.5972650210515 -5278.730263898182
-3905.697339598677 1459.6974473552075 -5532.981872543599
-4376.457996800412 -934.4980997037555 -5288.894539707834
-4338.489286156073 -2871.9056941050385 -4574.794546898865
-3915.026763290123 -4554.131864434598 -3454.2039824427084
-3143.696931693882 -5831.703433130616 -2026.6922356220261
-2093.035831829897 -6591.102559783983 -419.0999896739586
-856.3993131713495 -6764.853299423383 1225.731129546675
456.3320427089557 -6337.517136339278 2761.6506588746192
1728.5162940143841 -5347.064763955557 4052.1854078572505
2847.1142871278116 -3881.5022220871683 4982.665700628994
3712.7336814746823 -2071.0511740943825 5470.4142798315825
4248.460395159123 -76.57814062494344 5472.092543753474
4406.6927586723195 1924.6991966966457 4987.5513712802785
4173.371132124831 3754.958563988456 4059.8443719601387
3569.2271659505022 5251.57338450563 2771.4023838577796
2647.941702786035 6281.562863659288 1236.7091318506016
1491.374999028275 6753.407916192226 -407.87115373011954
202.29308181545514 6625.183038528994 -2016.2102973888602
-1104.7634634652504 5908.281573755559 -3445.4003081314595
-2313.656926842435 4666.403363087331 -4568.4513816063345
-3316.9718189534847 3009.894735434932 -5285.575501506819
-4025.55920865945 1085.9437518336426 -5533.0530427323865
-4278.086334663912 -1340.3496452558993 -5282.093987225505
-4066.1776828561246 -3264.208192606666 -4561.822078404842
-3492.971299799725 -4898.027517302601 -3436.212258691464
-2609.3990881040454 -6096.635602446489 -2005.2799002242207
-1493.9703162710448 -6753.530859668337 -396.1696225961724
-245.79572565659882 -6810.345262626639 1248.142064561322
1024.2188938392098 -6262.030602292634 2781.5508519013074
2203.22716990682 -5157.307042476256 4067.806639415
3186.4690432250204 -3594.3341194666905 4992.619955741253
3886.579158463601 -1711.9888364670494 5473.817079248093
4241.349659500991 322.4741675919802 5468.641533813151
4219.257630435304 2328.283926705892 4977.553189360814
3822.2660449983073 4127.215441426238 4044.1874004013926
3085.6493477249514 5559.425752189231 2751.477813292219
2074.859164757091 6497.656687732155 1214.2873478105048
879.7086396311237 6858.542312073346 -430.7978773363829
-393.6078586638816 6610.016353769632 -2037.6048205566328
-1631.9505713969525 5774.161434854494 -3463.3616335889355
-2725.2873141642726 4425.246932962449 -4581.38356676466
-3576.4703193417163 2683.129821200373 -5292.329464962719
-4109.868241564151 702.6048501034138 -5533.028665193514
-4142.208059587863 -1735.9235783725326 -5275.2022207110895
-3758.4785872098932 -3630.6472368187206 -4548.770833920398
-3040.791798546721 -5202.77195544056 -3418.161196583883
-2052.9173142876575 -6312.607553832854 -1983.8329365775462
-882.6321175748656 -6861.540268645143 -373.23241424881354
366.07881615167247 -6800.795019214795 1270.5314459893564
1582.2620405527164 -6135.769287529846 2801.4030116159656
2657.854339008065 -4925.5535282678475 4083.357625905882
3497.2846156408873 -3277.680722583626 5002.487995614263
4025.965806593269 -1338.5716008329334 5477.125353855336
4196.922267969905 719.4754818765099 5465.096088437646
3994.963767947399 2713.594010655083 4967.469052383108
3438.035205533039 4466.597803175752 4028.4605916454616
2575.6221275380763 5822.724779542657 2731.5057287319933
1484.3537205797963 6661.4771066403955 1191.8445948052026
261.19397156901476 6908.327959402336 -453.71716169385155
-985.1740080465515 6541.343556273473 -2058.964157271456
-2144.004953682257 5593.13207195633 -3481.2631518601106
-3112.331650372518 4147.946257990057 -4594.2366381342745
-3804.1140216846993 2334.1972160390396 -5298.992037634802
-4157.88416809078 313.0445079871966 -5532.9087403479425
-3969.8880349364977 -2117.7654548929986 -5268.219359175303
-3417.8506746163166 -3968.0390473435905 -4535.641038821406
-2562.1222828658492 -5465.734956985127 -3400.051107835387
-1478.738082594302 -6477.77632971576 -1962.3517150396608
-263.9615143490593 -6914.2388482979495 -350.28876072399896
974.2691928221273 -6736.340902571449 1292.898887198902
2125.9318067011295 -5959.889505706337 2821.2067952008574
3088.6960500566715 -4653.875771714911 4098.838098787121
3777.0160948453163 -2934.344752209183 5012.26964984142
4129.7316844448305 -954.084324309836 5480.339046524245
4115.502490852432 1110.950682734551 5461.456268851617
3735.592840362584 3077.2728462912137 4957.2991344854445
3023.7593726273426 4770.165813065456 4012.6642172712927
2043.2516150847339 6039.20861382092 2711.4864750657334
881.1919848798225 6771.641226607925 1169.3812603881772
-359.1654202289895 6902.383799552763 -476.62861102000056
-1567.6094015789831 6419.819281294948 -2080.287938688861
-2636.764408258145 5366.825646981177 -3499.1045538119765
-3471.6313260135253 3836.966002006735 -4607.010373761446
-3998.0285654494774 1966.1750895060275 -5305.563104470205
-4169.18342178587 -79.3191081145469 -5532.693270266601
-3762.5082308125393 -2482.530230434181 -5261.145523201945
-3047.0382606293138 -4273.433639600154 -4522.432919840209
-2060.8255692820094 -5684.623716233013 -3381.882305180686
-891.4994823199692 -6590.710029118264 -1940.836606559838
357.04024592726114 -6911.182833061802 -327.3390582249606
1573.855381478542 -6617.566713061481 1315.2440019370015
2650.826559634867 -5735.950749892457 2840.961860673617
3492.260165006877 -4344.670390790241 4114.247790733596
4023.3911291867307 -2567.347001194316 5021.96474950787
4197.026135177185 -561.9035639255294 5483.458101759054
3997.7369507113203 1493.4674708711802 5457.722137909418
3443.2312943951047 3416.1373669069735 4947.043611287418
2582.7794272002197 5035.2684664211765 3996.7985500592085
1492.8362735577814 6206.993865782122 2691.4203979967133
270.2480658056535 6827.200621224401 1146.8977324683356
-976.3528685574214 6840.78064079445 -499.53182966766855
-2136.2005658951634 6246.527280158536 -2101.5757965783528
-3106.23746839136 5097.242558247065 -3516.8855313495937
-3800.271540322367 3495.0454661548274 -4619.704553062459
-4156.63480867877 1582.2982466403341 -5312.042551996217
-4143.662833192657 -471.043115889653 -5532.38225867034
-3521.7565770113806 -2827.0112745722645 -5253.980834945818
-2649.049074917446 -4544.14037406085 -4509.14670506169
-1540.9619373567214 -5857.50265968254 -3363.655102368457
-295.9535692617689 -6650.400128764412 -1919.2879826724975
975.3515722329639 -6852.380361605305 -304.38370305947035
2159.9924462748922 -6445.496528141646 1337.5664043362308
3152.708512494583 -5465.902042556978 2860.6678668931863
3865.292591945711 -4000.6381737750758 4129.586435642533
4234.428462045301 -2179.9000467418487 5031.573127193435
4227.3167808089365 -165.46823422175927 5486.482465698243
3844.5894523235584 1863.6661570542901 5453.893760094021
3120.253479296326 3727.2056317118177 4936.702659886905
2118.6692916267584 5259.566529419261 3980.8638639860515
928.8320397690923 6324.591859760277 2671.3078440366976
-343.53601493432444 6827.649448347357 1124.394399303297
-1585.3793871278426 6724.040420802684 -522.4264221317327
-2686.3548434522154 6022.970893904329 -2122.827363329779
-3548.6358830618083 4786.733971710142 -3534.6057774215433
-4095.6050515292745 3125.174729893488 -4632.318956827414
-4278.661737901637 1185.9299987223712 -5318.430268322268
-4081.540552263669 -858.6898172033017 -5531.975710929876
-3249.6131698752 -3148.168258078901 -5246.725418130596
-2227.1297570800516 -4777.751394940209 -4495.782623919332
-1006.756091770384 -5982.810353544419 -3345.3698141557525
303.0722703694141 -6656.270357105412 -1897.7062154908203
1585.971331276149 -6738.291528876252 -281.4230916329579
2727.9498794784454 -6221.585927801111 1359.8657089213891
3627.538109478199 -5152.065114060724 2880.3244735656717
4204.803659262043 -3624.7607054706564 4144.8537686379195
4408.453951443518 -1775.3804011992154 5041.094616975494
4220.393763857725 231.75024284737646 5489.412086115468
3657.333069460194 2218.2888607977893 5449.97120151592
2769.302281899313 4007.7227786659782 4926.276458857001
1635.206833708761 5441.052940047993 3964.8604342204558
355.8160823562288 6390.921670039167 2651.1491605000297
-955.1904893868387 6772.928963549578 1101.8716494926887
-2181.324194363452 6553.13179613941 -545.3119930561494
-3213.6376720873277 5751.060110697035 -2144.0422719597004
-3960.405339829611 4437.981496307605 -3552.2649860251095
-4355.273613175446 2730.568750210278 -4644.853367224022
-4363.156713187206 780.5329877531457 -5324.726143141836
-3983.354191834424 -1238.8565559784354 -5531.473634065694
-2948.3339461460914 -3443.1536726649147 -5239.379398046708
-1784.7392747243061 -4972.162754902134 -4482.340907191257
-462.56268654396274 -6059.3733563894375 -3327.0267563027796
900.7146262586989 -6608.182044039535 -1876.091677700393
2183.9594917972872 -6569.824757547479 -258.4576204415544
3273.1499723412835 -5947.70971014626 1382.14153061606
4071.506713860704 -4797.114553904387 2899.9313412502506
4508.09221634068 -3220.2747177576325 4160.049526075276
4544.1139419619485 -1357.2993409952962 5050.529054431856
4176.371202324318 626.2780386245446 5492.246912420479
3437.5395536570245 2554.2078661366845 5445.954529911953
2393.2674302534397 4255.1851157859855 4915.765188242932
1136.342992990698 5578.070494325395 3948.788537118307
-221.55050595832034 6405.319830484796 2630.9446954976825
-1559.7582701945882 6663.428390422551 1079.3298719714346
-2759.374667237627 6329.462095897416 -568.1881472405852
-3713.8085157803384 5433.095317764884 -2165.220156117682
-4338.254179915734 4053.9741779028454 -3569.8628522115755
-4577.226922050718 2314.6396417615065 -4657.307567801361
-4409.492965331999 369.63921582087846 -5330.930067734383
-3849.956207902374 -1608.205276580417 -5530.876036747925
-2620.4319587136915 -3709.337753958341 -5231.942901549173
-1325.520482129597 -5125.59304234956 -4468.82178699624
87.16930624251279 -6086.416895633418 -3308.626245567309
1492.1137192188007 -6506.435897939648 -1854.4447425525739
2764.4772802092834 -6348.32951769029 -235.48768606533912
3791.204903144452 -5626.1462006089205 1404.3934847494993
4481.067333006537 -4404.055103667531 2919.4881313650194
4772.767265490908 -2790.6443838877835 4175.173445546133
4640.385881492251 -929.2726640584407 5059.876276643597
4095.685847924983 1014.669010018411 5494.986895659974
3187.0661531482765 2868.4528897535233 5441.843814644157
1995.2616444549017 4467.362142235861 4905.1690295589715
626.169382590178 5669.326663684707 3932.64845021772
-798.5607768167257 6367.546631634864 2610.694797931181
-2152.3353067772173 6499.982137846136 1056.7694560030448
-3314.8653993626554 6054.865706407989 -591.0544896473643
-4182.855154167498 5071.74788561501 -2186.3606500926653
-4679.179872367072 3637.983008186117 -3587.3990720915804
-4759.738924664174 1880.9673754544337 -4669.681343493617
-4417.374285734636 -43.18046307575982 -5337.041934967211
-3682.5065561898123 -1963.4915279673328 -5530.182929296202
-2268.6564098327326 -3944.331591685234 -5224.416057055395
-853.2700539494646 -5236.599348436701 -4455.2254967896915
637.9330907411603 -6063.572272641818 -3290.16859969916
2072.453080796146 -6351.770190874066 -1832.7657838583048
3322.826519811872 -6075.585453362793 -212.51368516144933
4277.952240558308 -5259.558286052624 1426.6211870629475
4852.963131246943 -3976.1962838353184 2938.994506192829
4996.766950846369 -2339.5317925492354 4190.225265882541
4696.586098912504 -494.98963462901463 5069.136122197866
3979.0929614616434 1393.5345245542424 5497.631988518452
2908.039952423079 3158.237025805305 5437.63912669857
1578.5948318885862 4642.316307618673 4894.488165785258
108.88463299145403 5713.905413030573 3916.440452234374
-1370.5004433792853 6277.7889474337935 2590.399817486644
-2728.1105410136383 6283.8633842345 1034.1907911728727
-3843.316044963028 5731.588983065714 -613.9106254081627
-4617.026052202781 4670.037748087582 -2207.463388819262
-4980.493033219218 3193.5331650687535 -3604.873342840264
-4901.421351700446 1433.2691457441251 -4681.974480623792
-4386.83687354977 -454.3471269779323 -5343.061639297318
-3482.462687867659 -2301.592663598476 -5529.394323679475
-1895.9696167723134 -4146.008226122001 -5216.798994542965
-371.9070425886581 -5304.090432931211 -4441.552271359656
1185.2011044161795 -5990.880928156992 -3271.654137434923
2636.998932124198 -6145.355362368086 -1811.0551759814537
3854.487832433814 -5753.788004184972 -189.53601445725985
4729.488573690441 -4850.971331747258 1448.824253716561
5184.253500155917 -3517.124568346752 2958.4501288871425
5178.374752410784 -1870.765852401694 4205.204727161554
4712.374682990651 -58.181380750017176 5078.30843119068
3827.6594430711166 1759.5727619060876 5500.18214531903
2602.839864227922 3420.9811429089455 5433.340538684
1146.746541073479 4778.420336635866 4883.722781364679
-411.24024466969445 5711.2759137004605 3900.1648230566534
-1932.6865299758358 6136.659562311215 2570.060104628654
-3282.4051356384725 6016.774078523706 1011.5942673814175
-4340.467640401978 5362.271813681221 -636.7561598310128
-5012.860547487262 4231.308166250891 -2228.5280078840788
-5239.83879635212 2724.3742194591423 -3622.285362702545
-5001.234373507284 975.3676675491159 -4694.186766907401
-4318.24832902077 -860.3045819531799 -5348.989076773222
-3251.5669701800734 -2619.5349939644893 -5528.510233515807
-1505.522102784332 -4312.5215467217095 -5209.091845547398
114.55967997985891 -5327.336971269387 -4427.802346822719
1724.4623324409927 -5868.795127286553 -3253.0831784922652
3181.138938986378 -5888.785081461088 -1789.3132938324427
4355.1573906045705 -5385.530638640129 -166.55507074351036
5142.200995774132 -4403.748164564062 1471.0023012958673
5472.337476291776 -3030.673340535973 2977.8546634778277
5316.232757083428 -1388.30989031035 4220.111570709851
4687.7574275050365 377.41098616691886 5087.393045229692
3642.754278608181 2109.5972402824505 5502.637322024233
2274.0764260931464 3654.336521783872 5428.94812483077
703.3369034997095 4874.3719665331155 4872.873062199659
-929.8971895128585 5661.29807122685 3883.821843740879
-2480.5058364505658 5945.192998094686 2549.6760105943195
-3810.7106542990987 5700.83143703207 988.9802748375531
-4802.317107484882 4949.925985102464 -659.5906984069632
-5367.216611049137 3759.197887004098 -2249.5541435319346
-5455.215365079526 2234.4485596772183 -3639.634830998327
-5058.494294104275 511.15867210700515 -4706.317991456151
-4212.303806261299 -1257.549906662766 -5354.824145036754
-2991.8316398411866 -2914.519657558738 -5527.530674072144
-1100.626022590353 -4442.322827241826 -5201.294743159889
602.0648252303624 -5305.978789398717 -4413.975960619952
2251.259571211423 -5698.17525121314 -3234.456043564451
3700.4200248003895 -5584.06383592705 -1767.5405128617372
4820.781920160061 -4973.783843558321 -143.57125086745066
5512.796186260502 -3921.5613295985595 1493.1549468184492
5714.974318704112 -2520.890882015532 2997.207774876975
5409.35190317915 -896.2282168179851 4234.94553910802
4623.084832506898 808.0682584765663 5096.389807436914
3426.036386392775 2440.564322856351 5504.997476236753
1924.5695724346274 3856.205536910208 5424.461960989441
252.096306131183 4929.205966330345 4861.939195648984
-1442.7768232784454 5564.224814177935 3867.4117965063715
-3009.452900417939 5704.837869087399 2529.2478873870714
-4308.7258805888 5338.5510440598155 966.3492040518706
-5225.149657737256 4497.910530922135 -682.4138468169735
-5677.295957604161 3257.6109283567876 -2270.541432672269
-5624.989597234995 1727.8582990168395 -3656.921448127685
-5072.878226291228 44.577877227975115 -4718.367944781518
-4070.01936298207 -1642.6634845793699 -5360.566743324828
-2705.5214182861573 -3183.946987071881 -5526.455662264045
-684.7271461418945 -4534.17475156458 -5193.407822024976
1086.5206574953831 -5240.029018087804 -4400.073351512806
2761.2263325968543 -5480.283710865334 -3215.7730543148364
4190.584930604866 -5233.591146103536 -1745.7372090534302
5247.591667449595 -4521.871040773981 -120.58495172604201
5838.326855964692 -3408.3628495674534 1515.2818077405332
5910.301082251929 -1992.0066618228573 3016.5091288846775
5457.1191204519855 -398.6519403980335 4249.7063761951595
4519.048176627064 1230.1247553863839 5105.298562451441
3179.4399707925663 2749.5994683411245 5507.262567200181
1557.3245708106506 4024.7602021152416 5419.882124629489
-203.16595149411373 4942.303329562196 4850.92137052452
-1945.6042874295524 5420.7011172366265 3850.9349647306294
-3515.1671442830493 5417.44582228954 2508.776087770711
-4772.391974310094 4932.8266919626185 943.7014458298195
-5605.568834122459 4009.9042627014287 -705.2252109386366
-5940.666303389388 2730.684242524216 -2291.489512885312
-5747.9095014155055 1208.8309439883058 -3674.144915576038
-5044.425715955465 -420.4322887882133 -4730.336418798462
-3892.7225685351536 -2012.3382676691685 -5366.21677247117
-2395.133937968851 -3425.439160466703 -5525.285216655385
-261.37563708474954 -4587.162805534727 -5185.431218338247
1563.8512459475035 -5129.875124094318 -4386.094759578993
3250.1230829291867 -5216.775525791938 -3197.0345333713067
4647.607221062342 -4840.142528580628 -1723.903758918652
5632.131061915779 -4033.4416270892875 -97.59657025900975
6116.215341717924 -2868.3517365640387 1537.382501963621
6056.8470478395 -1448.3962066908102 3035.7583921948003
5459.301313725062 100.25568232897429 4264.393827073212
4376.672700136944 1639.9994140090073 5114.11915643209
2905.1575104298704 3034.0220007354487 5509.432555799712
1175.5063268473207 4158.45841811032 5415.208694837984
-658.5937525000897 4913.397555941865 4839.819777087978
-2434.174886746852 5231.759758837971 3834.3916329444196
-3993.468900105567 5085.25714796178 2488.2609652632545
-5197.925676640316 4486.907123205758 921.037391265036
-5940.523946084452 3489.8757100853104 -728.0243968531008
-6155.2805933590325 2182.753525056494 -2312.3980224283814
-5823.113547909698 681.684110470342 -3691.304935919321
-4973.537309415681 -879.9559288525627 -4742.223206828946
-3682.040454971088 -2363.408022273929 -5371.774134908048
-2063.3781477339053 -3636.860941270986 -5524.019357458052
165.80412695925205 -4600.7039323675735 -5177.365069843963
2030.026712310633 -4976.276801702746 -4372.040426208333
3713.872515647745 -4909.6856391755755 -3178.2408043206815
5067.724447908431 -4406.847361807113 -1702.0405394891238
5971.286823630036 -3512.4413572109684 -74.60650344205514
6344.274160511493 -2305.9395239316273 1559.4566478410716
6153.544896842928 -894.544844502026 3054.9552324007554
5416.046164702884 596.3340700069552 4279.007638111398
4197.307962901865 2034.2260854268734 5122.851437060128
2605.6205290144144 3291.368186102466 5511.507404562817
782.4122765466866 4256.057779511474 5410.441752318238
-1110.3167402519466 4842.577961808962 4828.634607047628
-2904.389242134455 4998.813840896366 3817.78208682687
-4440.394014151018 4710.88317328691 2467.7028741308413
-5581.850291662123 4004.369862360606 898.3574317325608
-6227.334675212502 2942.0507162758486 -750.8110108518249
-6319.493044662136 1618.3174530731155 -2333.2666002421133
-5850.136724455097 150.7895822956258 -3708.4012128291156
-4860.970083378083 -1330.1366045979792 -4754.028103605552
-3439.884918377054 -2692.874316964736 -5377.238734667949
-1713.1508826918828 -3816.3383287848856 -5522.6581065315795
593.1444365806829 -4574.552372313321 -5169.209515832717
2481.0971868439165 -4780.360734456967 -4357.910594098599
4148.593563940413 -4561.413067076561 -3159.3921917031685
5447.469197077812 -3937.163831254859 -1680.14792831064
6262.31328623002 -2963.080311067279 -51.61514827998298
6520.723358191487 -1725.7141019776059 1581.5038641846959
6199.738544054511 -335.01062175561435 3074.099318001181
5327.879753173803 1085.460022379277 4293.547556950614
3982.6154652084338 2409.482780062892 5131.495253541854
2283.4783157391894 3519.412418896908 5513.487077659898
381.44409703697806 4316.626819624926 5405.581379388345
-1554.4831036268065 4730.28998422448 4817.366053554981
-3352.287658796611 4723.646125190011 3801.1066132005417
-4852.2267442102675 4297.285578552819 2447.102169381602
-5921.024189754492 3489.0923499340674 875.6619588821288
-6463.712652052364 2370.8779543940623 -773.5846594432777
-6432.0718796796045 1042.0006481796538 -2354.0948859567293
-5828.913294114785 -379.46298837006947 -3725.4334510777053
-4707.830182603207 -1767.2096731572017 -4765.750905274995
-3168.4356993948422 -2997.932023212423 -5382.61047738524
-1347.511799844243 -3962.2749567972023 -5521.201487382779
1016.9655730917573 -4508.80263110849 -5160.964697138983
2913.226186936715 -4543.612263197683 -4343.70550725131
4550.6338695898085 -4174.702006387763 -3140.4890210067
5783.697762802035 -3434.8511559322856 -1658.2263034365742
6502.854728449715 -2389.79870667621 -28.622901799845927
6644.204514166704 -1132.40215487307 1603.523770271332
6195.187571188721 225.61329785555662 3093.190318405753
5195.701025377748 1563.5820189820802 4308.0133325077
3734.553642503601 2762.6196160553372 5140.05045661119
1941.5747796742546 3716.1863366856064 5515.3715409048955
-23.921522789708973 4339.5535930862225 5400.627659979851
-1987.2922929759452 4577.332468923858 4806.014311201476
-3774.083421842675 4408.395267604926 3784.3655000264366
-5225.530676386396 3847.752800835307 2426.4592067595813
-6212.666598469512 2945.220612126433 852.9513646313096
-6647.779829440316 1780.9926471423214 -796.3449493599098
-6492.208649264066 458.5156697021577 -2374.882519898194
-5759.776240012314 -904.7024371539351 -3742.4013565432692
-4515.562435473765 -2187.5337622476472 -4777.391409401626
-2870.1210923240296 -3275.9931127318514 -5387.889270297763
-969.6568948023256 -4073.3660986908612 -5519.649525165331
1433.6073049874556 -4403.889546098937 -5152.630756138718
3322.7231368481707 -4267.864022550646 -4329.425410967513
4916.600436469592 -3752.620051385952 -3121.531618661368
6073.616211165045 -2903.93932055377 -1636.2760434212908
6690.964531872753 -1797.2308373625797 -5.630161044088348
6713.791291109357 -530.8305072541062 1625.5159858494314
6140.068231143097 782.7364429352192 3112.2279039408363
5020.7731635941345 2026.753825187458 4322.404714979904
3455.360367159755 3090.6852358090937 5148.516898532319
1582.923638503982 3879.9956999803576 5517.1607617558875
-430.16280197881946 4324.551519127681 5395.580679636229
-2405.02738976745 4384.851957818756 4794.57957601508
-4166.194739686387 4055.539057451759 3767.559036399076
-5557.177403939698 3365.8737143901653 2405.774342738518
-6454.380468581621 2377.135720911492 830.2260411588203
-6778.083504007908 1177.1787867415312 -819.0914875648269
-6499.524074973566 -127.37564859439922 -2395.6291430945084
-5643.453409186213 -1420.6121985739085 -3759.304636214931
-4285.937142105271 -2587.6211204561923 -4788.949414971002
-2547.5965514229856 -3524.708550197655 -5393.075022248515
-582.8908272033983 -4148.610157325383 -5518.002246679352
1839.4602900289685 -4260.585443576761 -5144.20783674687
3706.0747536894605 -3955.281633580263 -4315.070551843597
5243.388211643492 -3298.533692972594 -3102.5203120337846
6314.803616762798 -2348.696558367643 -1614.297527313672
6825.121008473522 -1190.167427466632 17.362676936300115
6728.996447031155 74.11330232851407 1647.4801311456245
6034.9710215555415 1331.808739970907 3131.211745855193
4804.711936780606 2471.1671265204905 4336.721455849104
3147.533111291681 3390.951469340408 5156.894433102174
1210.6821561428942 4009.434893164024 5518.854709315651
-833.7432215702522 4271.662431614779 5390.440525511447
-2804.0868552250545 4154.33401713475 4783.062045456934
-4525.275066260642 3667.8747942377386 3750.687512541502
-5844.372728816408 2855.5087996693023 2385.0479345157382
-6644.172226809575 1789.4183170562699 807.486380897765
-6853.607864981137 564.3301642398426 -841.8238812585926
-6454.070367786401 -710.9012001914178 -2416.3343972818548
-5481.060395192552 -1922.9658732471376 -3776.1429981977776
-4021.0341532484476 -2964.1665896681316 -4800.424722393248
-2203.7213807705134 -3741.988096566267 -5398.167643687146
-190.59829273913388 -4187.3175396402075 -5516.259680370928
2230.9971149353714 -4079.9944056254108 -5135.696084414942
4059.975033630599 -3608.346565208385 -4300.641177766942
5528.2063536808 -2816.081297504498 -3083.455429421378
6505.232279072446 -1773.5948483481227 -1592.2911346504657
6904.23976872686 -573.5167136232153 40.3552150887025
6689.775256172717 677.5208979437473 1669.415826871281
5880.894854512468 1868.3578044769204 3150.1415163256593
4549.471137146792 2893.1829209291486 4350.963307886164
2813.8069442203705 3660.9360383327003 5165.182915653003
828.1236561116004 4103.398922977198 5520.453354332187
-1231.1420530034916 4181.2568058456 5385.207286368442
-3181.0153879313348 3887.591672371355 4771.46191841793
-4848.241545985361 3248.4969583918637 3733.7512198002496
-6084.6801665210005 2320.7590338651635 2364.280340005975
-6780.468252082161 1186.8114846962483 784.7327765287598
-6873.781977850988 -52.5894731243043 -864.5417378860494
-6356.330009792394 -1287.3176254726916 -2436.997924910798
-5274.090226068937 -2407.6619574974775 -3792.916151717974
-3723.224380795514 -3314.0749587481378 -4811.817133506629
-1841.5337101873345 -3926.017856335613 -5403.16704667153
203.7853120085637 -4189.116838342083 -5514.42185633163
