4687.616854486126 -3070.160680953165 -4074.240833201489
5983.053368818143 -2102.2346457420267 -2789.759600462973
6746.869335133426 -947.5158367519236 -1257.39598456497
6911.196352873706 291.3939124383611 386.6927825530382
6461.4332453755105 1504.4120337473735 1996.422198967881
5437.543438492956 2583.7565438544516 3428.760741849897
3930.504034833939 3433.5229464112413 4556.43884594989
2074.2220989470666 3978.2057674121174 5279.257362984698
33.636426995029076 4169.407547909962 5532.990695678966
-2009.9379891065807 3990.139170632355 5295.0935239324235
-3874.9205944084692 3456.3294176067275 4586.704055449295
-5395.599500088216 2615.4096279749288 3470.7658032202917
-6436.855711986741 1542.0992153614345 2046.4347781702886
-6906.169046199205 331.76652007213914 440.26904244875595
-6761.838953433202 -908.0450864589378 -1205.0165297831907
-6016.689795813152 -2067.1729021679444 -2743.2310952160046
-4736.931346026866 -3042.6233338804313 -4037.697539367454
-3036.2757584652245 -3747.723330045095 -4973.396838002342
-1065.8337452872581 -4119.821661722297 -5467.188002188166
999.3122734938198 -4125.855759215893 -5475.1955200201955
2975.665011365283 -3765.2894664833834 -4996.70788839865
4957.415621808019 -2636.3760523347205 -4058.6485942477652
6156.611424890683 -1556.5929640115428 -2769.8792131706437
6808.765285027587 -338.4997598402111 -1234.9939085885703
6855.930469815475 909.6706334746146 409.6260244530498
6293.916145604951 2077.0127989814223 2017.8488876078477
5172.6597514613495 3059.803262478193 3446.7770219147014
3591.789838556992 3770.716778378316 4569.443891892595
1691.7736361867348 4146.585561001505 5286.095619401613
-358.5640779849967 4154.012019538694 5533.0545534782495
-2377.041800295258 3792.3362805583793 5288.377309068376
-4184.308927173133 3093.6948206568086 4573.804533086215
-5619.781843334432 2120.1649994837558 3452.8291525287277
-6555.912480709021 958.2492139157428 2025.05474927793
-6909.521524024573 -288.81121951610913 417.34534474737796
-6649.18925799477 -1510.2095086667734 -1227.4470251538307
-5798.047346905667 -2597.4190555271584 -2763.1753403076177
-4431.723484732343 -3453.8365207181437 -4053.383400479772
-2671.62154264232 -4003.3654541314236 -4983.430557539268
-674.1343022705295 -4197.177798465188 -5470.678040136588
1383.2527292476893 -4018.0524763939284 -5471.831771192623
3317.731685467578 -3481.9055588622173 -4986.7892366399865
5187.034465097001 -2178.993400609798 -4042.9862683732167
6280.384537824862 -996.8030574075999 -2749.9509941184074
6815.694883353393 273.95761184344826 -1212.5705060749867
6745.400828311623 1520.3759450389869 432.552192711163
6075.748307970396 2631.702203457897 2039.2407309509272
4866.23888748371 3509.1901720646747 3464.733781185151
3224.3427867064775 4074.871194056083 4582.370030227309
1295.9496795351215 4278.4820281779075 5292.842592684107
-747.594243844406 4101.9309582870055 5533.022863523783
-2724.7111378950913 3560.9053217247806 5281.56977166847
-4459.725490145889 2703.477620551703 4560.8260278132375
-5798.473661414285 1605.8340687764696 3434.8328765314304
-6622.002001683477 365.5051129037067 2003.6397506539988
-6857.136403925951 -907.300576243338 394.414440102714
-6482.984144632148 -2099.4886275681088 -1249.8563243108845
-5532.790293980452 -3105.1279008794045 -2783.071869405375
-4090.983745458275 -3834.862933568221 -4068.999265593479
-2285.6753381657068 -4223.853565590689 -4993.378220524405
-277.27464655610805 -4237.536272234362 -5474.073607482352
1755.7631141997695 -3874.695284968376 -5468.373531839144
3632.7936172194636 -3167.5706178127657 -4976.784470330048
5374.420294907825 -1701.7365971882823 -4027.2541260432636
6353.238043121638 -427.40852316305717 -2729.975287437431
6767.542710478167 884.896673796626 -1190.1261642435488
6580.521509136688 2118.574917984387 455.4708914260203
5808.792093565425 3164.0084834963327 2060.597359591291
4520.926009016613 3928.3060102271133 3482.630709574334
2831.3558088097 4343.556308862214 4595.217037738521
890.2072197897205 4372.8625680720115 5299.498166321833
-1130.0401873186015 4013.620798117312 5532.895626362804
-3049.8785646840024 3297.7512067651255 5274.671029288914
-4698.721847405607 2288.8619487490455 4547.768763750146
-5930.063073984006 1076.597262081409 3416.77728599769
-6634.4921727857745 -231.32781589144892 1982.1901521041673
-6749.41752704617 -1518.698402256926 371.47672449801314
-6264.627514697554 -2671.1259708837333 -1272.2440402785733
-5223.197855803023 -3586.212274954264 -2802.9203389253903
-3717.664145794141 -4182.647880561754 -4084.5448650453764
-1881.799661731075 -4407.436866733433 -5003.239655176169
121.27098041860647 -4240.605745577733 -5477.374645588979
2113.5661637691414 -3696.978194335659 -5464.820861678487
3918.0617182364576 -2824.8579066052807 -4966.693762236521
5517.865234441447 -1208.5070678372601 -4011.4524389289954
6374.451967061121 146.95799141320947 -2709.952438078935
6664.640668585724 1489.3651882121126 -1167.6612706751469
6362.646799412636 2699.4357520668927 478.3817248252147
5495.30384009615 3669.6496030718513 2081.918404731239
4139.679018843426 4313.798982851835 3500.4674980284512
2416.2255500843135 4574.648392210401 4607.9846925772345
478.07983776905525 4429.02021640727 5306.062225382772
-1502.5453661508236 3889.8541579412667 5532.672844192514
-3349.662820476442 3005.0574871983877 5267.681201060889
-4899.14803344959 1853.2482712403414 4534.632966376801
-6013.322444093696 536.7698135365264 3398.6626927211455
-6593.186766549196 -827.4029976755608 1960.7063240316265
-6587.217511073232 -2118.057421545912 348.5325940339288
-5995.945072210501 -3220.513148570006 -1294.609786453772
-4871.906600910307 -4036.8121493544927 -2822.7204061135963
-3314.9778481092635 -4494.422675410499 -4100.01993038575
-1463.4987659630401 -4552.684023307234 -5013.014691202019
518.018603997559 -4206.419416608359 -5480.5810974523665
2453.5077477057507 -3486.3959851762743 -5461.173822060068
4170.991960988903 -2456.5909706644893 -4956.517286611156
5616.021869822084 -703.35179206449 -3995.5814799024292
6343.727809701858 721.6126322403421 -2689.8827918082225
6507.765694698672 2082.4586074257622 -1145.1762133056336
6093.560038862137 3258.268996622338 501.2842972722161
5137.914832424931 4144.567886791016 2103.2034981874913
3725.743345758889 4662.603732081726 3518.2438385322976
1982.5232126668056 4766.346774277511 4620.672774264719
63.14719196948031 4446.578988810444 5312.534656515232
-1861.8397338512655 3731.7131466970695 5532.354520860034
-3621.3940287701735 2685.26821514628 5260.600407688499
-5059.1715720069615 1400.2254185742493 4521.418862529188
-6047.419519262167 -9.23355122614775 3380.4894095142863
-6498.327703567473 -1417.872079479306 1939.1886374306343
-6371.8309539693955 -2700.526451241606 325.58244492209053
-5679.169061791565 -3743.22719674595 -1316.9531766127986
-4481.888075850616 -4453.325778937437 -2842.4717290518283
-2886.3716659284787 -4767.72682257204 -4115.424194382874
-1034.3884668551761 -4658.494415196576 -5022.70315980139
909.504686837239 -4135.334335564875 -5483.692907701787
2772.5843578086037 -3244.7316526023974 -5457.432475962917
4389.307741302564 -2065.8203230359154 -4946.255219186807
5667.915534867679 -190.4300029575906 -3979.6415230317893
6261.1918755123625 1291.8586762821203 -2669.7666951986926
6298.133841229793 2659.3600429057515 -1122.6713804190106
5775.458976248833 3790.565599307864 524.1782132730852
4739.609236043911 4584.962767588328 2124.452272397663
3282.624415783927 4971.9658731908785 3535.9594241144882
1533.9640106215868 4917.187991847564 4633.281063696376
-350.9958285746729 4425.496378704516 5318.915347949801
-2204.7681480822607 3540.5799913425903 5531.940661862343
-3862.6371421670797 2341.0675341705037 5253.428771446676
-5177.293875266451 933.5409529817089 4508.126680395533
-6031.925327368451 -556.9348386565098 3362.257750203159
-6350.593743465456 -1997.9245258117974 1917.637463880143
-6104.984036333935 -3261.3898511013745 302.62667347792893
-5316.919706292995 -4235.066375746928 -1339.2738249180218
-4056.4237274300904 -4832.438667624714 -2862.173966663662
-2435.4966990627304 -5000.427577076245 -4130.757391027643
-598.1651009823962 -4724.106552289572 -5032.304893668607
1292.3160913245424 -4028.0279289318246 -5486.7100226008315
3067.9693276815474 -2974.0413473790572 -5453.596887994615
4571.0200257123515 -1655.7981407462232 -4935.907737174344
5672.953520632235 326.0211378504488 -3963.6328435767828
6127.395118035196 1853.0250490743183 -2649.6044956259257
6037.390769570165 3215.3795528214587 -1100.14716064089
5410.937756575812 4292.03347283968 547.0630774834158
4303.699178400477 4987.321383517417 2145.6643604265187
2814.0580417514802 5239.463902770235 3553.6139488527847
1074.3754988025678 5026.0570612532965 4645.809343145516
-760.7700220341708 4366.062993355885 5325.204189501275
-2528.317787828942 3318.125068346931 5531.43127434618
-4071.213422835223 1975.357169663351 5246.1664161791
-5252.363878996792 457.07011774299133 4494.756649512378
-5966.818754890246 -1101.829619957994 3343.968029621815
-6151.095599458882 -2562.826960626058 1896.0531755373684
-5788.820606377172 -3796.105879061622 279.66567611412097
-4912.183498598052 -4692.084131206301 -1361.5713459244673
-3599.0773302062435 -5171.150117421253 -2881.826778720265
-1966.177346734911 -5190.736722484803 -4146.019255538226
-158.57387757903504 -4749.103590582674 -5041.8197269957855
1663.1195764897661 -3885.491763559433 -5489.632390048342
3337.0375577073874 -2676.6369421441896 -5449.6671243901565
4714.445107574607 -1229.9511821916715 -4925.475019259637
5630.931125420898 841.7216062560345 -3947.5557179839084
5943.3094936708385 2400.504705161661 -2629.3965412615808
5727.598731624006 3745.992426572322 -1077.6039429314644
5002.965687119349 4758.632281865016 569.9384947151053
3833.797186160848 5348.446776000198 2166.8393959723453
2323.9789808701153 5463.028302815685 3571.2071078793842
607.665044515285 5092.195790821164 4658.257396267085
-1162.642597738848 4268.899336079027 5331.401072570573
-2829.6443430108675 3066.292441570106 5530.82636710792
-4245.219770716726 1591.2320074249178 5238.813467295992
-5283.58879195428 -25.216373586614807 4481.309000760583
-5852.487762379188 -1639.4241691447487 3325.6205636069562
-5901.367511897185 -3107.961932779887 1874.4361451314057
-5425.884860258352 -4300.343639621253 256.6998493333814
-4468.288527682042 -5110.620942335045 -1383.845354586654
-3113.66515065995 -5466.797146731761 -2901.429825846351
-1482.3789609072737 -5337.224433997228 -4161.209524364521
280.6231048349153 -4733.415908278404 -5051.247495475676
2018.6905762183374 -3709.0226068554603 -5492.459959579311
3577.388531027079 -2355.0663700357895 -5445.6432530107895
4818.219815743066 -791.8521511999111 -4914.9572456004635
5542.034487155983 1352.384032155274 -3931.4104238815767
5710.320848439237 2929.792555255226 -2609.1431810674567
5371.2201430083705 4246.876152637935 -1055.0421165791952
4554.8629566598565 5186.606166749716 592.8040699431722
3333.7862079252695 5665.48346189952 2187.9770133732723
1816.4879245367163 5640.957688894896 3588.7385973861924
137.7867175271073 5115.208070296874 4670.62500810142
-1553.1574440018358 4134.949766932091 5337.505890146585
-3106.0967507120145 2787.2830308472385 5530.125950593427
-4383.045730240379 1191.9539656814727 5231.370051772035
-5270.541861957503 -509.2854401389051 4467.783966361358
-5689.727219847704 -2165.2725996406048 3307.215668992469
-5603.355345297791 -3628.865786521932 1852.7867459566935
-5019.1007583982455 -4770.018323255597 233.72958972192995
-3988.8770431541457 -5487.333799087351 -1406.0954662649965
-2604.224097727202 -5717.075586102461 -2920.982769525986
-988.1744127679857 -5438.830118319395 -4176.327935192834
715.6789052976507 -4677.320726610804 -5060.588036304527
2355.941011922432 -3500.210862258927 -5495.1926823657495
3786.8674207610848 -2012.0919023729625 -5441.525343342894
4881.31404087115 -345.1897470412937 -4904.354597823376
5406.840166687166 1853.7493712646087 -3915.1972400753857
5430.218390194137 3436.522627144985 -2588.844764789402
4971.097879611466 4713.945766672351 -1032.4620711937841
4070.273507121582 5572.51413802064 615.6594083126016
2807.7874714228774 5935.940173630283 2209.076847613584
1295.8171971158451 5771.931875368479 3606.2081146300634
-331.29212175498134 5095.0621002743665 4682.9119650779685
-1928.9646817563812 3965.473698259117 5343.518536808049
-3355.2402646616433 2483.5355559588515 5529.330036897868
-4483.3880258223335 780.924380695379 5223.836298144116
-5213.167085864431 -991.0753528230917 4454.181779872247
-5479.73337272053 -2675.013691980675 3288.753663603944
-5259.401301996587 -4121.265325501538 1831.1053518666972
-4571.748345087788 -5201.324448976607 210.75529394260374
-3477.8754849307743 -5819.223069523715 -1428.3212967326654
-2074.978125532493 -5920.05818310382 -2940.4852721084526
-487.7098537891237 -5494.870147367726 -4191.374226950337
1142.893578742851 -4581.438785197545 -5069.841188184849
2671.945901297679 -3260.9264816495906 -5497.83051121754
3963.58410488073 -1650.6665498669295 -5437.313466496739
4903.040466842772 106.26234870222792 -4893.667259020585
5226.311477670352 2341.622435300976 -3898.9164465432996
5105.180826991877 3916.5041532123955 -2568.5016429514203
4530.4324561181365 5143.387289815472 -1009.8641966995423
3553.1352800429204 5913.257894335117 638.5041151451519
2260.1264416585527 6157.709585038233 2230.138534330026
766.2954505312632 5855.02175644727 3623.615357937951
-795.624254207882 5032.0895504562095 4695.118055018973
-2286.84925242114 3762.0341049458457 5349.438908725357
-3574.877658884137 2157.7054197962966 5528.438639765511
-4545.262497263065 361.65513916358367 5216.212336509133
-5111.780816204244 -1466.5297876812665 4440.502676183111
-5224.094976945049 -3164.4071071306594 3270.2348662531926
-4872.225373421086 -4581.1129683396275 1809.3923372673494
-4087.437164059776 -5590.766838428495 187.7773587278058
-2939.462225249202 -6103.656540246825 -1450.5224621820705
-1530.3031681077416 -6074.209573008676 -2959.936996814076
14.83004114493737 -5505.04242897905 -4206.3481398095955
1558.6455361613264 -4446.728106653848 -5079.006791328264
2963.968535286521 -2993.3024779075545 -5500.373400583231
4105.929922889801 -1273.9087881076505 -5433.007695205282
4883.061418267654 558.6772879722675 -4882.895413746787
5001.791585761336 2811.906984057878 -3882.568324430774
4737.759279918816 4365.756285742932 -2548.1141668494324
4052.756270741362 5531.68898263382 -987.2488833286867
3007.6480816805783 6206.1068380004335 661.3377959461847
1695.2971617162762 6329.084865759434 2251.1617098181086
232.311649244406 5889.695928464246 3640.960026712268
-1251.3157727456796 4926.981661420157 4707.243067143114
-2623.758297018505 3526.4834520559916 5355.266903662355
-3763.068382427619 1812.6417122588846 5527.451774589474
-4568.013328104405 -62.26119831948485 5208.498298521743
-4967.070243182831 -1931.6319281984481 4426.746891512045
-4924.781169525722 -3629.368684429887 3251.659596732733
-4444.903676910067 -5004.620105827574 1787.6480771106317
-3570.076986462442 -5935.189068408901 164.7961808728607
-2378.0332887428217 -6338.390436113872 -1472.6985792315934
-974.6908974912143 -6178.397998001844 -2979.3376077400394
515.2570573630459 -5469.427784314322 -4221.2494151930505
1959.422161502247 -4274.474909801978 -5088.0846874582185
3229.4840078094594 -2699.7161813295356 -5502.821306550849
4212.592027665638 -885.075822636683 -5428.608103822881
4821.392759208119 1008.2074069887261 -4872.0392480159835
4734.993426856846 3260.640085915325 -3866.153156045958
4330.857105431163 4780.541152068919 -2527.6826885452883
3541.905124534557 5875.670157801878 -964.616521614603
2438.23932992842 6448.7200850603585 684.1600564114356
1117.9252708211056 6448.772933019251 2272.1460110383323
-301.7213545329302 5875.8240059054915 3658.2418214359627
-1694.5587134543541 4780.782330238093 4719.286792069191
-2936.827094236918 3260.947164411361 5361.002420978095
-3918.145499643135 1451.3625325957075 5526.369458411479
-4551.319482907718 -487.1820294405954 5200.694317392085
-4780.088756979381 -2382.438330197974 4412.914663401318
-4584.126167919431 -4066.00453015889 3233.0281758102983
-3980.843851733505 -5388.2883842481815 1765.8729468880917
-3023.846089675537 -6231.799169282942 141.81215722905912
-1798.166332619917 -6521.587250326687 -1494.8492649321502
-412.7116057880479 -6231.903684664656 -2998.6867698661845
1009.4143583731546 -5388.488128361298 -4236.0777957774835
2341.8494270509486 -4066.2817548623766 -5097.074719812734
3466.2008970983384 -2382.7684028603494 -5505.17418684864
4282.565206266422 -487.53562165731864 -5424.114768324044
4718.404803129894 1451.016839044839 -4861.098949298258
4427.986520741155 3684.025458777294 -3849.671224854786
3887.7067879353895 5157.394974797205 -2507.2075608607256
3001.9872461013333 6172.507314451315 -941.967502385033
1849.5279634471315 6639.16529161423 706.9705024338649
532.7300047208846 6515.904297120229 2293.091075622549
-831.4033527719376 5813.67661125207 3675.4604436777413
-2121.6628738174722 4594.878245574561 4731.249021819691
-3223.4033377601345 2967.804783486726 5366.645361628593
-4038.7302694702785 1077.0288423892675 5525.191709921541
-4495.198293062106 -909.4458378176533 5192.800527883507
-4552.248221462582 -2815.1122642971654 4399.006230713253
-4204.81091817383 -4470.643612177183 3214.340925223249
-3483.7577122965577 -5728.938656018907 1744.0673226243578
-2453.1573454628065 -6478.192359240172 118.82568469687858
-1204.5831829810097 -6651.830242264021 -1516.97413677382
151.0234815348608 -6234.42381718651 -3017.984149060798
1493.211046960764 -5263.061476633674 -4250.833025498469
2702.7202580154394 -3824.0530273170757 -5105.976733147109
3672.0809134529554 -2045.2606849430326 -5507.432000845804
4315.161065068499 -84.73795523314404 -5419.527766302094
4574.820219280279 1883.3141136655977 -4850.074706516576
4083.1807825384176 4078.4655112977703 -3833.122815476062
3411.844087723122 5493.156997884574 -2486.68913737123
2437.3500730824503 6419.757378886927 -919.3022167554035
1246.2868083137937 6775.934144133941 729.768740110454
-55.51450861312668 6530.039424977444 2313.9965418801426
-1352.3831178283567 5703.922046305688 3692.615596097209
-2529.086552188991 4370.986162570044 4743.129549824416
-3481.0695476741043 2649.6689765332044 5372.195628168528
-4123.744237426266 692.9170740506316 5523.918549457653
-4400.006154929589 -1325.4035512778107 5184.8170663101955
-4285.308216458451 -3225.9562546375714 4385.021833626144
-3789.8418371896205 -4839.868587896926 3195.5981676730526
-2957.631379239516 -6023.737357708188 1722.2315808706169
-1862.6223938924772 -6672.370628551068 95.83716021905582
-602.1112348643293 -6728.134487830982 -1539.0728126924482
711.9001497031304 -6186.074071935239 -3037.229412086417
1962.656081847131 -5094.353827609117 -4265.514849554784
3039.0214081446684 -3549.977889496366 -5114.790573736611
3845.356345802756 -1690.1708370805036 -5509.594709553202
4310.014497067892 319.81531140250337 -5414.84717696785
4391.708946081462 2301.3844659810125 -4838.966710043468
3703.307459611121 4440.591814475509 -3816.5082136766446
2907.079652268727 5784.995976992756 -2466.1277723999447
1852.545060313321 6615.37785991752 -896.6210561220183
633.4037099889927 6857.95438888104 752.554375749033
-642.018339614278 6491.171574755342 2334.8620488043284
-1860.3942422917169 5547.619680175377 3709.706982449994
-2913.465952335882 4111.137431683856 4754.928170924036
-3707.6634269802703 2309.3625809577516 5377.653124752901
-4172.418735324507 302.3907304427684 5522.549999005431
-4266.436328677123 -1731.4498634918655 5176.74407053484
-3981.362331279337 -3611.4435387127037 4370.961713630056
-3342.526818826568 -5170.544606959987 3176.8002268196988
-2406.693130083726 -6270.220096317595 1700.3660986982536
-1257.0141951340918 -6812.759013709725 72.84698077373223
4.355967369145099 -6749.954395433244 -1561.1449110762462
1265.3390830557844 -6087.3867074355485 -3056.4222266054976
2413.8912683638123 -4883.927996425636 -4280.12301441283
3347.9586212903537 -3246.5108501683258 -5123.516089379098
3984.545158440838 -1320.6269677953471 -5511.662275624015
4267.087372375435 722.6004161422347 -5410.0730811482335
4170.480147469974 2701.6215820258726 -4827.775151697768
3291.397345771128 4767.293746187757 -3799.82770636636
2377.4683201091093 6030.434012241756 -2445.523821011548
1252.2908008575084 6757.743752184319 -873.9244121553203
15.841748362053368 6884.598303875304 775.3270158750248
-1222.0149129957235 6399.726083704946 2355.687236078288
-2351.2901866097413 5346.210116262042 3726.7343075928666
-3271.6430086764312 3817.6599185326127 4766.644681373655
-3901.295992053354 1949.893883516971 5383.01775713875
-4184.301705980876 -91.12878001755347 5521.086082197741
-4095.513850826404 -2124.0542515354487 5168.581679966258
-3642.8216171595072 -3968.2481815458386 4356.826113522675
-2866.4486965486267 -5459.84584625559 3157.947427276113
-1835.3792300464756 -6466.312247386687 1678.47125369203
-641.2282645256347 -6898.21842839356 49.855543367672276
609.8986462822313 -6717.187629704709 -1583.1900507723951
1806.8333858717738 -5939.305232224213 -3075.562261186203
2843.223049968907 -4633.689500648876 -4294.657267810953
3626.979868797451 -2916.350122329456 -5132.153129397695
4088.4636095443534 -939.8802374493595 -5513.634663354406
4186.669416656214 1120.102131124629 -5405.205561284894
3912.871273202054 3080.5585098609254 -4816.500224741314
2850.7564476788093 5055.7450658916605 -3783.081581593158
1827.2763658767583 6227.36752302415 -2424.8776390061125
641.4347600963084 6845.661047383694 -851.2126767931354
-601.401139008804 6855.687545994507 798.0862672382501
-1790.7999077075342 6256.55612045445 2376.4717440815916
-2821.0782458105027 5101.502227167709 3743.6972774888177
-3600.6914016752326 3493.1574734233486 4778.278878846253
-4060.367325127168 1574.4303486962515 5388.289432686723
-4159.261793113042 -484.1918217863133 5519.526824314282
-3888.587598161075 -2499.7914240623577 5160.330035557002
-3272.395330326905 -4293.273588156454 4342.61527740513
-2365.4363767228133 -5705.279553222051 3139.0400946025534
-1248.298020500313 -6610.346392776949 1656.5474239439482
-20.24290709075888 -6928.054946306255 26.86324502933408
1209.6108774483623 -6630.175414587891 -1605.20785109357
2331.9854272362822 -5743.175701237832 -3094.649185308168
3247.1528380647806 -4345.8696233213395 -4309.117358763884
3873.796469335695 -2562.413957838046 -5140.701544643361
4156.236284430333 -551.2765672324109 -5515.511838684126
4069.37626631082 1508.8441656092407 -5400.244701432772
3620.934308765995 3434.8974728828885 -4805.142123875591
2384.93929990234 5303.4281934351175 -3766.270128538103
1260.946952386287 6374.085187769292 -2404.1895829130053
24.913934576152027 6878.37674095805 -828.4862422338772
-1213.3327956540854 6771.4943354535335 820.8317368197349
-2343.7695823671716 6062.934942030535 2397.215213896149
-3265.952156223539 4815.657172256364 3760.5955992122067
-3897.9405486044707 3140.4871295638077 4789.8305624362865
-4183.57981741155 1186.271023608748 5393.4680603626975
-4097.48966010398 -873.3504686586201 5517.872252281154
-3647.319564958971 -2855.370939150253 5151.989279800888
-2873.0691204690843 -4583.679171109399 4328.3294506777565
-1843.533876369356 -5904.707393570753 3120.078555300974
-650.1925571390385 -6701.076451731759 1634.5949880464725
600.9212241161343 -6902.025459966749 3.870482802072298
1798.6405175092116 -6489.699217043846 -1627.1979318245992
2836.5427077177037 -5500.734719110659 -3113.6826693681637
3622.405630382818 -4023.0058018078066 -4323.503037567008
4086.4019161231577 -2187.815164344133 -5149.161187497475
4187.303458736515 -158.22754845979463 -5517.293769197104
3916.1447133625675 1885.4192794753865 -5395.190587258665
3297.019324488343 3761.5383304029447 -4793.701045238368
1897.7201451122176 5508.155984546142 -3749.3936375103845
683.0640708359574 6469.28269626521 -2383.4600099846643
-592.2852437113734 6855.585250441615 -805.7455009298416
-1815.0074151539961 6632.738969875941 843.5630318385255
-2876.4582127313133 5820.544724541246 2417.917287312617
-3682.323074978506 4491.16953739125 3777.4289809537463
-4160.997372405205 2762.734227671166 4801.2995326630835
-4269.948793057499 788.8178577630382 5398.553550739355
-3999.496525084993 -1255.1884404775044 5516.122394670397
-3373.671439357273 -3187.6657374778765 5143.5595567305545
-2448.080841129399 -4836.9049448626565 4313.968880035868
-1304.9675169413802 -6056.363921488633 3101.0631368094096
-45.902102117474335 -6737.688385775066 1612.6143250859855
1217.2419159176275 -6820.339669126908 -19.122346262734364
2372.2286479452723 -6296.973842309173 -1649.1599132289607
3316.4324542490453 -5214.094255787692 -3132.6623846857474
3965.956683068662 -3667.919512963741 -4337.8140558007335
4263.088256283395 -1795.8340250133015 -5157.531911874389
4181.425729672682 235.81919694737468 -5518.980424122008
3728.2251770959715 2246.518848383807 -5390.043306039717
2943.755456487574 4057.605441455745 -4782.177186400345
1393.0622141247507 5668.090815962857 -3732.452399942285
98.31526305148256 6512.074188154989 -2362.6892781904726
-1205.167430593382 6777.431190962695 -782.9908455802636
-2401.5657092398246 6440.583690186462 866.2797597584291
-3384.5743355228 5531.462064501168 2438.5776068365
-4066.848679134734 4130.845759963528 3794.1971320255593
-4387.765670534091 2363.1856817350654 4812.685591474313
-4318.810426714002 385.5461850149035 5403.545815997717
-3866.109923692976 -1626.3507821854325 5514.2772816994875
-3069.8885878078886 -3493.7393452656947 5135.041011914986
-2000.8941789118967 -5050.693835496529 4299.533813465528
-754.1115414401061 -6158.8720138386725 3081.994167496294
559.6772158526438 -6719.807385986594 1590.6058146363641
1823.7361964138543 -6683.658382500606 -42.114845112622646
2925.748212589235 -6053.637000977733 -1671.0934160554216
3767.794660641509 -4885.723405969566 -3151.5880035090313
4275.056018401249 -3283.691845697001 -4352.050166334695
4402.459888151714 -1389.8898546899436 -5165.813573223943
4138.685876962895 627.4099493374965 -5520.571774332777
3507.171463282107 2588.9616260230714 -5384.802946661946
2564.029474120233 4320.472700765551 -4770.570746361688
875.0853568283463 5781.760815156667 -3715.4467083842123
-488.5465698400945 6502.00027831134 -2341.8777462105686
-1808.768989826983 6644.508483179815 -760.2226691248461
-2968.2743474157173 6196.622950372569 888.98152829478
-3864.0355031791814 5198.140274992785 2459.1958156942915
-4416.460147444651 3737.7800245170547 3810.899762866247
-4576.462926293545 1945.3016158854948 4823.988542249408
-4329.826890664493 -20.025378133036405 5408.444769928676
-3698.4667346675537 -1983.5730294245118 5512.33694523083
-2738.481578841482 -3770.8715122847293 5126.433792456985
-1535.170317106868 -5223.111513081402 4285.024500239183
-195.45243571333955 -6211.255134693451 3062.871976654841
1161.6322523222016 -6647.501479943787 1568.5698367524417
2415.5008169997523 -6493.088146621364 -65.10661670077671
3454.741533836133 -5761.735437023628 -1692.9980615444483
4187.013304507664 -4518.42724888684 -3170.459199020274
4547.25056866844 -2873.6369708950833 -4366.211123332108
4503.444664522588 -973.5114372911509 -5174.006028533973
4059.4879388925115 1013.1148597006677 -5522.067792349121
3254.827895122438 2909.721455426754 -5379.469599618685
2160.9621092937878 4547.786530735879 -4758.88192554863
348.03228928751145 5848.073093009469 -3698.3768564995544
-1072.741959952106 6439.032597734925 -2321.025773429648
-2398.198378399475 6457.855798922508 -737.4413647366235
-3510.564346605759 5902.870172542451 911.6679454213034
-4311.001266758271 4823.38862701289 2479.7715578397224
-4728.386805841849 3315.327834880884 3827.536585045832
-4725.634427042654 1512.6856155431856 4835.208189802952
-4302.988691295613 -424.36535904705124 5413.250327934457
-3498.0035269721097 -2323.7096091892413 5510.301418771193
-2382.2053985415046 -4016.5820631232996 5117.738046990628
-1054.7378663142713 -5352.563574268808 4270.441190911437
366.4477539758589 -6212.946322502167 3043.6968944972823
1755.072883195769 -6521.281524915357 1546.5067719632098
2987.7520847332253 -6250.172245667218 -88.09726399295286
3954.9564020080866 -5423.70773396241 -1714.8734714348886
4570.745486924226 -4115.322988545683 -3189.2756453415577
4780.403776940955 -2441.2737357991964 -4380.296682253983
4565.302212920041 -550.3065982736335 -5182.109136332758
3944.553512782413 1389.557695489264 -5523.468452336997
2973.3139226460826 3205.953690034461 -5374.043357009037
1737.8823423094238 4737.486630124039 -4747.110925809997
-183.76626559934064 5866.323862438329 -3681.2431390596666
-1649.5039486377955 6323.5748071897915 -2300.133719930748
-2968.675967110938 6218.948379771486 -714.6473258154082
-4024.0680980863917 5561.741097405019 934.3386193767951
-4721.904119214865 4410.348711235341 2500.304477959837
-5000.178237616185 2867.077487575865 3844.107311270685
-4834.164576684533 1069.0538471829616 4846.344340388054
-4238.614178732634 -823.959918997699 5417.962407030113
-3266.444310148391 -2643.7612304868608 5508.17073747114
-2004.0365300527196 -4228.652754692191 5108.953925678716
-563.5613096923905 -5437.809924506175 4255.784137314709
926.9888061821591 -6163.79381909197 3024.469252149234
2335.1718986040773 -6342.097583487805 1524.4170012655754
3535.8647201019194 -5956.8781457539135 -111.0863899743371
4422.380444331958 -5042.363943440624 -1736.7192679704306
4915.948258786181 -3679.813576702942 -3208.037017540378
4972.712497163654 -1990.295625079289 -4394.3065998633065
4587.629407778773 -123.93117289885478 -5190.122756691488
3794.9153130326904 1753.4451078566392 -5524.773730109061
2665.006339012116 3475.020095911936 -5368.524312536268
1298.2998565826188 4887.82429857096 -4735.257950413727
-715.9272567175238 5836.205351616642 -3664.0458519387767
-2214.1171253974208 6156.460069748019 -2279.2019464890814
-3515.572970992811 5929.686293502271 -691.8409459808147
-4504.6547302776125 5176.033868079149 956.9931586718297
-5093.478148425559 3962.468118826711 2520.7942214811583
-5229.723680725213 2396.819688211582 3860.6116553886677
-4901.285313728067 618.2033100288918 4857.396801699697
-4137.346237669853 -1215.3431451904073 5422.58092584494
-3005.7857919497696 -2940.9010285139775 5505.944938124418
-1607.148087941276 -4405.146949522485 5100.081580210165
-65.70822346595808 -5477.976232396965 4241.0535925548575
1481.5701050201135 -6064.063287320231 3005.189381643892
2897.204427911781 -6111.331707461669 1502.300906117533
4055.409423211315 -5615.581486257669 -134.0735976563616
4853.27349438737 -4620.862206426251 -1758.5350739061435
5219.902917347194 -3215.559041234064 -3226.7429916353226
5122.72105893407 -1524.5393439797879 -4408.2406342293325
4570.362953743563 301.9423643178049 -5198.046751226671
3611.9080434054663 2101.5951684935208 -5525.983603125072
2332.519252813402 3714.512019250111 -5362.912561506186
845.8758905167653 4997.37817622878 -4723.32320404335
-1244.051508033907 5757.809446905707 -3646.7852921088624
-2761.956308987425 5938.944997526913 -2258.230814565725
-4034.4491712418017 5592.379222487006 -669.0226190657057
-4948.463519742767 4748.906011777131 979.6311720957054
-5422.7851685401065 3483.471661690101 2541.2404345758036
-5415.268557611918 1908.515567498296 3877.049332393895
-4926.581570825267 163.9794897516441 4868.365382878034
-4000.1461915236646 -1595.1268852715796 5427.105804623868
-2718.2802687527605 -3212.4992364393797 5503.624059167321
-1194.8832151267145 -4544.426932628832 5091.121163797392
434.68445582198393 -5472.562352965116 4226.249811006825
2025.6285052895935 -5914.436592296125 2985.8576159164745
3436.586572737904 -5830.787185324141 1480.158868431657
4542.18884198671 -5229.046748948001 -157.0584900835505
5244.1976995575715 -4162.682561634147 -1780.320512514988
5480.236577740199 -2726.445761087562 -3245.3932446015847
5229.33238636851 -1047.9522898581831 -4422.0985447316725
4513.7790639207815 723.6563411879699 -5205.880983102517
3397.1566632505283 2430.9649306060264 -5527.098050492295
1978.681984874011 3922.2716178258406 -5357.208200825546
384.392728838569 5065.067259196345 -4711.306892794486
-1763.7601469926583 5631.628027667347 -3629.461757634537
-3288.524552512072 5672.700116925781 -2237.220686301433
-4521.0891200884935 5209.727906560918 -646.1927391091602
-5351.93507887222 4283.848509183774 1002.2522687230643
-5707.238119317904 2977.3303724061166 2561.642764167604
-5555.428007060239 1406.2633662410394 3893.4200584317487
-4909.9937367810135 -289.7563112997001 4879.249894511734
-3828.284975836179 -1960.0298690068328 5431.536965228866
-2406.4162946363995 -3456.1461714032966 5501.208140678038
-770.7269652742364 -4645.168719422902 5082.072831173687
933.444837232163 -5421.447641734643 4211.37304831026
2554.6759695952865 -5716.007149447149 2966.4742887982407
3948.9129310490007 -5502.6743376470595 1457.9912705685304
4992.271649060074 -4800.404762858431 -180.04067034053173
5592.045122828863 -3671.5981586605085 -1802.0752075943583
5694.940847148485 -2216.5539455224807 -3263.9874543766214
5291.816085362708 -564.5591871380283 -4435.880092064494
4418.490241640056 1137.5991325508576 -5213.625317033311
3152.562149722606 2738.6767770410597 -5528.117052965859
1606.5150760112422 4096.410971406019 -5351.4113290002815
-82.27791227904761 5090.161074158135 -4699.209224171218
-2270.730955922371 5458.549982551728 -3612.075547667845
-3789.4901593888194 5359.796925366376 -2216.1719245103695
-4971.5365322899415 4784.802390280821 -623.3517003498147
-5711.840067068365 3784.657165059375 1024.856057920689
-5944.621545890488 2448.228542028021 2582.00085793818
-5649.19731281828 894.264069163468 3909.72355080375
-4851.817107408091 -739.1596906594924 4890.050148641209
-3623.3316601560055 -2306.905868218491 5435.8743311402795
-2072.897294169973 -3669.67333569661 5498.697224375942
-338.2769068370269 -4706.374223201886 5072.936738590497
1426.4008681721846 -5324.893107392602 4196.423561365078
3064.3366663871816 -5470.271871082968 2947.0397350108956
4429.992704173712 -5129.592973134902 1435.798495330132
5402.024449491624 -4333.127228675814 -203.019741558621
5894.062616078373 -3151.6441143332545 -1823.7987834724142
5862.387453558807 -1690.1235896697658 -3282.5252998655837
5309.813439126934 -78.42816707892122 -4449.585038240667
4285.439198896174 1540.2359423332043 -5221.279619285739
2880.2848795032774 3022.043329054973 -5529.040592949078
1219.2046086445416 4235.328903971458 -5345.522046133885
-550.2073420835284 5072.286919335311 -4687.030407082596
-2760.734344371568 5239.854924417563 -3594.626962443232
-4260.7224047744385 5002.691640673824 -2195.0848926738436
-5382.126581640821 4321.0172507055395 -600.4998972189651
-6025.305192654924 3255.401515540201 1047.4421493541895
-6133.10899568532 1900.5290696248803 2602.314364333054
-5695.959149743562 376.78627553893347 3925.9595279724485
-4752.698337042061 -1180.4356326280017 4900.765958761888
-3387.139420221262 -2632.77065457947 5440.117827458144
-1720.6183016972923 -3851.1724501478334 5496.091353620883
98.7873037415398 -4727.38067292864 5063.713043814766
1909.4152237220146 -5183.540377151358 4181.4016083270135
3550.3832217440495 -5179.119771271901 2927.554290160713
4875.884089914007 -4714.511645522179 1413.5809259532275
5768.141259230216 -3830.9984707742233 -225.99530692292586
6147.873764592831 -2607.0842698380993 -1845.4908650149068
5981.340706471738 -1151.5191905259949 -3301.0064609470387
5283.339277899269 406.363422223103 -4463.213146595793
4115.889968932926 1928.1388616111497 -5228.8437576812075
2582.7257739412407 3278.5907016470433 -5529.868654493769
820.0750598295281 4337.725369983259 -5339.540453925671
-1015.4429221881581 5011.434103402216 -4674.77065183895
-3229.6686428067546 4977.2036485153485 -3577.11630327221
-4698.32566725977 4604.205771571338 -2173.9599549340296
-5749.515837914182 3822.1040065989796 -577.6377243338196
-6289.8362950352475 2700.3915276131243 1070.0101529948636
-6271.277194850482 1338.7374109258408 2622.5829325677014
-5695.487594856576 -141.8693996745919 3942.127709566292
-4613.628927824033 -1609.8704915303217 4911.397139827398
-3121.8290839772585 -2934.8275254132914 5444.267380903492
-1352.6410260978264 -3999.0122543848256 5493.390573412433
536.7351229177798 -4707.867195178052 5054.401906126218
2378.4200008388707 -4998.407475544813 4166.307448603249
4008.771824161139 -4844.817316559499 2908.0182907328062
5282.926678701303 -4260.743877867274 1391.3389461026834
6087.670314096989 -3298.0846476600104 -248.96696967906036
6351.497726784015 -2042.376123102064 -1867.1510776312768
6050.9666933576045 -605.1935171865164 -3319.430618478403
5212.780714996406 885.7631885790702 -4476.764181792398
3911.4162941963727 2298.015947931696 -5236.317601598119
2262.5053706893245 3506.079905633682 -5530.601223300523
412.5609161552769 4402.613277541863 -5333.4666556689735
-1474.041386272959 4907.955139190324 -4662.430170148326
-3673.5944231182575 4672.625405718894 -3559.543872538212
-5098.671688305648 4167.503664075251 -2152.797476087648
-6070.709598834903 3292.080933089946 -554.7655764906127
-6503.338320637427 2124.1423641403576 1092.5596791262885
-6358.116893221165 767.4644244916861 2642.8062126336176
-5647.94887770578 -657.4060972352497 3958.2278163844358
-4435.935818790841 -2023.8632022436714 4921.943508252811
-2829.770395592629 -3210.491180155373 5448.322919819609
-972.1674545031783 -4111.852927701783 5490.594930389115
971.8168312054952 -4647.858498052533 5045.003486314565
2829.450926713661 -4770.881444060249 4151.141342847814
4435.675890542417 -4469.990637094837 2888.432074085313
5647.771585853445 -3771.9215457927435 1369.0729398649657
6358.037990924028 -2738.700672341901 -271.934333140026
6503.364818710861 -1462.1342255635159 -1888.779047281388
6070.839142808798 -55.65073637347545 -3337.7974543014425
5098.892767629411 1355.7775649625864 -4490.237909823953
3673.887393923762 2646.739079919904 -5243.701021974114
1922.4410026787323 3702.526212603173 -5531.238286718947
0.1772918523442422 4429.327643027981 -5327.300756249392
-1922.1021721331867 4762.563874585563 -4650.009175112775
-4088.767558850823 4328.502089200576 -3541.9099736914386
-5458.42969189888 3696.0672036493597 -2131.5978215798227
-6343.086392897575 2735.2205271301377 -531.8838486578757
-6664.132031711184 1531.3375034578064 1115.0903383511761
-6393.040294445524 191.38842243932095 2662.983855304353
-5553.898871623132 -1165.5663598071799 3974.2595704015966
-4221.269161173289 -2418.955455981069 4932.404881917779
-2513.561161018606 -3457.4097444798704 5452.284374173269
-582.5122211259156 -4188.658004588891 5487.704472827588
1400.2954859265394 -4547.725619367286 5035.517946676763
3258.680793958946 -4502.707855499736 4135.903552957156
4827.518012962952 -4057.6047388630727 2868.795978443523
5967.409071301335 -3251.965634673326 1346.783291741404
6577.069646111231 -2157.375112826712 -294.8970006930864
6602.328719869397 -871.0923447206998 -1910.3744004818225
6040.94191302481 492.590800939522 -3356.1066512477596
4942.7909069710295 1812.5050922371563 -4503.634098018894
3405.4512377522547 2971.3703520419253 -5250.993891308333
1565.5222814825727 3866.216316423763 -5531.77983374789
-413.51019967819246 4417.531994480493 -5321.042862142989
-2355.800484937937 4576.330568807783 -4637.507881224697
-4471.670747947603 3947.5494587881094 -3524.2149112434936
-5774.5941141358735 3193.66787660024 -2110.3613574974784
-6564.4194518942995 2156.0148883958104 -508.9929359695405
-6770.967313871647 926.7905158419129 1137.6017415980061
-6375.885016110849 -384.7832611977454 2683.1155121415745
-5414.277354558074 -1662.1673568864344 3990.2226947728545
-3971.587389888006 -2791.8605886144596 4942.78108016969
-2176.0044566022007 -3673.484755165703 5456.151675555958
-187.07397810898166 -4228.703680398161 5484.7192506418305
1818.478844299793 -4408.183726266789 5025.945451014197
3662.4518411296262 -4195.977303060959 4120.594342065601
5180.999919469879 -3610.939882735064 2849.1103428940673
6239.19341852158 -2705.0546074794906 1324.4703866415964
6743.007202088309 -1558.8133594127241 -317.85457580656725
6647.675204549771 -274.06470362240344 -1931.9367643124567
5961.668092244862 1035.0358037979058 -3374.3578931443353
4745.940607594499 2252.1688378709646 -4516.952515044637
3108.5154727420377 3269.1867872190437 -5258.196083663611
1194.885096640978 3995.7231439327948 -5532.225855035626
-824.9160639635096 4367.221964365913 -5314.693081414433
-2771.4198122002954 4350.673948027197 -4624.926504363143
-4819.043232989861 3532.795552099934 -3506.4589907622067
-6044.509711749569 2664.3364161733994 -2089.088450563306
-6732.894976726364 1559.1392974220844 -486.09323371819966
-6823.032976198087 315.4058099247029 1160.0935001277962
-6306.914553347566 -956.3528679201037 2703.2008355009852
-5230.399094993493 -2143.1353965647418 4006.116913838399
-3689.1397238208606 -3139.490940229848 4953.071923826789
-1820.0840986637381 -3856.8889364264605 5459.924757185041
210.6939859671887 -4231.585424943272 5481.639315382259
2222.7509853296024 -4230.286978447097 5016.286164629842
4037.306805263428 -3853.108969607263 4105.213974540818
5493.130198120503 -3133.5653197276233 2829.3755073790517
6460.8648666697545 -2135.5906397652802 1302.1346098767567
6854.523338776938 -947.8593595746112 -340.8066620367332
6639.127331653566 324.09338432652726 -1953.4657664228273
5833.815725782367 1567.2490087698695 -3392.5508648189457
4510.143991396768 2671.147681025016 -4530.192930911649
2785.726170934653 3537.703159682569 -5265.307474668624
813.7843552270875 4089.91818764771 -5532.576342880021
-1230.4657716762806 4278.726036330023 -5308.251523715152
-3165.3836149561153 4087.350299804464 -4612.265261790054
-5127.908468335494 3087.556455223231 -3488.6425188663347
-6265.89383983159 2112.330278958088 -2067.7794681292617
-6847.127046236444 949.4142875987814 -463.1851373481819
-6819.962966461075 -297.86132964966487 1182.5652255407958
-6186.815248201104 -1518.6706606158386 2723.239478538478
-5003.941844746973 -2604.539438809835 4021.9419531283584
-3376.446248949957 -3458.983458032537 4963.277235181267
-1448.9385866433945 -4006.0816175101654 5463.603553904926
607.3136276486212 -4197.221844872389 5478.464720234844
2609.6033609721467 -4015.4204921130204 5006.540254325462
4380.018383617556 -3476.831407246822 4089.7627159792414
5761.249551484461 -2629.310594023427 2809.5918126902047
6630.568413874748 -1548.1639959815652 1279.7763471530627
6910.732174922058 -329.45623289092003 -363.7528630346632
6576.847054978899 918.5251622869336 -1974.961035038592
5658.5802121829665 2084.8915659142885 -3410.6852521055657
4237.523685264309 3066.006204514244 -4543.355116977289
2439.9445828435114 3774.692736896495 -5272.327941520047
425.56569671665494 4147.9812546392495 -5532.831291228662
-1626.6265691278034 4152.703434791395 -5301.718300281412
-3534.28592597214 3788.439690923458 -4599.5243721466
-5395.599500088238 2615.4096279749137 -3470.7658032202708
-6436.855711986743 1542.099215361431 -2046.4347781702832
-6906.169046199204 331.7665200721524 -440.2690424487725
-6761.838953433199 -908.045086458942 1205.0165297831975
-6016.68979581315 -2067.172902167946 2743.2310952160083
-4736.931346026851 -3042.6233338804395 4037.697539367465
-3036.2757584652454 -3747.7233300450894 4973.396838002334
-1065.8337452872565 -4119.821661722297 5467.188002188166
999.3122734937988 -4125.855759215895 5475.195520020197
2975.665011365274 -3765.289466483386 4996.707888398653
4687.616854486122 -3070.1606809531672 4074.2408332014907
5983.0533688181395 -2102.234645742031 2789.7596004629777
6746.869335133434 -947.5158367519017 1257.3959845649397
6911.196352873704 291.3939124383701 -386.69278255305125
6461.433245375504 1504.4120337473835 -1996.4221989678954
5437.543438492954 2583.7565438544525 -3428.760741849899
3930.5040348339585 3433.522946411232 -4556.438845949879
2074.2220989470693 3978.2057674121165 -5279.257362984698
33.636426995024124 4169.407547909962 -5532.990695678966
-2009.9379891065857 3990.1391706323548 -5295.093523932423
-3874.920594408458 3456.3294176067334 -4586.704055449302
-5619.781843334421 2120.1649994837667 -3452.8291525287395
-6555.912480709023 958.24921391574 -2025.0547492779249
-6909.5215240245725 -288.8112195160951 -417.3453447473944
-6649.189257994768 -1510.209508666775 1227.4470251538348
-5798.0473469056615 -2597.4190555271625 2763.1753403076254
-4431.723484732329 -3453.83652071815 4053.383400479783
-2671.621542642318 -4003.3654541314227 4983.430557539268
-674.1343022704855 -4197.177798465188 5470.678040136594
1383.2527292476682 -4018.0524763939325 5471.831771192627
3317.73168546759 -3481.9055588622127 4986.789236639981
4957.415621808003 -2636.376052334732 4058.6485942477775
6156.61142489068 -1556.592964011548 2769.8792131706487
6808.765285027583 -338.4997598402299 1234.9939085885926
6855.930469815473 909.6706334746227 -409.62602445306266
6293.916145604947 2077.0127989814273 -2017.848887607857
5172.659751461366 3059.8032624781813 -3446.7770219146855
3591.7898385569947 3770.7167783783148 -4569.443891892594
1691.7736361867217 4146.585561001505 -5286.095619401615
-358.5640779850334 4154.012019538691 -5533.0545534782495
-2377.041800295262 3792.336280558378 -5288.377309068374
-4184.308927173139 3093.6948206568068 -4573.804533086212
-5798.4736614142885 1605.8340687764648 -3434.832876531426
-6622.00200168348 365.5051129037012 -2003.6397506539934
-6857.136403925952 -907.3005762433079 -394.41444010275495
-6482.9841446321325 -2099.4886275681342 1249.8563243109197
-5532.790293980431 -3105.12790087942 2783.0718694053994
-4090.983745458302 -3834.8629335682126 4068.9992655934607
-2285.6753381657095 -4223.853565590688 4993.378220524404
-277.2746465560626 -4237.536272234359 5474.073607482358
1755.763114199765 -3874.6952849683776 5468.373531839145
3632.7936172194686 -3167.5706178127634 4976.784470330046
5187.034465097019 -2178.993400609782 4042.986268373201
6280.384537824862 -996.8030574075992 2749.9509941184074
6815.694883353391 273.9576118434317 1212.570506075009
6745.40082831162 1520.3759450389973 -432.55219271117596
6075.748307970391 2631.702203457903 -2039.2407309509347
4866.238887483715 3509.190172064673 -3464.7337811851467
3224.3427867064893 4074.87119405608 -4582.370030227302
1295.949679535107 4278.482028177908 -5292.842592684111
-747.5942438444271 4101.930958287002 -5533.022863523783
-2724.711137895097 3560.9053217247783 -5281.569771668468
-4459.725490145926 2703.4776205516787 -4560.826027813215
-5930.063073984009 1076.5972620814048 -3416.777285997686
-6634.492172785773 -231.32781589144557 -1982.1901521041711
-6749.417527046168 -1518.6984022569418 -371.47672449799285
-6264.627514697546 -2671.1259708837442 1272.2440402785894
-5223.197855803015 -3586.2122749542687 2802.920338925398
-3717.6641457941555 -4182.647880561751 4084.5448650453664
-1881.7996617310787 -4407.436866733433 5003.239655176168
121.27098041862698 -4240.605745577729 5477.374645588981
2113.566163769137 -3696.978194335661 5464.820861678488
3918.061718236462 -2824.857906605278 4966.693762236519
5374.420294907834 -1701.7365971882737 4027.2541260432554
6353.238043121636 -427.4085231630608 2729.9752874374353
6767.542710478167 884.8966737966258 1190.1261642435497
6580.521509136688 2118.574917984388 -455.470891426021
5808.792093565419 3164.0084834963372 -2060.5973595912983
4520.926009016649 3928.3060102270983 -3482.6307095743023
2831.3558088097125 4343.556308862212 -4595.217037738515
890.2072197897064 4372.86256807201 -5299.498166321836
-1130.0401873186158 4013.620798117308 -5532.895626362804
-3049.8785646840133 3297.75120676512 -5274.671029288911
-4698.7218474055935 2288.861948749055 -4547.768763750154
-6013.322444093716 536.7698135364935 -3398.6626927211137
-6593.1867665491945 -827.4029976755565 -1960.7063240316304
-6587.2175110732305 -2118.0574215459174 -348.5325940339207
-5995.945072210493 -3220.513148570015 1294.609786453788
-4871.9066009103 -4036.8121493544963 2822.720406113604
-3314.977848109275 -4494.422675410497 4100.019930385743
-1463.4987659630442 -4552.684023307234 5013.014691202017
518.0186039975549 -4206.41941660836 5480.5810974523665
2453.507747705748 -3486.395985176275 5461.173822060068
4170.991960988895 -2456.5909706644948 4956.517286611159
5517.865234441447 -1208.5070678372608 4011.452438928996
6374.45196706112 146.95799141320876 2709.9524380789353
6664.640668585725 1489.3651882121155 1167.6612706751425
6362.646799412627 2699.435752066909 -478.3817248252399
5495.303840096157 3669.6496030718467 -2081.91840473123
4139.679018843442 4313.79898285183 -3500.467498028438
2416.2255500843266 4574.648392210401 -4607.984692577227
478.07983776904143 4429.020216407267 -5306.062225382775
-1502.5453661508138 3889.85415794127 -5532.672844192514
-3349.6628204764447 3005.0574871983854 -5267.681201060888
-4899.148033449578 1853.248271240352 -4534.632966376809
-6047.41951926217 -9.233551226152116 -3380.4894095142813
-6498.327703567474 -1417.8720794793016 -1939.1886374306382
-6371.830953969394 -2700.52645124161 -325.5824449220825
-5679.169061791566 -3743.2271967459483 1316.953176612798
-4481.888075850609 -4453.325778937438 2842.4717290518365
-2886.371665928492 -4767.726822572039 4115.4241943828665
-1034.3884668551864 -4658.494415196578 5022.703159801387
909.5046868372515 -4135.33433556487 5483.6929077017885
2772.5843578085614 -3244.731652602423 5457.432475962923
4389.307741302576 -2065.8203230359054 4946.255219186801
5616.021869822084 -703.351792064492 3995.58147990243
6343.727809701863 721.6126322403568 2689.8827918082056
6507.765694698672 2082.4586074257645 1145.1762133056293
6093.560038862138 3258.268996622335 -501.2842972722144
5137.914832424932 4144.567886791016 -2103.2034981874917
3725.743345758908 4662.603732081721 -3518.243838532283
1982.5232126668195 4766.346774277511 -4620.672774264712
63.147191969467386 4446.57898881044 -5312.534656515235
-1861.8397338512252 3731.713146697089 -5532.354520860035
-3621.3940287701766 2685.268215146279 -5260.600407688498
-5059.171572006972 1400.2254185742377 -4521.418862529179
-6031.9253273684535 -556.9348386565158 -3362.2577502031554
-6350.593743465455 -1997.9245258117976 -1917.6374638801444
-6104.98403633394 -3261.3898511013667 -302.62667347794303
-5316.919706292984 -4235.066375746937 1339.273824918038
-4056.4237274300945 -4832.438667624713 2862.173966663658
-2435.496699062728 -5000.427577076245 4130.757391027643
-598.1651009823969 -4724.106552289572 5032.304893668607
1292.3160913245563 -4028.0279289318178 5486.710022600832
3067.969327681514 -2974.0413473790813 5453.596887994621
4571.020025712363 -1655.7981407462103 4935.907737174339
5667.915534867682 -190.43000295758077 3979.641523031782
6261.1918755123625 1291.8586762821205 2669.7666951986935
6298.133841229795 2659.360042905745 1122.671380419021
5775.458976248832 3790.565599307864 -524.1782132730835
4739.609236043911 4584.9627675883285 -2124.4522723976634
3282.6244157839446 4971.965873190878 -3535.9594241144737
1533.964010621585 4917.187991847564 -4633.281063696376
-350.9958285746878 4425.496378704512 -5318.915347949805
-2204.76814808224 3540.5799913426026 -5531.940661862343
-3862.637142167083 2341.0675341704996 -5253.428771446675
-5177.293875266445 933.540952981717 -4508.12668039554
-5966.818754890243 -1101.829619957984 -3343.9680296218235
-6151.095599458883 -2562.826960626049 -1896.0531755373793
-5788.820606377165 -3796.1058790616366 -279.6656761141006
-4912.183498598023 -4692.08413120632 1361.5713459245094
-3599.0773302062485 -5171.150117421253 2881.826778720261
-1966.177346734935 -5190.736722484807 4146.019255538211
-158.57387757903604 -4749.103590582675 5041.8197269957855
1663.1195764897857 -3885.4917635594215 5489.632390048344
3337.0375577074 -2676.636942144179 5449.667124390154
4714.445107574608 -1229.9511821916722 4925.4750192596375
5672.953520632222 326.02113785041627 3963.6328435768073
6127.395118035197 1853.0250490743185 2649.604495625926
6037.39076957016 3215.3795528214737 1100.1471606408713
5410.937756575807 4292.0334728396865 -547.0630774834262
4303.699178400475 4987.321383517417 -2145.664360426519
2814.058041751494 5239.463902770235 -3553.613948852774
1074.375498802567 5026.057061253297 -4645.809343145516
-760.7700220341898 4366.062993355876 -5325.20418950128
-2528.3177878289343 3318.1250683469366 -5531.43127434618
-4071.2134228352425 1975.3571696633308 -5246.166416179093
-5252.363878996785 457.07011774300173 -4494.756649512385
-5852.487762379185 -1639.4241691447373 -3325.620563606966
-5901.367511897186 -3107.961932779886 -1874.436145131407
-5425.884860258344 -4300.3436396212655 -256.6998493333611
-4468.288527682029 -5110.620942335051 1383.8453545866723
-3113.6651506599646 -5466.797146731759 2901.4298258463373
-1482.3789609072767 -5337.2244339972285 4161.20952436452
280.6231048349135 -4733.415908278405 5051.247495475676
2018.6905762183553 -3709.022606855447 5492.459959579312
3577.388531027077 -2355.066370035791 5445.6432530107895
4818.219815743065 -791.8521511999113 4914.9572456004635
5630.931125420893 841.7216062560192 3947.55571798392
5943.309493670838 2400.504705161656 2629.3965412615858
5727.598731624004 3745.9924265723257 1077.6039429314603
5002.9656871193465 4758.632281865018 -569.9384947151084
3833.7971861608476 5348.446776000198 -2166.839395972346
2323.978980870119 5463.028302815685 -3571.207107879381
607.6650445152608 5092.195790821156 -4658.257396267097
-1162.64259773885 4268.899336079026 -5331.401072570574
-2829.644343010881 3066.292441570094 -5530.826367107919
-4245.219770716713 1591.2320074249333 -5238.813467295998
-5283.588791954274 -25.216373586603304 -4481.30900076059
-5689.727219847703 -2165.2725996405925 -3307.215668992478
-5603.355345297791 -3628.865786521932 -1852.7867459566933
-5019.100758398254 -4770.018323255588 -233.72958972194402
-3988.877043154132 -5487.333799087355 1406.0954662650147
-2604.224097727217 -5717.075586102462 2920.9827695259733
-988.1744127679965 -5438.830118319399 4176.327935192828
715.6789052976636 -4677.320726610796 5060.588036304532
2355.9410119224535 -3500.210862258909 5495.192682365752
3786.8674207610834 -2012.091902372965 5441.525343342895
4881.314040871151 -345.1897470412949 4904.354597823377
5542.03448715598 1352.3840321552582 3931.4104238815885
5710.320848439237 2929.7925552552256 2609.143181067457
5371.22014300837 4246.876152637938 1055.042116579191
4554.8629566598565 5186.606166749717 -592.8040699431753
3333.7862079252704 5665.483461899521 -2187.9770133732727
1816.4879245367142 5640.957688894895 -3588.7385973861938
137.78671752709693 5115.20807029687 -4670.625008101426
-1553.1574440018326 4134.949766932094 -5337.5058901465845
-3106.096750712027 2787.2830308472267 -5530.125950593427
-4383.045730240382 1191.9539656814702 -5231.370051772035
-5270.541861957511 -509.2854401389259 -4467.783966361345
-5479.73337272053 -2675.013691980663 -3288.7536636039526
-5259.401301996587 -4121.265325501538 -1831.1053518666963
-4571.748345087788 -5201.324448976607 -210.75529394260306
-3477.8754849307757 -5819.223069523715 1428.3212967326645
-2074.9781255325083 -5920.058183103821 2940.48527210844
-487.70985378913235 -5494.870147367729 4191.374226950333
1142.8935787428493 -4581.438785197547 5069.841188184849
2671.9459012976718 -3260.9264816495984 5497.830511217539
3963.584104880717 -1650.66654986695 5437.313466496743
4903.040466842779 106.26234870224177 4893.66725902058
5406.84016668717 1853.7493712646235 3915.1972400753757
5430.218390194139 3436.52262714497 2588.8447647894154
4971.09787961146 4713.945766672362 1032.462071193768
4070.273507121581 5572.51413802064 -615.6594083126047
2807.7874714228733 5935.9401736302825 -2209.076847613589
1295.8171971158756 5771.931875368486 -3606.2081146300393
-331.29212175499123 5095.062100274361 -4682.911965077974
-1928.964681756378 3965.4736982591194 -5343.518536808048
-3355.2402646616383 2483.5355559588575 -5529.330036897868
-4483.388025822342 780.9243806953617 -5223.8362981441105
-5213.167085864436 -991.0753528231061 -4454.181779872239
-5224.094976945051 -3164.4071071306475 -3270.234866253202
-4872.225373421085 -4581.112968339631 -1809.392337267344
-4087.437164059784 -5590.766838428488 -187.77735872781741
-2939.4622252492118 -6103.656540246821 1450.5224621820605
-1530.3031681077573 -6074.209573008678 2959.9369968140627
14.83004114492819 -5505.0424289790535 4206.348139809591
1558.6455361613237 -4446.728106653849 5079.006791328263
2963.968535286513 -2993.3024779075627 5500.373400583229
4105.929922889799 -1273.9087881076541 5433.007695205283
4883.061418267658 558.6772879722815 4882.895413746781
5226.311477670353 2341.6224353009834 3898.916446543293
5105.180826991882 3916.504153212381 2568.501642951434
4530.432456118129 5143.3872898154805 1009.864196699526
3553.13528004292 5913.257894335117 -638.504115145155
2260.126441658542 6157.709585038232 -2230.13853433004
766.2954505312867 5855.021756447277 -3623.615357937933
-795.6242542078813 5032.089550456208 -4695.118055018973
-2286.849252421137 3762.034104945849 -5349.438908725357
-3574.8776588841324 2157.705419796303 -5528.438639765511
-4545.262497263066 361.6551391635813 -5216.212336509131
-5111.780816204245 -1466.5297876812658 -4440.502676183111
-4924.781169525724 -3629.368684429885 -3251.6595967327326
-4444.903676910068 -5004.620105827572 -1787.648077110631
-3570.0769864624335 -5935.189068408908 -164.79618087284283
-2378.033288742833 -6338.39043611387 1472.6985792315832
-974.6908974912128 -6178.397998001842 2979.337607740043
515.2570573630361 -5469.427784314326 4221.249415193044
1959.4221615022432 -4274.474909801981 5088.084687458217
3229.4840078094494 -2699.71618132955 5502.821306550847
4212.592027665637 -885.075822636687 5428.608103822882
4821.392759208123 1008.2074069887402 4872.039248015976
5001.791585761337 2811.9069840578863 3882.5683244307666
4737.759279918816 4365.756285742937 2548.1141668494265
4052.756270741362 5531.688982633821 987.2488833286825
3007.648081680587 6206.10683800043 -661.3377959461756
1695.29716171629 6329.084865759434 -2251.1617098180955
232.31164924442973 5889.695928464255 -3640.96002671225
-1251.3157727456783 4926.981661420157 -4707.243067143114
-2623.758297018499 3526.4834520559975 -5355.266903662352
-3763.068382427612 1812.6417122588978 -5527.451774589475
-4568.0133281044045 -62.26119831947949 -5208.498298521744
-4967.070243182832 -1931.6319281984472 -4426.746891512044
-4584.1261679194295 -4066.0045301588907 -3233.0281758102974
-3980.8438517335026 -5388.288384248183 -1765.872946888091
-3023.8460896755296 -6231.7991692829455 -141.81215722905108
-1798.1663326199155 -6521.587250326688 1494.8492649321497
-412.7116057880375 -6231.903684664653 2998.6867698661927
1009.4143583731495 -5388.488128361303 4236.077795777479
2341.849427050949 -4066.281754862377 5097.074719812733
3466.2008970983225 -2382.7684028603785 5505.174186848636
4282.565206266422 -487.53562165731984 5424.114768324045
4718.404803129893 1451.0168390448337 4861.098949298261
4734.993426856844 3260.6400859153364 3866.153156045951
4330.857105431165 4780.541152068914 2527.682688545295
3541.905124534553 5875.670157801881 964.6165216145988
2438.23932992843 6448.720085060355 -684.1600564114191
1117.9252708211138 6448.772933019252 -2272.146011038322
-301.7213545329206 5875.824005905499 -3658.2418214359527
-1694.5587134543478 4780.7823302381 -4719.286792069185
-2936.8270942369163 3260.9471644113655 -5361.002420978094
-3918.145499643123 1451.362532595735 -5526.36945841148
-4551.319482907716 -487.1820294405901 -5200.694317392087
-4780.088756979381 -2382.4383301979765 -4412.914663401317
-4204.810918173829 -4470.643612177185 -3214.3409252232486
-3483.757712296556 -5728.938656018909 -1744.067322624357
-2453.157345462806 -6478.192359240172 -118.82568469688036
-1204.5831829810045 -6651.83024226402 1516.9741367738238
151.02348153487844 -6234.423817186503 3017.9841490608137
1493.2110469607587 -5263.061476633679 4250.833025498463
2702.7202580154494 -3824.053027317062 5105.976733147115
3672.08091345295 -2045.2606849430465 5507.4320008458035
4315.1610650685 -84.73795523313771 5419.527766302093
4574.82021928028 1883.3141136656154 4850.07470651657
4427.986520741148 3684.0254587773247 3849.671224854765
3887.706787935383 5157.394974797216 2507.2075608607147
3001.9872461013365 6172.507314451313 941.9675023850409
1849.5279634471399 6639.165291614229 -706.970502433851
532.7300047208777 6515.904297120228 -2293.0910756225544
-831.4033527719381 5813.676611252072 -3675.46044367774
-2121.662873817464 4594.878245574572 -4731.249021819684
-3223.403337760155 2967.8047834866898 -5366.645361628601
-4038.7302694702694 1077.0288423892962 -5525.1917099215425
-4495.198293062105 -909.4458378176489 -5192.80052788351
-4552.24822146258 -2815.112264297165 -4399.006230713253
-3789.841837189609 -4839.86858789695 -3195.5981676730303
-2957.631379239531 -6023.7373577081735 -1722.231580870642
-1862.6223938924668 -6672.370628551071 -95.83716021904283
-602.1112348643251 -6728.134487830981 1539.072812692452
711.9001497031344 -6186.074071935236 3037.229412086421
1962.6560818471362 -5094.353827609112 4265.514849554788
3039.0214081446666 -3549.977889496369 5114.790573736609
3845.356345802757 -1690.1708370805009 5509.594709553202
4310.014497067892 319.8153114025088 5414.847176967849
4391.7089460814595 2301.3844659810457 4838.966710043454
4083.180782538418 4078.4655112977675 3833.1228154760643
3411.844087723118 5493.156997884579 2486.6891373712238
2437.350073082445 6419.7573788869295 919.3022167553968
1246.286808313792 6775.934144133942 -729.7687401104548
-55.51450861313148 6530.039424977442 -2313.996541880147
-1352.3831178283556 5703.922046305689 -3692.615596097208
-2529.086552188985 4370.986162570051 -4743.129549824411
-3481.069547674104 2649.6689765332058 -5372.195628168528
-4123.744237426263 692.9170740506437 -5523.918549457653
-4400.006154929589 -1325.4035512778162 -5184.817066310195
-4285.30821645845 -3225.95625463757 -4385.021833626145
-3342.5268188265604 -5170.544606959999 -3176.8002268196865
-2406.693130083703 -6270.220096317613 -1700.3660986982202
-1257.0141951340818 -6812.759013709726 -72.84698077371927
4.355967369148746 -6749.954395433242 1561.1449110762503
1265.3390830557735 -6087.386707435556 3056.422226605485
2413.8912683638014 -4883.92799642565 4280.123014412819
3347.9586212903528 -3246.510850168329 5123.516089379098
3984.5451584408393 -1320.6269677953446 5511.662275624016
4267.087372375435 722.600416142236 5410.0730811482335
4170.480147469974 2701.6215820258667 4827.77515169777
3703.3074596111273 4440.591814475492 3816.5082136766578
2907.07965226872 5784.995976992765 2466.127772399934
1852.5450603133243 6615.3778599175175 896.6210561220238
633.4037099889915 6857.95438888104 -752.5543757490337
-642.0183396142787 6491.171574755342 -2334.862048804329
-1860.3942422917078 5547.619680175387 -3709.706982449984
-2913.4659523358923 4111.137431683838 -4754.928170924045
-3707.6634269802767 2309.3625809577316 -5377.653124752905
-4172.418735324505 302.3907304427808 -5522.549999005432
-4266.436328677122 -1731.4498634918946 -5176.744070534833
-3981.362331279339 -3611.443538712694 -4370.961713630061
-2866.4486965486267 -5459.84584625559 -3157.947427276112
-1835.3792300464727 -6466.31224738669 -1678.4712536920247
-641.2282645256258 -6898.218428393561 -49.85554336765931
609.8986462822189 -6717.187629704714 1583.1900507723803
1806.83338587179 -5939.305232224198 3075.5622611862236
2843.2230499689053 -4633.6895006488785 4294.657267810952
3626.9798687974494 -2916.3501223294593 5132.153129397693
4088.4636095443557 -939.8802374493393 5513.634663354407
4186.669416656214 1120.1021311246293 5405.205561284894
3912.871273202056 3080.558509860919 4816.500224741317
3291.397345771137 4767.293746187741 3799.827706366373
2377.4683201091025 6030.434012241763 2445.523821011537
1252.2908008575132 6757.7437521843185 873.9244121553257
15.841748362068568 6884.598303875307 -775.3270158750059
-1222.0149129957374 6399.726083704937 -2355.687236078307
-2351.290186609729 5346.210116262058 -3726.734307592853
-3271.643008676428 3817.659918532621 -4766.644681373652
-3901.2959920533585 1949.8938835169513 -5383.017757138754
-4184.301705980876 -91.12878001755236 -5521.086082197741
-4095.5138508264067 -2124.0542515354296 -5168.581679966264
-3642.8216171595113 -3968.248181545829 -4356.82611352268
-2365.43637672281 -5705.279553222054 -3139.040094602549
-1248.298020500319 -6610.346392776947 -1656.5474239439545
-20.24290709076107 -6928.054946306255 -26.863245029335864
1209.610877448354 -6630.175414587896 1605.2078510935598
2331.9854272362813 -5743.175701237832 3094.6491853081675
3247.1528380647787 -4345.869623321343 4309.117358763883
3873.796469335695 -2562.4139578380446 5140.701544643362
4156.236284430333 -551.2765672323909 5515.511838684127
4069.376266310823 1508.8441656092227 5400.244701432775
3620.934308765996 3434.8974728828875 4805.142123875592
2850.7564476788198 5055.745065891644 3783.081581593171
1827.2763658767594 6227.367523024149 2424.8776390061134
641.4347600962824 6845.661047383701 851.2126767930998
-601.4011390088037 6855.687545994507 -798.0862672382509
-1790.7999077075324 6256.556120454451 -2376.4717440815903
-2821.0782458104936 5101.502227167724 -3743.6972774888063
-3600.691401675232 3493.1574734233513 -4778.278878846253
-4060.367325127174 1574.4303486962078 -5388.289432686731
-4159.261793113042 -484.19182178631826 -5519.526824314282
-3888.58759816108 -2499.791424062339 -5160.330035557007
-3272.3953303269104 -4293.273588156445 -4342.615277405136
-1843.5338763693446 -5904.707393570765 -3120.0785553009578
-650.1925571390256 -6701.076451731766 -1634.5949880464534
600.9212241161362 -6902.025459966748 -3.8704828020667055
1798.6405175091986 -6489.6992170438525 1627.1979318245844
2836.5427077176905 -5500.7347191106755 3113.6826693681473
3622.4056303828206 -4023.0058018077966 4323.503037567015
4086.4019161231563 -2187.815164344132 5149.161187497475
4187.303458736515 -158.22754845979995 5517.293769197104
3916.144713362569 1885.4192794753799 5395.190587258666
3297.019324488342 3761.538330402948 4793.701045238366
2384.9392999023526 5303.428193435102 3766.2701285381163
1260.94695238629 6374.08518776929 2404.1895829130062
24.91393457613826 6878.376740958052 828.4862422338562
-1213.3327956540838 6771.4943354535335 -820.8317368197356
-2343.769582367168 6062.934942030537 -2397.2152138961474
-3265.9521562235386 4815.657172256362 -3760.595599212209
-3897.940548604469 3140.4871295638113 -4789.830562436286
-4183.579817411551 1186.2710236087214 -5393.468060362703
-4097.489660103981 -873.350468658618 -5517.872252281154
-3647.3195649589757 -2855.3709391502402 -5151.989279800891
-2873.069120469084 -4583.679171109402 -4328.329450677755
-1304.9675169413676 -6056.363921488645 -3101.0631368093927
-45.90210211746118 -6737.688385775072 -1612.6143250859661
1217.2419159176225 -6820.33966912691 19.12234626273123
2372.2286479452705 -6296.973842309174 1649.1599132289602
3316.4324542490463 -5214.094255787691 3132.6623846857515
3965.9566830686626 -3667.919512963741 4337.814055800734
4263.088256283395 -1795.834025013295 5157.531911874392
4181.4257296726755 235.81919694741808 5518.98042412201
3728.2251770959747 2246.5188483838006 5390.043306039719
2943.7554564875677 4057.6054414557593 4782.177186400338
1897.7201451122048 5508.155984546157 3749.3936375103685
683.0640708359605 6469.28269626521 2383.460009984665
-592.2852437113705 6855.585250441616 805.7455009298423
-1815.0074151539843 6632.738969875946 -843.5630318385116
-2876.45821273131 5820.544724541249 -2417.9172873126154
-3682.323074978499 4491.169537391267 -3777.4289809537345
-4160.997372405203 2762.734227671178 -4801.299532663079
-4269.948793057498 788.817857763018 -5398.553550739359
-3999.4965250849946 -1255.1884404775026 -5516.122394670397
-3373.671439357275 -3187.665737477873 -5143.5595567305545
-2448.0808411294056 -4836.904944862648 -4313.968880035873
-754.1115414401056 -6158.872013838674 -3081.9941674962893
559.6772158526387 -6719.8073859865935 -1590.6058146363657
1823.7361964138643 -6683.658382500604 42.11484511264162
2925.7482125892343 -6053.637000977732 1671.0934160554255
3767.794660641508 -4885.723405969565 3151.5880035090354
4275.056018401252 -3283.6918456969797 4352.050166334708
4402.459888151712 -1389.8898546899375 5165.813573223946
4138.685876962892 627.4099493375143 5520.571774332779
3507.1714632821113 2588.961626023064 5384.802946661948
2564.0294741202397 4320.472700765544 4770.570746361692
1393.0622141247677 5668.090815962844 3732.4523999422986
98.31526305148682 6512.074188154989 2362.689278190473
-1205.1674305933702 6777.431190962696 782.9908455802739
-2401.56570923981 6440.5836901864695 -866.279759758413
-3384.5743355227896 5531.462064501179 -2438.577606836487
-4066.8486791347327 4130.845759963526 -3794.1971320255616
-4387.7656705340905 2363.185681735064 -4812.685591474314
-4318.810426713997 385.54618501486726 -5403.545815997724
-3866.109923692985 -1626.3507821854066 -5514.277281699489
-3069.888587807892 -3493.7393452656906 -5135.0410119149865
-2000.8941789119046 -5050.693835496522 -4299.533813465532
-195.45243571333256 -6211.255134693452 -3062.8719766548356
1161.6322523222218 -6647.501479943788 -1568.5698367524199
2415.5008169997695 -6493.088146621358 65.10661670079816
3454.741533836126 -5761.735437023637 1692.9980615444335
4187.013304507667 -4518.427248886831 3170.459199020281
4547.250568668441 -2873.636970895086 4366.2111233321075
4503.44466452259 -973.511437291158 5174.006028533971
4059.4879388925115 1013.1148597006651 5522.06779234912
3254.8278951224474 2909.7214554267357 5379.469599618689
2160.9621092937905 4547.786530735873 4758.881925548632
875.085356828359 5781.760815156656 3715.446708384225
-488.5465698401086 6502.000278311344 2341.8777462105554
-1808.768989826977 6644.508483179816 760.2226691248565
-2968.2743474157205 6196.622950372566 -888.9815282947831
-3864.035503179179 5198.140274992791 -2459.1958156942833
-4416.460147444653 3737.7800245170506 -3810.8997628662496
-4576.462926293545 1945.3016158854898 -4823.98854224941
-4329.826890664493 -20.025378133035524 -5408.444769928675
-3698.4667346675624 -1983.5730294244897 -5512.336945230831
-2738.4815788414785 -3770.8715122847334 -5126.433792456984
-1535.1703171068593 -5223.1115130814105 -4285.0245002391775
366.44775397585516 -6212.946322502165 -3043.6968944972878
1755.07288319577 -6521.281524915358 -1546.5067719632113
2987.7520847332266 -6250.172245667217 88.0972639929522
3954.95640200809 -5423.7077339624075 1714.8734714348927
4570.745486924227 -4115.322988545678 3189.275645341561
4780.403776940956 -2441.2737357991846 4380.296682253988
4565.302212920042 -550.3065982736344 5182.109136332757
3944.5535127824082 1389.5576954892742 5523.468452336997
2973.3139226460867 3205.9536900344538 5374.043357009038
1737.8823423094268 4737.486630124035 4747.11092581
348.0322892875244 5848.0730930094605 3698.3768564995676
-1072.7419599521115 6439.032597734926 2321.0257734296442
-2398.1983783994697 6457.85579892251 737.4413647366339
-3510.5643466057713 5902.87017254244 -911.6679454213212
-4311.001266758269 4823.3886270129005 -2479.77155783971
-4728.386805841849 3315.327834880889 -3827.536585045827
-4725.634427042655 1512.6856155431808 -4835.208189802954
-4302.988691295611 -424.365359047056 -5413.250327934457
-3498.0035269721147 -2323.709609189231 -5510.301418771194
-2382.205398541502 -4016.5820631233028 -5117.738046990628
-1054.7378663142701 -5352.563574268809 -4270.441190911438
926.98880618216 -6163.79381909197 -3024.469252149235
2335.1718986040837 -6342.097583487804 -1524.41700126557
3535.864720101934 -5956.878145753906 111.08638997435607
4422.380444331961 -5042.3639434406205 1736.7192679704347
4915.948258786186 -3679.813576702923 3208.037017540394
4972.712497163654 -1990.2956250792759 4394.306599863314
4587.629407778774 -123.93117289885552 5190.122756691488
3794.915313032685 1753.445107856649 5524.773730109061
2665.0063390121086 3475.0200959119447 5368.524312536266
1298.299856582604 4887.824298570971 4735.257950413719
-183.76626559932487 5866.32386243832 3681.243139059681
-1649.503948637789 6323.574807189791 2300.1337199307577
-2968.6759671109503 6218.94837977148 714.6473258153942
-4024.068098086385 5561.741097405028 -934.338619376779
-4721.9041192148625 4410.348711235351 -2500.304477959825
-5000.1782376161855 2867.0774875758675 -3844.1073112706817
-4834.164576684534 1069.053847182962 -4846.344340388052
-4238.614178732632 -823.9599189977038 -5417.962407030114
-3266.444310148397 -2643.7612304868508 -5508.1707374711405
-2004.0365300527153 -4228.652754692194 -5108.953925678715
-563.56130969239 -5437.809924506175 -4255.784137314711
1481.570105020075 -6064.063287320223 -3005.1893816439265
2897.204427911792 -6111.331707461668 -1502.3009061175183
4055.4094232113275 -5615.581486257661 134.07359765638307
4853.273494387371 -4620.862206426246 1758.5350739061496
5219.902917347195 -3215.5590412340475 3226.742991635339
5122.721058934068 -1524.5393439797767 4408.24063422934
4570.3629537435645 301.9423643178016 5198.0467512266705
3611.9080434054745 2101.5951684935076 5525.983603125071
2332.519252813431 3714.51201925008 5362.912561506193
845.8758905167624 4997.378176228783 4723.323204043349
-715.9272567175133 5836.205351616637 3664.045851938784
-2214.1171253974107 6156.460069748019 2279.201946489091
-3515.572970992822 5929.686293502267 691.8409459807982
-4504.654730277612 5176.033868079151 -956.9931586718279
-5093.478148425556 3962.468118826724 -2520.7942214811455
-5229.723680725212 2396.819688211592 -3860.6116553886604
-4901.285313728069 618.2033100288975 -4857.396801699694
-4137.346237669863 -1215.3431451903882 -5422.580925844936
-3005.7857919497874 -2940.9010285139543 -5505.9449381244185
-1607.1480879412734 -4405.1469495224865 -5100.081580210163
-65.70822346593262 -5477.976232396978 -4241.053592554839
2025.6285052895776 -5914.436592296123 -2985.8576159164886
3436.5865727379155 -5830.787185324138 -1480.1588684316423
4542.188841986732 -5229.0467489479815 157.05849008359158
5244.197699557572 -4162.682561634142 1780.320512514994
5480.236577740199 -2726.445761087546 3245.3932446016006
5229.3323863685055 -1047.952289858172 4422.098544731679
4513.779063920782 723.6563411879667 5205.880983102516
3397.1566632505223 2430.9649306060332 5527.098050492295
1978.6819848740142 3922.2716178258374 5357.208200825546
384.39272883856046 5065.06725919635 4711.3068927944805
-1244.0515080339007 5757.809446905705 3646.785292108867
-2761.9563089874237 5938.944997526913 2258.2308145657257
-4034.4491712418117 5592.379222487 669.0226190656894
-4948.463519742759 4748.906011777143 -979.6311720956893
-5422.7851685401065 3483.471661690097 -2541.2404345758086
-5415.268557611919 1908.5155674983062 -3877.0493323938886
-4926.581570825271 163.9794897516551 -4868.365382878031
-4000.146191523676 -1595.1268852715612 -5427.105804623864
-2718.280268752766 -3212.4992364393743 -5503.624059167322
-1194.8832151267218 -4544.426932628827 -5091.121163797396
434.68445582200565 -5472.562352965125 -4226.249811006811
2554.67596959527 -5716.007149447149 -2966.474288798254
3948.9129310490043 -5502.674337647059 -1457.991270568525
4992.271649060083 -4800.404762858419 180.04067034055316
5592.045122828859 -3671.598158660518 1802.0752075943483
5694.940847148485 -2216.553945522478 3263.9874543766246
5291.8160853627005 -564.5591871380105 4435.880092064505
4418.490241640057 1137.5991325508544 5213.62531703331
3152.5621497226307 2738.6767770410343 5528.117052965858
1606.5150760112458 4096.410971406016 5351.411329000282
-82.27791227904599 5090.161074158134 4699.209224171219
-1763.7601469926592 5631.628027667348 3629.4617576345363
-3288.524552512071 5672.700116925782 2237.2206863014335
-4521.089120088495 5209.727906560917 646.192739109156
-5351.935078872213 4283.848509183786 -1002.2522687230484
-5707.2381193179035 2977.330372406116 -2561.6427641676046
-5555.428007060236 1406.2633662410296 -3893.420058431757
-4909.993736781018 -289.7563112996897 -4879.2498945117295
-3828.284975836192 -1960.0298690068164 -5431.536965228864
-2406.4162946364054 -3456.1461714032916 -5501.208140678038
-770.7269652742173 -4645.168719422913 -5082.072831173678
933.444837232173 -5421.447641734648 -4211.373048310253
3064.336666387181 -5470.271871082969 -2947.0397350108965
4429.992704173708 -5129.592973134904 -1435.7984953301363
5402.024449491638 -4333.127228675797 203.01974155865224
5894.062616078378 -3151.644114333237 1823.7987834724368
5862.387453558804 -1690.1235896697578 3282.525299865591
5309.813439126939 -78.42816707893084 4449.585038240662
4285.439198896175 1540.235942333202 5221.279619285738
2880.2848795033037 3022.04332905495 5529.040592949077
1219.2046086445575 4235.32890397145 5345.522046133889
-550.2073420835327 5072.286919335313 4687.030407082593
-2270.730955922359 5458.549982551727 3612.075547667853
-3789.490159388818 5359.796925366378 2216.1719245103704
-4971.536532289943 4784.802390280819 623.3517003498104
-5711.840067068356 3784.657165059397 -1024.8560579206605
-5944.621545890487 2448.228542028022 -2582.0008579381806
-5649.197312818275 894.2640691634587 -3909.7235508037575
-4851.817107408094 -739.1596906594872 -4890.050148641207
-3623.331660156025 -2306.90586821847 -5435.874331140275
-2072.897294169979 -3669.673335696605 -5498.697224375942
-338.276906837007 -4706.374223201895 -5072.936738590489
1426.4008681722125 -5324.893107392608 -4196.423561365059
3550.383221744045 -5179.119771271904 -2927.5542901607146
4875.884089914007 -4714.511645522179 -1413.580925953222
5768.141259230223 -3830.99847077421 225.9953069229522
6147.873764592831 -2607.084269838098 1845.4908650149134
5981.34070647173 -1151.519190525977 3301.0064609470583
5283.339277899274 406.3634222230922 4463.213146595788
4115.889968932941 1928.1388616111335 5228.843757681203
2582.7257739412707 3278.590701647021 5529.868654493768
820.0750598295507 4337.725369983249 5339.540453925675
-1015.4429221881433 5011.434103402214 4674.770651838956
-2760.734344371594 5239.854924417566 3594.6269624432102
-4260.722404774435 5002.691640673826 2195.084892673844
-5382.126581640819 4321.017250705542 600.4998972189657
-6025.305192654919 3255.40151554022 -1047.4421493541709
-6133.108995685318 1900.529069624884 -2602.314364333055
-5695.959149743559 376.7862755389269 -3925.9595279724567
-4752.698337042071 -1180.4356326279851 -4900.765958761881
-3387.1394202212846 -2632.7706545794495 -5440.117827458141
-1720.6183016973032 -3851.172450147827 -5496.091353620884
98.78730374153587 -4727.38067292864 -5063.713043814766
1909.4152237220085 -5183.540377151359 -4181.401608327014
4008.7718241611365 -4844.817316559501 -2908.018290732806
5282.926678701299 -4260.743877867278 -1391.338946102683
6087.670314096996 -3298.084647659996 248.96696967908673
6351.497726784013 -2042.37612310206 1867.1510776312855
6050.966693357595 -605.1935171864985 3319.4306184784223
5212.780714996404 885.7631885790709 4476.7641817924
3911.4162941963896 2298.0159479316785 5236.317601598112
2262.505370689362 3506.079905633659 5530.601223300522
412.5609161552817 4402.613277541861 5333.4666556689735
-1474.0413862729436 4907.955139190322 4662.430170148332
-3229.668642806741 4977.203648515351 3577.116303272218
-4698.325667259767 4604.205771571341 2173.9599549340305
-5749.515837914188 3822.104006598975 577.6377243338056
-6289.836295035241 2700.391527613148 -1070.0101529948379
-6271.277194850479 1338.7374109258312 -2622.5829325677155
-5695.487594856564 -141.86939967461083 -3942.1277095663104
-4613.628927824046 -1609.8704915303074 -4911.3971398273925
-3121.829083977252 -2934.8275254132946 -5444.267380903493
-1352.641026097838 -3999.0122543848206 -5493.390573412434
536.735122917776 -4707.867195178052 -5054.401906126218
2378.4200008388652 -4998.407475544814 -4166.307448603251
4435.675890542415 -4469.990637094837 -2888.432074085317
5647.771585853447 -3771.9215457927417 -1369.0729398649653
6358.037990924034 -2738.700672341889 271.93433314004005
6503.364818710861 -1462.1342255635125 1888.7790472813895
6070.839142808794 -55.65073637346598 3337.797454301449
5098.892767629402 1355.7775649625953 4490.237909823957
3673.887393923778 2646.739079919892 5243.701021974109
1922.441002678729 3702.5262126031744 5531.238286718947
0.1772918523217306 4429.327643027987 5327.300756249388
-1922.1021721331965 4762.563874585563 4650.00917511277
-3673.5944231182416 4672.625405718896 3559.543872538225
-5098.67168830563 4167.5036640752605 2152.7974760876714
-6070.709598834903 3292.080933089944 554.7655764906133
-6503.338320637427 2124.1423641403594 -1092.5596791262842
-6358.116893221166 767.4644244916855 -2642.8062126336163
-5647.94887770577 -657.406097235265 -3958.2278163844467
-4435.935818790839 -2023.8632022436732 -4921.943508252811
-2829.770395592614 -3210.491180155382 -5448.3229198196095
-972.1674545031603 -4111.85292770179 -5490.594930389113
971.8168312055345 -4647.858498052539 -5045.003486314552
2829.4509267136477 -4770.881444060249 -4151.141342847824
4827.51801296295 -4057.604738863073 -2868.7959784435266
5967.409071301336 -3251.9656346733236 -1346.7832917414032
6577.069646111231 -2157.375112826711 294.8970006930857
6602.328719869397 -871.0923447206982 1910.3744004818218
6040.941913024807 492.5908009395313 3356.106651247767
4942.79090697103 1812.5050922371558 4503.634098018892
3405.4512377522497 2971.3703520419294 5250.993891308335
1565.5222814825522 3866.216316423771 5531.77983374789
-413.51019967818905 4417.531994480492 5321.04286214299
-2355.8004849379463 4576.330568807783 4637.507881224693
-4088.767558850798 4328.502089200583 3541.9099736914604
-5458.429691898877 3696.067203649362 2131.59782157983
-6343.086392897576 2735.220527130136 531.8838486578763
-6664.132031711184 1531.33750345781 -1115.0903383511693
-6393.040294445525 191.38842243932203 -2662.983855304349
-5553.898871623124 -1165.5663598071926 -3974.259570401606
-4221.269161173288 -2418.955455981071 -4932.404881917779
-2513.5611610185906 -3457.4097444798786 -5452.28437417327
-582.5122211259269 -4188.658004588889 -5487.70447282759
1400.2954859265399 -4547.725619367286 -5035.517946676763
3258.680793958933 -4502.707855499737 -4135.903552957164
5180.999919469869 -3610.939882735069 -2849.1103428940796
6239.193418521586 -2705.05460747948 -1324.470386641584
6743.007202088309 -1558.813359412724 317.8545758065641
6647.6752045497715 -274.0647036224014 1931.9367643124563
5961.668092244857 1035.0358037979154 3374.3578931443426
4745.9406075944935 2252.168837870969 4516.952515044639
3108.5154727420318 3269.186787219047 5258.196083663612
1194.8850966409566 3995.723143932801 5532.225855035626
-824.9160639634891 4367.221964365911 5314.693081414439
-2771.4198122003054 4350.673948027195 4624.9265043631385
-4471.670747947578 3947.549458788118 3524.2149112435154
-5774.594114135862 3193.667876600249 2110.361357497497
-6564.4194518943 2156.0148883958104 508.9929359695437
-6770.967313871648 926.7905158419155 -1137.6017415979998
-6375.885016110858 -384.7832611977327 -2683.115512141558
-5414.277354558067 -1662.1673568864442 -3990.222694772862
-3971.5873898880027 -2791.8605886144637 -4942.781080169692
-2176.0044566021843 -3673.484755165711 -5456.1516755559605
-187.07397810896015 -4228.7036803981655 -5484.719250641829
1818.4788442998013 -4408.183726266788 -5025.945451014194
3662.451841129614 -4195.977303060961 -4120.59434206561
5493.130198120503 -3133.5653197276233 -2829.375507379051
6460.864866669755 -2135.590639765279 -1302.1346098767535
6854.5233387769385 -947.8593595746144 340.8066620367301
6639.1273316535735 324.09338432651094 1953.4657664228084
5833.815725782376 1567.249008769858 3392.5508648189334
4510.143991396786 2671.147681025004 4530.192930911638
2785.726170934673 3537.703159682561 5265.307474668618
813.7843552270753 4089.9181876477123 5532.576342880021
-1230.465771676258 4278.726036330022 5308.2515237151565
-3165.3836149561066 4087.3502998044664 4612.2652617900585
-4819.043232989836 3532.7955520999462 3506.4589907622276
-6044.509711749556 2664.3364161734125 2089.0884505633253
-6732.894976726367 1559.1392974220767 486.0932337181881
-6823.032976198089 315.405809924709 -1160.0935001277896
-6306.914553347576 -956.3528679200886 -2703.2008355009684
-5230.39909499348 -2143.135396564753 -4006.116913838411
-3689.139723820858 -3139.490940229849 -4953.07192382679
-1820.0840986637406 -3856.88893642646 -5459.924757185041
210.6939859672058 -4231.585424943274 -5481.639315382257
2222.750985329597 -4230.286978447098 -5016.286164629843
4037.306805263414 -3853.108969607268 -4105.213974540828
5761.249551484464 -2629.3105940234245 -2809.5918126902
6630.568413874752 -1548.1639959815604 -1279.776347153055
6910.732174922058 -329.4562328909231 363.7528630346602
6576.847054978904 918.5251622869214 1974.9610350385776
5658.580212182954 2084.891565914299 3410.685252105579
4237.5236852643075 3066.006204514245 4543.35511697729
2439.9445828435328 3774.6927368964884 5272.32794152004
425.5656967166609 4147.981254639249 5532.831291228662
-1626.626569127798 4152.703434791396 5301.718300281413
-3534.28592597211 3788.4396909234674 4599.524372146616
-5127.90846833547 3087.556455223246 3488.6425188663557
-6265.893839831588 2112.330278958093 2067.779468129267
-6847.127046236444 949.4142875987809 463.1851373481801
-6819.962966461076 -297.8613296496589 -1182.565225540789
-6186.815248201106 -1518.6706606158348 -2723.239478538474
-5003.941844746976 -2604.539438809833 -4021.941953128357
-3376.4462489499538 -3458.983458032538 -4963.277235181268
-1448.938586643421 -4006.0816175101604 -5463.6035539049235
607.3136276486381 -4197.22184487239 -5478.464720234842
2609.6033609721553 -4015.4204921130186 -5006.540254325459
4380.018383617566 -3476.831407246818 -4089.762715979234
