6827.374445485578 -708.5167345881734 -940.2334636666378
6871.06857671708 534.0556030039945 708.7157224238163
6304.238111719479 1729.1747566048396 2294.6924064291848
5177.24842480232 2770.649144722927 3676.7756000315776
3590.2374953609833 3565.939197538872 4732.1611463072
1684.2182089590947 4044.3799037870695 5367.073407986281
-371.45125637869904 4163.459707114914 5525.097644352074
-2394.1156475002617 3912.5978444236107 5192.19270852553
-4204.052356937925 3314.0844931024462 4397.938664984102
-5640.4405652817895 2421.100190948867 3212.908471022879
-6575.650876734632 1312.9905120063008 1742.397259794692
-6926.585751021031 88.21586410802581 117.06640564932542
-6662.063084508303 -1144.3971504452163 -1518.6663123754774
-5805.586876954706 -2275.325456077212 -3019.458863988361
-4433.258797985339 -3204.0811098354293 -4251.959244858882
-2667.0162197791296 -3848.1400961064396 -5106.654387407917
-663.7975464377067 -4150.274947553714 -5507.600877452074
1398.402451932327 -4083.6396567292277 -5419.172859826269
3336.3482556600734 -3654.15506164688 -4849.227551956501
4977.844875549242 -2899.9827533418484 -3848.407095610798
6177.038133333428 -1888.1342510377003 -2505.6387803637112
6866.471835594454 -93.33902112690605 -917.5669492646042
6793.146102933062 1147.663491322368 731.5130095566722
6116.2195277954015 2286.691066129387 2315.594827286891
4895.8400070258385 3222.5361047323236 3693.925882792104
3240.443616592019 3872.0446685630436 4744.035413084529
1297.1195903714001 4177.505071403787 5372.61657806789
-761.4592037692533 4111.775815971253 5523.817182750402
-2752.379006046362 3680.6972350587066 5184.202389873104
-4498.737855019897 2922.572552337436 4383.948464158125
-5845.364103189043 1904.764472842571 3194.1614787617236
-6672.60409883197 717.7097110144501 1720.5592286305928
-6906.953938052904 -533.1167082545227 94.07774048578636
-6527.590609209718 -1736.5733684509173 -1540.7629677545149
-5568.222208878679 -2785.727864033751 -3038.700124782924
-4114.092829548115 -3587.3582139317964 -4266.635440608491
-2294.4082479131384 -4070.2360436598 -5115.461473714795
-270.8554246063938 -4191.455538971945 -5509.756306048594
1776.7640918061506 -3940.2458157467645 -5414.485111422687
3666.510321460889 -3338.927960308532 -4838.11315357033
5230.471018838325 -2440.931702952862 -3831.8536103133656
6329.681412647944 -1326.0479519375126 -2485.1170579674936
6850.153548229802 523.1201437806465 -894.8845898243549
6660.482376586865 1751.595356444845 754.2976645305184
5878.998116738685 2824.4336349393147 2336.4572612110933
4575.139074660014 3646.308590146542 3711.012376859205
2864.7588481306443 4144.193025557579 4755.827757313827
899.832226157729 4273.847724156279 5378.066970924756
-1145.0484379579786 4023.752296991873 5522.441332910851
-3088.18652339881 3416.128820293629 5176.122547633198
-4756.925683952306 2504.967306477901 4369.882558958684
-6002.99112206214 1371.2284546136327 3175.359328006926
-6715.664455284105 115.64993702000272 1698.6914859268816
-6831.62153044604 -1150.2045849992587 71.08745073741399
-6340.55905255055 -2313.8583820516565 -1562.833016412218
-5286.110077750827 -3271.9157076585075 -3057.888911673905
-3761.9670248310176 -3939.2489640742847 -4281.23795780885
-1903.5566926345584 -4256.562662922742 -5124.1802234891975
123.99300532347027 -4195.66208955293 -5511.816589218
2140.525380624113 -3761.9585271665314 -5409.703862786075
3966.862682315393 -2993.988440558315 -4826.915208051232
5440.726826392819 -1959.989342104621 -3815.233954512537
6431.158515708818 -751.8365893333847 -2464.5524212369746
6778.507537244256 1135.8708296915543 -872.1867770369994
6474.1860534737 2340.97308949997 777.0692938877216
5594.604727354471 3338.0696171151235 2357.279347938097
4217.9182196913325 4038.564010372363 3728.034787174142
2466.4511681793974 4380.214268361769 4767.537975358562
495.8291065320152 4332.66326635352 5383.424492436581
-1518.84954714088 3900.1361195501927 5520.970118592336
-3398.5717531888736 3121.0647630593767 5167.953321332865
-4976.315944579544 2064.6731058036257 4355.7411922833735
-6111.89262609151 824.826182428526 3156.502343444114
-6704.400826176231 -488.3101669454379 1676.7944093074589
-6701.19359107677 -1758.0580150724093 48.09593341279402
-6102.555897706426 -2871.5946934496965 -1584.876077231159
-4961.679332199434 -3729.9775815282037 -3077.0248932989743
-3379.9357840553826 -4256.935592750937 -4295.766544295873
-1497.8701088941336 -4405.646195303593 -5132.8104861711
517.2878987370655 -4162.89579954364 -5513.78169138221
2486.4826064849067 -3550.253843426923 -5404.829196481601
4234.742422897388 -2622.156253289342 -4815.633908771339
5606.726791174389 -1461.068572903832 -3798.548415205426
6480.528879340295 -170.15853802199075 -2443.945225293357
6652.070843618722 1739.9495188355593 -849.4739028605699
6235.799952518219 2911.0396190443203 799.8275043955675
5265.450870279108 3823.4710742140533 2378.060727900988
3827.2433711651443 4396.170345413423 3744.9928197847917
2048.9685029422544 4578.250589147008 4779.16586500042
88.63379148277551 4353.53317671309 5388.6890500868
-1879.5764213129298 3741.9852363625464 5519.403565200572
-3680.778020689695 2797.9454863294686 5159.694852042683
-5154.926340099918 1605.296001254474 4341.524608332887
-6171.036832170604 270.0089217425769 3137.5908507058034
-6638.823620553864 -1089.2696353808115 1654.8683769028257
-6516.721796253316 -2351.7618052195353 25.103585541799028
-5815.580642193086 -3405.289618127833 -1606.8917695599214
-4597.699626818719 -4156.242504598105 -3096.107739207835
-2971.2928229290274 -4537.895005165025 -4310.22094918211
-1080.8736124182963 -4516.33562029881 -5141.352112728475
905.5859618915154 -4093.4799959566217 -5515.6515786067885
2811.580249388727 -3306.900710032608 -5399.861196687616
4467.75329331106 -2226.488783927454 -4804.269450542193
5726.946850710294 -948.2435585852679 -3781.797280526886
6477.276048131634 414.25726823555453 -2423.295825992737
6471.825533591651 2330.4594971898605 -826.7463595131725
5947.2882607370175 3457.1975003269436 822.5719030530703
4894.308326671242 4276.748333898653 2398.8010422357274
3406.447619462377 4716.291309802535 3761.88618185077
1615.9090923151612 4736.771105726939 4790.711225442747
-318.2100489845353 4336.368001929886 5393.8605529642155
-2224.0548309901446 3550.659571323826 5517.741699787646
-3932.2825811583934 2449.4594559927764 5151.347282374332
-5291.109767452877 1130.6141187209676 4327.233052606842
-6179.798631256374 -288.6912446174922 3118.625176365797
-6519.3852670731585 -1682.3451239710644 1632.9137673434514
-6279.695912059467 -2926.5152562098388 2.1108041685898886
-5482.028017267695 -3910.6516651336765 -1628.879713219731
-4197.2578756579815 -4547.309511998229 -3115.1371198676043
-2539.5429524332585 -4779.918953182634 -4324.600922861156
-656.1784932841415 -4587.811619047935 -5149.804955659941
1285.490304585152 -3988.05708928115 -5517.426218601522
3112.937647610769 -3033.9461858314626 -5394.799949194206
4663.786819744319 -1810.255849517104 -4792.822029611349
5800.2380662522355 -425.71633679619055 -3764.980839744464
6421.312706648111 996.6499406743847 -2402.6045799200556
6239.1910068168045 2902.6107264381158 -804.0045394662035
5611.020313403468 3975.046182810373 845.3020970977717
4484.285841587148 4694.281341637082 2419.4999327874693
2959.1028937815363 4996.409002744967 3778.7145816484126
1170.9906680542867 4854.5837975792065 4802.173857314079
-721.1692173375186 4281.40751800843 5398.938911764539
-2549.2500529698755 3327.8093918151885 5515.984551051542
-4150.818834196277 2078.5207973081874 5142.910756478122
-5383.569146435922 644.5465085220602 4312.866771899494
-6137.96571461066 -846.6985660920028 3099.605647933517
-6346.9770930233635 -2262.710757433343 1610.9309597532954
-5992.031703470733 -3477.6711682341233 -20.88201365508474
-5104.66800146672 -4383.625234228739 -1650.8395285109832
-3763.732146065802 -4900.07496093966 -3134.112706668774
-2088.3721726205117 -4981.131523746299 -4338.906217011923
-227.45116696753192 -4619.592691332434 -5158.168868997275
1653.6798730234848 -3847.5827755450828 -5519.105580720973
3387.874199241809 -2733.6982453116357 -5389.645541401708
4821.04103541646 -1376.9126293450877 -4781.291843659008
5825.83721880424 102.21771622032855 -3748.0993832535346
6312.98219903571 1572.265569124455 -2381.8718443828084
5956.012735268626 3451.7588708808894 -781.2488354375827
5229.751083605899 4460.41765249217 868.0176940124554
4038.8030977801773 5072.748751459075 2440.1570421165916
2488.989732721193 5234.3438624676155 3795.477728575896
718.0187071584227 4930.844550756213 4813.55356267154
-1116.7514315085855 4189.2180620552135 5403.924038791946
-2852.293304703104 3075.3611644599537 5514.132149335644
-4334.396400691754 1688.244931402252 5134.385420040507
-5431.369355293651 151.1207274485856 4298.426014295465
-6045.74130750586 -1399.4312163212412 3080.5325938484298
-6122.9226132474505 -2825.637555218229 1588.9203337432984
-5656.055374798681 -4000.7735972278874 -43.8744708769459
-4686.622795108872 -4820.423348018089 -1672.7708362198139
-3300.7632131682626 -5211.757330257453 -3153.0341719306484
-1621.6163345768816 -5140.003802283116 -4353.136584602888
201.6182716877641 -4611.5383799407555 -5166.44370830793
2006.938209725711 -3673.3175351378122 -5520.689635965019
3633.932880526246 -2408.7063072493997 -5384.398062319199
4938.036667640267 -930.0709535283338 -4769.67909179461
5803.374226617454 631.2052859628627 -3731.1532025721435
6153.05651787137 2136.396165797504 -2361.0979774049915
5624.547522849362 3973.443160105602 -758.4796403850683
4806.598542229893 4909.410159011865 890.7183015320272
3561.5621877230024 5409.15452069832 2460.7720135051554
2000.0654031787099 5428.27176553709 3812.175333158219
260.8540304195459 4965.063242429616 4824.850145004272
-1501.5353676814618 4060.6870614111135 5408.81584796059
-3130.5067589845535 2795.50101495457 5512.184526628219
-4481.318886749227 1281.9224354651742 5125.771420281561
-5433.946165482209 -345.56057803924136 4283.911029165514
-5903.74348093213 -1942.339017717265 3061.406343474198
-5848.967279949692 -3366.532111856724 1566.8822694047412
-5274.484668373583 -4491.594054074877 -66.86617045091135
-4231.3409473177735 -5217.558153552619 -1694.6732576246245
-2812.224014158875 -5479.919314210395 -3171.9011889073035
-1143.2286361001381 -5255.365595570764 -4367.291779896477
627.3476232523332 -4563.849580972613 -5174.629330697544
2342.1812932091266 -3466.815502981046 -5522.178356979342
3848.9018767709667 -2061.7396536803794 -5379.057602562961
5013.6306379540465 -473.46918835474736 -4757.983974553377
5732.876314999244 1156.8710921415154 -3714.1425903359636
5942.730773143427 2684.4182992558267 -2340.2833377209126
5247.445404163956 4463.422777584556 -735.6973474993016
4345.018074903904 5318.419753337834 913.4035276502157
3056.516821890853 5700.8517945064 2481.3444909626987
1496.430635949674 5576.738135957034 3828.8071070521796
-196.61997897330437 4957.106820915676 4836.063409236834
-1872.2000459119486 3897.014810930983 5413.61425479609
-3381.4269227567493 2490.655933227248 5510.14171656186
-4590.199178366975 862.9913457927361 5117.068905952465
-5391.1120932219765 -841.3538098905834 4269.3220671621775
-5713.00104008847 -2470.940987344764 3042.227227093221
-5527.264773450979 -3880.974214527441 1544.81714730274
-4850.406775690424 -4946.165851374534 -89.85671534398098
-3742.568850250243 -5571.86894643567 -1716.5464145026735
-2302.187258472423 -5702.487033861871 -3190.7134317929635
-657.2462257969887 -5326.414123377283 -4381.371558453149
1046.0940183180912 -4477.065943447239 -5182.7255948124
2656.4842181976137 -3229.9108071616283 -5523.571718055908
4030.834137501304 -1695.7639214295891 -5373.624254354916
5047.026754663738 -10.940969541149205 -4746.206693892868
5614.768896162203 1674.8541355046955 -3697.0678402934195
5683.614181229197 3211.8311006346253 -2319.4282847689183
4827.728328483683 4917.7114772726445 -712.9023501971382
3848.774166414983 5684.169379877539 936.0729806264122
2527.8395295931 5945.563888513846 2501.8741192326643
982.2952573257901 5678.668953978332 3845.3727630513863
-650.5302592866367 4907.199362453609 4847.193161732563
-2225.553307556463 3699.703572685151 5418.319176436987
-3602.826177770022 2163.4728846019543 5508.003754412909
-4659.97213134648 435.0081364774691 5108.2780273329
-5303.059111101931 -1332.1089935748032 4254.659380215469
-5474.946016744376 -2980.8623936839044 3022.9955759007507
-5160.359942394229 -4364.753088815055 1522.7253484696575
-4387.253241295738 -5360.816317601545 -112.84570854309428
-3224.3198365644002 -5880.547491014211 -1738.3899291365415
-1774.8914646597598 -5877.766213492656 -3209.4705757276697
-167.75619713719746 -5352.7196137501 -4395.375677135757
1454.2849446869377 -4352.060386302732 -5190.732360841868
2947.1064871512813 -2964.701494829932 -5524.869695133412
4178.06468506844 -1313.9158651632729 -5368.098111521042
5037.783500582398 453.6169551479638 -4734.347453189468
5449.873144120846 2180.843918329058 -3679.9292473004284
5377.717642429795 3714.2933288907 -2298.533178685254
4368.765801289987 5332.610144627783 -690.0950421148298
3321.909585333242 6003.7352869921615 958.7262689922712
1979.8871247595648 6141.40220214893 2522.3605437984365
461.9430045594388 5733.378580545114 3861.8720150912122
-1097.0467787992598 4815.919111542392 4858.239210296924
-2558.559141551191 3470.5440951661735 5422.930531636157
-3792.732296524401 1816.7960057025762 5505.7706771008425
-4689.904542819893 1.6176182543420594 5099.398936228472
-5170.358189178747 -1813.7045016746015 4239.923221528558
-5191.402820685877 -3467.871017318629 3003.7117219992556
-4751.1685294790295 -4813.901974572618 1500.6072543985254
-3888.772064268296 -5732.196615924968 -135.83275306198632
-2680.841135552216 -6141.160432621861 -1760.2034243207065
-1234.7057072647624 -6004.4551948416365 -3228.172296803048
321.1387415299158 -5334.2277628821175 -4409.303894113649
1848.4486038454945 -4190.030785317557 -5198.6494905208165
3211.5156959263168 -2673.531184830291 -5526.07226579769
4289.22552491959 -919.4766059724917 -5362.479269489733
4985.818843067576 916.2775043826069 -4722.406457234937
5239.400277103388 2670.6163374556663 -3662.727107315446
5027.43800378917 4187.65918913905 -2277.5983802978094
3874.2476807599 5704.737035157541 -667.2758171011811
2768.712321896647 6274.570541958149 981.3630015586832
1417.1647229389869 6286.8809206064825 2542.8034108894485
-60.30418077676325 5740.574339936433 3878.304578253724
-1532.4147933899465 4684.192537067485 4869.2013641808335
-2868.3636267188963 3211.599671039702 5427.448240762251
-3949.445764207402 1453.6420803670574 5503.442523187637
-4679.602313688828 -433.4779883494123 5090.43178596809
-4993.9556615025 -2282.0816355142597 4225.113845573304
-4864.574133178224 -3927.912314613281 2984.375998392668
-4302.953845289096 -5224.730747199685 1478.4632470364552
-3358.997225044098 -6057.308924544161 -158.81745194804785
-2116.5789606374206 -6351.668621880497 -1781.986523368034
-686.0933671243133 -6081.654688324113 -3246.8182720677355
805.354632928939 -5271.25904680812 -4423.155968866915
2225.243339605849 -3992.4889064439203 -5206.476847132004
3447.409410239232 -2358.9686059931933 -5527.179409282106
4363.258026065849 -515.8435927367497 -5356.767825290169
4891.412018434053 1373.1163874766937 -4710.383912232784
4984.9425873563005 3140.068950840771 -3645.461717394214
4635.539131331723 4628.0126079570455 -2256.6242511199157
3348.1543499179966 6031.055442470631 -644.4450692108214
2193.6805504385065 6494.525460220081 1003.982787422428
844.2886072440309 6380.928390073426 2563.20236748729
-580.1220838036202 5700.357830225722 3894.6701687726036
-1952.9863818814586 4513.285461554172 4880.079434083924
-3152.3192693895803 2925.1878733964923 5431.872225801047
-4071.5547560871673 1077.174505712001 5501.019332877101
-4629.01473498266 -866.5505439074475 5081.376731401311
-4775.166440578376 -2733.278774906347 4210.2315080859935
-4497.0236524559305 -4357.143191958426 2964.988738980609
-3819.3005779495393 -5593.85631539704 1456.293708778044
-2802.2158863677946 -6333.530756978545 -181.79940828916054
-1536.1420159604197 -6510.443196560569 -1803.7388501162857
-133.57518618673103 -6108.874187518797 -3265.4081795330426
1280.8603850646734 -5164.504898563174 -4436.931662190496
2581.485890139862 -3761.2466853137726 -5214.214295508435
3652.735045211902 -2023.7851981150186 -5528.1911064679125
4399.42266175314 -106.5015148286874 -5350.963877550628
4755.20226824926 1820.2452954243915 -4698.280025794761
4688.461285349989 3585.2553231640577 -3628.1333756847584
4205.1299422739085 5031.699681806795 -2235.6111533440708
2794.724506744316 6308.898568727408 -621.6031926973504
1601.4859036369544 6661.8647841272 1026.5852359729013
265.9482499863213 6422.895078345209 2583.5570613318505
-1093.2200727702689 5613.222958441447 3910.9685040380436
-2355.250994543938 4304.791345456956 4890.873232157856
-3408.0075296036352 2613.8601301629515 5436.202410356793
-4157.947639863357 690.6759715676827 5498.5011480141875
-4538.435855468527 -1293.877778082897 5072.233928895677
-4515.664128717616 -3163.4648090617716 4195.276466062793
-4091.655827464514 -4751.9641091188 2945.5502785527224
-3304.0859500053425 -5918.230544429618 1434.0990224587495
-2222.933536145833 -6558.636224140903 -204.77822522058062
-944.2637224166267 -6616.2782932362725 -1825.4600289346165
418.3080668824179 -6086.035000918535 -3283.9416981784525
1743.71134872422 -5015.020790644501 -4450.630736198333
2914.178225080649 -3498.399975065481 -5221.861702035702
3825.7075774781906 -1670.9309692264296 -5529.107339884579
4397.306022775609 305.0075859881547 -5345.067526496798
4578.184530689776 2253.8448786839663 -4686.095006937274
4352.2712520202585 4002.4181630733387 -3610.7423814221643
3739.639572980945 5395.35902935084 -2214.5594498357477
2218.4208341160715 6535.991393168 -598.7505820065144
996.9353595011657 6775.281473029487 1049.1699568988984
-313.1321967842014 6412.55806117929 2603.867140927348
-1595.3765832272682 5480.050724545779 3927.1993026016535
-2735.864759055783 4060.616832229873 4901.582572009537
-3633.259344897444 2280.3793146468915 5440.438719653548
-4207.822893648958 297.5200876777123 5495.888012084263
-4408.5029125731335 -1711.7751047270374 5063.003536333991
-4217.468101318802 -3568.9715670754485 4180.2489777553865
-3651.6927412083896 -5109.04924351543 2926.0609527827564
-2761.4484558519534 -6195.165473975784 1411.8795713483576
-1625.8373567761341 -6730.8140650374935 -227.75350593177228
-345.7634736810119 -6668.400288729608 -1847.1496847300928
965.0330114086428 -6013.469882975445 -3302.418507957224
2190.0820784570496 -4824.216288440983 -4464.252954327467
3220.532741817636 -3206.309905954077 -5229.418934654298
3964.824937992584 -1303.5088176638692 -5529.928093710098
4356.825039079234 715.114749430017 -5339.078873950023
4361.70211583192 2670.197232807639 -4673.829066077763
3979.022818578479 4388.020974082742 -3593.2890349234763
3242.7898822403154 5715.949795297721 -2193.4695041270443
1623.8938289113757 6710.4693588644 -575.8876317695152
384.93205317138825 6833.906994409675 1071.7365601953445
-888.2326247393837 6350.12200339477 2624.1322555484394
-2082.4739359973796 5302.100805326832 3943.362284181316
-3091.678299255684 3782.9646828194395 4912.207268704351
-3826.1734780183588 1927.6955469764935 5444.58108053645
-4220.696352373358 -98.85779776787781 5493.179970212362
-4240.191833599125 -2116.6271933502967 5053.68571311166
-3882.927662634224 -3946.324974138114 4165.149302666507
-3180.6483288969066 -5425.374462811807 2906.521098222817
-2195.7544330918 -6422.355621601022 1389.6357391442589
-1015.7581199968675 -6848.682299367559 -250.72485367326513
254.49275964086326 -6666.473499888051 -1868.8074429540065
1502.1308407614376 -5891.919274606395 -3320.8382898019195
2616.2980046877383 -4593.842165514098 -4477.79808134213
3497.9956094628483 -2887.582020271576 -5236.885862861871
4068.88095363629 -924.7475405829416 -5530.653353771251
4278.228369089184 1120.2548162742082 -5332.9980233255765
4107.436419252543 3065.7176165481183 -4661.482415031073
3571.680718377481 4738.777952911556 -3575.7736375824247
2718.56551161192 5990.777072374278 -2172.34168041044
1015.9440847711754 6830.893723793722 -553.0147367960016
-229.56466579158945 6837.318034416008 1094.2846561700303
-1454.6755883708415 6236.216632604453 2644.352055246255
-2550.5322011846733 5081.000015800055 3959.457169665995
-3419.762835097029 3474.314249990535 4922.747138769308
-3985.1325337290114 1558.920416292348 5448.629421472986
-4196.405718273085 -494.99033760293577 5490.377069162395
-4034.809839125428 -2504.9190277728694 5044.280620133819
-3514.703399300135 -4292.274669669123 4149.977701545449
-2682.3001384252043 -5698.242870828131 2886.9310522975893
-1611.5627391709324 -6597.897186587084 1367.3679099648587
-397.63091831471576 -6911.299382922891 -273.6918717635054
851.6321546083209 -6610.602299348207 -1890.4329296087028
2025.2239732682206 -5722.524191326088 -3339.2007256298557
3018.865754354251 -4325.97469602083 -4491.265883337813
3744.2680650917328 -2545.0433647468863 -5244.26235771549
4136.975726796058 -537.9737617763122 -5531.283107543858
4162.0949403556 1516.8971707870362 -5326.825079630845
3817.393753411749 3436.9851329323606 -4649.055267005808
3133.500379120697 5051.681883055845 -3558.1964918642925
2171.1817450048634 6217.514528928997 -2151.1763435325415
399.48333577766454 6896.263449550262 -530.1322920673966
-841.5796039855295 6785.539575500922 1116.8138554503528
-2007.8645027233429 6071.890732318374 2664.526190854452
-2995.7418290259675 4818.727751515723 3975.483681120566
-3717.4343472231403 3137.3996633524844 4933.202000196317
-4108.816509977608 1177.2998468487249 5452.5836725542285
-4135.112294576302 -887.4082275428124 5487.479357336371
-3793.9852051604844 -2873.2661865903024 5034.7884198126685
-3115.7458806363147 -4603.821835838291 4134.734436383545
-2160.6588613920167 -5925.307711432692 2867.291153298526
-1013.5878204178197 -6720.30399408168 1345.076468342985
223.54494645739717 -6918.171775288198 -296.6541635957012
1440.8147638290618 -6501.329634363564 -1912.0257712535908
2530.0618665230268 -5506.815824810573 -3357.5054983486516
3394.501869382816 -4022.997262959937 -4504.656127745267
3957.3254846218397 -2181.7177396626303 -5251.548291833891
4168.523364115371 -146.58302088567308 -5531.8173441529925
4009.329649443773 1901.5762425659486 -5320.560149463532
3493.8894007657354 3780.77211193569 -4636.5478366006055
2668.0017461485522 5324.029787514847 -3540.557901300647
1605.0504280532848 6394.2240523533765 -2129.973858987733
-220.5054214448162 6906.023529283097 -507.24069273002925
-1446.1621926863022 6679.044318622145 1139.3237689899904
-2543.3211067293605 5858.602709748396 2684.6543139952437
-3414.4947792586786 4517.598540058964 3991.441541790622
-3982.2756063873217 2775.185914930653 4943.571672445194
-4196.213769959798 786.185842557955 5456.443765496056
-4037.2999252905274 -1272.6702920457494 5484.486884773529
-3519.654264860298 -3218.4440861795983 5025.209276064614
-2689.271877248888 -4878.244999347177 4119.4197704096705
-1619.9358816686674 -6104.592436497175 2847.601740377926
-406.66147403066805 -6788.520046101738 1322.7617992192029
842.7465901794417 -6869.2578586806285 -319.611332644691
2017.2729215196211 -6339.63196527415 -1933.5855950118855
3012.5557011263845 -5246.701950736407 -3375.7522918616633
3740.1596863051095 -3687.5794431034774 -4517.96858333458
4135.4340699351915 -1800.7993192749439 -5258.743539399666
4163.2569883980295 245.9897267487715 -5532.256054373171
3821.1562532893367 2270.9215060427628 -5314.203341009811
3139.529016207874 4094.071943749951 -4623.960339800492
2178.9408484401724 5553.446122716179 -3522.858170484162
1024.744224164147 6519.372242782168 -2108.7345929118724
-839.0084020487864 6860.069685529901 -484.3403340883153
-2038.4267237992967 6518.748457380413 1161.8140080756948
-3056.7218856518966 5598.207821736265 2704.7360770853725
-3803.413893761295 4180.24185380044 4007.3304761072764
-4212.15588640303 2390.8430524652467 4953.8559764468855
-4246.629343796211 389.00735387658904 5460.20963364031
-3903.771147967179 -1647.3933552346464 5481.399703149489
-3214.045754223753 -3537.4159352666215 5015.543354307447
-2238.738290610064 -5113.1235857560305 4104.033968085703
-1064.5091053345 -6234.507767077739 2827.8631535431186
204.30638547130016 -6801.928573607892 1300.4242879351784
1454.9683573441455 -6764.968176601093 -342.5629824737611
2576.3500056435196 -6126.910669529427 -1955.1120285770514
3468.8116498156883 -4944.450261965452 -3393.9407910734517
4053.0541562725316 -3322.653750263279 -4531.203020219121
4277.16501440936 -1405.6248716243595 -5265.847976161403
4121.230990986408 636.2999453414915 -5532.59923062851
3599.1075082900006 2621.686719807438 -5307.754764042459
2757.1875290588814 4374.125124135821 -4611.292993973114
1670.27933815269 5737.903315652819 -3505.0976050632516
434.95949815148776 6591.8436172001 -2087.458912076034
-1451.0217735553904 6758.749398279676 -461.43161159790844
-2613.5920248619946 6306.003841306617 1184.2841843339525
-3543.9331551999617 5292.942169591384 2724.77113334226
-4159.380272403893 3809.5793584138605 4023.1502096918916
-4405.248199265068 1987.7187031775989 4964.054734606519
-4259.690491508243 -10.759481795811407 5463.881211955958
-3735.640590237083 -2008.2816395944956 5478.217865775361
-2879.6626289346486 -3827.359160516384 5005.790821457493
-1767.8140058600459 -5306.359023937391 4088.5772951019107
-498.88735044082654 -6313.865601508494 2808.0757336506213
814.367635396152 -6760.357512442766 1278.0643202270753
2055.2624830346717 -6606.161991056205 -365.5087167415268
3113.538239684729 -5864.979986099892 -1976.6047002190871
3895.162460201261 -4602.66877133789 -3412.070681895289
4330.684402490016 -2931.39023776328 -4544.359209859559
4381.406030722058 -999.6448173692211 -5272.861479435887
4042.820505640774 1020.9234319170906 -5532.846866992856
3345.0126370077437 2950.778154028887 -5301.214529918963
2349.985716230393 4618.443287878591 -4598.546017864982
1146.1522518235254 5875.739467895728 -3487.276511736894
-159.52186996418394 6610.950410932392 -2066.1471838800676
-2051.5923302845763 6602.859253593182 -438.51492085896007
-3167.020249535083 6042.58659502563 1206.7339097377126
-4001.0445213749836 4945.403600035511 2744.75913678971
-4479.5584291960095 3408.799792636057 4038.900469360804
-4560.043912364606 1569.3091643893426 4974.167770806458
-4235.349482496508 -409.6214699131567 5467.458437040223
-3534.325664583524 -2352.1554390196934 5474.941427596816
-2519.261501239569 -4085.6900751052153 4995.951845926706
-1280.349897913482 -5456.193218262045 4073.0500183724444
72.326412565176 -6341.889649866721 2788.2398224002145
1418.576203888208 -6664.081355156426 1255.6822822187805
2638.779274176629 -6394.140187201147 -388.4481392087122
3624.5152258623466 -5556.051603391016 -1998.0632387909282
4288.197093807121 -4224.283452288721 -3430.1416512504857
4570.8538315241385 -2517.1691784879795 -4557.436925067731
4447.370147448582 -586.3933767635848 -5279.783928110179
3928.718108809792 1396.48604983119 -5532.998959189895
3060.9822253077996 3255.281562520386 -5294.58275157959
1921.264638187969 4824.8310228118 -4585.719631597734
610.8342566341437 5965.673073304188 -3469.3951982492786
-753.8714292236021 6576.438891308422 -2044.7997763463272
-2635.857769625289 6393.638633194211 -415.5906576091554
-3694.2544674857277 5730.682288972547 1229.1627966130725
-4424.4004439413875 4558.529674690632 2764.6997422642007
-4761.419024791286 2981.3316940345335 4054.5809831301117
-4675.36463014526 1139.2293090047724 4984.194910409378
-4173.883570611085 -804.0985995555369 5470.941247119663
-3301.5346390417785 -2675.978818816711 5471.57044519315
-2135.8298662474667 -4310.08657668644 4986.026597619819
-780.3472369020809 -5561.224227714168 4057.452406030637
644.4726689394824 -6318.222701078933 2768.3557623290426
2012.0283499240684 -6513.819360389209 1233.2785604153307
3200.806482376905 -6130.634584103467 -411.3808537450855
4105.178912362679 -5202.716021173382 -2019.4872737351316
4644.788180704084 -3812.5133080188675 -3448.15338707985
4771.687635872742 -2083.5520565077763 -4570.435940010645
4474.601704387818 -169.45806125837177 -5286.615202643725
3779.9277750018846 1759.693026388294 -5533.055504593215
2749.3906748672184 3532.4876663546916 -5287.859543545453
1474.558147768361 4991.405275098682 -4572.814056664293
68.7046582484149 6006.814620728911 -3451.453973384538
-1343.2535416623118 6488.492126835583 -2023.4170581132955
-3199.086241301701 6132.759795370727 -392.65921771696577
-4191.054747618675 5372.867785482005 1251.5704576459987
-4810.629647468913 4135.572894411291 2784.5926054206366
-5002.758992041054 2530.81420300938 4070.191480220302
-4750.371245924116 701.1815633749299 4994.1359802612515
-4075.8921679459722 -1190.7541352500068 5474.329582051235
-3039.2521840876666 -2976.8861034195224 5468.10497677629
-1732.5613061346344 -4498.508677450737 4976.015247931324
-271.9247529114778 -5620.419014110279 4041.784727424413
1212.8735079299688 -6242.930456563522 2748.423896805727
2589.9026349841374 -6310.730131302042 1210.853541696221
3736.807547319437 -5817.793739691347 -434.3064643362177
4551.680710365602 -4807.920843341749 -2040.8764350898882
4962.117067573974 -3370.8430808481576 -3466.105578347077
4931.647547436321 -1634.2511179199964 -4583.356030214337
4462.9795005301585 247.55122862825726 -5293.355185070408
3597.7561395389394 2107.357562152234 -5533.01650222636
2412.8563570569167 3779.9159282926425 -5281.04502191651
1013.5636986046658 5116.612176316416 -4559.829515925018
-475.78854241962114 5998.674978591764 -3433.453146961361
-1922.8648834863086 6347.729184267692 -2001.9993984292203
-3736.714846641692 5822.314427046617 -369.72099717479944
-4653.432441164301 4972.089911182461 1273.9565058889525
-5156.672142037563 3680.073387052543 2804.437382738454
-5201.7188934078185 2061.0661927469514 4085.7316910608897
-4784.57009373142 258.9242223758025 5003.990808694353
-3942.29124448696 -1566.2243014236874 5477.623383323365
-2749.722517709658 -3252.2069227795496 5464.545082189807
-1312.8288782753355 -4649.21668697144 4965.9179697425725
240.71536824838137 -5633.123145774532 4026.047253111648
1772.8709979412176 -6116.501892521801 2728.44457002441
3147.499259350778 -6056.402604292071 1188.4076133086971
4242.458398994034 -5458.165366585912 -457.2245750904221
4960.456492164605 -4374.946183294437 -2062.2303534957014
5237.696257401604 -2902.993832482113 -3483.997915044095
5049.543724917031 -1173.0977400751995 -4596.19697256776
4412.717072915937 661.0332345920508 -5300.003759000604
3383.8011440963373 2436.4285054692446 -5532.881952762844
2054.2196340570426 3995.336411545104 -5274.139304369577
542.111694737394 5199.241144210127 -4546.766233603953
-1018.1652476776741 5941.170484718128 -3415.3930298276337
-2487.9737396919436 6155.200755261675 -1980.547167145724
-4244.386773350038 5464.796775760135 -346.77639209215437
-5077.682386083282 4531.64113248236 1296.3205547676612
-5459.803635770904 3195.8292878039583 2824.233731527336
-5356.797372466664 1576.0539862383487 4101.201347295207
-4777.816154700696 -183.76062840351787 5013.759225530218
-3774.305004488718 -1927.2473047915144 5480.822594056919
-2435.430291363214 -3499.4896005632954 5460.89082290787
-880.1569091402897 -4760.786888067862 4955.734937418798
753.3222769647274 -5599.067368198454 4010.240254855497
2319.8654728610404 -5939.846141562171 2708.4181269988153
3680.2784409317323 -5752.843518662645 1165.941162861085
4713.682518889721 -5054.675503191975 -480.13479024538185
5328.255219389316 -3907.377387184638 -2083.5486602016813
5469.389060983288 -2412.891643082692 -3501.8300881964005
5124.543682490336 -704.0098876922914 -4608.958545326636
4324.360109118583 1067.4262357160712 -5306.560809623168
3139.9381629098657 2744.0168537581967 -5532.651858526139
1676.518931534938 4176.789532424282 -5267.142510156286
64.13363581097866 5238.436131595508 -4533.6244352848535
-1553.9502149005987 5834.624691976146 -3397.273933855232
-3033.958769620061 5912.381243645982 -1959.0607347114787
-4717.9867623636055 5063.083498277004 -323.8257986887853
-5460.412771470257 4055.132435323413 1318.6622180877325
-5717.657143205012 2686.8650598357403 2843.9813099333373
-5466.8625862409035 1079.8579326685754 4116.600181784932
-4730.313297557991 -623.0993106946655 5023.441062082587
-3573.4549137490576 -2270.6914458764095 5483.927159006214
-2099.079379004918 -3716.5226813267614 5457.142262034189
-438.1914297780595 -4832.124566850077 4945.466326806056
1261.6317509559963 -5518.370979179372 3994.3640056196914
2849.3534140378288 -5714.2859130364095 2688.344913556328
4183.897522100943 -5402.461466789473 1143.4545783161107
5146.683974593525 -4610.604610906635 -503.0367141752623
5652.164970092845 -3409.0753020396824 -2104.830987071874
5655.4263038819945 -1904.6346921059364 -3519.6017898685254
5156.178192141672 -230.9589314269047 -4621.640528117298
4198.781020514269 1463.238543855971 -5313.026223707443
2868.30372916718 3027.4208532006423 -5532.326223489637
1282.965064139969 4322.603534120881 -5260.054760101035
-416.3706770355574 5233.703921601323 -4520.404347907325
-2078.7100563437843 5679.766747916098 -3379.0961719343486
-3556.346924877075 5621.15737343271 -1937.540472165677
-5153.674616928227 4620.410389444783 -300.8696132877972
-5798.57241999178 3546.4636330974145 1340.9811100413415
-5928.241616923136 2157.398019550002 2863.6797769446675
-5531.160530531028 576.6381243803129 4131.927928614734
-4642.611557903066 -1055.3585986752673 5033.036151160312
-3341.546174590164 -2593.5820788736423 5486.937024559958
-1743.5697495310665 -3901.3544096166133 5453.299464300924
9.330499303695118 -4862.474280253321 4935.112315228222
1761.4016923290965 -5391.5419724726025 3978.41877956381
3356.9646152070113 -5441.547500045456 2668.225276331938
4654.2465002272575 -5008.047652401391 1120.948247984177
5537.978158877954 -4129.560793386327 -525.9299513973381
5929.636155095482 -2884.144335599832 -2126.0769665916214
5794.419957153111 -1382.4589967363515 -3537.31271316914
5144.344117624542 242.06389080851764 -4634.242701940411
4037.1707276626953 1845.078339375197 -5319.39988960517
2571.2770017160965 3284.149480495448 -5531.905053276576
876.9140303037808 4431.40952802105 -5252.876176598891
-895.3666009749187 5184.919392061605 -4507.1061997629595
-2588.08998050535 5477.726414473486 -3360.8600579683216
-4050.8502076220475 5283.813406352972 -1915.9867511317902
-5547.916479976265 4140.346180439775 -277.908232308974
-6089.475267715729 3009.7913474926595 1363.2768452138907
-6089.957454696598 1611.803345069017 2883.328792397639
-5549.320196489573 70.59954215353551 4147.184323096841
-4515.60148603389 -1476.8773399032666 5042.544327070248
-3080.651767153365 -2893.1271891402175 5489.852138742175
-1371.972619543638 -4052.309991342523 5449.3624960675625
458.61231611519503 -4851.427267544541 4924.67308148392
2248.4475349001927 -5219.473940887333 3962.4048520385772
3838.498323059823 -5123.747449298169 2648.0595627623243
5087.48169024317 -4572.753511643522 1098.4225605166246
5884.419983202713 -3615.4503572811104 -548.8141065789387
6158.50173730295 -2336.8985725316957 -2147.286231873953
5885.373585904091 -850.7030943023727 -3554.9625522565434
5089.304163861074 711.0810871047595 -4646.7648491749405
3841.027732815547 2209.6825933946734 -5325.681697252476
2251.4591316367646 3511.9441042291483 -5531.388355159951
461.83850624641804 4502.153969489992 -5245.606883613483
-1368.8184971688556 5092.327697184385 -4493.730220491294
-3077.849970149611 5230.025761671918 -3342.565906868206
-4513.400966360448 4903.013085644885 -1894.3999438110109
-5897.513624070507 3626.7636195581995 -254.94205226173582
-6330.821843804413 2449.49492588348 1385.5490385906692
-6201.608760362243 1054.577858612573 2902.928016982503
-5521.35552325009 -434.04307933478367 4162.369101775677
-4350.50561782757 -1884.0973849165262 5051.965425620114
-2793.094196381602 -3166.7413696232757 5492.672451213113
-987.5040982951454 -4168.006486623385 5445.33142531979
905.8300725151875 -4798.9259362918065 4914.148805843439
2718.6772662127473 -5003.439756781106 3946.322499581069
4289.958054088633 -4763.375997646688 2627.8481210798786
5480.057242687925 -4100.065377390088 1075.8779048991785
6183.229296439269 -3072.4459555118433 -571.6887845441985
6336.994292547156 -1771.8262272793772 -2168.458416665919
5927.689536320827 -313.77196322181146 -3572.551002343853
4991.683551555324 1172.1623167336004 -4659.206753581699
3612.1445775916773 2553.9448308976234 -5331.871538171743
1911.650706273611 3708.798139034116 -5530.776138062383
41.29828056215917 4534.108456724877 -5238.247006674859
-1832.7236786117287 4956.543340428385 -4480.276641075914
-3543.9000961655497 4938.5675969026515 -3324.2140345471953
-4940.185438025676 4481.7784498451865 -1872.7804229759283
-6199.628518463562 3083.808070963608 -231.9714697383733
-6520.717577260589 1870.14057554838 1407.7973055635264
-6262.412263620264 490.3028830189674 2922.4771122493617
-5447.664138213709 -933.1003723254782 4177.482002432314
-4148.867147446573 -2273.593564745251 5061.29928412133
-2481.425103625188 -3412.067991436408 5495.397913270102
-593.497549792035 -4247.365203474667 5441.206321668294
1347.1648658612498 -4705.265377929021 4903.539670045616
3168.1257712471233 -4745.082074837374 3930.171999909979
4707.584798766741 -4363.277405946726 2607.5913003066003
5828.754258020332 -3593.776391610186 1053.3146704450153
6432.013322382047 -2504.9525738511584 -594.5535902808848
6463.759776624569 -1193.5527271021565 -2189.5931553548626
5921.172808971436 223.89951726974468 -3590.0777597042716
4852.463652602292 1621.4573069654066 -4671.568200307223
3352.5918060134622 2874.9414992889742 -5337.96930547348
1554.827464853523 3872.9745229277582 -5530.068412555963
-381.0901198066364 4526.876763935675 -5230.796672877335
-2283.146174935499 4778.546138596423 -4466.745693840447
-3982.3346729993614 4605.620718538555 -3305.8047579152394
-5327.675259179394 4023.4656862049137 -1851.1285619640162
-6451.807960038508 2515.8638871380404 -208.99688140727517
-6657.687784030263 1276.4440093638302 1430.021261937372
-6272.002831629327 -76.39352022462425 2941.97574061394
-5329.022903407038 -1422.443150293706 4192.5227640891
-3912.535904185229 -2642.102464170221 5070.545741391817
-2148.402919995517 -3626.9993794295438 5498.028477848401
-193.37490825331594 -4289.621483001922 5436.98725634758
1778.8353126990053 -4571.091893115767 4892.845857294699
3592.988209827858 -4446.400728619907 3913.9536319207864
5087.888336944412 -3926.627346677972 2587.289450248135
6130.707257493281 -3057.9558932633927 1030.7332467881597
6628.785934048192 -1917.5716391139676 -617.4081289472732
6537.867890414992 -606.8027297047429 -2210.690082974784
5866.031593757747 757.883265148682 -3607.542521676366
4672.9726473394785 2055.228005977718 -4683.848975887403
3064.6995742024224 3169.9567192560717 -5343.974893858161
1184.1144946849024 4003.020866902601 -5529.265190862075
-801.684354086229 4480.399043557101 -5223.25601087727
-2716.2500298629766 4559.674103284201 -4453.137612444551
-4389.464970419455 4233.802109134277 -3287.338394873613
-5672.656685504431 3531.738217853242 -1829.444734671216
-6652.003078862662 1927.5188290291562 -186.0186840059309
-6740.689215063496 673.2319095543023 1452.220523937081
-6230.435533478551 -640.8746195140213 2961.423565363481
-5166.580312928046 -1898.0366262065847 4207.491127014082
-3643.651758409608 -2986.5497492641634 5079.704637758802
-1796.9687552541272 -3809.6948208419035 5500.564099522008
209.3828076731703 -4294.331789017493 5432.6743022147275
2197.129789277396 -4397.398532374228 4882.06755225718
3989.652147159087 -4109.7371184639 3897.6676756809957
5427.676403465583 -3456.9075262937786 2566.942921487718
6383.427792358616 -2496.916530023627 1008.1340238767525
6771.983608689107 -1315.0635425231803 -640.2520058789318
6558.818963026999 -16.361388208249654 -2231.7488352126225
5762.874469596989 1283.7945472497777 -3624.9449866692485
4454.873289585243 2469.879703345061 -4696.048868251228
2751.0370679044286 3436.505208909585 -5349.888199618068
802.7591300129792 4097.782145807785 -5528.366486851184
-1216.8474794305562 4394.9531562302145 -5215.6251508908435
-3128.331850279483 4301.613291787333 -4439.452631879863
-4761.850207772865 3826.0562090501403 -3268.8152643093713
-5972.257277270171 3010.5372417677318 -1807.729315545497
-6798.586054605859 1323.5268238898552 -163.03727433417785
-6769.118074188828 65.40252549138171 1474.394708213857
-6138.1842470947395 -1198.5330743112552 2980.8202506624834
-4961.845812668393 -2355.973750785576 4222.386832725542
-3344.6256030847394 -3304.0758204820977 5088.775815061532
-1430.2207310193508 -3958.5962538308513 5503.00473450445
611.2655294174452 -4261.378038013221 5428.267533748145
2598.438165070891 -4185.517682768614 4871.204941058611
4354.7281666997405 -3737.7557135681964 3881.3144124252253
5724.081460307523 -2957.877746346459 2546.552065380097
6584.82499644922 -1915.1793609291603 985.5173919662959
6860.477934627874 -702.3088846671131 -663.0848265955508
6526.547301603315 572.9648180293822 -2252.769048414549
5612.704299550201 1797.3280822293007 -3642.284854167806
4200.147889534946 2861.9908588787457 -4708.167666724413
2414.389907489079 3672.3531880768087 -5355.709120639072
414.1027867872202 4156.41082065772 -5527.37231604259
-1622.9791837808411 4271.153111714741 -5207.904224691841
-3515.852331543101 4006.384705149206 -4425.690988465983
-5096.326570583981 3385.6314358014624 -3250.2356860898876
-6223.969828967678 2464.0499557839116 -1785.9826795803206
-6890.363406939485 708.7693644376699 -140.05304924732457
-6742.814443636183 -542.1142716544811 1496.5434318520022
-5996.136826662008 -1744.8286756808302 3000.165461558595
-4716.676139025856 -2792.5073948184236 4237.2096239964485
-3018.118077644925 -3592.059577209552 5097.7591166540615
-1051.3869802722734 -4072.441502671779 5505.350340649534
1008.7644642333823 -4190.9691290064575 5423.767027046271
2979.282759201998 -3937.1107564638096 4860.258211280371
4685.0787066484 -3333.4228154833927 3864.8941245503843
5974.584850879879 -2433.5456288621776 2526.117234045562
6733.222912076897 -1317.4372336774793 962.8837416129207
6893.584569273827 -84.26875880246342 -685.9061968077305
6441.4209854931805 1156.3873650995035 -2273.750359592243
5416.908879441042 2294.2933968900415 -3659.561824737916
3911.0806477374977 3228.341392026144 -4720.205162033054
2057.7357369877923 3875.5370871378623 -5361.437556402372
21.55197578213803 4178.374304543017 -5526.282695604171
-2016.546773051054 4109.944628495906 -5200.093365609371
-3875.466491628878 3676.3283360120063 -4411.852919846321
-5390.034005220925 2916.05413757226 -3231.5999810572694
-6425.673343674457 1896.6757321164025 -1764.2052023083338
-6926.585751021032 88.21586410800579 -117.06640564929774
-6662.063084508303 -1144.397150445215 1518.6663123754765
-5805.58687695472 -2275.325456077199 3019.458863988345
-4433.25879798533 -3204.081109835433 4251.959244858887
-2667.016219779128 -3848.1400961064396 5106.654387407917
-663.7975464376882 -4150.274947553715 5507.600877452075
1398.4024519323032 -4083.6396567292304 5419.1728598262725
3336.3482556600775 -3654.155061646878 4849.227551956498
4977.844875549226 -2899.982753341859 3848.407095610811
6177.038133333424 -1888.1342510377049 2505.6387803637163
6827.374445485578 -708.5167345881767 940.2334636666411
6871.068576717082 534.0556030039886 -708.7157224238096
6304.238111719463 1729.1747566048612 -2294.6924064292143
5177.248424802309 2770.649144722934 -3676.7756000315876
3590.2374953609647 3565.939197538879 -4732.1611463072095
1684.2182089590974 4044.3799037870685 -5367.0734079862805
-371.45125637867636 4163.459707114915 -5525.097644352075
-2394.1156475002604 3912.597844423611 -5192.19270852553
-4204.05235693793 3314.084493102444 -4397.938664984098
-5640.440565281793 2421.100190948864 -3212.908471022875
-6575.650876734629 1312.990512006308 -1742.3972597947006
-6906.953938052903 -533.1167082545123 -94.07774048579797
-6527.590609209718 -1736.5733684509153 1540.7629677545142
-5568.222208878695 -2785.7278640337386 3038.7001247829076
-4114.092829548112 -3587.358213931797 4266.635440608494
-2294.408247913131 -4070.236043659801 5115.461473714798
-270.8554246063756 -4191.455538971944 5509.756306048595
1776.7640918061506 -3940.245815746765 5414.485111422687
3666.5103214609235 -3338.9279603085174 4838.113153570313
5230.47101883831 -2440.9317029528743 3831.853610313379
6329.681412647952 -1326.0479519375035 2485.1170579674813
6866.4718355944515 -93.33902112691932 917.5669492646194
6793.146102933064 1147.6634913223616 -731.5130095566656
6116.219527795414 2286.6910661293723 -2315.594827286872
4895.840007025827 3222.536104732329 -3693.9258827921144
3240.443616592009 3872.0446685630463 -4744.035413084534
1297.1195903714276 4177.505071403785 -5372.616578067885
-761.4592037692533 4111.775815971253 -5523.817182750402
-2752.379006046376 3680.697235058702 -5184.202389873099
-4498.7378550199255 2922.57255233742 -4383.948464158106
-5845.364103189046 1904.7644728425687 -3194.1614787617195
-6672.604098831973 717.7097110144456 -1720.559228630585
-6831.621530446039 -1150.2045849992655 -71.08745073740594
-6340.559052550551 -2313.858382051657 1562.8330164122176
-5286.11007775086 -3271.915707658489 3057.888911673872
-3761.9670248309776 -3939.2489640742965 4281.237957808874
-1903.5566926345236 -4256.5626629227445 5124.180223489208
123.99300532343645 -4195.662089552935 5511.816589217999
2140.5253806241085 -3761.958527166533 5409.703862786076
3966.8626823154277 -2993.9884405582957 4826.915208051216
5440.726826392815 -1959.9893421046245 3815.2339545125415
6431.158515708824 -751.836589333377 2464.5524212369664
6850.153548229805 523.1201437806698 894.8845898243262
6660.482376586865 1751.5953564448446 -754.2976645305167
5878.9981167386995 2824.4336349393016 -2336.4572612110715
4575.139074660001 3646.308590146548 -3711.0123768592143
2864.7588481306375 4144.193025557581 -4755.827757313829
899.8322261577364 4273.847724156279 -5378.066970924755
-1145.0484379579666 4023.752296991876 -5522.441332910852
-3088.1865233988246 3416.128820293622 -5176.122547633193
-4756.925683952321 2504.9673064778895 -4369.882558958673
-6002.991122062143 1371.2284546136282 -3175.3593280069217
-6715.664455284114 115.64993701997102 -1698.6914859268436
-6701.193591076769 -1758.0580150724154 -48.09593341278596
-6102.55589770643 -2871.5946934496906 1584.8760772311489
-4961.6793321994155 -3729.977581528213 3077.024893298992
-3379.935784055364 -4256.935592750941 4295.766544295884
-1497.8701088941252 -4405.646195303594 5132.810486171103
517.2878987370439 -4162.895799543646 5513.781691382209
2486.482606484902 -3550.253843426925 5404.829196481602
4234.742422897402 -2622.156253289333 4815.633908771332
5606.726791174387 -1461.0685729038357 3798.5484152054296
6480.528879340298 -170.1585380219833 2443.945225293349
6778.507537244255 1135.8708296915675 872.1867770369829
6474.1860534737 2340.973089499969 -777.0692938877199
5594.60472735447 3338.069617115124 -2357.2793479380975
4217.918219691329 4038.564010372365 -3728.034787174145
2466.45116817939 4380.214268361769 -4767.537975358565
495.82910653206505 4332.6632663535265 -5383.424492436572
-1518.8495471408678 3900.136119550197 -5520.970118592337
-3398.571753188887 3121.064763059369 -5167.95332133286
-4976.315944579555 2064.673105803616 -4355.741192283365
-6111.892626091515 824.8261824285171 -3156.5023434441055
-6704.400826176228 -488.3101669454272 -1676.7944093074723
-6516.721796253306 -2351.761805219565 -25.103585541756573
-5815.580642193093 -3405.289618127827 1606.8917695599114
-4597.6996268187095 -4156.242504598108 3096.1077392078423
-2971.2928229290096 -4537.895005165027 4310.22094918212
-1080.8736124182888 -4516.335620298808 5141.352112728477
905.585961891501 -4093.4799959566258 5515.6515786067885
2811.5802493887227 -3306.9007100326107 5399.861196687617
4467.753293311054 -2226.488783927458 4804.269450542196
5726.946850710293 -948.2435585852705 3781.7972805268882
6477.276048131633 414.2572682355496 2423.295825992742
6652.070843618722 1739.9495188355622 849.4739028605657
6235.7999525182195 2911.0396190443184 -799.8275043955659
5265.4508702791 3823.471074214058 -2378.0607279009973
3827.2433711651183 4396.1703454134295 -3744.9928197848117
2048.968502942265 4578.250589147008 -4779.165865000415
88.63379148279569 4353.533176713094 -5388.689050086797
-1879.5764213129175 3741.9852363625514 -5519.403565200573
-3680.778020689708 2797.945486329461 -5159.6948520426795
-5154.92634009991 1605.296001254483 -4341.524608332894
-6171.036832170606 270.00892174257234 -3137.5908507057984
-6638.823620553863 -1089.269635380802 -1654.8683769028366
-6279.6959120594665 -2926.5152562098397 -2.110804168586754
-5482.028017267702 -3910.6516651336697 1628.8797132197208
-4197.257875657975 -4547.309511998231 3115.1371198676115
-2539.5429524332626 -4779.918953182634 4324.600922861155
-656.1784932841351 -4587.811619047934 5149.804955659943
1285.490304585138 -3988.057089281157 5517.426218601522
3112.937647610759 -3033.94618583147 5394.799949194208
4663.7868197443295 -1810.2558495170945 4792.822029611341
5800.238066252214 -425.71633679622636 3764.980839744493
6421.312706648114 996.6499406743992 2402.6045799200383
6471.825533591651 2330.4594971898623 826.7463595131683
5947.288260737009 3457.197500326953 -822.5719030530879
4894.308326671234 4276.748333898656 -2398.8010422357365
3406.447619462381 4716.291309802533 -3761.886181850767
1615.9090923151587 4736.771105726939 -4790.711225442748
-318.2100489845145 4336.368001929893 -5393.860552964211
-2224.0548309901324 3550.659571323833 -5517.741699787647
-3932.282581158405 2449.4594559927677 -5151.347282374327
-5291.109767452854 1130.614118720998 -4327.233052606864
-6179.798631256377 -288.69124461749567 -3118.6251763657924
-6519.385267073159 -1682.3451239710776 -1632.9137673434343
-5992.031703470732 -3477.6711682341256 20.88201365508652
-5104.668001466722 -4383.625234228737 1650.8395285109777
-3763.732146065815 -4900.074960939657 3134.1127066687613
-2088.3721726204935 -4981.131523746298 4338.906217011933
-227.4511669675384 -4619.592691332436 5158.168868997273
1653.6798730234877 -3847.582775545081 5519.105580720973
3387.874199241807 -2733.698245311637 5389.645541401709
4821.04103541647 -1376.9126293450738 4781.291843659001
5825.837218804225 102.21771622029837 3748.0993832535605
6312.982199035712 1572.2655691244731 2381.871844382791
6239.191006816802 2902.610726438124 804.0045394661944
5611.020313403467 3975.046182810375 -845.3020970977726
4484.285841587154 4694.281341637079 -2419.4999327874616
2959.10289378154 4996.409002744968 -3778.71458164841
1170.990668054282 4854.5837975792065 -4802.173857314081
-721.1692173375005 4281.407518008437 -5398.938911764535
-2549.250052969878 3327.8093918151862 -5515.984551051542
-4150.818834196289 2078.520797308175 -5142.910756478116
-5383.569146435909 644.5465085220809 -4312.86677189951
-6137.965714610662 -846.6985660920091 -3099.605647933512
-6346.9770930233635 -2262.710757433333 -1610.930959753309
-5656.055374798688 -4000.773597227879 43.87447087693048
-4686.622795108879 -4820.4233480180865 1672.770836219804
-3300.7632131682444 -5211.757330257456 3153.0341719306643
-1621.6163345768373 -5140.0038022831095 4353.136584602914
201.6182716877572 -4611.538379940758 5166.443708307927
2006.938209725688 -3673.317535137828 5520.689635965018
3633.9328805262435 -2408.7063072494016 5384.398062319199
4938.036667640279 -930.0709535283185 4769.679091794602
5803.37422661746 631.2052859628794 3731.1532025721312
6153.05651787137 2136.396165797506 2361.0979774049897
5956.012735268637 3451.758870880864 781.2488354376197
5229.751083605899 4460.417652492171 -868.0176940124561
4038.803097780161 5072.74875145908 -2440.15704211661
2488.9897327211797 5234.343862467616 -3795.477728575906
718.018707158419 4930.844550756211 -4813.553562671541
-1116.7514315085732 4189.218062055219 -5403.924038791943
-2852.2933047031065 3075.3611644599523 -5514.132149335644
-4334.3964006917695 1688.2449314022356 -5134.3854200405
-5431.369355293646 151.12072744859555 -4298.426014295472
-6045.741307505867 -1399.431216321265 -3080.5325938484084
-6122.922613247452 -2825.637555218218 -1588.920333743312
-5274.4846683735905 -4491.594054074869 66.86617045089594
-4231.340947317777 -5217.558153552618 1694.6732576246193
-2812.2240141588586 -5479.919314210396 3171.9011889073186
-1143.2286361001181 -5255.365595570758 4367.291779896489
627.3476232523155 -4563.849580972622 5174.6293306975385
2342.1812932091234 -3466.815502981048 5522.178356979342
3848.9018767709645 -2061.739653680383 5379.0576025629625
5013.6306379540565 -473.4691883547314 4757.983974553369
5732.876314999244 1156.8710921415166 3714.1425903359623
5942.730773143426 2684.418299255828 2340.283337720911
5624.547522849368 3973.4431601055912 758.4796403850836
4806.598542229895 4909.410159011864 -890.718301532023
3561.562187722997 5409.154520698322 -2460.7720135051604
2000.0654031787094 5428.271765537091 -3812.1753331582195
260.8540304195425 4965.063242429615 -4824.850145004273
-1501.5353676814602 4060.687061411115 -5408.81584796059
-3130.5067589845753 2795.5010149545496 -5512.184526628216
-4481.31888674923 1281.9224354651708 -5125.7714202815605
-5433.9461654822135 -345.5605780392515 -4283.911029165507
-5903.7434809321285 -1942.339017717252 -3061.4063434742093
-5848.967279949696 -3366.5321118567135 -1566.8822694047549
-4850.406775690433 -4946.165851374526 89.85671534396555
-3742.568850250242 -5571.868946435671 1716.546414502675
-2302.1872584724374 -5702.487033861872 3190.7134317929513
-657.2462257969703 -5326.414123377277 4381.37155845316
1046.0940183180742 -4477.065943447251 5182.725594812395
2656.484218197606 -3229.9108071616356 5523.571718055908
4030.8341375013124 -1695.763921429578 5373.624254354912
5047.026754663749 -10.940969541126902 4746.206693892857
5614.768896162204 1674.8541355046975 3697.067840293418
5683.614181229198 3211.831100634627 2319.4282847689165
5247.445404163963 4463.422777584546 735.697347499317
4345.018074903905 5318.419753337834 -913.4035276502162
3056.5168218908493 5700.851794506402 -2481.3444909627037
1496.4306359496745 5576.7381359570345 -3828.80710705218
-196.61997897330696 4957.106820915675 -4836.063409236835
-1872.2000459119517 3897.0148109309807 -5413.614254796091
-3381.4269227567593 2490.6559332272377 -5510.1417165618595
-4590.199178366974 862.9913457927385 -5117.068905952466
-5391.11209322198 -841.3538098905939 -4269.322067162171
-5713.00104008847 -2470.940987344769 -3042.227227093216
-5527.264773450976 -3880.974214527452 -1544.8171473027253
-4387.253241295749 -5360.816317601538 112.84570854307887
-3224.3198365643993 -5880.547491014209 1738.3899291365428
-1774.891464659761 -5877.766213492655 3209.4705757276693
-167.7561971371991 -5352.7196137501005 4395.375677135756
1454.2849446869209 -4352.060386302744 5190.732360841862
2947.1064871512745 -2964.70149482994 5524.869695133412
4178.064685068437 -1313.915865163277 5368.0981115210425
5037.7835005823945 453.61695514795235 4734.3474531894735
5449.873144120844 2180.843918329041 3679.9292473004393
5377.717642429791 3714.293328890713 2298.5331786852385
4827.728328483678 4917.711477272653 712.9023501971242
3848.7741664149935 5684.169379877533 -936.0729806263985
2527.839529593087 5945.563888513844 -2501.874119232678
982.2952573257883 5678.668953978332 -3845.372763051388
-650.5302592866434 4907.199362453604 -4847.193161732566
-2225.5533075564335 3699.703572685177 -5418.319176436979
-3602.826177770031 2163.4728846019434 -5508.003754412909
-4659.972131346479 435.00813647747225 -5108.278027332902
-5303.0591111019285 -1332.1089935747927 -4254.659380215476
-5474.946016744376 -2980.8623936839194 -3022.9955759007357
-5160.359942394223 -4364.753088815065 -1522.7253484696428
-3888.7720642683075 -5732.196615924961 135.83275306197092
-2680.8411355522144 -6141.16043262186 1760.2034243207104
-1234.7057072647738 -6004.455194841638 3228.17229680304
321.1387415299044 -5334.227762882123 4409.303894113642
1848.4486038454784 -4190.030785317571 5198.64949052081
3211.5156959263095 -2673.5311848302995 5526.072265797689
4289.225524919588 -919.4766059724958 5362.479269489733
4985.818843067574 916.2775043825937 4722.406457234943
5239.400277103389 2670.6163374556663 3662.727107315445
5027.438003789166 4187.659189139062 2277.598380297794
4368.765801289984 5332.610144627788 690.0950421148183
3321.909585333254 6003.735286992156 -958.7262689922575
1979.8871247595528 6141.402202148927 -2522.36054379845
461.9430045594407 5733.378580545113 -3861.8720150912122
-1097.046778799273 4815.91911154238 -4858.239210296932
-2558.559141551171 3470.5440951661944 -5422.9305316361515
-3792.7322965244016 1816.7960057025753 -5505.7706771008425
-4689.9045428198915 1.617618254345356 -5099.398936228473
-5170.358189178747 -1813.7045016745908 -4239.923221528564
-5191.4028206858775 -3467.871017318633 -3003.7117219992515
-4751.16852947903 -4813.901974572616 -1500.607254398525
-3358.997225044099 -6057.30892454416 158.8174519480496
-2116.578960637423 -6351.668621880495 1781.9865233680332
-686.0933671242988 -6081.654688324106 3246.818272067751
805.3546329289269 -5271.259046808126 4423.155968866908
2225.243339605849 -3992.488906443918 5206.476847132004
3447.4094102392255 -2358.9686059932033 5527.179409282106
4363.258026065847 -515.843592736755 5356.767825290169
4891.412018434051 1373.1163874766744 4710.383912232792
4984.942587356301 3140.0689508407713 3645.4617173942124
4635.539131331719 4628.012607957056 2256.6242511199007
3874.247680759896 5704.737035157545 667.2758171011697
2768.7123218966412 6274.570541958148 -981.3630015586937
1417.164722938984 6286.880920606481 -2542.8034108894535
-60.30418077675299 5740.574339936436 -3878.3045782537174
-1532.4147933899346 4684.192537067494 -4869.201364180828
-2868.3636267188785 3211.5996710397258 -5427.448240762247
-3949.445764207403 1453.6420803670571 -5503.442523187637
-4679.602313688827 -433.47798834940556 -5090.431785968091
-4993.955661502501 -2282.081635514243 -4225.113845573314
-4864.574133178226 -3927.912314613277 -2984.3759983926698
-4302.953845289097 -5224.730747199683 -1478.4632470364547
-2802.2158863677914 -6333.530756978546 181.79940828916236
-1536.1420159604186 -6510.443196560569 1803.738850116285
-133.5751861867215 -6108.874187518793 3265.40817953305
1280.8603850646753 -5164.504898563174 4436.931662190496
2581.4858901398698 -3761.2466853137626 5214.214295508437
3652.735045211898 -2023.7851981150266 5528.191106467912
4399.42266175314 -106.50151482869016 5350.96387755063
4755.202268249257 1820.2452954243588 4698.2800257947765
4688.4612853499875 3585.2553231640595 3628.1333756847566
4205.129942273907 5031.699681806795 2235.6111533440708
3348.1543499179875 6031.055442470636 644.4450692108098
2193.680550438512 6494.52546022008 -1003.9827874224192
844.2886072440247 6380.928390073425 -2563.2023674872944
-580.1220838036058 5700.357830225732 -3894.6701687725895
-1952.9863818814506 4513.285461554182 -4880.079434083918
-3152.31926938957 2925.1878733965095 -5431.872225801043
-4071.5547560871646 1077.1745057120092 -5501.019332877103
-4629.014734982659 -866.5505439074441 -5081.376731401313
-4775.166440578377 -2733.2787749063177 -4210.231508086013
-4497.023652455932 -4357.143191958419 -2964.9887389806167
-3819.300577949538 -5593.856315397043 -1456.2937087780433
-2222.9335361458316 -6558.636224140903 204.77822522057994
-944.2637224166249 -6616.2782932362725 1825.460028934616
418.30806688241944 -6086.035000918535 3283.9416981784516
1743.7113487242245 -5015.020790644498 4450.630736198335
2914.178225080662 -3498.399975065462 5221.861702035708
3825.707577478188 -1670.930969226438 5529.107339884579
4397.306022775612 305.0075859881702 5345.067526496795
4578.184530689776 2253.8448786839504 4686.095006937283
4352.271252020257 4002.4181630733437 3610.7423814221615
3739.639572980937 5395.359029350851 2214.559449835735
2794.7245067442977 6308.898568727421 621.6031926973243
1601.4859036369437 6661.8647841272 -1026.5852359729117
265.9482499863246 6422.895078345211 -2583.5570613318446
-1093.2200727702593 5613.222958441456 -3910.968504038033
-2355.250994543943 4304.791345456951 -4890.873232157859
-3408.0075296036375 2613.8601301629487 -5436.202410356793
-4157.9476398633515 690.6759715677027 -5498.501148014189
-4538.435855468531 -1293.8777780829382 -5072.233928895664
-4515.664128717619 -3163.464809061742 -4195.276466062811
-4091.655827464516 -4751.964109118792 -2945.55027855273
-3304.085950005344 -5918.230544429619 -1434.0990224587536
-1625.8373567761137 -6730.814065037496 227.75350593179857
-345.763473681035 -6668.400288729614 1847.1496847300639
965.0330114086546 -6013.469882975437 3302.4185079572353
2190.0820784570537 -4824.216288440978 4464.25295432747
3220.5327418176394 -3206.309905954072 5229.4189346543
3964.8249379925865 -1303.5088176638608 5529.928093710098
4356.825039079233 715.1147494300118 5339.078873950024
4361.70211583192 2670.1972328076386 4673.829066077764
3979.0228185784767 4388.020974082747 3593.2890349234726
3242.7898822402967 5715.949795297744 2193.4695041270134
2218.4208341160725 6535.991393167999 598.7505820065174
996.9353595011569 6775.281473029486 -1049.1699568989086
-313.1321967842118 6412.558061179286 -2603.867140927359
-1595.3765832272695 5480.050724545778 -3927.1993026016544
-2735.864759055787 4060.616832229867 -4901.58257200954
-3633.2593448974444 2280.379314646889 -5440.438719653548
-4207.822893648956 297.5200876777215 -5495.888012084264
-4408.5029125731335 -1711.7751047270372 -5063.003536333991
-4217.468101318805 -3568.9715670754335 -4180.2489777553965
-3651.692741208387 -5109.049243515434 -2926.060952782752
-2761.4484558519553 -6195.165473975781 -1411.879571348362
-1015.7581199968546 -6848.68229936756 250.72485367328164
254.4927596408899 -6666.473499888041 1868.8074429540382
1502.1308407614479 -5891.919274606386 3320.8382898019304
2616.2980046877415 -4593.842165514094 4477.798081342133
3497.9956094628415 -2887.5820202715927 5236.885862861866
4068.8809536362864 -924.7475405829633 5530.653353771251
4278.228369089184 1120.254816274203 5332.998023325578
4107.436419252543 3065.717616548118 4661.482415031074
3571.6807183774804 4738.777952911556 3575.7736375824247
2718.56551161192 5990.777072374278 2172.341680410441
1623.8938289113846 6710.469358864398 575.8876317695282
384.93205317137944 6833.906994409673 -1071.736560195355
-888.2326247393788 6350.122003394772 -2624.1322555484335
-2082.4739359973805 5302.100805326832 -3943.362284181317
-3091.6782992556864 3782.964682819436 -4912.207268704352
-3826.173478018353 1927.695546976514 -5444.581080536447
-4220.69635237336 -98.85779776790358 -5493.179970212358
-4240.191833599122 -2116.627193350318 -5053.685713111652
-3882.927662634228 -3946.3249741381005 -4165.149302666516
-3180.648328896893 -5425.374462811826 -2906.5210982227954
-2195.7544330918054 -6422.355621601018 -1389.6357391442677
-397.6309183147172 -6911.299382922892 273.6918717635047
851.6321546083196 -6610.602299348207 1890.4329296087021
2025.2239732682292 -5722.524191326078 3339.2007256298666
3018.865754354241 -4325.974696020849 4491.265883337802
3744.2680650917405 -2545.0433647468585 5244.262357715497
4136.975726796057 -537.9737617763166 5531.283107543858
4162.094940355601 1516.89717078703 5326.825079630847
3817.393753411745 3436.9851329323765 4649.0552670058
3133.5003791206977 5051.681883055844 3558.1964918642934
2171.1817450048648 6217.514528928996 2151.1763435325424
1015.9440847711858 6830.89372379372 553.0147367960144
-229.56466579159652 6837.318034416007 -1094.2846561700405
-1454.6755883708377 6236.2166326044535 -2644.352055246251
-2550.532201184662 5081.000015800072 -3959.4571696659827
-3419.762835097038 3474.3142499905107 -4922.747138769318
-3985.1325337290064 1558.9204162923745 -5448.629421472982
-4196.405718273085 -494.99033760292997 -5490.377069162396
-4034.809839125425 -2504.9190277728903 -5044.280620133812
-3514.703399300135 -4292.274669669124 -4149.977701545448
-2682.3001384252134 -5698.242870828121 -2886.931052297601
-1611.5627391709397 -6597.897186587082 -1367.3679099648673
223.5449464573995 -6918.171775288197 296.6541635957055
1440.8147638290536 -6501.329634363569 1912.025771253581
2530.061866523026 -5506.815824810575 3357.505498348651
3394.5018693828097 -4022.9972629599506 4504.656127745259
3957.3254846218397 -2181.717739662631 5251.548291833891
4168.52336411537 -146.5830208856775 5531.817344152992
4009.3296494437723 1901.5762425659548 5320.56014946353
3493.8894007657304 3780.7721119357043 4636.547836600598
2668.0017461485622 5324.029787514834 3540.557901300659
1605.0504280532862 6394.224052353376 2129.973858987734
399.4833357776751 6896.263449550261 530.1322920674095
-841.5796039855273 6785.539575500922 -1116.813855450351
-2007.8645027233658 6071.890732318353 -2664.526190854483
-2995.7418290259693 4818.727751515721 -3975.4836811205687
-3717.4343472231394 3137.3996633524866 -4933.2020001963165
-4108.816509977605 1177.2998468487456 -5452.583672554226
-4135.112294576302 -887.4082275428127 -5487.479357336371
-3793.9852051604726 -2873.2661865903447 -5034.788419812652
-3115.7458806363124 -4603.821835838296 -4134.734436383541
-2160.6588613920267 -5925.3077114326825 -2867.2911532985386
-1013.5878204178271 -6720.303994081676 -1345.0764683429936
842.7465901794551 -6869.257858680625 319.6113326447124
2017.2729215196316 -6339.631965274141 1933.5855950119033
3012.555701126386 -5246.701950736402 3375.7522918616683
3740.1596863051022 -3687.5794431034974 4517.96858333457
4135.434069935188 -1800.7993192749725 5258.743539399658
4163.256988398028 245.989726748783 5532.256054373171
3821.1562532893367 2270.921506042762 5314.20334100981
3139.529016207878 4094.071943749944 4623.960339800495
2178.9408484401783 5553.446122716174 3522.8581704841677
1024.7442241641425 6519.37224278217 2108.7345929118637
-220.50542144480394 6906.023529283096 507.2406927300422
-1446.1621926862986 6679.044318622146 -1139.3237689899886
-2543.3211067293705 5858.602709748381 -2684.6543139952614
-3414.494779258678 4517.5985400589625 -3991.4415417906243
-3982.2756063873203 2775.1859149306565 -4943.571672445193
-4196.213769959798 786.1858425579525 -5456.443765496057
-4037.2999252905274 -1272.6702920457485 -5484.486884773529
-3519.6542648602895 -3218.4440861796247 -5025.209276064604
-2689.271877248889 -4878.244999347177 -4119.41977040967
-1619.9358816686758 -6104.59243649717 -2847.6017403779338
-406.6614740306661 -6788.520046101739 -1322.7617992191977
1454.9683573441587 -6764.968176601089 342.5629824737825
2576.3500056435296 -6126.910669529418 1955.1120285770694
3468.8116498156855 -4944.450261965456 3393.9407910734494
4053.05415627253 -3322.653750263284 4531.203020219119
4277.16501440936 -1405.6248716243583 5265.8479761614035
4121.230990986408 636.2999453414908 5532.59923062851
3599.1075082899997 2621.686719807443 5307.754764042457
2757.187529058863 4374.125124135853 4611.292993973095
1670.2793381526953 5737.903315652817 3505.0976050632553
434.9594981514756 6591.8436172001075 2087.458912076016
-839.0084020488001 6860.069685529901 484.34033408829396
-2038.4267237992935 6518.748457380414 -1161.8140080756932
-3056.7218856518953 5598.207821736265 -2704.7360770853734
-3803.4138937612897 4180.241853800452 -4007.3304761072686
-4212.15588640303 2390.8430524652504 -4953.855976446885
-4246.629343796214 389.00735387661064 -5460.209633640308
-3903.7711479671825 -1647.3933552346357 -5481.39970314949
-3214.045754223745 -3537.4159352666425 -5015.543354307439
-2238.738290610065 -5113.12358575603 -4104.033968085702
-1064.5091053345016 -6234.507767077741 -2827.863153543118
204.30638547129263 -6801.928573607892 -1300.424287935185
2055.2624830346726 -6606.161991056204 365.50871674153353
3113.5382396847226 -5864.979986099897 1976.6047002190821
3895.1624602012653 -4602.668771337877 3412.0706818953017
4330.684402490015 -2931.3902377632794 4544.35920985956
4381.406030722057 -999.6448173692219 5272.861479435887
4042.8205056407687 1020.9234319171128 5532.846866992856
3345.012637007743 2950.778154028891 5301.2145299189615
2349.9857162303856 4618.443287878603 4598.546017864974
1146.152251823533 5875.739467895724 3487.2765117368986
-159.5218699641756 6610.95041093239 2066.1471838800726
-1451.021773555371 6758.749398279679 461.4316115979287
-2613.592024861991 6306.003841306617 -1184.2841843339534
-3543.9331551999544 5292.9421695913925 -2724.7711333422517
-4159.380272403887 3809.5793584138796 -4023.1502096918807
-4405.248199265067 1987.7187031776145 -4964.054734606514
-4259.690491508242 -10.759481795812908 -5463.881211955959
-3735.6405902370825 -2008.2816395944983 -5478.21786577536
-2879.6626289346314 -3827.3591605164147 -5005.790821457479
-1767.8140058600666 -5306.359023937371 -4088.5772951019267
-498.8873504408298 -6313.8656015084935 -2808.075733650621
814.3676353961387 -6760.357512442765 -1278.0643202270867
2638.779274176635 -6394.140187201144 388.4481392087188
3624.5152258623607 -5556.051603390999 1998.0632387909507
4288.197093807128 -4224.2834522887015 3430.1416512505025
4570.8538315241385 -2517.169178487998 4557.436925067722
4447.370147448581 -586.393376763574 5279.783928110181
3928.7181088097927 1396.486049831186 5532.998959189895
3060.982225307803 3255.281562520379 5294.582751579593
1921.2646381879683 4824.831022811799 4585.719631597735
610.8342566341576 5965.673073304177 3469.3951982492936
-753.8714292235993 6576.438891308419 2044.7997763463322
-2051.5923302845636 6602.859253593186 438.51492085898036
-3167.0202495350936 6042.586595025621 -1206.7339097377276
-4001.0445213749817 4945.403600035517 -2744.7591367897016
-4479.55842919601 3408.799792636052 -4038.9004693608063
-4560.043912364606 1569.3091643893488 -4974.167770806455
-4235.349482496506 -409.6214699131616 -5467.458437040223
-3534.325664583521 -2352.1554390196993 -5474.941427596816
-2519.2615012395704 -4085.690075105212 -4995.951845926707
-1280.349897913499 -5456.193218262029 -4073.0500183724603
72.32641256518295 -6341.889649866723 -2788.239822400209
1418.5762038882149 -6664.081355156426 -1255.682282218775
3200.806482376902 -6130.63458410347 411.38085374507756
4105.178912362678 -5202.716021173384 2019.4872737351266
4644.788180704084 -3812.513308018869 3448.153387079847
4771.687635872742 -2083.552056507772 4570.435940010646
4474.601704387816 -169.4580612583668 5286.615202643726
3779.9277750018796 1759.693026388304 5533.055504593215
2749.39067486722 3532.4876663546893 5287.8595435454545
1474.5581477683493 4991.405275098692 4572.814056664286
68.7046582484174 6006.814620728909 3451.4539733845427
-1343.2535416623095 6488.492126835583 2023.4170581133005
-2635.857769625276 6393.638633194216 415.59065760917576
-3694.2544674857354 5730.68228897254 -1229.1627966130827
-4424.400443941386 4558.529674690639 -2764.6997422641925
-4761.4190247912875 2981.3316940345144 -4054.580983130123
-4675.364630145262 1139.2293090047845 -4984.194910409373
-4173.883570611087 -804.0985995555301 -5470.941247119662
-3301.534639041775 -2675.9788188167163 -5471.570445193149
-2135.8298662474604 -4310.086576686445 -4986.026597619816
-780.3472369020914 -5561.2242277141595 -4057.4524060306467
644.4726689394893 -6318.222701078935 -2768.355762329038
2012.0283499240709 -6513.819360389208 -1233.2785604153303
3736.8075473194376 -5817.793739691347 434.3064643362145
4551.680710365604 -4807.920843341748 2040.8764350898875
4962.117067573978 -3370.8430808481376 3466.1055783470915
4931.647547436321 -1634.2511179199932 4583.356030214337
4462.979500530152 247.55122862827733 5293.355185070413
3597.756139538932 2107.357562152247 5533.01650222636
2412.8563570569177 3779.9159282926407 5281.045021916511
1013.5636986046538 5116.612176316424 4559.829515925012
-475.7885424196295 5998.6749785917655 3433.453146961356
-1922.8648834863268 6347.729184267692 2001.9993984292025
-3199.0862413016876 6132.759795370734 392.65921771698845
-4191.054747618675 5372.867785482007 -1251.5704576459943
-4810.629647468918 4135.572894411277 -2784.5926054206493
-5002.7589920410555 2530.814203009396 -4070.191480220291
-4750.371245924119 701.1815633749417 -4994.135980261247
-4075.892167945974 -1190.7541352500048 -5474.329582051235
-3039.252184087666 -2976.886103419523 -5468.104976776291
-1732.561306134628 -4498.508677450743 -4976.015247931321
-271.9247529114889 -5620.419014110272 -4041.7847274244223
1212.873507929976 -6242.930456563524 -2748.423896805722
2589.9026349841406 -6310.730131302041 -1210.8535416962204
4242.458398994009 -5458.165366585935 457.2245750903798
4960.456492164609 -4374.946183294428 2062.230353495714
5237.696257401604 -2902.9938324820905 3483.9979150441136
5049.54372491703 -1173.0977400751938 4596.1969725677645
4412.717072915929 661.0332345920683 5300.003759000609
3383.80114409633 2436.428505469254 5532.881952762844
2054.2196340570454 3995.336411545101 5274.139304369577
542.1116947374034 5199.241144210121 4546.766233603958
-1018.1652476776404 5941.170484718117 3415.3930298276614
-2487.973739691948 6155.200755261674 1980.5471671457178
-3736.7148466416857 5822.314427046621 369.7209971748074
-4653.432441164298 4972.089911182466 -1273.9565058889486
-5156.672142037566 3680.07338705253 -2804.4373827384675
-5201.7188934078185 2061.066192746953 -4085.731691060889
-4784.570093731424 258.9242223758167 -5003.990808694348
-3942.291244486965 -1566.2243014236776 -5477.623383323363
-2749.7225177096607 -3252.2069227795464 -5464.5450821898075
-1312.8288782753486 -4649.21668697143 -4965.917969742579
240.71536824835624 -5633.123145774521 -4026.0472531116657
1772.8709979412213 -6116.501892521803 -2728.4445700244055
3147.4992593508 -6056.402604292065 -1188.4076133086678
4713.682518889712 -5054.675503191984 480.13479024536645
5328.255219389319 -3907.3773871846283 2083.5486602016945
5469.389060983285 -2412.8916430826494 3501.8300881964346
5124.5436824903345 -704.0098876922848 4608.95854532664
4324.360109118573 1067.4262357160878 5306.560809623173
3139.9381629098575 2744.016853758206 5532.651858526139
1676.5189315349419 4176.789532424278 5267.142510156287
64.13363581096925 5238.436131595514 4533.624435284848
-1553.9502149005918 5834.624691976145 3397.273933855237
-3033.9587696200674 5912.381243645981 1959.0607347114703
-4244.3867733500365 5464.796775760136 346.7763920921575
-5077.682386083281 4531.641132482361 -1296.3205547676619
-5459.803635770905 3195.829287803946 -2824.233731527349
-5356.797372466666 1576.0539862383644 -4101.201347295198
-4777.816154700691 -183.7606284035262 -5013.759225530222
-3774.3050044887245 -1927.2473047915057 -5480.822594056919
-2435.430291363222 -3499.489600563288 -5460.890822907872
-880.1569091403037 -4760.7868880678525 -4955.734937418804
753.3222769647174 -5599.067368198451 -4010.2402548555033
2319.865472861036 -5939.846141562171 -2708.418126998819
3680.27844093175 -5752.843518662638 -1165.9411628610603
5146.683974593517 -4610.604610906645 503.03671417524697
5652.164970092844 -3409.0753020396837 2104.8309870718736
5655.42630388199 -1904.6346921059144 3519.6017898685436
5156.178192141677 -230.95893142691585 4621.640528117292
4198.781020514267 1463.2385438559738 5313.026223707445
2868.303729167164 3027.4208532006573 5532.3262234896365
1282.965064139973 4322.603534120879 5260.054760101036
-416.37067703552805 5233.703921601312 4520.404347907341
-2078.710056343778 5679.766747916097 3379.0961719343527
-3556.346924877072 5621.157373432712 1937.54047216568
-4717.986762363605 5063.083498277005 323.82579868878594
-5460.412771470257 4055.132435323414 -1318.662218087733
-5717.657143205011 2686.8650598357362 -2843.9813099333423
-5466.862586240909 1079.8579326685929 -4116.600181784921
-4730.313297557989 -623.0993106946681 -5023.441062082589
-3573.4549137490485 -2270.69144587642 -5483.927159006216
-2099.0793790049265 -3716.522681326755 -5457.142262034191
-438.19142977807473 -4832.12456685007 -4945.466326806062
1261.6317509559865 -5518.370979179369 -3994.364005619697
2849.3534140378465 -5714.285913036409 -2688.34491355631
4183.897522100951 -5402.46146678947 -1143.4545783160982
5537.978158877952 -4129.560793386327 525.9299513973373
5929.636155095481 -2884.144335599837 2126.0769665916164
5794.419957153103 -1382.4589967363227 3537.3127131691635
5144.3441176245315 242.06389080853856 4634.242701940424
4037.170727662688 1845.078339375205 5319.399889605172
2571.277001716106 3284.149480495441 5531.905053276577
876.9140303037854 4431.409528021049 5252.876176598893
-895.3666009748896 5184.919392061596 4507.106199762975
-2588.089980505338 5477.726414473485 3360.8600579683302
-4050.8502076220525 5283.813406352972 1915.986751131784
-5153.674616928223 4620.410389444788 300.86961328780535
-5798.572419991781 3546.463633097414 -1340.981110041342
-5928.241616923135 2157.398019549998 -2863.679776944672
-5531.160530531039 576.6381243803418 -4131.927928614715
-4642.611557903065 -1055.3585986752687 -5033.036151160313
-3341.5461745901534 -2593.582078873652 -5486.937024559959
-1743.5697495310699 -3901.3544096166106 -5453.299464300924
9.330499303671557 -4862.474280253311 -4935.112315228231
1761.4016923290862 -5391.541972472601 -3978.4187795638163
3356.964615207029 -5441.547500045454 -2668.22527633192
4654.2465002272775 -5008.04765240138 -1120.9482479841477
5884.419983202711 -3615.450357281115 548.814106578938
6158.501737302948 -2336.8985725317 2147.2862318739526
5885.373585904081 -850.7030943023503 3554.9625522565652
5089.304163861069 711.081087104764 4646.764849174945
3841.027732815529 2209.6825933946902 5325.681697252481
2251.4591316367764 3511.94410422914 5531.388355159951
461.83850624643947 4502.153969489983 5245.606883613488
-1368.8184971688227 5092.327697184381 4493.73022049131
-3077.849970149593 5230.025761671921 3342.5659068682185
-4513.40096636044 4903.0130856448895 1894.3999438110159
-5547.916479976275 4140.346180439763 277.90823230894773
-6089.475267715727 3009.791347492662 -1363.2768452138914
-6089.957454696597 1611.80334506902 -2883.32879239764
-5549.3201964895825 70.59954215355702 -4147.184323096828
-4515.601486033889 -1476.8773399032652 -5042.544327070249
-3080.6517671533556 -2893.127189140225 -5489.852138742176
-1371.9726195436542 -4052.309991342514 -5449.362496067564
458.61231611516797 -4851.427267544534 -4924.673081483929
2248.447534900178 -5219.473940887334 -3962.404852038585
3838.4983230598204 -5123.747449298171 -2648.0595627623234
5087.481690243165 -4572.753511643527 -1098.4225605166287
6183.229296439267 -3072.4459555118456 571.6887845442002
6336.994292547154 -1771.8262272793818 2168.4584166659183
5927.689536320816 -313.7719632217901 3572.5510023438737
4991.683551555318 1172.1623167336052 4659.206753581703
3612.1445775916577 2553.944830897639 5331.871538171749
1911.65070627361 3708.7981390341165 5530.776138062383
41.29828056218428 4534.10845672487 5238.247006674866
-1832.7236786116944 4956.543340428383 4480.276641075931
-3543.900096165548 4938.567596902652 3324.214034547194
-4940.185438025669 4481.778449845191 1872.7804229759338
-5897.513624070501 3626.763619558208 254.9420522617438
-6330.821843804411 2449.494925883486 -1385.5490385906671
-6201.608760362238 1054.5778586125632 -2902.9280169825165
-5521.355523250108 -434.0430793347543 -4162.369101775658
-4350.505617827558 -1884.0973849165364 -5051.965425620121
-2793.094196381576 -3166.7413696232934 -5492.672451213117
-987.5040982951625 -4168.006486623378 -5445.331425319791
905.8300725151961 -4798.92593629181 -4914.148805843434
2718.6772662127314 -5003.4397567811075 -3946.322499581077
4289.958054088629 -4763.37599764669 -2627.8481210798777
5480.057242687921 -4100.065377390093 -1075.8779048991826
6432.013322382046 -2504.9525738511597 594.5535902808792
6463.759776624569 -1193.552727102155 2189.5931553548617
5921.172808971428 223.8995172697614 3590.0777597042847
4852.463652602289 1621.4573069654118 4671.568200307226
3352.5918060134522 2874.9414992889815 5337.969305473482
1554.827464853513 3872.974522927763 5530.068412555963
-381.0901198066152 4526.876763935669 5230.796672877341
-2283.1461749355026 4778.546138596423 4466.745693840446
-3982.334672999378 4605.62071853855 3305.804757915226
-5327.675259179398 4023.465686204909 1851.12856196401
-6199.628518463558 3083.8080709636138 231.97146973838622
-6520.71757726059 1870.1405755483972 -1407.7973055635032
-6262.412263620265 490.30288301896513 -2922.4771122493626
-5447.664138213711 -933.1003723254762 -4177.482002432312
-4148.867147446575 -2273.59356474525 -5061.299284121329
-2481.425103625173 -3412.0679914364173 -5495.397913270105
-593.4975497920311 -4247.365203474668 -5441.206321668293
1347.164865861269 -4705.265377929023 -4903.539670045609
3168.1257712471365 -4745.082074837373 -3930.171999909972
4707.584798766771 -4363.277405946712 -2607.5913003065693
5828.754258020324 -3593.7763916101917 -1053.314670445029
6628.785934048192 -1917.5716391139701 617.4081289472676
6537.867890414992 -606.8027297047415 2210.6900829747838
5866.031593757746 757.8832651486855 3607.5425216763674
4672.972647339479 2055.228005977719 4683.848975887402
3064.6995742024114 3169.9567192560785 5343.974893858162
1184.1144946849065 4003.0208669026006 5529.2651908620755
-801.6843540862336 4480.399043557101 5223.256010877268
-2716.250029862992 4559.674103284199 4453.137612444544
-4389.464970419457 4233.802109134276 3287.338394873614
-5672.656685504437 3531.7382178532384 1829.4447346712122
-6451.807960038501 2515.8638871380576 208.99688140730285
-6657.687784030264 1276.4440093638354 -1430.021261937363
-6272.002831629328 -76.39352022462651 -2941.9757406139406
-5329.0229034070435 -1422.4431502937005 -4192.5227640890935
-3912.535904185231 -2642.1024641702206 -5070.545741391815
-2148.402919995501 -3626.999379429551 -5498.028477848402
-193.37490825331236 -4289.621483001923 -5436.987256347579
1778.835312699025 -4571.091893115768 -4892.845857294692
3592.9882098278517 -4446.4007286199085 -3913.9536319207937
5087.888336944414 -3926.6273466779703 -2587.2894502481345
6130.707257493275 -3057.9558932634 -1030.7332467881736
6771.983608689107 -1315.0635425231897 640.2520058789165
6558.818963026995 -16.36138820823596 2231.7488352126356
5762.87446959699 1283.794547249778 3624.9449866692466
4454.873289585243 2469.879703345062 4696.048868251227
2751.037067904417 3436.5052089095907 5349.888199618071
802.7591300129742 4097.782145807787 5528.366486851184
-1216.8474794305619 4394.9531562302145 5215.625150890842
-3128.331850279499 4301.613291787331 4439.452631879855
-4761.850207772853 3826.0562090501453 3268.815264309384
-5972.257277270175 3010.5372417677263 1807.7293155454906
-6652.003078862656 1927.518829029174 186.0186840059586
-6740.689215063499 673.231909554315 -1452.2205239370626
-6230.435533478553 -640.8746195140204 -2961.4235653634773
-5166.580312928051 -1898.03662620658 -4207.491127014076
-3643.651758409627 -2986.549749264154 -5079.704637758795
-1796.9687552541106 -3809.69482084191 -5500.564099522009
209.3828076731772 -4294.331789017494 -5432.6743022147275
2197.1297892774155 -4397.398532374226 -4882.067552257173
3989.652147159107 -4109.737118463892 -3897.6676756809825
5427.676403465586 -3456.9075262937754 -2566.942921487716
6383.4277923586105 -2496.916530023634 -1008.1340238767663
6860.477934627874 -702.3088846671144 663.0848265955501
6526.547301603315 572.9648180293841 2252.769048414553
5612.704299550203 1797.3280822292975 3642.2848541678027
4200.147889534966 2861.9908588787334 4708.167666724402
2414.3899074890946 3672.353188076803 5355.709120639069
414.1027867872445 4156.4108206577175 5527.372316042592
-1622.9791837808177 4271.1531117147415 5207.904224691847
-3515.8523315431107 4006.384705149204 4425.690988465976
-5096.326570583968 3385.63143580147 3250.2356860899004
-6223.969828967677 2464.0499557839144 1785.9826795803233
-6798.586054605856 1323.5268238898766 163.03727433420553
-6769.118074188832 65.40252549139704 -1474.3947082138386
-6138.18424709473 -1198.5330743112663 -2980.820250662497
-4961.8458126684 -2355.9737507855707 -4222.386832725538
-3344.6256030847603 -3304.075820482088 -5088.775815061525
-1430.2207310193294 -3958.5962538308563 -5503.004734504451
611.2655294174501 -4261.378038013221 -5428.267533748143
2598.438165070892 -4185.517682768614 -4871.204941058611
4354.728166699756 -3737.755713568191 -3881.3144124252135
5724.081460307518 -2957.8777463464635 -2546.552065380103
6584.824996449214 -1915.1793609291708 -985.5173919663097
6893.584569273827 -84.26875880245917 685.9061968077372
6441.420985493177 1156.3873650995079 2273.7503595922494
5416.9088794410445 2294.293396890039 3659.561824737914
3911.0806477375168 3228.341392026135 4720.205162033044
2057.7357369877727 3875.5370871378664 5361.437556402376
21.551975782136292 4178.374304543017 5526.282695604171
-2016.5467730510309 4109.9446284959095 5200.0933656093775
-3875.4664916288716 3676.3283360120095 4411.852919846325
-5390.03400522092 2916.054137572264 3231.599981057274
-6425.6733436744435 1896.675732116424 1764.2052023083625
-6890.363406939483 708.7693644376915 140.05304924735225
-6742.814443636183 -542.1142716544806 -1496.5434318520026
-5996.136826662008 -1744.8286756808302 -3000.165461558596
-4716.676139025864 -2792.507394818418 -4237.209623996442
-3018.118077644928 -3592.059577209551 -5097.759116654061
-1051.3869802722745 -4072.4415026717784 -5505.350340649534
1008.7644642333873 -4190.969129006458 -5423.767027046271
2979.282759201971 -3937.110756463816 -4860.258211280382
4685.0787066484145 -3333.4228154833863 -3864.8941245503734
5974.584850879882 -2433.545628862175 -2526.117234045557
6733.222912076902 -1317.4372336774709 -962.883741612908
