6125.477641735442 1948.0223736977234 2585.113003416263
4899.2432451002105 2948.063997512415 3912.213061704415
3237.6895861629823 3686.1571977823633 4891.695820995886
1288.4529991284287 4096.7191545949345 5436.5299397383515
-775.2682911615358 4143.269636365851 5498.304515516381
-2770.103591572928 3821.6724285063456 5071.5306061788415
-4518.803031473698 3160.5028542408318 4194.12894643682
-5865.9869915875515 2218.5087317376842 2944.060524172157
-6691.952265038926 1079.3903726544465 1432.3994045380075
-6923.3082125927895 -155.63655786578346 -206.53668817061322
-6539.497843020118 -1376.8344972198458 -1827.121089763937
-5574.624391981519 -2475.694649357248 -3285.3577643428926
-4114.42109987913 -3354.578467492257 -4451.67598400493
-2288.633437212894 -3935.393267465435 -5222.44325662983
-259.4906501479158 -4166.531105435408 -5529.17352758842
1792.7090199387326 -4027.4543701668526 -5344.612466242411
3685.618626429801 -3530.5206399165913 -4685.159132825288
5251.044843891701 -2719.884657375083 -3609.408849974406
6349.892683143057 -1667.574987008579 -2212.946751173457
6884.524691452083 -467.09396101407447 -619.8546221738931
6807.436468686607 774.8904132246145 1028.314310193024
5917.600741623051 2488.5470935323465 2605.419654158152
4602.272729504071 3374.2453984313324 3928.4386800213233
2878.012588627419 3960.1271920476634 4902.398689495415
898.0283993010555 4194.13430591861 5440.7590615855215
-1161.7495542359597 4055.474181053452 5495.6841146758925
-3118.3009616251748 3556.4673780463813 5062.293516764804
-4797.777644135594 2741.4528411998785 4179.095924379984
-6050.950728264183 1682.8481887451155 2924.5673194535952
-6766.47028602659 474.715089662728 1410.1780739414849
-6880.759264709779 -775.5985283890657 -229.51168190489312
-6383.662587008828 -1956.9968135353959 -1848.8083176185746
-5319.349474210278 -2964.507343660068 -3303.830220950212
-3782.3888170474847 -3708.608386774326 -4465.292310530278
-1909.3463147500838 -4123.183299763846 -5229.993582707187
133.34998664111055 -4171.395282277467 -5529.986973611752
2164.197556522534 -3848.9604880940506 -5338.616753962797
4002.7466760823163 -3184.528663658601 -4672.887007590521
5485.634187707779 -2237.1374923832004 -3591.9507439669296
6481.099028446253 -1090.966837393388 -2191.8538937256876
6900.689778672661 152.1410087279522 -597.0012062345154
6707.123958885701 1381.7304585639656 1050.8976583271974
5662.137236568503 3007.5033340758596 2625.681313115996
4268.388772253917 3770.9538322936455 3944.5964599520357
2495.3752340089454 4199.338533953815 4913.016900744896
500.6366554484942 4254.59357837856 5444.894229486999
-1538.5856869563713 3931.8093123879817 5492.968811414435
-3441.0979391030914 3259.6665345307547 5052.969008951101
-5037.853538350907 2297.888080269503 4163.990735453208
-6186.973742460136 1131.932185960561 2905.023611737934
-6786.354178464718 -134.60085047354937 1387.932391633615
-6782.737264287932 -1389.1740106569969 -252.48271230834848
-6176.444378626948 -2520.312963703822 -1870.4636192595622
-5021.34730504524 -3427.511049714306 -3322.2456252451893
-3420.081487590554 -4030.159737573177 -4478.831527992993
-1514.9264211830264 -4274.711046683963 -5237.453594450192
524.8365058916228 -4139.435520036436 -5530.704924853948
2517.9654062107975 -3636.3529818200955 -5332.528851585649
4287.362030278986 -2810.164523296801 -4660.534188436523
5675.807723178464 -1734.280614674721 -3574.4306102274163
6559.932992001606 -504.2982626736714 -2170.723186169238
6861.1794266936395 770.4932030424205 -574.1374809581093
6552.7799595339675 1976.8229664144517 1073.4628589969666
5361.279516025755 3500.7119888306315 2645.8976304006355
3900.481910472016 4135.007019772918 3960.6861224753493
2093.109370189904 4401.888530828962 4923.5502713833675
99.75487690723386 4277.642928551208 5448.935372034489
-1902.4632749556993 3773.309979944882 5490.1586526213205
-3735.63921601628 2933.7018807223308 5043.557243758328
-5236.887219151087 1833.4214950589728 4148.813640501014
-6272.814811163306 570.233563721909 2885.429738516401
-6751.375279409276 -743.6221221806164 1365.6627417647721
-6630.046426157322 -1991.4037191954765 -275.44938270490553
-5919.608852461773 -3062.240356628536 -1892.086620731545
-4683.188054449436 -3860.9834999546783 -3340.6036592207975
-3030.6454459669685 -4316.661315662846 -4492.293402590612
-1108.8166898419022 -4388.784830118196 -5244.823163035338
911.535295137558 -4070.9455525525423 -5531.327368917041
2850.8933689372793 -3391.3848975922906 -5326.348864240113
4536.937055967439 -2410.484811633472 -4648.100888678452
5819.853975554545 -1215.4025719226663 -3556.8487513029395
6585.651329405136 87.67352000981437 -2149.5549934005003
6766.284661983237 1382.9594349405045 -551.2638411677268
6345.703908992974 2555.3633350592145 1096.0095225343196
5017.586014342929 3964.213337655898 2666.068256905829
3501.71561163359 4463.5034289040295 3976.7073897463374
1674.7024098047423 4566.191652731874 4933.998619514958
-301.1154504457397 4263.153709812472 5452.882419443369
-2250.1778815007333 3581.315851234319 5487.2536868238785
-3999.302133041393 2581.2623629282443 5034.058383713903
-5393.070839412986 1351.8523859926916 4133.564901609596
-6307.64153460116 2.3243920552294717 2865.786038146508
-6661.75059881109 -1347.410134316794 1343.3695088991908
-6423.9338877056725 -2577.421357242767 -298.4112964937815
-5615.322459708068 -3578.4173817504106 -1913.6769486368985
-4307.764988728685 -4261.455318263495 -3358.9040058606442
-2617.443694185445 -4565.844248660236 -4505.677701856254
-694.5510409513892 -4464.537880686051 -5252.102161201001
1290.0555202582295 -3966.537729711125 -5531.854295052333
3160.034987177517 -3116.093294587242 -5320.076898645544
4749.231477900945 -1988.7702954890967 -4635.58732302117
5916.437910153814 -684.7363280620561 -3539.2054708064675
6557.942870229398 680.1394670291863 -2128.3496809632124
6616.745827226832 1984.581885731981 -528.3806818576603
6087.621880364365 3112.6854946933468 1118.5372595913939
4633.959527354518 4394.29901693707 2686.1928443143756
3075.499225976687 4753.845548884432 3992.659985101164
1243.767321764763 4690.992041905841 4944.361764711977
-698.4787671689786 4211.3233059244 5456.7353035539145
-2578.6619524161297 3357.4600131236625 5484.253964186619
-4229.7197069195445 2205.2716641862876 5024.472592849227
-5504.948303643946 857.1352502106644 4118.244782102382
-6291.038085521846 -567.1613922222427 2846.0928498462085
-6518.14152573523 -1941.0632560094648 1321.0530780084116
-6166.079486994097 -3142.493131284414 -321.368057156333
-5266.134226439399 -4064.698701240806 -1935.2342301422796
-3898.269829816132 -4625.737953955503 -3377.1463491445575
-2184.0270515383577 -4775.760089744589 -4518.984194662666
-275.7238852865369 -4501.434983481917 -5259.2904632495065
1657.0785581673267 -3827.1376247148255 -5532.285694160581
3442.6422997585614 -2812.7822928749797 -5313.713063109601
4922.312165229348 -1548.4989106214152 -4622.993707555637
5964.612993608361 -146.62460468359774 -3521.501073411628
6476.93178223228 1268.2779408318434 -2107.1076150420677
6413.74675845789 2570.4884255583165 -505.488398186537
5780.672188930483 3644.299733271231 1141.0456811470995
4213.622745385184 4787.541868042855 2706.2710451041144
2625.4589671360213 5003.760576005189 4008.543633061867
804.011638019902 4775.37319814785 4954.639528018088
-1088.875653481224 4122.672955254967 5460.493957832449
-2885.0115647184334 3103.6551282354158 5481.159536510359
-4424.801537765717 1808.8639229059393 5014.800036696883
-5571.428476260779 353.347219957711 4102.853546535413
-6223.009544828922 -1133.5659341225014 2826.3505136880417
-6321.648906111439 -2519.75678038378 1298.7138344645327
-5858.582019986667 -3682.056178937442 -344.31926826291857
-4874.9544114223445 -4517.1887275551235 -1956.7580929850017
-3458.165710018079 -4950.949234373307 -3395.3303740539122
-1734.1038093684701 -4944.796174834569 -4532.212651226192
144.04082473280172 -4499.276275281171 -5266.38794504942
2009.3867994437535 -3653.975933920343 -5532.621558792154
3696.1899389754335 -2484.0037956214055 -5307.257467526406
5054.570381966741 -1093.3170192104228 -4610.320259755171
5963.830064903562 394.51577230014374 -3503.735864847458
6343.177274736531 1847.2941061378956 -2085.8291624564536
6158.905347134172 3135.932251928643 -482.5873854706656
5427.387651528025 4145.9290553234705 1163.534398513986
3760.0912085525642 5140.823422533339 2726.302512553931
2155.407167130195 5211.318345904413 4024.3580593410725
359.2057400597414 4818.76476474801 4964.831731951321
-1468.9126933634836 3998.042787442869 5464.158317372517
-3166.5117877641514 2822.0771633516556 5477.970457231337
-4582.7524138138915 1395.3575988149846 5005.040882287754
-5591.795376818531 -155.3456118023402 4087.391460692775
-6103.982781403023 -1692.2456830880424 2806.5593705932615
-6073.804528972627 -3078.7822991335343 1276.3521640335748
-5503.942089690868 -4191.755596887399 -367.26453347967055
-4445.030242088027 -4932.2730146413915 -1978.2481654794292
-2991.157950781745 -5234.536330120872 -3413.455766577241
-1271.508149068055 -5071.6881212847875 -4545.362843110754
561.1207316119342 -4458.198166135822 -5273.394484037586
2343.8915728504276 -3448.577739445289 -5532.8618831471595
3918.3973618424475 -2132.536046770873 -5300.710223374653
5144.736349631145 -627.0091678605851 -4597.567198471637
5913.942935451509 934.2302271985117 -3485.9101518930984
6157.669738545914 2412.4591667692184 -2064.5146906541063
5854.260562881954 3676.3305224697897 -459.6780391770195
5030.674645206597 4613.543777938168 1186.0030233448178
3277.14391113637 5451.358802420941 2746.286900749645
1669.3100656532079 5374.946369622604 4040.1029908467954
-86.84930480984268 4820.94636431966 4974.938200507286
-1835.2917334086212 3838.5841181722635 5467.728318895993
-3420.660437448922 2515.146827776328 5474.686781420283
-4702.088450300821 968.2277041923999 4995.195298148162
-5565.715269568201 -664.7226999063186 4071.858791582068
-5934.8038623952825 -2238.609575030839 2786.719762325921
-5776.559087590771 -3613.5861654375512 1253.9684528688754
-5105.041687841799 -4667.479767083457 -390.2034565755011
-3979.9189310216307 -5306.647308526408 -1999.704076523478
-2501.1629115936353 -5474.295948768643 -3431.5222137155442
-800.1675912979148 -5155.529370410705 -4558.434543231771
971.9261309622756 -4378.6713828237835 -5280.309959221363
2657.6599512589 -3212.749227390098 -5533.00666307555
4107.249021937574 -1761.360204185035 -5294.071443715662
5191.8909926516335 -153.4665972361967 -4584.734743931773
5815.210664430248 1468.0631903541303 -3468.0242423725254
5921.823349042574 2959.1491209923183 -2043.1645677047493
5502.256041598735 4187.301666218312 -436.76075491638267
4593.789138605923 5043.394082730104 1208.4511676392988
2768.791800760159 5716.718835422534 2766.223864590157
1171.2544052504124 5493.44185536648 4055.778155687112
-530.3540841311782 4782.048458888594 4984.958759162021
-2184.838285717125 3645.7490711644577 5471.203900754176
-3645.190017612205 2185.5088793610907 5471.308565781474
-4781.6506197895405 531.0766326787332 4985.263454296922
-5493.240580470456 -1170.5441034085452 4056.2558074297604
-5716.732008887341 -2768.1568590597926 2766.8320314870375
-5432.2667108493815 -4119.806729927264 1231.5630875043364
-4665.120676442641 -5105.393693366671 -413.1356414287383
-3483.458197389082 -5637.3440224992455 -2021.1254556049678
-1992.2751705929918 -5668.391596155991 -3449.5294034877224
-324.06975193414314 -5195.777701167478 -4571.427525860134
1372.9306863407603 -4261.4961561353375 -5287.134251180614
2947.940208127169 -2948.561976362746 -5533.055896077187
4261.012305598984 -1373.635125439195 -5287.341243191444
5195.474760573812 323.3452344780812 -4571.823117733272
5668.296483106206 1991.5949513347923 -3450.078445149203
5637.465188205212 3482.8827167949053 -2021.779162293761
5105.720371723691 4664.701068488754 -413.8359284367852
4120.309894129719 5432.040259543903 1230.878443750849
2239.2444350586075 5934.849208393415 2786.1130597932774
665.4131133013038 5565.98062324962 4071.3832831748964
-967.5430836901428 4702.550233826463 4994.893234875158
-2514.5288317028603 3421.277619326016 5474.585002928854
-3838.0876581907396 1836.0094743189331 5467.835868651747
-4820.6155530781325 87.60383032369882 4975.245522242433
-5374.810601151593 -1668.5857984388117 4040.5827776765486
-5451.430140344922 -3276.5142565419064 2746.8965215086187
-5043.666188361467 -4593.310044205257 1209.1364548478196
-4187.750361777601 -5501.970077031849 -436.06069203412903
-2959.734537910019 -5921.755923516174 -2042.5119328080348
-1468.733311768044 -5815.367768998249 -3467.477024935965
152.77131455448736 -5192.258667883719 -4584.341566626034
1760.701539152991 -4107.794598275856 -5293.867242069785
3212.1857052863134 -2658.3349518515024 -5533.009581301889
4378.25307506015 -972.6705790443672 -5280.519738022706
5155.293445467745 799.4198432053952 -4558.832542841021
5474.263369612878 2500.478304190163 -3432.0730701208136
5306.8209699587915 3979.3582946793454 -2000.3588437157648
4667.844238523628 5104.654837560008 -390.9039556163923
3614.109061998615 5776.380396714679 1253.2844643932315
1692.8750732366211 6104.086506808894 2805.954142901707
156.01035871550516 5592.122846361666 4086.9181038323873
-1394.71656081763 4583.274530388319 5004.7414560928455
-2821.5167933093308 3167.182159020962 5477.87156703334
-3997.612876692979 1469.6717538746354 5464.2687499995
-4818.503512747323 -358.42543615176146 4965.141674979747
-5211.2489660396695 -2154.674953251908 4024.8399729727053
-5140.952079509985 -3759.472145120345 2726.913576647735
-4613.859040019234 -5030.223738723075 1186.6889421744845
-3676.8043772358815 -5854.01787836697 -458.97821250960334
-2413.049510144865 -6157.656839583644 -2063.8631388195204
-934.8846045841194 -5914.160968171352 -3485.364768131116
626.3489007674269 -5145.165940869112 -4597.176442522895
2131.92855759892 -3919.0003405318157 -5300.508815619994
3448.077006273372 -2344.61436168854 -5532.867719549444
4457.848681303716 -561.8991076385973 -5273.607046006863
5071.5209380535125 1270.7433479786603 -4545.763243583236
5234.566303454193 2990.4746805626846 -3414.0084282138155
4932.497481277104 4444.489214296746 -1978.9039818683661
4192.1546119798895 5503.591377020852 -367.9652324568621
3079.3204084407607 6073.67529378372 1275.6688426472733
1134.1844923523263 6223.171014050382 2825.746771288999
-352.7137241829028 5571.815578103501 4102.382349395987
-1808.271778465789 4425.379876532203 5014.503252750721
-3103.1569497620053 2885.7297524712894 5481.063536313487
-4122.313008091878 1089.669876086893 5460.607271423649
-4775.183465180133 -803.2119507253445 4954.952086987503
-5003.757915839643 -2624.7248708780144 4009.0276651734475
-4787.726517046872 -4213.019467837808 2706.8835419805973
-4146.284606622714 -5426.968796548824 1164.220937119972
-3136.4271132298686 -6158.7081318261435 -481.88780710312545
-1847.8843068428416 -6343.219222545257 -2085.1787049353466
-395.14887048610973 -5964.107448582158 -3503.192324178038
1092.6972770955497 -5055.0585547580995 -4609.9319319111955
2483.4524763842637 -3696.845524584694 -5307.058857140982
3653.5420246945514 -2010.1515462125635 -5532.630313269597
4498.998330805628 -144.84678155469678 -5266.603286515985
4944.698891695648 1733.328255293942 -4532.615445647583
4951.041256604834 3457.4894700739555 -3395.884831378134
4517.4618785779885 4874.437572495282 -1957.4149472455993
3682.4861880845788 5858.270505483422 -345.0201550763181
2520.305439455391 6321.570395462706 1298.0311919675196
567.7638281722034 6291.256171145481 2845.49060316542
-856.5383499834569 5505.392052592449 4117.775752820821
-2204.7333368864424 4230.349690151497 5024.1784562768335
-3357.0280914941923 2579.422193156726 5484.160855648653
-4211.036168097535 699.3017146921652 5456.851496152574
-4690.875201337581 -1242.9547899578556 4944.6769342249745
-4753.909387372019 -3074.769306902856 3993.1461273341693
-4394.5378621507325 -4633.37707752667 2686.806763396586
-3644.692362765569 -5780.288961571873 1141.732827673902
-2570.999952479711 -6413.596805001087 -504.7890801995624
-1268.8629137685937 -6477.028426699968 -2106.458263066885
146.01816314407523 -5964.947648715476 -3520.9593852209223
1547.9248854712205 -4922.8550954010225 -4622.607814522302
2812.291688767796 -3443.34526326641 -5313.517253523124
3826.774033978534 -1657.8790936188004 -5532.297366562007
4501.2307127490385 274.8969089793987 -5259.508580494752
4775.733289366169 2183.247114849585 -4519.3893760772935
4625.891005262772 3897.6062335432252 -3377.70259258176
4065.018004953458 5265.645934023329 -1935.8921109316402
3142.950315866359 6165.809885358862 -322.06911970268044
1941.6176986042324 6518.114570169268 1320.371126188945
-1.7432520254000685 6307.914625281563 2865.1852975838915
-1351.297140469282 5393.567771862985 4133.0980482853365
-2580.78234791264 3999.9787526320647 5033.766899594588
-3580.953718167165 2250.9740676121564 5487.163471552665
-4262.941635805976 301.96045844793395 5453.001489043016
-4566.148481492196 -1673.8836625810443 4934.316394129013
-4463.632996385268 -3500.9958744722603 3977.195633705796
-3964.5041312187486 -5017.029239049238 2666.683587592284
-3113.1116760536015 -6087.277538866549 1119.2250021729815
-1985.10558680554 -6616.644515778059 -527.6816363273784
-680.7141546774274 -6558.093590796496 -2127.7014457473306
684.1617173586391 -5916.827270552975 -3538.665644448633
1988.246818413145 -4749.824881752031 -4635.203871462276
3115.6674643742126 -3160.779707944224 -5319.883893239357
3966.2473832441538 -1290.8853862323137 -5531.868885176176
4464.408816522895 693.7097670035231 -5252.323050458352
4565.88793471819 2616.66576314598 -4506.085263267228
4261.667872844598 4307.119523184327 -3359.4620258053474
3578.7799184473333 5614.866812105057 -1914.3358445943704
2577.90166307904 6423.708544333081 -299.1125226667209
1347.965532011064 6661.7755824164815 1342.6882595335496
-569.6787323403112 6273.140823630579 2884.8305144458936
-1832.9126353785541 5237.433420341205 4148.348971195917
-2933.2842071588198 3736.357073556503 5043.268417125595
-3773.020604627293 1903.2890040533778 5490.071332174743
-4277.507563746435 -98.89464590612728 5449.05731657896
-4401.919204293948 -2092.2910725848615 4923.870645610969
-4135.201006035688 -3899.778255596314 3961.1764597300094
-3501.052051360434 -5360.753026703032 2646.5143620654567
-2555.819257807942 -6345.401366109997 1096.6978492944138
-1383.4907071711611 -6766.232947802846 -550.5650801656504
-88.23293585322838 -6585.855038959201 -2148.9078861379744
1214.86471901911 -5820.295008355232 -3556.3107960999896
2410.016312260616 -4537.576224314932 -4647.719885215668
3391.027379975346 -2851.6738799190207 -5326.158666347136
4070.7307837007393 -912.3877969275704 -5531.344876511352
4388.731893186512 1107.9679457687696 -5245.04682049036
4316.774914329977 3029.8758742463315 -4492.703336959943
3861.2535404805276 4682.566034905844 -3341.1634460367695
3062.6428447273206 5919.189654261376 -1892.7465204789587
1991.9028920333435 6629.86729689983 -276.1507603953045
744.173626060347 6751.452135515323 1364.9822066171166
-1131.4084720786013 6187.350137555428 2904.4259145072288
-2297.4299693926064 5038.444673432224 4163.528258191446
-3259.3147318207357 3441.8512892242875 5052.682844792556
-3931.595077059472 1539.4343136531943 5492.8843873003925
-4254.535946180668 -499.76815638223917 5445.0190468704905
-4199.442625760231 -2494.5640325266445 4913.339869053634
-3771.2103990905794 -4267.706947167114 3945.088882034494
-3007.8895787774777 -5661.645371028339 2626.299435109178
-1977.3045694839832 -6552.521757952218 1074.1517580491573
-771.0273719336878 -6861.177831413918 -573.4390165508354
503.7589912108295 -6560.188144771521 -2170.077218034643
1733.7841572763375 -5676.296952554686 -3573.894535469049
2809.754992381383 -4288.041866084492 -4660.155639649182
3636.066766006665 -2518.775442050889 -5332.341464490317
4139.2980508560695 -525.7047665270977 -5530.725349616396
4274.734538876607 1514.0770845199954 -5237.680016240625
4030.3421037544144 3419.326542189644 -4479.243828241705
3427.836085848643 5020.753831118347 -3322.8071692657463
2520.751788904323 6176.065108936916 -1871.1245114014337
1389.687633378835 6782.605898611121 -253.1842294044383
135.14363308391498 6786.482389218003 1387.2525824558224
-1682.3601559665 6051.374530878602 2923.9711593840516
-2741.049436688899 4798.408992809208 4178.635647147853
-3556.184446064176 3119.0837582576746 5062.010020022083
-4055.336861348256 1162.614243911319 5495.602588352268
-4194.154799948851 -897.1586480551077 5440.8867496526245
-3960.303678828804 -2877.2150570260155 4902.724246308105
-3374.562196338388 -4601.618281729798 3928.933178428147
-2488.9760536810295 -5917.147528232675 2606.0391558055894
-1382.233465962596 -6706.912249877867 1051.5871177752226
-152.67336896172884 -6900.738385321782 -596.303050483531
1090.452426867417 -6481.403631838251 -2191.209075873968
2236.686739197745 -5486.167722494541 -3591.416558910367
3184.1816192122833 -4003.4617353566628 -4672.51092001562
3848.747988808908 -2165.030604129948 -5338.432180901024
4171.336209647522 -134.22700264591288 -5530.01031518963
4123.282902651501 1908.503257068667 -5230.222764923083
3708.8578150259113 3781.6546270641275 -4465.706969538559
2964.8844344808354 5318.789387926934 -3304.3935124782947
1957.4680607511086 6383.326370549656 -1849.4701907422598
776.1220596165344 6880.67679238267 -230.2133262925028
-474.1857924705107 6766.648885859727 1409.4990024728618
-2218.0606589944864 5866.454814346828 2943.4659115585873
-3160.157674299125 4519.469525917614 4193.6708771826525
-3821.460812118752 2770.909536745293 5071.249781747516
-4143.210386577083 776.142075296896 5498.225888391015
-4096.817536008731 -1287.589015584998 5436.660496284072
-3686.4044687783685 -3236.9121719408445 4892.023960690672
-2948.4381869775007 -4898.6214768646405 3912.7096278963613
-1948.4902332558183 -6125.066766322745 2585.7338740200776
-775.4103715007985 -6807.272994180307 1029.0043181308922
466.56810459443636 -6884.62314327945 -619.156787135297
1667.0899570960378 -6350.244313427183 -2212.3030947396887
2719.4835510058847 -5251.618408738753 -3608.8765638442433
3530.2390971518835 -3686.3631620860497 -4684.785512957318
4027.317407316805 -1793.5583711437773 -5344.430710401501
4166.550892250296 258.61195197592957 -5529.199785578653
3935.568045799923 2287.8034682626885 -5222.675195313544
3354.8927075243214 4113.713606534178 -4452.092994612226
2476.1204294810404 5574.102238130272 -3285.9227936513194
1377.333985002848 6539.207424323724 -1827.7839324398321
156.16537162648558 6923.275334026907 -207.23844773335398
-1078.8792203392932 6692.179848008419 1431.7210825051245
-2734.17251950238 5634.229556484384 2962.9098343849987
-3551.3572076374608 4204.086251101672 4208.633688659409
-4052.988222999546 2400.3914329799422 5080.401970411696
-4194.493448502261 383.4113020936273 5500.75424211608
-3963.299523874235 -1667.6366055564747 5432.340359746056
-3379.9490438964945 -3570.5076825001856 4881.239196979583
-2496.275258706485 -5156.123482938863 3896.4185105960883
-1390.7964620568675 -6283.595084643215 2565.3839403951392
-161.73929634374286 -6852.741687974182 1006.4037490880777
1081.689115630736 -6812.992119567069 -641.9998318555705
2229.0047027669116 -6167.878303012962 -2233.358910368974
3178.26344023623 -4974.72143194805 -3626.2742487619535
3845.119523461189 -3339.538730449117 -4696.9792065100155
4170.319862997522 -1407.6233574254247 -5350.336949405922
4124.968981559237 649.3655281588417 -5528.293774780126
3713.096503981195 2648.655436872531 -5215.037437747477
2971.299107368818 4412.600686587121 -4438.402138556136
1965.4887457353464 5784.467000919318 -3267.395331747098
785.0360836380077 6642.358037504499 -1806.0661109841028
-465.1704795646913 6910.046412949284 -184.25999046956923
-1674.0446042910391 6563.746840364305 1453.918438809833
-3226.529222000654 5356.720748463343 2982.302592095197
-3911.494115805825 3855.014532424391 4223.523823192278
-4248.90559211245 2010.773357726915 5089.466427969707
-4208.783160544812 -12.133853938175351 5503.187605866494
-3794.6918752220827 -2033.9629194322893 5427.926414641004
-3043.4255640548618 -3875.0654536355955 4870.37014141193
-2021.737535668268 -5371.851416838724 3880.0601078510826
-820.4092549885096 -6391.324807674077 2544.9897063443436
453.8159883037039 -6842.900941480653 983.7858009255267
1687.7176894964718 -6686.455297060499 -664.8317901784031
2771.658267550386 -5935.888756470753 -2254.3761591587236
3609.324845310465 -4657.892450649853 -3643.60931323094
4126.287071303531 -2966.02195976435 -4709.0917901065095
4276.610583098716 -1010.6074015807966 -5356.1507959221735
4046.9384769891562 1034.6040592107256 -5527.292298439529
3457.6781275021103 2987.8864090562815 -5207.3096241177955
2561.18790261598 4675.681939333606 -4424.6346377913105
1437.124892994435 5948.022610408924 -3248.811446707781
185.3670299116247 6691.855370082118 -1784.317101410068
-1082.8615072486639 6841.087413399928 -161.27835130542175
-2254.8730474304502 6382.458818419517 1476.090688071094
-3691.169001559569 5036.3163472040915 3001.6438498046573
-4237.683590518958 3475.2812695014727 4238.341023650427
-4407.661395692618 1605.452199982929 5098.442997891664
-4185.999143155542 -407.0283429149734 5505.52593762163
-3592.392496794426 -2383.3426313304412 5423.41873719129
-2679.5860121383344 -4147.886467825304 4859.4169816804015
-1528.686551134204 -5543.872388953977 3863.634702147021
-241.95658153137265 -6447.260919440821 2524.551524046263
1066.2722921495208 -6777.782023896825 961.1508642220712
2279.758193414003 -6506.0674517230855 -687.6522678292924
3290.6775746396243 -5656.260235057001 -2275.3544781717774
4009.2058124578252 -4303.869474416917 -3660.881457900024
4371.49851972924 -2569.0610237547617 -4721.123054580209
4345.364399517432 -605.980226993432 -5361.872149553648
3933.125583090922 1410.9445722367216 -5526.195373850892
3171.4112983694486 3302.5007543953757 -5199.491887872521
2127.9032022786137 4900.615251740124 -4410.790730062361
895.3215685159288 6063.2885779719645 -3230.171459449863
-416.8133156633957 6687.212105747342 -1762.5372792912651
-1691.9125075909085 6716.947491580101 -138.2939271002003
-2816.6778483832354 6149.8526159474095 1498.2374474066364
-4124.366894295381 4675.749846436488 3020.9332735181347
-4527.333180583417 3068.1588473270094 4253.085034162497
-4528.026045902201 1187.948470239128 5107.331525165306
-4126.383926127573 -797.8163416554106 5507.769197001917
-3358.094486178898 -2712.691670434581 5418.817405237907
-2291.423614378326 -4386.53243984428 4848.379906930018
-1021.1496986933167 -5670.610551993297 3847.1425771266117
339.8578489622527 -6450.830031533184 2504.0697464383643
1670.6675352959053 -6657.864953770012 938.4993298499961
2853.031079514777 -6273.319357305273 -710.46087073199
3781.8902919981097 -5331.3618059354 -2296.2935051432883
4374.711955485217 -3915.689361812252 -3678.0903845045223
4578.8212636202625 -2152.090734172358 -4733.07279216874
4376.082208656496 -197.26940050659846 -5367.50091150094
3784.509045333133 1775.080185096677 -5525.003019956496
2856.6656452875245 3589.706106443022 -5191.584364012518
1674.9949663874256 5085.370887066114 -4396.870654433304
344.49363412945684 6129.178147590832 -3211.4756918586295
-1016.6174693063203 6628.381032246823 -1740.727020733379
-2287.3976492419547 6538.623174016635 -115.30711476125292
-3354.9325099631865 5867.879952499894 1520.3583343743373
-4522.664773434343 4278.077049690794 3040.170530135531
-4778.163533656103 2637.137108975263 4267.755600121003
-4609.101495287223 761.8759632416259 5116.13185629879
-4030.50056235333 -1181.081205263543 5509.917345269553
-3093.7719668939367 -3019.0941255916073 5414.122498239122
-1882.148155381358 -4588.847283784507 4837.259107754893
-503.2872205920488 -5750.861222988501 3830.584017584719
920.2929923864892 -6401.885905291201 2483.5447272110355
2262.101134352205 -6484.074930695213 915.8315889681322
3402.911663463398 -5990.125443612802 -733.2572050153076
4241.358557844008 -4963.927023632853 -2317.1928784869065
4702.942131464714 -3496.661903768191 -3695.2357958714765
4746.648658183172 -1718.7030289056845 -4744.940796517684
4368.59462129752 211.97015247906657 -5373.036984563567
3602.3717810478483 2123.8088556003922 -5523.715257346551
2516.062399303898 3846.9378217199674 -5183.587189089145
1206.1898318238193 5228.249480371154 -4382.874651283463
-210.85799549068818 6145.008228896417 -3192.7244667826462
-1609.1701645707676 6515.7560293597935 -1718.886702367655
-2864.500502801805 6307.550312690187 -92.31831123721862
-3865.3074007054765 5538.891070509434 1542.4529669788549
-4882.899127512446 3846.6502419511794 3059.3552874575844
-4988.226468331539 2185.8935900704414 4282.352468186753
-4650.327996968081 330.91070007591776 5124.843839323269
-3899.227475445711 -1553.475057798078 5511.970345329163
-2801.6634812520774 -3299.8277394736633 5409.334097269107
-1455.159391851511 -4752.976245441513 4826.054776195002
20.641995376867644 -5783.801953909183 3813.9593094634265
1494.6092507301196 -6300.711476975216 2462.976820801265
2835.773915171335 -6257.775135095104 893.1480330151583
3924.9676226607153 -5658.808010667936 -756.0408770199175
4665.410732439988 -4557.030961222987 -2338.0522373010454
4991.311624824188 -3050.341712672406 -3712.317395924715
4873.712575332471 -1272.6162167467296 -4756.726862683932
4323.062775587109 618.1868148211486 -5378.480273141654
3388.2898767823217 2454.061235024016 -5522.33210825883
2152.452553160215 4071.8815450246516 -5175.500501201917
725.3603743073637 5327.897310592021 -4368.802962303352
-766.1832569942683 6110.506019021046 -3173.918108028115
-2189.648143572117 6350.1694521460595 -1697.0167013443765
-3418.5531834809603 6025.592462188257 -69.32791351107969
-4343.704770963985 5165.615139088047 1564.5209636782276
-5202.226356328811 3385.0899778050534 3078.487214191607
-5155.920232281717 1718.2622678960915 4296.875386293181
-4651.487969213129 -101.24058498523206 5133.467323795578
-3733.7505873612145 -1911.7477676036228 5513.928161728434
-2484.2530805277024 -3552.387771503514 5404.452285016538
-1014.0187855242083 -4877.382532508378 4814.76710573271
546.3155285212539 -5769.000451459168 3797.2687398471053
2058.107310391403 -6148.017363456321 2442.3663823866827
3387.0272258780938 -5980.755952580564 870.4490537028847
4414.994908621344 -5282.07812920284 -778.8114933051465
5050.670918847575 -4114.064484027353 -2358.8712213751073
5237.5726534299365 -2580.4981551713986 -3729.3348896900457
4959.0930730460395 -817.6432408988886 -4768.430787139382
4239.976310500487 1017.862863495808 -5383.830683237573
3144.1190459374257 2762.9273856512455 -5520.853596578292
1768.8930064036463 4262.493684684468 -5167.324439996086
236.4930605917889 5383.318714188051 -4354.655830490419
-1316.9203314863503 6025.812251630959 -3155.056940353325
-2753.3195729022405 6132.885926674938 -1675.1173953265043
-3945.0742875218443 5695.025773407245 -46.33631859329623
-4786.291839021748 4751.137587963376 1586.561943390464
-5478.145381151473 2897.254723188826 3097.5659799572272
-5280.001826005907 1238.2010898532747 4311.324103650757
-4612.706937713343 -530.8721440717495 5142.002160800734
-3535.5527954739646 -2252.775058301961 5515.790760658747
-2144.2492718388557 -3774.509022461512 5399.4771457831675
-562.4197905179042 -4960.861295815362 4803.39629128958
1069.3831573291566 -5706.419272654793 3780.5125969574865
2606.1667187368407 -5944.936854910335 2421.7137678794393
3911.380930210479 -5655.2207086814105 847.7350430094856
4869.051781222416 -4863.013384958841 -801.5686606558036
5394.086013990953 -3638.705980999933 -2379.649471195718
5439.83203285981 -2091.083582430987 -3746.2879833001957
5002.225103299405 -357.65923099392995 -4780.0523677744
4120.148521407543 1407.5447126786514 -5389.088122457561
2871.9786624146527 3047.682131721492 -5519.279747836674
1368.6208957954545 4417.019618828133 -5159.059146660268
-256.34484350905905 5393.885529030578 -4340.433500144933
-1858.5332185169752 5891.481039301885 -3136.1412894630344
-3295.582761020965 5865.592604892519 -1653.1891624829798
-4439.805312781495 5318.520526809283 -23.343923515179046
-5189.531678736691 4298.874559976147 1608.5755255000618
-5708.517388201435 2387.2086051073106 3116.5912552920763
-5359.596296539099 749.7585555788236 4325.698370751281
-4534.451553728303 -954.3108318740858 5150.448202954605
-3306.4008912558725 -2573.5855139908504 5517.558109955743
-1784.5619996940477 -3964.1858291955164 5394.408765482368
-104.15694303804925 -5002.550836933199 4791.942529222933
1585.502915092096 -5596.41724947661 3763.6911701486188
3134.283881351375 -5693.017429931439 2401.019333919936
4404.569970174312 -5283.768028341367 825.0063931726756
5283.4906880103035 -4405.0326499991115 -824.3119860888683
5692.950071999616 -3134.8907895370207 -2400.386627952898
5596.565858991855 -1586.200125182933 -3763.1763840000867
5002.902209287929 103.43138121823078 -4791.591403901297
3964.70874341403 1783.8725554970404 -5394.252500013358
2574.2335068500493 3305.808824824161 -5517.610589212032
955.0263263647782 4534.009472762566 -5150.70476392397
-749.0391342819838 5359.343481873165 -4326.136216865722
-2386.5491807437293 5708.476303527863 -3117.171482002851
-3812.0038592978367 5550.385954378457 -1631.232381482262
-4898.745266249879 4899.119455714972 -0.3511253216403219
-5550.211658506136 3812.544693979584 1630.5613298647347
-5891.582548425048 1859.1875388501742 3135.562711657544
-5394.202931007647 257.03963432347103 4339.997939372199
-4417.524711100537 -1367.9473697127648 5158.805304406399
-3048.3300346242545 -2871.386246811856 5519.230179099887
-1408.2778571956246 -4119.689855010689 5389.24723163765
356.9059879704483 -5001.940940630694 4780.406017322474
2090.3771698492105 -5439.747623019391 3746.804749901928
3638.109166717774 -5394.208857163562 2380.283437870759
4862.5791985443375 -4869.3709622530805 802.2634966829662
5654.987729502886 -3911.868088463932 -847.0410768604418
5944.925784190224 -2606.7785680643874 -2421.0823335463006
5706.631094075156 -1070.0653322329981 -3779.9998001517447
4961.277188113435 561.7279042716568 -4803.047696257802
3775.092031781508 2143.60915137946 -5399.323726723705
2253.473381707297 3535.0213183133715 -5515.846149528305
531.6237324633069 4612.331327929626 -5142.26143605518
-1237.463018402358 5279.815458176674 -4311.764227545927
-2896.595749565941 5478.164814876217 -3098.1478455535835
-4298.353236879556 5189.755187243682 -1609.2474314858791
-5318.183176083904 4440.2130363590295 22.641678935353184
-5865.469201630727 3296.1384716399357 1652.5189768217779
-6025.973581805701 1317.564015123428 3154.480021444289
-5383.698305994295 -235.82869589015158 4354.222562580888
-4263.057809724401 -1768.2669923567403 5167.073320841209
-2763.625918939451 -3143.5870066405273 5520.806939216992
-1018.6337372841557 -4239.5855199799435 5383.992633381147
816.8685221293791 -4958.878254754541 4768.78695480688
2579.788428583268 -5237.552894915411 3729.853627821154
4113.4828119424665 -5050.847975740742 2359.506437810483
5281.676195738584 -4415.353048640251 779.5067462768973
5980.569471289113 -3387.534626710371 -869.7555404723989
6148.062904018766 -2058.7188872463953 -2441.7362305914303
5769.273967396693 -546.9769401115914 -3796.7579412394143
4877.859720729626 1013.3663085209147 -4814.421047010507
3553.0262317409274 2483.6675135565397 -5404.301715015947
1912.4907698632464 3733.283960617308 -5513.986459254774
102.02211025571825 4651.1817445304105 -5133.7293088578
-1717.5116615647144 5155.801619067103 -4297.3177803687995
-3384.4369850793137 5202.305893886938 -3079.0707086255798
-4750.640230112561 4786.562460091526 -1587.2346921417059
-5694.728242859018 3945.511946233613 45.63409220365138
-6132.814660324181 2753.885381358862 1674.4480871947922
-6110.726060752382 766.8108400516693 3173.3428579780802
-5328.3361750631375 -724.7319982957432 4368.371994738928
-4072.5002372013623 -2151.879218160602 5175.252109482487
-2454.8047813912954 -3387.822526125499 5522.28836307872
-618.9891480213205 -4322.742935429832 5378.645061452083
1271.8263875395255 -4873.568664876328 4757.085542320348
3049.634567249306 -4991.356431144739 3712.8380966273967
4556.46933255811 -4665.640274299025 2338.6886925274885
5658.441801932809 -3925.361504256739 756.7365349302307
6257.636885542933 -2836.2971383960157 -892.4549846791598
6300.813470685404 -1495.2153249037992 -2462.347962425645
5784.135128292995 -21.277068149535733 -3813.450517874525
4753.510996492832 1454.5517494826968 -4825.711259758307
3300.5165522148686 2801.1372609781756 -5409.186378927512
1554.2567281942838 3898.8294342473505 -5512.031550505571
-330.1056268696627 4650.093502552487 -5125.108529669171
-2185.136648341571 4988.176356556619 -4282.797124803328
-3846.008689294114 4883.0378510293 -3059.9404006530735
-5165.145980271706 4344.020003579369 -1565.1945435775385
-6025.337384032358 3419.016915393632 68.62571743795671
-6350.151119464161 2190.219170166556 1696.3482823001148
-6145.285374216304 211.46412910793237 3192.150895525359
-5228.744203276809 -1205.6027274722944 4382.445991506353
-3847.6061639102027 -2515.54649101616 5183.341529094534
-2124.5914319385997 -3601.9729095393254 5523.674425103046
-212.79742762334232 -4368.348228052152 5373.204608195194
1717.904561982412 -4746.576636322105 4745.301981929149
3495.9631923559978 -4703.0508804463525 3695.7584501539604
4963.390151306984 -4241.638414844098 2317.8305615137674
5989.79811383543 -3403.337761959357 733.9532558511942
6483.986228153527 -2262.6356136227596 -915.1390174945662
6402.043711595291 -920.888361602914 -2482.9171731145298
5751.251516355734 502.6838625973425 -3830.0772418006977
4589.43538493641 1881.5904196140216 -4836.918139535739
3019.8277791600285 3093.30941062445 -5413.977634107403
1181.8952229093195 4030.1742857361505 -5509.981457039107
-761.0539105586032 4608.940489431631 -5116.399247357534
-2636.3800642433253 4778.182104638921 -4268.2025115999695
-4277.452279656711 4522.861271142245 -3040.7572519885116
-5538.454088732418 3865.66436545481 -1543.1273663944812
-6307.3399469188025 2864.98621670808 91.61615760658232
-6515.790971516011 1609.7414698218977 1718.219183953439
-6129.510301901419 -343.914138375198 3210.903809298805
-5085.917583891864 -1674.4540926952004 4396.444309845789
-3590.418769371826 -2856.211452658483 5191.341439984908
-1775.8954908998198 -3784.1818907755724 5524.96510135471
196.42389532759984 -4375.911161288537 5367.671367559149
2151.290156463135 -4578.821521751187 4733.436477118133
3915.0048464155348 -4374.883496178957 3678.614983341343
5330.854175048127 -3782.2178731112326 2296.932404958723
6273.033716159491 -2853.485594027803 711.1573024736514
6657.826682835026 -1671.2085975997607 -937.8072471985724
6451.042531349512 -340.4373832968114 -2503.4435074579305
5671.054941019736 1020.5831864968892 -3846.6378258987475
4387.169232165673 2290.92046141479 -4848.0414928164
2713.4642842586077 3357.699399797148 -5418.6753978176575
798.656126853286 4126.132011486409 -5507.836214257499
-1187.116132267612 4527.939686723009 -5107.601612319454
-3067.4079134632143 4527.4200502582435 -4253.534192786329
-4675.147040449687 4124.619274072393 -3021.5215938967935
-5867.478836347357 3355.327974791652 -1521.033541660398
-6538.459388628789 2287.901060336394 114.60501569826137
-6628.4691306741415 1017.1840963818127 1740.0604144763095
-6063.673176020088 -894.7736944062224 3229.601275463065
-4901.2095984228035 -2127.4131524733266 4410.36670802681
-3303.2520394016033 -3171.0226159443296 5199.251704006865
-1411.786040596755 -3932.87280418514 5526.160369545622
605.1233434361316 -4345.269984646077 5362.045435094905
2568.2648628646352 -4371.570858067961 4721.489232787194
4303.204778582905 -4009.4384764277825 3661.407992232122
5655.786065420956 -3291.0498910260567 2275.994583742913
6505.825940338037 -2280.2370802720784 688.3490684503912
6777.794630109177 -1066.8151982803518 -960.4592823440299
6447.526523133293 241.3978957200054 -2523.926610996092
5544.367390072913 1528.1617273284005 -3863.131984191625
4148.566883349021 2679.141683236386 -4859.081127516256
2384.1480033536336 3592.0681433692116 -5423.279588934772
407.8871105991273 4185.8235854322575 -5505.595859205949
-1604.6163419152087 4407.6502327454045 -5098.715776477209
-3474.5425907075546 4237.837814224672 -4238.79242166283
-5035.740482536534 3691.474908465145 -3002.2337585495443
-6149.490733509023 2817.1082573176745 -1498.913450903283
-6716.83174621364 1692.4291748315632 137.59189472907184
-6687.352781936556 417.37033305858324 1761.8715967026405
-5948.456636269009 -1436.6133770519475 3248.242971140264
-4676.319206705831 -2560.75286526717 4424.212945629957
-2988.670293938013 -3457.3582237245514 5207.072184561708
-1035.4649099902413 -4046.76213163735 5527.260209035249
1009.7460752730996 -4276.593465231063 5356.326907954098
2965.236690550715 -4126.430701917692 4709.460455247762
4657.253013146048 -3609.6164621960625 3644.1377739658524
5935.451967505124 -2772.071959267385 2255.0174594318732
6686.259967249449 -1688.216697720363 665.5289476462272
6842.964426735079 -454.3559739639253 -983.0947317634797
6391.641467050527 819.8762719875319 -2544.3661300157964
5372.393113761962 2021.258913205143 -3879.5594318493654
3875.7840559567953 3043.043829835838 -4870.0368529969755
2034.7945761816507 3794.440948007742 -5427.790127951099
13.004668763882972 4208.68533631931 -5503.260430572109
-2009.9407605436209 4248.969562987523 -5089.741893276172
-3854.294132797071 3911.7141976884895 -4223.977452798244
-5356.176557060301 3226.885859649817 -2982.894079019449
-6382.139189035035 2255.3345520259263 -1476.7674761047467
-6841.020746507509 1083.3868720818427 160.57639774922785
-6692.047589327707 -184.82448581169984 1783.652353985275
-5784.947011827757 -1965.0180365549786 3266.8285744156033
-4413.275778254317 -2970.9228307444173 4437.982783550979
-2649.4656244412304 -3712.8480937421164 5214.802746601193
-650.2388229081506 -4124.8705100453435 5528.264600830974
1406.7645515664221 -4170.380079834959 5350.515884887311
3338.77072214971 -3845.333078119706 4697.350352219206
4974.1124621160525 -3178.6113574472433 3626.804626773923
6167.4824812903935 -2229.4560685593847 2234.0013942697933
6812.84461645097 -1082.2038241732623 642.697334131216
6852.855609763737 161.2069791639555 -1005.7132045757726
6283.960308887489 1390.293834957254 -2564.761711556466
5156.707557860993 2495.846982310603 -3895.9198851939877
3571.2587104801723 3379.6331724415772 -4880.908480069212
1668.4878544624282 3963.124123925239 -5432.206936976235
-382.535469462632 4194.474105114374 -5500.82996868541
-2399.568838196636 4053.126654917672 -5080.680117682187
-4203.389985322509 3551.6411145781744 -4209.089542025437
-5633.721485979353 2734.576675088087 -2963.502889274504
-6563.472109427388 1674.5330975243573 -1454.5959996933275
-6910.029432629875 465.6999056781118 183.55812785002777
-6642.600316578488 -784.5127664780166 1805.4023102023407
-5574.624391981498 -2475.694649357265 3285.3577643429157
-4114.421099879133 -3354.578467492256 4451.675984004929
-2288.6334372129127 -3935.393267465431 5222.443256629825
-259.49065014790636 -4166.531105435409 5529.173527588421
1792.7090199387328 -4027.454370166853 5344.612466242411
3685.618626429816 -3530.5206399165863 4685.159132825281
5251.044843891689 -2719.884657375092 3609.408849974418
6349.892683143062 -1667.5749870085738 2212.946751173449
6884.524691452081 -467.09396101408504 619.854622173906
6807.436468686608 774.8904132246124 -1028.3143101930225
6125.477641735445 1948.02237369772 -2585.1130034162593
4899.24324510022 2948.0639975124095 -3912.2130617044086
3237.689586162947 3686.157197782374 -4891.695820995901
1288.4529991284132 4096.719154594937 -5436.529939738354
-775.2682911615591 4143.26963636585 -5498.304515516379
-2770.103591572927 3821.6724285063465 -5071.530606178842
-4518.8030314736825 3160.5028542408404 -4194.128946436831
-5865.986991587552 2218.5087317376847 -2944.0605241721564
-6691.952265038926 1079.390372654447 -1432.399404538007
-6923.308212592789 -155.63655786578585 206.53668817061748
-6539.497843020123 -1376.8344972198377 1827.1210897639273
-5319.349474210287 -2964.5073436600615 3303.8302209502044
-3782.3888170474893 -3708.608386774323 4465.292310530275
-1909.3463147501066 -4123.183299763843 5229.993582707181
133.3499866411134 -4171.395282277467 5529.986973611752
2164.19755652254 -3848.960488094049 5338.616753962795
4002.74667608233 -3184.5286636585947 4672.887007590513
5485.6341877077775 -2237.1374923832022 3591.9507439669305
6481.099028446269 -1090.966837393363 2191.8538937256544
6900.68977867266 152.14100872794083 597.0012062345282
6707.123958885694 1381.7304585639768 -1050.897658327215
5917.600741623061 2488.547093532337 -2605.4196541581396
4602.272729504081 3374.245398431327 -3928.438680021317
2878.012588627447 3960.127192047656 -4902.398689495403
898.0283993010403 4194.13430591861 -5440.759061585524
-1161.7495542359732 4055.4741810534497 -5495.684114675891
-3118.300961625152 3556.4673780463904 -5062.293516764812
-4797.777644135593 2741.4528411998795 -4179.095924379984
-6050.950728264193 1682.8481887451062 -2924.567319453582
-6766.470286026594 474.71508966271057 -1410.1780739414605
-6880.759264709779 -775.5985283890674 229.51168190489736
-6383.662587008825 -1956.9968135354006 1848.8083176185833
-5021.347305045232 -3427.5110497143105 3322.2456252451957
-3420.081487590556 -4030.1597375731762 4478.831527992991
-1514.926421183071 -4274.711046683962 5237.453594450181
524.8365058916695 -4139.435520036429 5530.704924853949
2517.9654062108298 -3636.3529818200836 5332.528851585641
4287.362030278957 -2810.1645232968176 4660.53418843654
5675.80772317846 -1734.2806146747237 3574.43061022742
6559.932992001619 -504.29826267364297 2170.7231861692053
6861.1794266936395 770.493203042419 574.1374809581125
6552.77995953396 1976.8229664144633 -1073.4628589969818
5662.137236568477 3007.5033340758796 -2625.681313116027
4268.38877225392 3770.9538322936446 -3944.5964599520325
2495.3752340089723 4199.338533953813 -4913.016900744885
500.63665544847765 4254.593578378559 -5444.894229487001
-1538.58568695638 3931.809312387979 -5492.968811414433
-3441.0979391030805 3259.6665345307597 -5052.969008951106
-5037.853538350899 2297.888080269508 -4163.990735453213
-6186.973742460145 1131.9321859605488 -2905.0236117379213
-6786.354178464721 -134.6008504735621 -1387.9323916336002
-6782.737264287931 -1389.174010657001 252.48271230835272
-6176.444378626928 -2520.3129637038483 1870.4636192596006
-4683.188054449428 -3860.9834999546824 3340.6036592208047
-3030.6454459669803 -4316.6613156628455 4492.293402590605
-1108.8166898418726 -4388.784830118194 5244.823163035346
911.5352951375767 -4070.9455525525377 5531.327368917041
2850.8933689372857 -3391.3848975922883 5326.348864240112
4536.937055967421 -2410.484811633485 4648.100888678463
5819.853975554542 -1215.4025719226704 3556.8487513029436
6585.651329405141 87.67352000982979 2149.554993400483
6766.284661983237 1382.9594349404986 551.2638411677348
6345.703908992967 2555.363335059225 -1096.0095225343348
5361.279516025738 3500.7119888306415 -2645.8976304006533
3900.481910472021 4135.007019772918 -3960.686122475346
2093.109370189903 4401.888530828962 -4923.5502713833675
99.75487690722981 4277.642928551207 -5448.935372034489
-1902.4632749557074 3773.309979944879 -5490.15865262132
-3735.6392160162395 2933.7018807223544 -5043.557243758344
-5236.887219151081 1833.421495058979 -4148.813640501019
-6272.814811163314 570.2335637218961 -2885.4297385163877
-6751.375279409277 -743.6221221806269 -1365.6627417647596
-6630.046426157321 -1991.4037191954799 275.4493827049098
-5919.608852461782 -3062.240356628527 1892.08662073153
-4307.764988728645 -4261.455318263508 3358.9040058606793
-2617.443694185456 -4565.844248660235 4505.677701856248
-694.5510409513819 -4464.537880686049 5252.102161201002
1290.0555202582473 -3966.537729711119 5531.854295052333
3160.034987177522 -3116.0932945872387 5320.076898645542
4749.231477900934 -1988.7702954891063 4635.587323021177
5916.437910153811 -684.7363280620606 3539.205470806471
6557.942870229397 680.1394670291814 2128.349680963218
6616.745827226833 1984.5818857319766 528.3806818576659
6087.621880364367 3112.685494693343 -1118.5372595913896
5017.58601434292 3964.213337655902 -2666.068256905838
3501.7156116335946 4463.503428904029 -3976.7073897463347
1674.7024098047298 4566.191652731874 -4933.998619514962
-301.1154504457729 4263.153709812464 -5452.882419443374
-2250.1778815007237 3581.3158512343225 -5487.2536868238785
-3999.302133041377 2581.262362928255 -5034.058383713908
-5393.070839412976 1351.8523859927027 -4133.564901609605
-6307.641534601165 2.3243920552170003 -2865.7860381464943
-6661.750598811089 -1347.4101343167843 -1343.3695088992022
-6423.9338877056725 -2577.421357242766 298.41129649378075
-5615.322459708075 -3578.4173817504047 1913.6769486368887
-3898.26982981613 -4625.737953955503 3377.1463491445606
-2184.0270515383704 -4775.760089744589 4518.984194662659
-275.72388528652994 -4501.434983481915 5259.290463249509
1657.0785581673208 -3827.1376247148282 5532.2856941605805
3442.6422997585664 -2812.782292874977 5313.713063109599
4922.312165229338 -1548.4989106214273 4622.9937075556445
5964.612993608355 -146.6246046836078 3521.5010734116363
6476.931782232283 1268.277940831858 2107.10761504205
6413.7467584579 2570.4884255582847 505.4883981865792
5780.672188930471 3644.2997332712443 -1141.045681147124
4633.959527354515 4394.2990169370705 -2686.1928443143806
3075.49922597667 4753.845548884434 -3992.659985101176
1243.7673217647523 4690.992041905839 -4944.361764711982
-698.4787671689745 4211.323305924403 -5456.7353035539145
-2578.6619524161338 3357.4600131236607 -5484.253964186618
-4229.719706919532 2205.2716641862994 -5024.4725928492335
-5504.948303643938 857.1352502106777 -4118.244782102392
-6291.038085521851 -567.1613922222547 -2846.092849846195
-6518.141525735232 -1941.0632560094368 -1321.0530780084443
-6166.079486994098 -3142.493131284413 321.3680571563323
-5266.134226439387 -4064.6987012408135 1935.2342301422973
-3458.165710018075 -4950.949234373308 3395.330374053915
-1734.1038093684747 -4944.79617483457 4532.212651226189
144.04082473278396 -4499.276275281177 5266.387945049414
2009.386799443771 -3653.9759339203324 5532.621558792154
3696.1899389754262 -2484.003795621411 5307.257467526408
5054.5703819667415 -1093.3170192104221 4610.320259755171
5963.830064903559 394.5157723001405 3503.7358648474615
6343.177274736531 1847.2941061379136 2085.8291624564354
6158.905347134182 3135.932251928618 482.587385470703
5427.387651528011 4145.929055323483 -1163.5343985140084
4213.622745385173 4787.541868042858 -2706.2710451041235
2625.4589671360172 5003.76057600519 -4008.543633061869
804.0116380199086 4775.373198147851 -4954.639528018084
-1088.8756534812217 4122.672955254968 -5460.493957832449
-2885.011564718439 3103.655128235412 -5481.159536510359
-4424.801537765705 1808.86392290595 -5014.800036696888
-5571.4284762607795 353.34721995770764 -4102.853546535412
-6223.009544828926 -1133.5659341225164 -2826.3505136880285
-6321.648906111442 -2519.756780383759 -1298.7138344645607
-5858.582019986663 -3682.0561789374474 344.3192682629253
-4874.954411422355 -4517.188727555119 1956.7580929849873
-2991.15795078176 -5234.536330120872 3413.4557665772286
-1271.5081490680698 -5071.688121284791 4545.362843110745
561.1207316119531 -4458.198166135814 5273.394484037591
2343.8915728504694 -3448.5777394452607 5532.8618831471595
3918.397361842441 -2132.5360467708797 5300.7102233746555
5144.73634963113 -627.0091678606086 4597.567198471651
5913.942935451508 934.2302271985071 3485.9101518931025
6157.669738545913 2412.459166769231 2064.5146906540936
5854.260562881948 3676.3305224698024 459.678039177003
5030.674645206593 4613.543777938172 -1186.0030233448233
3760.091208552598 5140.823422533333 -2726.302512553897
2155.4071671301913 5211.318345904412 -4024.358059341074
359.20574005971537 4818.764764748002 -4964.831731951331
-1468.9126933634982 3998.042787442861 -5464.1583173725185
-3166.5117877641565 2822.077163351652 -5477.970457231337
-4582.752413813882 1395.3575988149973 -5005.040882287761
-5591.7953768185325 -155.34561180234334 -4087.391460692773
-6103.982781403028 -1692.245683088062 -2806.559370593244
-6073.804528972631 -3078.7822991335224 -1276.352164033591
-5503.942089690859 -4191.755596887411 367.26453347968953
-4445.030242088039 -4932.273014641388 1978.2481654794146
-2501.1629115936503 -5474.295948768643 3431.522213715532
-800.1675912979202 -5155.529370410707 4558.434543231768
971.9261309622931 -4378.6713828237735 5280.309959221368
2657.6599512589173 -3212.7492273900834 5533.00666307555
4107.249021937561 -1761.360204185052 5294.0714437156685
5191.8909926516335 -153.46659723619803 4584.734743931773
5815.210664430246 1468.063190354125 3468.0242423725294
5921.823349042573 2959.149120992331 2043.1645677047366
5502.256041598735 4187.301666218312 436.7607549163833
4593.789138605919 5043.394082730106 -1208.451167639304
3277.1439111363825 5451.358802420939 -2746.286900749633
1669.3100656532094 5374.946369622605 -4040.102990846795
-86.84930480985092 4820.946364319655 -4974.9382005072885
-1835.2917334086246 3838.5841181722612 -5467.728318895994
-3420.660437448926 2515.1468277763242 -5474.686781420283
-4702.088450300817 968.2277041924036 -4995.195298148163
-5565.71526956821 -664.722699906344 -4071.858791582051
-5934.8038623952825 -2238.6095750308436 -2786.719762325916
-5776.559087590769 -3613.58616543756 -1253.9684528688651
-5105.0416878418055 -4667.4797670834505 390.2034565754881
-3979.918931021644 -5306.647308526404 1999.7040765234638
-1992.2751705930068 -5668.391596155992 3449.52940348771
-324.06975193414144 -5195.777701167477 4571.427525860135
1372.9306863407448 -4261.496156135348 5287.13425118061
2947.940208127185 -2948.5619763627305 5533.055896077187
4261.012305598972 -1373.6351254392127 5287.3412431914485
5195.4747605738075 323.34523447807004 4571.823117733277
5668.296483106209 1991.5949513348055 3450.0784451491922
5637.4651882052085 3482.8827167949244 2021.7791622937389
5105.720371723692 4664.701068488754 413.83592843678576
4120.309894129717 5432.040259543904 -1230.8784437508546
2768.7918007601716 5716.718835422534 -2766.223864590145
1171.2544052504093 5493.441855366479 -4055.778155687114
-530.3540841311866 4782.04845888859 -4984.958759162025
-2184.838285717128 3645.7490711644555 -5471.203900754176
-3645.1900176122085 2185.5088793610867 -5471.308565781473
-4781.650619789541 531.0766326787331 -4985.263454296922
-5493.2405804704595 -1170.5441034085575 -4056.2558074297517
-5716.732008887342 -2768.156859059789 -2766.832031487041
-5432.266710849379 -4119.8067299272725 -1231.5630875043264
-4665.12067644264 -5105.393693366673 413.1356414287426
-3483.4581973890695 -5637.344022499248 2021.125455604983
-1468.7333117680575 -5815.367768998251 3467.477024935954
152.77131455448793 -5192.258667883719 4584.341566626035
1760.7015391529892 -4107.794598275857 5293.867242069785
3212.1857052863115 -2658.3349518515047 5533.009581301889
4378.25307506014 -972.670579044387 5280.519738022712
5155.2934454677425 799.4198432053838 4558.832542841027
5474.263369612878 2500.4783041901565 3432.073070120818
5306.820969958794 3979.3582946793413 2000.35884371577
4667.8442385236385 5104.654837559997 390.9039556164101
3614.109061998604 5776.380396714681 -1253.2844643932465
2239.244435058594 5934.849208393414 -2786.113059793291
665.4131133013182 5565.980623249625 -4071.383283174887
-967.5430836901564 4702.550233826452 -4994.893234875163
-2514.5288317028626 3421.277619326014 -5474.585002928855
-3838.087658190746 1836.009474318924 -5467.835868651745
-4820.615553078119 87.60383032373096 -4975.245522242446
-5374.810601151596 -1668.5857984388242 -4040.58277767654
-5451.430140344923 -3276.514256541902 -2746.8965215086223
-5043.666188361472 -4593.31004420525 -1209.1364548478284
-4187.75036177759 -5501.970077031856 436.060692034148
-2959.734537910009 -5921.755923516176 2042.5119328080482
-934.8846045841331 -5914.160968171354 3485.3647681311063
626.3489007674276 -5145.16594086911 4597.176442522897
2131.9285575989084 -3919.0003405318257 5300.50881561999
3448.0770062733627 -2344.614361688553 5532.867719549444
4457.848681303707 -561.8991076386183 5273.607046006869
5071.52093805351 1270.7433479786475 4545.763243583241
5234.566303454194 2990.474680562678 3414.0084282138196
4932.497481277107 4444.48921429674 1978.9039818683716
4192.154611979891 5503.591377020849 367.9652324568628
3079.3204084407507 6073.675293783721 -1275.668842647288
1692.8750732366132 6104.0865068088915 -2805.9541429017163
156.01035871551932 5592.122846361672 -4086.9181038323786
-1394.7165608176424 4583.274530388308 -5004.741456092852
-2821.516793309332 3167.1821590209597 -5477.871567033341
-3997.612876692989 1469.6717538746186 -5464.268749999498
-4818.503512747315 -358.4254361517362 -4965.141674979756
-5211.2489660396695 -2154.6749532519048 -4024.8399729727066
-5140.952079509988 -3759.4721451203404 -2726.913576647739
-4613.85904001924 -5030.223738723067 -1186.6889421744934
-3676.8043772358806 -5854.01787836697 458.9782125096076
-2413.0495101448673 -6157.656839583642 2063.8631388195195
-395.14887048610876 -5964.107448582156 3503.192324178041
1092.6972770955442 -5055.058554758102 4609.931931911193
2483.4524763842765 -3696.8455245846785 5307.058857140987
3653.542024694544 -2010.151546212578 5532.6303132695975
4498.998330805629 -144.84678155469686 5266.603286515985
4944.698891695648 1733.3282552939284 4532.615445647591
4951.041256604836 3457.489470073948 3395.8848313781386
4517.461878577996 4874.43757249527 1957.4149472456138
3682.4861880845815 5858.27050548342 345.02015507631876
2520.305439455381 6321.570395462707 -1298.0311919675346
1134.1844923523197 6223.171014050379 -2825.746771289008
-352.71372418291014 5571.815578103496 -4102.382349395994
-1808.271778465792 4425.379876532198 -5014.503252750723
-3103.156949761996 2885.7297524713026 -5481.063536313486
-4122.313008091873 1089.6698760869062 -5460.607271423651
-4775.183465180126 -803.211950725318 -4954.952086987512
-5003.757915839645 -2624.7248708780107 -4009.027665173449
-4787.726517046876 -4213.019467837799 -2706.883541980605
-4146.284606622723 -5426.968796548813 -1164.2209371199858
-3136.4271132298713 -6158.708131826142 481.8878071031248
-1847.8843068428444 -6343.219222545256 2085.1787049353466
146.01816314408094 -5964.947648715474 3520.959385220926
1547.9248854712189 -4922.855095401025 4622.6078145223
2812.291688767804 -3443.3452632664 5313.517253523126
3826.774033978534 -1657.8790936188013 5532.297366562007
4501.230712749041 274.8969089794098 5259.50858049475
4775.733289366169 2183.2471148495742 4519.3893760773
4625.891005262771 3897.606233543221 3377.7025925817647
4065.01800495347 5265.645934023309 1935.8921109316686
3142.9503158663574 6165.809885358862 322.0691197026811
1941.617698604232 6518.1145701692685 -1320.3711261889432
567.7638281721925 6291.256171145477 -2845.4906031654286
-856.5383499834514 5505.392052592454 -4117.775752820816
-2204.733336886448 4230.349690151491 -5024.178456276836
-3357.028091494183 2579.4221931567427 -5484.160855648651
-4211.036168097531 699.3017146921759 -5456.851496152575
-4690.875201337578 -1242.9547899578374 -4944.676934224983
-4753.90938737202 -3074.769306902845 -3993.1461273341774
-4394.537862150734 -4633.377077526664 -2686.8067633965943
-3644.692362765583 -5780.2889615718595 -1141.732827673928
-2570.999952479718 -6413.596805001085 504.7890801995496
-1268.8629137685919 -6477.028426699969 2106.4582630668842
684.1617173586404 -5916.827270552975 3538.6656444486325
1988.2468184131442 -4749.8248817520325 4635.203871462274
3115.6674643742167 -3160.7797079442184 5319.883893239359
3966.2473832441556 -1290.885386232309 5531.868885176176
4464.408816522899 693.7097670035447 5252.323050458346
4565.88793471819 2616.6657631459693 4506.085263267234
4261.667872844592 4307.119523184343 3359.462025805335
3578.77991844734 5614.866812105049 1914.335844594385
2577.901663079037 6423.708544333082 299.11252266671914
1347.9655320110517 6661.775582416482 -1342.6882595335624
-1.7432520254234003 6307.914625281553 -2865.1852975839133
-1351.2971404692926 5393.567771862977 -4133.098048285344
-2580.7823479126355 3999.9787526320724 -5033.766899594584
-3580.95371816716 2250.9740676121687 -5487.163471552664
-4262.941635805979 301.96045844792445 -5453.001489043014
-4566.148481492196 -1673.8836625810434 -4934.316394129014
-4463.63299638527 -3500.9958744722435 -3977.1956337058073
-3964.5041312187345 -5017.029239049264 -2666.683587592257
-3113.1116760536156 -6087.277538866537 -1119.2250021730074
-1985.1055868055473 -6616.644515778056 527.6816363273656
-680.7141546774297 -6558.093590796497 2127.7014457473256
1214.8647190191327 -5820.295008355215 3556.310796100012
2410.0163122605945 -4537.576224314962 4647.719885215651
3391.0273799753554 -2851.6738799190007 5326.158666347141
4070.73078370074 -912.3877969275665 5531.344876511352
4388.731893186512 1107.9679457687732 5245.046820490359
4316.774914329976 3029.8758742463365 4492.70333695994
3861.2535404805276 4682.5660349058435 3341.16344603677
3062.6428447273174 5919.189654261378 1892.7465204789546
1991.9028920333417 6629.86729689983 276.1507603953027
744.173626060317 6751.45213551532 -1364.982206617153
-569.6787323403086 6273.140823630581 -2884.83051444589
-1832.9126353785623 5237.433420341196 -4148.348971195925
-2933.284207158826 3736.357073556492 -5043.268417125599
-3773.0206046272942 1903.289004053374 -5490.0713321747435
-4277.507563746437 -98.89464590613575 -5449.057316578959
-4401.919204293948 -2092.29107258486 -4923.87064561097
-4135.201006035691 -3899.7782555963017 -3961.176459730017
-3501.052051360433 -5360.753026703033 -2646.5143620654558
-2555.81925780795 -6345.401366109992 -1096.6978492944277
-1383.4907071711552 -6766.232947802846 550.565080165657
-88.23293585323232 -6585.855038959203 2148.9078861379694
1733.784157276351 -5676.296952554672 3573.8945354690627
2809.754992381403 -4288.041866084459 4660.155639649201
3636.066766006673 -2518.775442050868 5332.341464490322
4139.2980508560695 -525.7047665270936 5530.725349616396
4274.734538876607 1514.077084519976 5237.68001624063
4030.3421037544194 3419.326542189623 4479.243828241717
3427.8360858486453 5020.753831118343 3322.8071692657504
2520.7517889043197 6176.065108936918 1871.1245114014298
1389.6876333788348 6782.605898611121 253.18422940443904
135.1436330839141 6786.482389218003 -1387.252582455823
-1131.4084720785916 6187.350137555435 -2904.4259145072165
-2297.4299693926137 5038.444673432215 -4163.5282581914535
-3259.3147318207316 3441.851289224297 -5052.682844792553
-3931.595077059473 1539.43431365319 -5492.884387300393
-4254.535946180668 -499.7681563822446 -5445.01904687049
-4199.442625760234 -2494.5640325266263 -4913.339869053641
-3771.2103990905734 -4267.706947167129 -3945.088882034483
-3007.889578777469 -5661.6453710283495 -2626.2994351091643
-1977.3045694839923 -6552.521757952212 -1074.151758049171
-771.0273719336673 -6861.177831413919 573.4390165508615
503.7589912108183 -6560.188144771527 2170.0772180346285
2236.686739197744 -5486.1677224945415 3591.416558910367
3184.1816192122815 -4003.461735356667 4672.510920015619
3848.747988808913 -2165.0306041299277 5338.432180901028
4171.33620964752 -134.22700264593865 5530.01031518963
4123.282902651498 1908.5032570686938 5230.222764923075
3708.8578150259136 3781.6546270641215 4465.706969538562
2964.884434480839 5318.789387926929 3304.3935124782997
1957.4680607511 6383.326370549663 1849.4701907422461
776.1220596165357 6880.67679238267 230.2133262925035
-474.1857924705104 6766.648885859727 -1409.4990024728622
-1682.3601559664899 6051.37453087861 -2923.97115938404
-2741.0494366889043 4798.408992809199 -4178.635647147859
-3556.184446064174 3119.0837582576796 -5062.010020022081
-4055.3368613482526 1162.6142439113412 -5495.602588352266
-4194.15479994885 -897.1586480551372 -5440.88674965262
-3960.303678828811 -2877.2150570259887 -4902.724246308117
-3374.56219633839 -4601.618281729793 -3928.9331784281503
-2488.976053681021 -5917.147528232685 -2606.0391558055762
-1382.2334659625965 -6706.912249877867 -1051.587117775222
-152.6733689617394 -6900.738385321782 596.3030504835182
1090.4524268674052 -6481.403631838258 2191.2090758739537
2719.483551005886 -5251.61840873875 3608.876563844246
3530.2390971518785 -3686.363162086061 4684.785512957312
4027.3174073168057 -1793.5583711437723 5344.430710401502
4166.550892250296 258.6119519759098 5529.199785578654
3935.5680457999233 2287.803468262686 5222.675195313544
3354.8927075243237 4113.713606534172 4452.092994612229
2476.120429481036 5574.102238130276 3285.922793651312
1377.3339850028387 6539.20742432373 1827.7839324398187
156.1653716264999 6923.275334026907 207.23844773337188
-1078.879220339293 6692.179848008419 -1431.7210825051254
-2218.060658994477 5866.454814346837 -2943.465911558576
-3160.1576742991233 4519.469525917619 -4193.67087718265
-3821.460812118764 2770.90953674525 -5071.249781747532
-4143.210386577084 776.1420752968927 -5498.225888391015
-4096.817536008731 -1287.5890155849966 -5436.660496284072
-3686.404468778374 -3236.9121719408286 -4892.023960690678
-2948.4381869775007 -4898.6214768646405 -3912.709627896361
-1948.4902332557958 -6125.066766322765 -2585.7338740200466
-775.4103715007989 -6807.272994180307 -1029.0043181308918
466.5681045944258 -6884.623143279451 619.1567871352842
1667.0899570960266 -6350.244313427191 2212.3030947396746
3178.26344023624 -4974.72143194803 3626.274248761971
3845.1195234611937 -3339.5387304490973 4696.9792065100255
4170.319862997522 -1407.6233574254181 5350.3369494059225
4124.968981559241 649.365528158815 5528.293774780127
3713.096503981204 2648.6554368725015 5215.0374377474855
2971.299107368815 4412.6006865871295 4438.402138556131
1965.4887457353484 5784.467000919316 3267.395331747098
785.0360836380122 6642.358037504498 1806.0661109841058
-465.17047956468474 6910.046412949284 184.25999046957477
-1674.044604291044 6563.7468403643015 -1453.918438809843
-2734.1725195023705 5634.229556484396 -2962.9098343849873
-3551.357207637458 4204.086251101678 -4208.633688659407
-4052.9882229995487 2400.3914329799186 -5080.4019704117045
-4194.493448502261 383.4113020936249 -5500.75424211608
-3963.2995238742355 -1667.6366055564727 -5432.340359746056
-3379.9490438964935 -3570.5076825001906 -4881.239196979581
-2496.275258706486 -5156.123482938862 -3896.418510596088
-1390.796462056855 -6283.595084643225 -2565.3839403951215
-161.73929634374457 -6852.741687974182 -1006.4037490880768
1081.6891156307242 -6812.992119567071 641.9998318555577
2229.0047027669125 -6167.878303012961 2233.3589103689783
3609.324845310474 -4657.892450649834 3643.6093132309575
4126.2870713035345 -2966.0219597643304 4709.09179010652
4276.610583098716 -1010.607401580802 5356.150795922173
4046.938476989158 1034.604059210719 5527.292298439529
3457.6781275021117 2987.8864090562815 5207.3096241177955
2561.187902615982 4675.6819393336045 4424.6346377913105
1437.1248929944306 5948.022610408929 3248.811446707774
185.36702991160124 6691.855370082127 1784.317101410036
-1082.8615072486573 6841.087413399929 161.27835130542732
-2254.873047430465 6382.458818419507 -1476.0906880711182
-3226.5292220006627 5356.720748463328 -2982.302592095214
-3911.4941158058227 3855.0145324243963 -4223.523823192276
-4248.90559211245 2010.7733577269219 -5089.466427969706
-4208.783160544814 -12.133853938161089 -5503.187605866493
-3794.691875222084 -2033.9629194322872 -5427.926414641004
-3043.4255640548718 -3875.0654536355805 -4870.370141411937
-2021.737535668275 -5371.851416838717 -3880.0601078510877
-820.4092549884966 -6391.3248076740865 -2544.989706344326
453.81598830370183 -6842.900941480653 -983.7858009255262
1687.7176894964707 -6686.4552970605 664.8317901784048
2771.6582675503814 -5935.8887564707575 2254.376159158719
4009.2058124578252 -4303.8694744169115 3660.881457900029
4371.498519729237 -2569.0610237547708 4721.123054580206
4345.36439951743 -605.9802269934142 5361.872149553652
3933.1255830909226 1410.9445722367202 5526.195373850892
3171.4112983694504 3302.5007543953743 5199.491887872521
2127.9032022786005 4900.615251740143 4410.790730062347
895.3215685159253 6063.288577971969 3230.171459449856
-416.813315663403 6687.212105747344 1762.5372792912517
-1691.9125075909005 6716.947491580103 138.29392710020593
-2816.6778483832277 6149.852615947414 -1498.23744740663
-3691.1690015595577 5036.316347204109 -3001.6438498046414
-4237.683590518956 3475.2812695014713 -4238.341023650429
-4407.661395692617 1605.4521999829392 -5098.442997891662
-4185.999143155546 -407.02834291495236 -5505.525937621628
-3592.392496794432 -2383.3426313304276 -5423.418737191292
-2679.586012138333 -4147.8864678253085 -4859.416981680399
-1528.6865511342025 -5543.87238895398 -3863.634702147017
-241.95658153134795 -6447.260919440835 -2524.5515240462314
1066.2722921494947 -6777.782023896824 -961.1508642220995
2279.7581934140007 -6506.0674517230855 687.6522678292941
3290.677574639613 -5656.260235057013 2275.3544781717633
4374.71195548522 -3915.689361812244 3678.0903845045273
4578.8212636202625 -2152.090734172329 4733.072792168752
4376.08220865649 -197.26940050657106 5367.500911500945
3784.5090453331413 1775.0801850966561 5525.003019956498
2856.665645287519 3589.706106443029 5191.584364012516
1674.9949663874283 5085.37088706611 4396.870654433307
344.4936341294592 6129.178147590829 3211.475691858634
-1016.6174693063222 6628.3810322468225 1740.7270207333795
-2287.3976492419406 6538.6231740166395 115.3071147612757
-3354.932509963184 5867.879952499898 -1520.358334374331
-4124.3668942953755 4675.749846436503 -3020.9332735181188
-4527.33318058342 3068.158847326988 -4253.085034162509
-4528.026045902201 1187.9484702391346 -5107.331525165302
-4126.383926127572 -797.8163416554172 -5507.769197001917
-3358.0944861789003 -2712.691670434576 -5418.817405237909
-2291.42361437832 -4386.532439844286 -4848.379906930015
-1021.1496986933105 -5670.610551993301 -3847.142577126608
339.8578489622476 -6450.830031533182 -2504.0697464383725
1670.667535295887 -6657.864953770014 -938.4993298500221
2853.0310795147784 -6273.319357305273 710.4608707319893
3781.8902919981106 -5331.361805935399 2296.2935051432873
4702.942131464714 -3496.6619037681976 3695.2357958714706
4746.648658183173 -1718.7030289056897 4744.940796517681
4368.59462129752 211.97015247906427 5373.036984563566
3602.371781047847 2123.8088556003936 5523.715257346551
2516.062399303895 3846.9378217199705 5183.587189089145
1206.1898318238077 5228.249480371163 4382.874651283456
-210.85799549068494 6145.008228896415 3192.7244667826512
-1609.1701645707788 6515.7560293597935 1718.8867023676441
-2864.5005028018018 6307.5503126901895 92.3183112372267
-3865.3074007054765 5538.891070509436 -1542.4529669788508
-4522.664773434339 4278.077049690811 -3040.170530135515
-4778.163533656103 2637.1371089752497 -4267.75560012101
-4609.101495287225 761.8759632416318 -5116.131856298787
-4030.5005623533207 -1181.0812052635645 -5509.917345269554
-3093.771966893943 -3019.0941255915964 -5414.122498239124
-1882.1481553813635 -4588.8472837845 -4837.259107754898
-503.28722059204216 -5750.861222988505 -3830.584017584715
920.2929923864956 -6401.885905291202 -2483.544727211031
2262.101134352198 -6484.074930695214 -915.8315889681436
3402.9116634633992 -5990.125443612801 733.2572050153068
4241.35855784401 -4963.927023632853 2317.192878486906
4991.311624824189 -3050.341712672408 3712.317395924713
4873.712575332472 -1272.6162167467285 4756.726862683932
4323.062775587101 618.1868148211704 5378.4802731416585
3388.2898767823203 2454.0612350240176 5522.33210825883
2152.452553160201 4071.8815450246657 5175.500501201911
725.3603743073492 5327.89731059203 4368.802962303343
-766.1832569942657 6110.506019021045 3173.9181080281196
-2189.648143572131 6350.169452146058 1697.0167013443627
-3418.553183480967 6025.592462188254 69.32791351107299
-4343.704770963998 5165.6151390880295 -1564.520963678252
-4882.899127512443 3846.6502419512 -3059.355287457564
-4988.226468331541 2185.8935900704455 -4282.35246818675
-4650.327996968075 330.9107000758974 -5124.8438393232755
-3899.22747544572 -1553.475057798061 -5511.970345329161
-2801.6634812520833 -3299.8277394736556 -5409.3340972691085
-1455.159391851511 -4752.976245441512 -4826.054776195004
20.641995376869996 -5783.801953909183 -3813.9593094634265
1494.6092507301269 -6300.711476975216 -2462.9768208012597
2835.773915171329 -6257.775135095106 -893.1480330151696
3924.9676226607166 -5658.808010667935 756.0408770199168
4665.41073243999 -4557.030961222987 2338.052237301045
5237.572653429937 -2580.49815517144 3729.3348896900166
4959.093073046036 -817.6432408988769 4768.4307871393885
4239.976310500474 1017.8628634958318 5383.830683237578
3144.119045937422 2762.92738565125 5520.853596578292
1768.893006403633 4262.4936846844785 5167.32443999608
236.4930605917761 5383.318714188058 4354.65583049041
-1316.9203314863444 6025.812251630956 3155.0569403533286
-2753.3195729022314 6132.8859266749405 1675.1173953265143
-3945.07428752182 5695.025773407261 46.33631859333376
-4786.291839021752 4751.137587963369 -1586.5619433904742
-5202.22635632881 3385.0899778050634 -3078.487214191599
-5155.920232281718 1718.2622678960965 -4296.875386293179
-4651.487969213123 -101.24058498524964 -5133.467323795584
-3733.750587361217 -1911.747767603619 -5513.928161728434
-2484.253080527711 -3552.387771503505 -5404.4522850165395
-1014.0187855242194 -4877.382532508369 -4814.767105732715
546.3155285212517 -5769.000451459167 -3797.2687398471066
2058.107310391386 -6148.017363456321 -2442.3663823867
3387.027225878072 -5980.755952580573 -870.4490537029131
4414.9949086213455 -5282.078129202838 778.8114933051507
5050.6709188475825 -4114.06448402733 2358.8712213751332
5439.832032859812 -2091.0835824310016 3746.287983300186
5002.2251032994 -357.65923099391915 4780.052367774406
4120.148521407516 1407.5447126786949 5389.088122457571
2871.978662414648 3047.6821317214967 5519.279747836673
1368.6208957954407 4417.019618828144 5159.059146660263
-256.34484350907195 5393.885529030585 4340.4335001449235
-1858.533218516969 5891.481039301885 3136.1412894630394
-3295.582761020975 5865.5926048925185 1653.1891624829666
-4439.805312781489 5318.520526809288 23.343923515187093
-5189.531678736693 4298.87455997614 -1608.575525500072
-5478.145381151472 2897.254723188831 -3097.5659799572236
-5280.001826005906 1238.2010898532724 -4311.32410365076
-4612.706937713335 -530.872144071766 -5142.002160800739
-3535.5527954739773 -2252.775058301944 -5515.790760658745
-2144.249271838848 -3774.509022461519 -5399.477145783166
-562.4197905179165 -4960.861295815354 -4803.396291289586
1069.3831573291488 -5706.419272654791 -3780.5125969574915
2606.166718736823 -5944.936854910335 -2421.713767879456
3911.380930210472 -5655.220708681414 -847.7350430094947
4869.05178122241 -4863.013384958848 801.5686606557931
5394.086013990956 -3638.7059809999178 2379.6494711957357
5596.565858991858 -1586.2001251829467 3763.176384000077
5002.902209287929 103.43138121822953 4791.591403901297
3964.708743414013 1783.872555497062 5394.252500013363
2574.2335068500606 3305.808824824151 5517.610589212034
955.026326364777 4534.0094727625665 5150.704763923969
-749.0391342819994 5359.343481873171 4326.136216865712
-2386.549180743723 5708.476303527864 3117.171482002856
-3812.003859297812 5550.385954378466 1631.2323814822907
-4898.745266249874 4899.119455714977 0.35112532164837107
-5550.211658506134 3812.544693979589 -1630.5613298647306
-5708.517388201434 2387.2086051073106 -3116.5912552920768
-5359.596296539098 749.75855557882 -4325.698370751284
-4534.4515537283 -954.3108318740922 -5150.448202954608
-3306.4008912558866 -2573.585513990835 -5517.558109955741
-1784.561999694044 -3964.185829195519 -5394.408765482366
-104.1569430380418 -5002.550836933203 -4791.942529222929
1585.502915092088 -5596.417249476608 -3763.6911701486238
3134.2838813513586 -5693.017429931442 -2401.019333919953
4404.569970174307 -5283.768028341372 -825.0063931726847
5283.49068801031 -4405.0326499991 824.3119860888871
5692.950071999616 -3134.8907895370126 2400.3866279529066
5706.631094075157 -1070.065332233002 3779.9998001517424
4961.2771881134395 561.7279042716481 4803.047696257798
3775.0920317814825 2143.609151379488 5399.323726723712
2253.4733817072774 3535.0213183133865 5515.8461495283045
531.623732463299 4612.33132792963 5142.261436055176
-1237.4630184023465 5279.815458176671 4311.764227545934
-2896.5957495659345 5478.164814876218 3098.147845553588
-4298.353236879535 5189.755187243691 1609.247431485906
-5318.1831760838995 4440.213036359034 -22.64167893534649
-5865.469201630729 3296.1384716399293 -1652.5189768217879
-5891.582548425049 1859.187538850184 -3135.562711657536
-5394.202931007645 257.03963432346916 -4339.9979393722
-4417.524711100533 -1367.947369712771 -5158.805304406402
-3048.3300346242836 -2871.386246811829 -5519.230179099885
-1408.2778571956217 -4119.689855010691 -5389.24723163765
356.90598797045567 -5001.940940630698 -4780.406017322471
2090.377169849208 -5439.747623019391 -3746.8047499019294
3638.1091667177525 -5394.208857163567 -2380.2834378707803
4862.579198544331 -4869.370962253085 -802.2634966829753
5654.987729502892 -3911.8680884639193 847.0410768604605
5944.925784190223 -2606.778568064363 2421.0823335463265
5769.273967396693 -546.9769401115983 3796.757941239411
4877.859720729627 1013.3663085209105 4814.421047010507
3553.026231740901 2483.667513556564 5404.301715015954
1912.4907698632405 3733.283960617312 5513.986459254773
102.02211025569738 4651.1817445304205 5133.729308857792
-1717.5116615646998 5155.801619067102 4297.317780368806
-3384.436985079294 5202.305893886943 3079.0707086255943
-4750.640230112537 4786.562460091542 1587.2346921417347
-5694.728242859008 3945.5119462336265 -45.634092203634864
-6132.81466032418 2753.885381358868 -1674.4480871947903
-6025.973581805694 1317.564015123409 -3154.4800214443103
-5383.698305994294 -235.8286958901508 -4354.222562580889
-4263.0578097244015 -1768.266992356738 -5167.073320841209
-2763.625918939469 -3143.5870066405128 -5520.80693921699
-1018.6337372841552 -4239.585519979945 -5383.992633381147
816.8685221293846 -4958.878254754544 -4768.786954806877
2579.7884285832483 -5237.552894915413 -3729.853627821167
4113.482811942443 -5050.84797574075 -2359.5064378105044
5281.676195738573 -4415.353048640261 -779.506746276911
5980.569471289111 -3387.534626710376 869.7555404723984
6148.062904018766 -2058.7188872464044 2441.7362305914257
5784.135128292994 -21.27706814953533 3813.4505178745285
4753.510996492835 1454.551749482691 4825.7112597583055
3300.5165522148395 2801.1372609781965 5409.1863789275185
1554.2567281942775 3898.829434247354 5512.0315505055705
-330.10562686968404 4650.093502552494 5125.108529669163
-2185.1366483415695 4988.17635655662 4282.797124803327
-3846.0086892940917 4883.037851029307 3059.940400653091
-5165.145980271684 4344.020003579385 1565.1945435775674
-6025.337384032357 3419.016915393636 -68.62571743795739
-6350.15111946416 2190.2191701665615 -1696.348282300113
-6110.726060752384 766.8108400516813 -3173.342857978073
-5328.3361750631375 -724.7319982957383 -4368.371994738927
-4072.50023720135 -2151.8792181606113 -5175.2521094824915
-2454.8047813913304 -3387.822526125476 -5522.288363078717
-618.9891480213041 -4322.742935429839 -5378.645061452079
1271.8263875395571 -4873.568664876335 -4757.085542320334
3049.6345672492866 -4991.356431144743 -3712.838096627409
4556.469332558111 -4665.640274299026 -2338.6886925274835
5658.4418019327995 -3925.361504256751 -756.7365349302447
6257.63688554293 -2836.2971383960203 892.4549846791592
6300.813470685405 -1495.2153249038088 2462.34796242564
5751.251516355736 502.6838625973401 3830.077241800694
4589.43538493641 1881.5904196140225 4836.918139535739
3019.827779160016 3093.309410624459 5413.977634107406
1181.8952229093145 4030.174285736152 5509.981457039106
-761.053910558614 4608.940489431633 5116.39924735753
-2636.380064243339 4778.1821046389205 4268.202511599962
-4277.452279656694 4522.861271142249 3040.7572519885284
-5538.454088732423 3865.6643654548066 1543.1273663944771
-6307.339946918808 2864.9862167080673 -91.61615760659772
-6515.790971516012 1609.7414698218913 -1718.2191839534444
-6145.28537421631 211.46412910794209 -3192.150895525348
-5228.744203276825 -1205.6027274722762 -4382.445991506338
-3847.6061639102 -2515.5464910161627 -5183.341529094535
-2124.591431938602 -3601.972909539324 -5523.674425103045
-212.79742762334325 -4368.348228052152 -5373.204608195195
1717.9045619824306 -4746.5766363221055 -4745.301981929141
3495.9631923559978 -4703.050880446352 -3695.7584501539623
4963.390151306993 -4241.638414844093 -2317.8305615137583
5989.798113835434 -3403.33776195935 -733.9532558511862
6483.986228153531 -2262.635613622732 915.1390174945994
6402.043711595295 -920.8883616029253 2482.9171731145157
5671.054941019739 1020.5831864968872 3846.637825898744
4387.169232165673 2290.9204614147916 4848.0414928164
2713.4642842586086 3357.6993997971485 5418.6753978176575
798.656126853287 4126.132011486409 5507.836214257499
-1187.1161322676226 4527.93968672301 5107.601612319451
-3067.407913463214 4527.4200502582435 4253.53419278633
-4675.14704044969 4124.619274072392 3021.5215938967926
-5867.478836347364 3355.327974791644 1521.0335416603868
-6538.45938862879 2287.9010603363936 -114.60501569825958
-6628.4691306741415 1017.1840963818063 -1740.060414476315
-6129.510301901433 -343.9141383751763 -3210.9038092987817
-5085.91758389187 -1674.454092695195 -4396.444309845782
-3590.4187693718227 -2856.2114526584855 -5191.341439984909
-1775.895490899828 -3784.1818907755696 -5524.96510135471
196.42389532759938 -4375.911161288536 -5367.671367559149
2151.2901564631543 -4578.821521751186 -4733.4364771181245
3915.004846415534 -4374.883496178956 -3678.614983341344
5330.854175048138 -3782.2178731112235 -2296.932404958709
6273.033716159487 -2853.4855940278085 -711.1573024736629
6657.826682835026 -1671.208597599757 937.8072471985743
6451.042531349516 -340.43738329682174 2503.443507457917
5544.367390072924 1528.1617273283914 3863.1319841916143
4148.566883349006 2679.1416832363966 4859.081127516262
2384.1480033536304 3592.0681433692134 5423.279588934773
407.8871105991282 4185.8235854322575 5505.59585920595
-1604.6163419152197 4407.6502327454045 5098.715776477206
-3474.5425907075587 4237.837814224671 4238.792421662829
-5035.740482536537 3691.4749084651426 3002.2337585495425
-6149.490733509032 2817.108257317664 1498.9134509032694
-6716.831746213638 1692.4291748315732 -137.59189472905533
-6687.352781936556 417.3703330585763 -1761.871596702646
-6063.673176020104 -894.7736944062023 -3229.6012754630415
-4901.20959842282 -2127.4131524733148 -4410.366708026798
-3303.2520394016065 -3171.022615944329 -5199.251704006863
-1411.786040596763 -3932.872804185138 -5526.1603695456215
605.1233434361113 -4345.2699846460755 -5362.045435094909
2568.264862864654 -4371.570858067959 -4721.489232787186
4303.204778582908 -4009.4384764277816 -3661.407992232122
5655.786065420968 -3291.0498910260467 -2275.9945837428986
6505.8259403380425 -2280.237080272067 -688.3490684503784
6777.794630109177 -1066.8151982803463 960.4592823440339
6447.5265231333 241.39789571999523 2523.926610996078
5372.393113761962 2021.2589132051426 3879.5594318493654
3875.7840559567917 3043.0438298358404 4870.036852996977
2034.794576181655 3794.4409480077406 5427.790127951098
13.00466876391011 4208.685336319308 5503.260430572111
-2009.9407605436033 4248.969562987525 5089.741893276177
-3854.2941327970493 3911.7141976884964 4223.977452798256
-5356.176557060284 3226.885859649828 2982.8940790194656
-6382.139189035041 2255.33455202592 1476.7674761047358
-6841.020746507508 1083.386872081854 -160.57639774921375
-6692.047589327709 -184.82448581169575 -1783.6523539852712
-5948.4566362690275 -1436.6133770519257 -3248.2429711402406
-4676.319206705847 -2560.7528652671576 -4424.212945629945
-2988.6702939379966 -3457.3582237245587 -5207.072184561714
-1035.4649099902515 -4046.762131637348 -5527.260209035249
1009.7460752730776 -4276.5934652310625 -5356.326907954101
2965.2366905507315 -4126.4307019176895 -4709.460455247754
4657.253013146049 -3609.616462196063 -3644.1377739658515
5935.451967505124 -2772.0719592673854 -2255.017459431873
6686.259967249453 -1688.2166977203528 -665.5289476462119
6842.964426735079 -454.35597396393393 983.0947317634693
6391.6414670505355 819.8762719875194 2544.3661300157823
5156.707557860985 2495.846982310608 3895.919885193994
3571.2587104801632 3379.6331724415804 4880.908480069215
1668.4878544624326 3963.124123925238 5432.206936976235
-382.5354694626061 4194.474105114374 5500.829968685413
-2399.568838196652 4053.1266549176703 5080.680117682183
-4203.3899853225075 3551.641114578176 4209.089542025438
-5633.721485979338 2734.5766750880994 2963.502889274521
-6563.472109427387 1674.5330975243587 1454.5959996933282
-6910.0294326298745 465.6999056781158 -183.5581278500235
-6642.600316578498 -784.5127664779945 -1805.4023102023139
-5784.947011827777 -1965.0180365549586 -3266.8285744155796
-4413.275778254317 -2970.922830744417 -4437.982783550979
-2649.4656244412354 -3712.848093742114 -5214.80274660119
-650.238822908161 -4124.870510045343 -5528.264600830974
1406.764551566421 -4170.380079834959 -5350.515884887311
3338.770722149705 -3845.333078119708 -4697.350352219209
4974.112462116053 -3178.611357447244 -3626.804626773922
6167.482481290377 -2229.4560685594042 -2234.0013942698197
6812.844616450972 -1082.2038241732519 -642.6973341312007
6852.855609763737 161.20697916395596 1005.7132045757744
6283.960308887484 1390.293834957263 2564.761711556478
