2874.0662918646603 3793.765709247156 5034.497138897519
888.2802904411824 4135.044479398653 5487.389363556045
-1176.4333129418303 4108.906401211771 5452.7029622510345
-3136.6156537774255 3717.6739576384784 4933.519973957198
-4818.095928963817 2996.109868185561 3975.972085581457
-6071.467236996033 2008.328268732773 2665.1416291357095
-6785.362036826049 842.0978891996248 1117.5016431598397
-6896.347642613224 -398.9565832746343 -529.4332678859752
-6394.562496231065 -1604.5620125327948 -2129.3257097004685
-5324.592409983462 -2667.595065473018 -3540.0182178161267
-3781.5089215199114 -3493.6005902978327 -4636.164572164746
-1902.4217705007622 -4009.184371261014 -5320.367358803407
145.70390346785103 -4168.534526821835 -5531.8321575648015
2180.883146202275 -3957.4920963620684 -5251.769393080983
4022.2813507485453 -3394.8091259725315 -4505.063871011557
5506.282205789888 -2530.4824668658443 -3358.0636538555586
6501.025722925301 -1441.311335738762 -1912.68474443492
6918.124575297343 -224.07336734063793 -297.35540179244146
6720.517699464556 1013.0745030754696 1344.3952732219718
5925.763333528186 2160.206258089084 2866.690528429121
4604.4788906237745 3115.3942071624597 4134.267749921164
2505.7365471449675 4034.663038949834 5043.991997088582
495.8652613721101 4196.416379791807 5490.289970323876
-1558.0658289425471 3985.299709619314 5448.751585955203
-3473.555932896331 3420.0716710474458 4923.06771172193
-5080.405348763179 2550.95525576568 3959.9476667753465
-6235.838454400759 1455.1752713263788 2644.968893691667
-6837.189947838504 230.09657809824648 1094.9730271486915
-6831.027109896917 -1015.4272058561347 -552.3159980664526
-6217.897535772278 -2170.725826441284 -2150.529323054532
-5052.28047880037 -3133.1459312737525 -3557.6586802467446
-3437.7461297193704 -3817.1722705280877 -4648.674451171054
-1517.752950712356 -4162.026102161413 -5326.635096737017
537.0992385145348 -4137.065649866979 -5531.300838404777
2544.227803378237 -3744.508759368289 -5244.486226866353
4325.290562751931 -3019.2358330937113 -4491.6759990221435
5722.032274400174 -2025.6905533505096 -3339.7606472693265
6610.346307742884 -852.1537783455796 -1891.0929057084786
6911.302062615692 397.1005994806547 -274.39326055085826
6598.158299475547 1611.0708463957353 1366.6874299616707
5698.739215886217 2681.890378540608 2886.331944713122
4292.962144460286 3514.412181270051 4149.51319971767
2117.4555200077903 4240.119079251418 5053.399752920425
99.72852286236746 4220.7854548115065 5493.095767819716
-1926.8597911908084 3826.416520099699 5444.706117694488
-3782.2381569117024 3092.0536856247318 4912.530435312869
-5301.548064312263 2082.9483119278925 3943.8548654689607
-6349.792160738203 888.7638398481458 2624.750483506119
-6833.8293580786185 -384.3911996779718 1072.425502555989
-6710.65082718757 -1623.3913942397 -575.1891905580338
-5991.2015210948175 -2718.1461392874357 -2171.6957999147826
-4739.407667897956 -3571.3816714716345 -3575.2377071190763
-3066.496644860403 -4107.284269395252 -4661.1040543735735
-1121.1139378281075 -4278.23663546297 -5332.810851478758
923.8846625077073 -4069.048901737561 -5530.674001775094
2886.7920561786614 -3498.3083163657693 -5237.112496050608
4593.195307179788 -2616.7276850117323 -4478.210562362412
5891.472998232447 -1502.639315524072 -3321.3999679049343
6666.267459088747 -255.03484862805198 -1869.4684105753913
6848.734801772096 1015.2305837705351 -251.4263809392728
6422.662002140361 2195.28832353508 1388.9559860098036
5425.907498230491 3180.2850618894136 2905.9235182689736
3947.0373018999967 3882.699516043746 4164.686993494615
1712.607530536442 4408.504953639182 5062.720243934898
-296.6605910135719 4207.989766478856 5495.806707591549
-2279.569117178481 3633.5762221079535 5440.566627328202
-4059.9279235577865 2736.3034847161452 4901.90832669335
-5479.544317228737 1595.8981746372538 3927.693959561423
-6412.279151729763 313.690308258034 2604.4867477213966
-6775.25484377601 -996.3903186171259 1049.859458744519
-6536.21941023661 -2217.9372930962677 -598.052450374163
-5716.412198371262 -3242.4108058263087 -2192.824774767145
-4388.676676618875 -3978.7818893732388 -3592.7549948690607
-2670.9879727585226 -4361.620741452624 -4673.4531671312525
-715.9702660809423 -4356.910449996584 -5338.894516382404
1302.6645407217334 -3965.0695450717553 -5529.951658500304
3205.551886432052 -3220.914810646219 -5229.648327967312
4823.611879700173 -2190.5676605429126 -4464.667793560735
6013.0727893848425 -965.5789606525324 -3302.9819328243875
6668.245793797364 345.2056672653029 -1847.8116324591217
6730.915896316311 1625.3172567364857 -228.4551595620906
6195.514583309659 2761.0122753593423 1411.2005568210031
5109.614611008029 3651.3792368137106 2925.464910778893
3569.7029573439518 4217.30512926333 4179.788869222776
1294.7075481662712 4538.512833789431 5071.953309180741
-689.834646261265 4158.190982898384 5498.422742825413
-2613.082005079022 3408.3956152562446 5436.333186339279
-4304.145560424011 2355.7493397007897 4891.201569291654
-5612.766894293644 1093.784397277214 3911.465228127915
-6422.669258383463 -265.36808883820646 2584.178036262584
-6661.889273446105 -1600.9414557116759 1027.2752853967963
-6309.171191343522 -2794.2641486292828 -620.9053826998063
-5395.855561548321 -3739.3042095149576 -2213.9158827451706
-4003.0944857874633 -4352.090681718975 -3610.210240998775
-2254.640897673566 -4578.174798016889 -4685.721576192968
-305.852571472785 -4397.467992521821 -5344.88598639196
1670.1120979152968 -3826.026857920748 -5529.133821054218
3497.6799782373528 -2914.6264467511073 -5222.093851511683
5014.463643177249 -1744.2486851601484 -4451.047926480933
6085.690207809612 -418.88677338342177 -3284.506860080247
6616.176490866491 943.6950664627457 -1826.1229453404867
6558.786458097577 2222.425458316106 -205.47999309867842
5918.619465766401 3303.683595244604 1433.4207582640545
4752.557160468172 4091.394946758946 2944.9557847916203
3164.2092952087555 4515.5679024627725 4194.818566114873
867.3709116952875 4629.166182373206 5081.098789216435
-1076.3581515012993 4071.8726496952286 5500.943828346207
-2924.448069417066 3152.775362973025 5432.005867833049
-4512.6879426361775 1953.5401495238543 4880.410347997794
-5699.955688547177 580.7243208197758 3895.1689514148998
-6380.7573576872355 -843.6914122558659 2563.8246998313816
-6494.600734104321 -2193.141460873789 1004.6733725084683
-6031.370334210365 -3347.72126625028 -643.747592898271
-5032.226211889045 -4204.84134588766 -2234.968759636259
-3585.9467070804253 -4688.34281930059 -3627.6031440816687
-1821.0401006797547 -4755.264458765091 -4697.909069701262
105.6739101691867 -4399.659982933945 -5350.785158043518
2022.9983303572383 -3653.1264100293056 -5528.220503559692
3760.5704711111175 -2581.9965241123623 -5214.4491971385005
5163.999422515076 -1281.444916122925 -4437.351196318163
6108.584363390376 132.96869619243452 -3265.975068709962
6510.394776497495 1535.567456327578 -1804.4027237513662
6333.728043315916 2801.7243092412273 -182.50127829653363
5594.2817783780065 3818.935662114179 1455.6162066286217
4357.75902732997 4496.817822285175 2964.39580372833
2734.0302629932244 4775.1379849861405 4209.775824630008
434.2822706603706 4679.827154641462 5090.156526112928
-1452.8572985763278 3949.8356845652243 5503.3699206184765
-3210.904121075294 2868.8839803469536 5427.584746535965
-4683.648021596053 1533.0193445848877 4869.534849160386
-5740.229241547197 60.93921251187845 3878.8054108352067
-6286.765902805771 -1416.5556360201613 2543.427089900124
-6274.695824582302 -2768.1832998397717 982.0541103814944
-5705.091486295616 -3873.845729496306 -666.5786865180197
-4628.564733069931 -4635.299965995125 -2255.9830418880447
-3140.769691189234 -4984.887458836411 -3644.9334037677745
-1373.9034792055859 -4891.545825141784 -4710.015437195969
515.0400861815872 -4363.568878688023 -5356.591929466998
2358.2200796953166 -3447.8696881562205 -5527.211721788383
3991.8618702497965 -2225.8121451047973 -5206.714496859737
5270.809215635252 -805.9814251451426 -4423.577839594898
6081.422031646278 685.4642814299106 -3247.386878730433
6351.673812264517 2116.003478489436 -1782.6513427682078
6057.551500801645 3358.526480556886 -159.51941196443343
5225.189155365625 4302.629666176156 1477.7865186317954
3928.5458231104276 4864.425324176383 2983.784631888279
2282.8339543325465 4993.995444944601 4224.660386478252
-0.8359865588750326 4690.201102179971 5099.126363456373
-1816.0491456049858 3793.191135790676 5505.700977747158
-3469.8983684637033 2559.1394908412562 5423.069898794339
-4815.4318938862725 1097.6970715318812 4858.5752605833695
-5733.093163362218 -461.280549747323 3862.3748889632357
-6141.343946008488 -1979.2713698851499 2522.9855587056795
-6003.909368207902 -3321.3952429193173 959.4178896173865
-5333.001095319757 -4368.3985729171645 -689.3982692994771
-4188.232271622603 -5027.250519309948 -2276.9583666146345
-2671.320630837221 -5239.409195336506 -3662.2007207888346
-917.0504291044106 -4986.023371588873 -4722.040469617823
918.7037276638341 -4289.6074904723955 -5362.306200387968
2672.827026564232 -3212.04115919504 -5526.107493160474
4189.4579146461865 -1849.0708751127534 -5198.889884242379
5333.837081878592 -321.8025292628211 -4409.728094156881
6004.281417227604 1234.0593835192856 -3228.7426111325194
6141.218999300927 2680.2697044952724 -1760.8691780054814
5732.48232299069 3888.3263000569814 -136.5347909655623
4814.3894356984 4750.88804021973 1499.9313114247313
3468.5169194442724 5191.312529080189 3003.1219344547812
1814.4514535617097 5170.4661180320745 4239.471994625001
-434.25554871194356 4660.338146903773 5108.008146350782
-2162.769991807069 3603.3502690151154 5507.936959478304
-3699.112829970394 2226.188906682237 5418.461402572959
-4906.773259901554 651.2208905215532 4847.5317715227975
-5678.4453526706775 -981.6109595977679 3845.8776695300494
-5945.562656408036 -2527.222368228098 2502.500459243383
-5684.3906264515745 -3848.2789789086687 936.7651011105602
-4918.135543797502 -4827.399114419066 -712.2059471818727
-3714.882535194685 -5377.583653921242 -2297.894371602866
-2181.545910846317 -5449.946286635353 -3679.4047969636044
-454.36935876271065 -5038.057275086561 -4733.983959312124
1313.1799048140504 -4178.514765496131 -5367.927872129331
2964.0473710529714 -2947.6928818813644 -5524.907836744381
4351.546220866207 -1454.9555499742814 -5190.975494406001
5352.391092509428 167.06096751528648 -4395.8021991689
5877.652527001755 1774.2333849061451 -3210.042587875421
5880.658740816701 3223.7573799531165 -1739.056605609346
5361.142618664272 4386.836384564998 -113.5478122106887
4365.265447856644 5160.1257250939125 1522.0502025992807
2981.5152853550594 5474.915250109465 3022.4073775010042
1332.8444055853654 5303.234528882951 4254.210393295444
-862.2739709815272 4590.631818267793 5116.801721420778
-2490.0027005145853 3382.0120694478496 5510.077827199785
-3896.483762910097 1872.8857065419174 5413.759337453829
-4956.745143533674 197.34522958620815 4836.404572683561
-5576.577965836504 -1495.7302370535012 3829.314037418483
-5700.907363465445 -3055.9035082269907 2481.9721452609006
-5318.686123830587 -4344.546342082849 914.0961360415276
-4463.876281423758 -5247.157167717062 -735.001326309972
-3212.4314420140486 -5683.53505222964 -2318.7906953185993
-1675.5479714581838 -5614.905905568861 -3696.545335202837
10.215289382901837 -5047.367728589571 -4745.845700032286
1695.0708769332562 -4031.348778916649 -5373.456847613045
3229.3119783720595 -2657.126798954266 -5523.612773256409
4476.614538930325 -1046.807442295877 -5182.971464020535
5326.1502524052785 656.525349449256 -4381.800395110813
5702.434142528638 2301.5229827818134 -3191.287131881169
5572.031734368271 3742.0201990269416 -1717.214002250986
4946.52985415077 4850.022499003366 -90.55887265126897
3881.5070889032627 5527.079015970165 1544.142810194561
2471.595385093387 5713.030307181266 3041.640627995516
842.0715849002765 5391.353784378754 4268.875327979019
-1281.2461676235419 4481.814771594109 5125.506936814192
-2794.9027359546817 3131.1482687878906 5512.123543941952
-4060.2199309675893 1502.265501482044 5408.963784634725
-4964.76876713236 -260.1001482140772 4825.1938562161
-5428.176110808541 -1999.3547583106583 3812.6842786582192
-5409.266185880877 -3560.957924107541 2461.400971252147
-4909.719222164041 -4806.154351340954 891.4113858701312
-3973.922159609985 -5624.302872996782 -757.7840130409271
-2685.0246739044383 -5942.707402540209 -2339.646976912911
-1157.5509628857853 -5733.076300226055 -3713.6220395145338
472.7762310140152 -5014.036209445864 -4757.625486943407
2061.0951820439036 -3849.4769977209216 -5378.893031361796
3466.2767811819535 -2342.874861596926 -5522.222325060412
4563.464476806888 -628.0980124830495 -5174.87793130389
5255.168327233527 1142.4881014026748 -4367.722923773262
5479.9274098591095 2811.5591337523083 -3172.47656702904
5217.770893853372 4230.810798744017 -1695.3417451201838
4491.992536118342 5274.136357659942 -67.56836927268854
3367.080928764627 5848.831756031602 1566.208752703606
1942.9894046989118 5903.832785704445 3060.821353808258
346.25474535716063 5434.252363824019 4283.466545433764
-1687.615340982447 4334.951630144808 5134.123642204688
-3074.8226905613233 2852.9860273296576 5514.074074378266
-4188.818550446674 1117.5200958633418 5404.074826927824
-4930.619499797422 -717.2424002766262 4813.899815713079
-5234.313268923881 -2488.2747615855656 3795.9886804208522
-5072.915333701015 -4038.212990713737 2440.787292451251
-4460.766608956555 -5229.3382742111235 868.7112423287898
-3452.2591952544662 -5955.813903471835 -780.5536139510984
-2137.0034020640787 -6153.089330750253 -2360.46285622831
-631.8654785153416 -5803.635768603742 -3730.6346150090058
929.4164656954789 -4938.503699580709 -4769.323116625811
2408.115678252275 -3634.563904583403 -5384.236329500646
3672.8432449547554 -2007.6771566428888 -5520.736516167395
4611.222571335912 -202.39948278855846 -5166.695036019517
5139.874536236921 1620.8622733270374 -4353.57002825359
5211.826092625393 3300.103303420585 -3153.611218149954
4820.684028962011 4686.115672740407 -1673.4402119188096
4001.2030341019395 5655.746099857336 -44.57669908726392
2826.1975906715957 6122.83866616899 1588.2476490798213
1400.0720887462637 6045.890147356606 3079.949223716124
-150.45596237934137 5431.73775699969 4297.983793690716
-2077.943085211595 4151.429017895059 5142.651688794385
-3327.335092649439 2549.988421757449 5515.929384825921
-4281.078775335824 721.9701639068268 5399.092548758266
-4854.4298216288635 -1170.1983113208178 4802.522646206036
-4996.443474955785 -2958.3895312568698 3779.2275310149134
-4694.501199001843 -4483.714858662157 2420.1314648262423
-3975.4318900374114 -5610.642444416718 845.9960974157865
-2903.128011747649 -6239.039827086045 -803.3097358428045
-1572.8684694466497 -6313.071141543458 -2381.2379738050718
-102.85266121578225 -5826.158380618363 -3747.582767903974
1376.3020573256167 -4821.565879900384 -4780.938387078551
2733.16629827154 -3388.556091659895 -5389.48664975866
3847.1767193132778 -1654.4582242419674 -5519.155372235103
4619.348605787089 226.64551687020727 -5158.42291947404
4981.071096959251 2087.610809190996 -4339.341952951581
4900.203562096112 3763.082719786012 -3134.691411020875
4383.9314365515975 5104.18821671153 -1651.5097808542862
3478.12776430324 5991.764191221182 -21.584259127490217
2263.2771766842375 6346.945622916772 1610.2591187437586
847.3244796885721 6138.173082904105 3099.02390740884
-643.9167157496629 5383.996927546519 4312.4268220582435
-2448.938410528296 3932.942873677807 5151.090929316397
-3550.2532991520284 2224.832907884693 5517.689443246424
-4336.112602116112 319.03677470763256 5394.0170361627115
-4736.689271665447 -1615.1071759720487 4791.062544162057
-4716.390312808811 -3405.741766285482 3762.401119880948
-4277.019377121131 -4893.761254812902 2399.433845073041
-3457.616500385847 -5946.948579932651 823.2663433883982
-2330.9892240912027 -6471.7234259713905 -826.0519857511272
-997.2433258583033 -6421.457244922102 -2401.971970887269
425.1120182073333 -5800.616407560519 -3764.466205529669
1809.694293881871 -4664.365346801376 -4792.471097722911
3033.4772898324322 -3113.664955748727 -5394.643901470487
3987.7225163855446 -1286.3017692842293 -5517.478920567577
4587.6410975257895 655.3549742235451 -5150.061724514803
4779.927634619504 2538.780552293594 -4325.03894356527
4547.496625010356 4196.624337037407 -3115.717472359187
3911.000583908797 5481.579632852898 -1629.5508306330596
2926.994977783572 6279.472522773403 1.408553560847081
1682.9130229763714 6519.406722034213 1632.2427815895512
289.296860735591 6180.0630240971195 3118.045075494524
-1130.0245971399333 5291.593605709112 4326.795381126397
-2797.485443475103 3681.4831602794707 5159.44121803739
-3741.6502946540522 1880.3879448838766 5519.354219246142
-4353.353097191121 -87.7879913612302 5388.848376787827
-4578.241372667355 -2048.1635793226365 4779.519707480321
-4396.332810900754 -3826.550845043383 3745.5097375864348
-3823.790785896858 -5264.932275640238 2378.6947906092423
-2911.488169136536 -6235.501368771742 800.522372756238
-1740.4870516930673 -6652.018801240813 -848.779970950697
-414.8360217050192 -6477.475171315945 -2422.664489429146
947.675009289389 -5727.379446488069 -3781.2846363337853
2225.980956905157 -4468.380923649016 -4803.921049405862
3306.4987279433735 -2812.347146577048 -5399.707995577942
4093.219576673151 -906.4239837495455 -5515.707190114684
4516.239903217282 1080.0389278102743 -5141.611595527414
4537.972495168175 2970.535640961354 -4310.661247086694
4156.486316359102 4597.087226432057 -3096.689729817038
3405.6780879017465 5815.167437849303 -1607.5637404540582
2352.2604157622072 6516.5445029716475 24.401341925525998
1089.8340829573729 6638.897991620435 1654.1982579915182
-269.42879077630846 6171.356259389777 3137.012399505458
-1604.751734080737 5155.462440961474 4341.089222771167
-3120.669570357075 3399.316103973132 5167.702410760112
-3899.8752360113676 1519.6879832401032 5520.923684076829
-4332.55987262548 -494.97108384471005 5383.5866598888
-4380.27755143098 -2465.6497979850747 4767.894335488733
-4038.7883472604153 -4217.244707248568 3728.5536758208236
-3338.435074505035 -5594.1189171994465 2357.914659567944
-2341.4471948988485 -6473.931111970651 777.764578274375
-1136.411456754129 -6778.506117064509 -871.493298962499
169.59942638272446 -6480.781106673047 -2443.3151721011945
1460.5406562106273 -5607.210254514256 -3798.0377698866505
2621.7064392571447 -4235.41416440495 -4815.288044403483
3549.922100006446 -2487.2829389793583 -5404.678844631529
4162.7116035936415 -518.1457091640244 -5513.840211471614
4405.625913442545 1497.0310407554643 -5133.072678433232
4257.08102711121 3379.190013091358 -4296.209111797627
3730.2758096286684 4961.093123432946 -3077.6085119756667
2872.0192164148543 6102.181338358956 -1585.5488900021548
1758.571112173831 6701.063962390044 47.39370891476179
488.86624725396075 6704.52764622793 1676.1251688107172
-824.2765290886116 6112.264626363505 3155.925551903688
-2064.1787185436865 4976.900071215182 4355.308100158842
-3415.8018046781085 3088.964120697438 5175.874364825834
-4023.5676012655767 1145.9070326107876 5522.397810636125
-4273.821759345021 -898.9689240535494 5378.2319763277765
-4144.328098748788 -2863.967546755561 4756.186628940432
-3646.5926994944125 -4574.490084613815 3711.5332273904687
-2824.8415360814893 -5878.549103635007 2337.0938107915945
-1752.0908055748296 -6660.273237210408 754.9933529366257
-523.6591180689787 -6850.202865531982 -894.191577560535
751.3019801175006 -6431.4619076308945 -2463.9236622963485
1959.5066003360694 -5441.257335231119 -3814.7253168861944
2993.6004599617245 -3967.573170031526 -4826.571886424411
3761.699781520538 -2141.3527172665636 -5409.556362791962
4195.555569543661 -124.8636784008639 -5511.8780168783605
4256.617833320478 1902.7200462460062 -5124.445120686848
3939.4609227470796 3761.238744834523 -4281.682787265295
3272.265621148092 5285.554875020127 -3058.474148339792
2314.315159008938 6340.226259284669 -1563.5066594415646
1150.7276387870552 6831.540716787103 70.38525748399465
-115.1070820261266 6715.8428018803625 1698.0231354014904
-1370.7140334621763 6003.412782035849 3174.7842060867683
-2504.527027745647 4757.553190964403 4369.451767750221
-3680.441174889396 2753.1836044514434 5183.9569391168825
-4111.668822190035 762.3310378673124 5523.776573468022
-4177.556650877668 -1296.2579868660157 5372.78441857231
-3872.250238229416 -3239.668800931824 4744.396790010375
-3222.8773988242065 -4895.220824982459 3694.4486862136464
-2287.1377591689334 -6115.8109964106725 2316.232603825783
-1148.1758926727869 -6792.984522013269 732.2090899686738
92.80644057424912 -6866.57156231343 -916.8744147788184
1325.5425143019206 -6330.033585849064 -2484.4896041361344
2440.4983185863525 -5231.044346387161 -3831.3469891629065
3338.60513731391 -3667.253860688766 -4837.772380613218
3940.0622383638065 -1777.6117759896722 -5414.340465831641
4191.427518856742 269.9789159269236 -5509.8206402191445
4070.3660705225507 2293.5807963803923 -5115.729071273562
3587.634734315134 4113.387957861983 -4267.082524338048
2786.126307888117 5567.7025479817685 -3039.28696933189
1737.0583322913128 6527.302333253197 -1541.4374294093968
533.6451009155011 6906.922661620588 93.37559060284929
-717.1848395395981 6672.832600972137 1719.8917796179928
-1904.2897596877942 5845.8320804837595 3193.5880363933443
-2922.1901778497486 4499.403725632875 4383.5199813048675
-3912.4149459543587 2394.94077131836 5191.949994059027
-4163.431301451325 372.3293017296944 5525.059948763304
-4044.508514897018 -1683.3652602578761 5367.244080693741
-3566.2133977608287 -3589.485431544805 4732.525022291834
-2771.0445701638714 -5176.6640700415865 3677.3003473153194
-1729.6562719790463 -6303.873388499086 2295.331398913056
-534.580423557369 -6870.955892295721 709.4121828214514
707.9952414649325 -6827.523812368599 -939.541418917931
1887.6624222971425 -6177.4362796177775 -2505.0126424768623
2899.602513038152 -4978.456424190314 -3847.9024996848075
3653.9001957996725 -3337.11886787739 -4848.889333553757
4083.5328112874977 -1399.263655448619 -5419.031071136108
4150.325616203851 662.9222733342262 -5507.668117021856
3848.3437767165165 2666.204648944775 -5106.924680706784
3204.4197044894136 4432.583041050235 -4252.408575141079
2275.768879154183 5805.10697788808 -3020.0473062864426
1144.9060018588618 6661.821684448211 -1519.3415810089293
-87.68679803884329 6926.604299422177 116.36431126192225
-1312.4882411236151 6575.927725490188 1741.7307238207738
-2420.6693442248074 5640.951115164868 3212.3367181088042
-3313.7633531591405 4204.75124335096 4397.512497885323
-4109.836506981334 2017.3857687017498 5199.853391623909
-4178.424737859623 -20.674799503861145 5526.247914359958
-3875.7415940641463 -2056.8983210436973 5361.6110583656
-3228.681801224224 -3910.357400209211 4720.571530792869
-2294.739461508823 -5416.364064045315 3660.0885068222437
-1156.899450340101 -6441.103011468805 2274.3905569866033
83.73615396094709 -6893.521690008295 686.6030251641494
1316.9314335125068 -6733.420714668892 -962.192198551887
2433.1115759380837 -5975.02575970105 -2525.4924229156863
3333.099077307278 -4685.723545015103 -3864.391562562474
3936.9260985933333 -2980.0742303954958 -4859.922553272525
4190.93995910376 -1009.6322425648895 -5423.628097705477
4072.5704126107353 1050.5200007157416 -5505.4204844574215
3592.3351127763526 3017.3289318017073 -5098.032101025457
2792.905073468816 4716.034945967136 -4237.661193072006
1745.313161921525 5995.700559204921 -3000.7554914442535
542.6425167568767 6742.621866058805 -1497.219495803138
-708.2442973691079 6890.431630604688 139.35102247965494
-1896.2004975949271 6425.9963066101855 1763.539590883222
-2915.670962270625 5390.583010753052 3231.0299274708073
-3676.0712667373073 3876.1927582066023 4411.429075861316
-4271.1207773142405 1623.825273725591 5207.666995331419
-4156.539706317876 -413.2335546530219 5527.340449743555
-3672.6318417411144 -2413.5747682551173 5355.885448861942
-2862.3945209462645 -4199.459271899369 4708.536521932774
-1797.8208855538935 -5612.203390211863 3642.8134619577
-573.5029748730484 -6526.278608555117 2253.4104396641114
701.7731919016111 -6860.465332426303 663.7820108775411
1914.6937308948866 -6585.069604855192 -984.8263625348751
2957.485329403119 -5724.5615447907085 -2545.9285917967727
3737.491377683286 -4355.401069647008 -3880.813893053924
4185.40491534553 -2599.244096102388 -4870.871849241972
4261.42685893238 -612.1328780242716 -5428.131466155825
3958.8023251393424 1429.3690325672292 -5503.07778133916
3304.4208318398137 3343.86523193245 -5089.051485791431
2356.4270464193532 4961.244331129586 -4222.840632796539
1199.0543769147423 6137.795099443739 -2981.4118579467645
-64.85953594217938 6768.975837902145 -1475.0715558080128
-1323.0103943992588 6798.703368001761 162.33532730918884
-2463.6059733784737 6224.3362682361185 1785.3180041981118
-3385.2993502662835 5096.909575987877 3249.6673416750373
-4006.1940237414265 3516.6001004938503 4425.269474913893
-4394.997004831496 1217.6938171927532 5215.390670252065
-4097.988462666107 -801.9048544821715 5528.33753604761
-3436.855661866655 -2750.2507607349385 5350.067351055645
-2470.343153117723 -4454.224817619674 4696.420203538535
-1284.3298142919025 -5762.421452415269 3625.4755110364204
15.80186472229048 -6558.60165319373 2232.3914092415166
1314.5294787105893 -6772.021315136654 640.9495340471412
2496.455379797841 -6383.717164703637 -1007.4435200080113
3456.560264876094 -5428.191729705319 -2566.3207962174274
4109.534601555193 -3990.3476382956783 -3897.169207569548
4397.358754490572 -2197.943647871258 -4881.737032383767
4294.458284598418 -210.24271881666525 -5432.541098720576
3809.976350199913 1796.139198439796 -5500.640048122123
2986.961297280341 3642.9262656877927 -5079.982990086768
1898.5416250336452 5166.023347510858 -4207.947150244033
641.4281977900133 6230.0965841875295 -2962.016739830197
-672.6789396885254 6740.598399030587 -1452.8981434861037
-1927.0156013728401 6652.168465490931 185.31682884522024
-3010.128470306506 5972.664171231923 1807.0655876841474
-3825.7782149222166 4762.462454753965 3268.2486388806124
-4301.490775990932 3129.0950494488548 4439.033456039631
-4480.518852601041 802.5240799139253 5223.024283009274
-4003.302967451749 -1183.2820687443532 5529.239156053904
-3170.3760454386343 -3063.9484128469385 5344.156865416768
-2055.747298822225 -4672.369494551855 4684.222784841252
-758.4563832069914 -5865.63004231009 3608.074953459456
606.2267104871637 -6537.703619915586 2211.3338286866833
1917.0439005724581 -6628.873540651815 618.1059889564065
3057.523327283307 -6131.038956968727 -1030.0432804061186
3926.3283886449003 -5088.434656337664 -2586.66868403406
4446.261942267053 -3593.7006062633345 -3913.4572236770027
4571.125610219636 -1779.6504866271337 -4892.517915072108
4289.824707649874 192.52938861339715 -5436.856919251821
3627.3540542197698 2147.6021827743207 -5498.107326902407
2642.577074691153 3911.8510983988203 -5070.826770511121
1422.995525317744 5328.514877054789 -4192.981002603163
76.97457880684668 6271.716725082049 -2942.5704720198555
-1275.8858968284028 6657.649019110247 -1430.6996417397731
-2515.3783113974255 6452.0199811790035 208.29513023086653
-3531.368324442875 5673.100653696682 1828.7819657923608
-4233.5807647069405 4390.101437141244 3286.7734982157426
-4559.620975263613 2717.022442252985 4452.720781554721
-4527.071693283333 381.91641652348045 5230.567701781729
-3873.330146536237 -1554.0236061171966 5530.045294192773
-2875.4262184399863 -3351.8818116341617 5338.154094010735
-1622.0280522352718 -4851.910608696308 4671.94447647247
-224.50557543654418 -5920.825855916834 3590.6120897089604
1192.9652069662027 -6463.649742722832 2190.2380616331893
2504.4357954883903 -6432.149984628212 595.2517700799258
3593.3762730459985 -5829.1254733740925 -1052.6252534643397
4363.029499471427 -4708.15758311488 -2606.971903868457
4745.008408029222 -3168.8492301866786 -3929.677660106088
4705.372496407199 -1347.9747168905833 -4903.2143111369305
4247.643589292309 592.673265490842 -5441.07885322166
3412.492908791923 2480.6596273296404 -5495.479661416388
2274.127257866925 4148.228495084696 -5061.582985179002
933.695420237338 5447.209056850593 -4177.942448317383
-489.69935293519904 6262.1811892320975 -2923.0733903243154
-1869.582189589227 6520.731041820815 -1408.476433904644
-3083.344444171942 6199.885325586905 231.26983466447004
-4023.1380138557543 5328.152590425994 1850.4667635126862
-4605.458115758119 3982.9901153931955 3305.2415997831886
-4778.563053355317 2283.9214895435134 4466.331215099079
-4534.377054566308 -40.492131974187465 5238.020796305635
-3709.224430167995 -1910.8819024980178 5530.755936543398
-2554.4909374859503 -3611.4814302178042 5332.059140496632
-1172.7797148094144 -4991.184984137553 4659.585490460597
313.13813218691377 -5927.399848762118 3573.0872213430316
1771.2322819543804 -6336.939224858382 2169.1044723741356
3071.94467054536 -6183.413741626239 572.3872720766087
4099.701294151253 -5480.464811986342 -1075.1890492251105
4763.181466529007 -4290.552533177764 -2627.23010511375
5003.432062728079 -2719.405833016687 -3945.830236753607
4799.105762953808 -906.6279906761291 -4913.82603586713
4168.357855612345 986.7077273073858 -5445.206827723472
3167.2330602625525 2792.3701336241343 -5492.757097040011
1884.6857083350944 4349.918199453857 -5052.251793717048
434.67576041506265 5520.956943960505 -4162.831747080516
-1053.9570363610014 6201.434435675781 -2903.525831429659
-2448.941125242133 6330.8872632344965 -1386.228903743022
-3626.3260481443804 5897.812974813673 254.24054540652418
-4481.495987799252 4940.692121454713 1872.1196063804462
-4938.465342216942 3544.5690912342625 3323.652624665876
-4956.630378880468 1833.4955421723928 4479.8645216404475
-4502.494183253117 -461.05907178752653 5245.383437876952
-3512.437635510204 -2250.7315880956453 5531.371070834021
-2210.285589773511 -3840.416725628607 5325.872110125361
-711.7399697068956 -5088.86398369825 4647.146040227266
850.0468700875704 -5885.143344704531 3555.500650990495
2336.303315105524 -6158.501893007643 2147.9334258556
3614.968957878123 -5884.650521976611 549.5128897828512
4572.428744713282 -5087.9221277044835 -1097.7342780447175
5123.608171807608 -3839.109524407329 -2647.4429379404546
5219.532528252714 -2249.175192211954 -3961.9146746882006
4851.678514021342 -459.3917738457537 -4924.352906013752
4052.7315725786866 1371.210619634251 -5449.240771473186
2893.68164579288 3079.974932101004 -5489.939680787977
1477.5154060655927 4515.06995560327 -5042.833357261281
-69.93456146014204 5548.981199492005 -4147.6491598322555
-1611.1705362973908 6089.841112502987 -2883.928132893591
-3009.2469384791907 6089.591917840544 -1363.9574354371603
-4139.938544314433 5548.255757543994 277.2068657864777
-4902.778442666274 4513.9327250703045 1893.7401204826913
-5229.9849608984 3078.526960906604 3342.0062549323975
-5092.4843639437295 1369.580566373355 4493.320467478435
-4431.818720197872 -876.1676692695614 5252.6554993536365
-3284.706280408514 -2570.596590863441 5531.890686442175
-1845.7332729087536 -4036.6167244817943 5319.593109737903
-242.75876424399684 -5143.965747729209 4634.626340583561
1381.78592595311 -5794.250840369005 3537.852682345682
2883.5528727616397 -5929.691318191027 2126.725287670606
4129.1034925619415 -5538.252700370032 526.6290182057944
5007.7651467759015 -4654.716025899484 -1120.260550599999
5441.464891483432 -3357.587405642947 -2667.6100533025096
5391.666601107306 -1762.1224098654122 -3977.930696155183
4862.795072283633 -10.085105024486827 -4934.7947397931575
3901.8428612628672 1742.8483056556258 -5453.180614810486
2594.194789063557 3340.9219960143873 -5487.027461312937
1056.0411254196088 4642.140105632605 -5033.327838454331
-575.9464265780088 5530.883695169047 -4132.394948753661
-2156.7586110749057 5928.183996506406 -2864.280633139694
-3545.933328198541 5798.739134347203 -1341.6624135827283
-4620.036308039626 5154.050852753696 300.16839920958705
-5283.628787215992 4051.4025347133957 1915.327932464805
-5477.747661825189 2588.769322176634 3360.3021736423284
-5185.14461798155 896.1125947374405 4506.6988202485245
-4323.078502887993 -1282.2578770476207 5259.836855157829
-3028.036438225114 -2867.675942998595 5532.314774394858
-1463.9400477068796 -4198.288416825557 5313.222247763394
230.23384044517314 -5155.864540932289 4622.026607726368
1903.950441509095 -5655.319474438323 3520.1436201631805
3408.492690496057 -5652.274454679778 2105.4804240526496
4610.175406008643 -5147.0000450250445 503.7360525163874
5402.223805275826 -4184.3920941321585 -1142.7674778952276
5714.260912175552 -2849.9825427733904 -2687.731102943355
5518.560860407511 -1262.3395355468472 -3993.8780245812754
4832.512458386808 437.46787909888843 -4945.151356890157
3717.07411730681 2098.404352890514 -5457.02628970005
2271.357428793033 3572.8883912319675 -5484.02048890466
623.8206650430723 4729.905616650029 -5023.7354014425655
-1079.1453023878587 5466.649971179813 -4117.069377262608
-2686.2244739504577 5717.658485772006 -2844.5836714515035
-4054.6208127006053 5460.6279523723815 -1319.3442231821236
-5062.746298831971 4718.396661833401 323.12474916378
-5621.024558815927 3556.915121547799 1936.882669536899
-5679.8501192890935 2079.3860634478146 3378.54006485201
-5233.99607105173 417.09442837502553 4519.999348926182
-4177.326536895113 -1675.856710090414 5266.927381278042
-2744.6862646624522 -3139.368068410504 5532.643327368694
-1068.1685729572139 -4323.932796962499 5306.759634217303
703.2605840358439 -5124.297121237827 4609.34705923462
2412.2019519290266 -5469.345158683636 3502.3737702525727
3906.808590619443 -5328.417876954519 2084.199201869431
5054.278141286209 -4714.037283481288 480.8343880426455
5752.652898765411 -3680.7937901588452 -1165.2546712687104
5939.879201087858 -2320.495615683308 -2707.8057394019174
5599.321169663131 -754.0112224270569 -4009.7563845794834
4761.238880097599 879.4703768656254 -4955.422578461131
3500.099621682717 2434.8071736816123 -5460.777729732699
1927.9611519471255 3773.8006681406964 -5480.91881548916
184.51487314288093 4777.475412184016 -5014.056211873356
-1575.3263618702756 5356.65050024926 -4101.672710009353
-3195.192936425422 5459.863684093831 -2824.837587966783
-4531.152596705905 5077.944019389528 -1297.0032496378008
-5464.499464133406 4244.826744372188 346.07551922649236
-5912.301573611752 3034.537985002001 1958.4039594801573
-5834.769742566574 1554.6172088137985 3396.7196136197576
-5238.793014429101 -63.438128702726914 4533.221823830718
-3995.9312014534157 -2053.607813574433 5273.926955271248
-2437.1463474729717 -3383.2933421382068 5532.876339690052
-661.8103452789304 -4412.358409914746 5300.205380699504
1172.330410399983 -5049.366069654392 4596.587914065598
2902.30446442758 -5237.715395327227 3484.5434394731606
4374.3960302374435 -4960.670722789819 2062.881988616508
5457.803312039925 -4242.848686987622 457.92442026276507
6056.260818392309 -3148.0309259117957 -1187.7217423995314
6116.592973567692 -1773.4968021625411 -2727.833616018603
5633.439000815441 -241.3797046786188 -4025.5655019537735
4649.7292509008585 1312.1850388434132 -4965.608227137136
3252.870652043041 2749.1563832349684 -5464.43487012656
1566.980220763444 3941.853118502046 -5477.722494627799
-258.14327971041746 4784.298905652728 -5004.290436892129
-2060.3296169388846 5201.638739486234 -4086.2052128717296
-3679.446626094727 5156.790144300763 -2805.0427236714613
-4971.628655536507 4653.738114593355 -1274.6398787457238
-5822.059661300854 3737.1810308109957 369.0203130715293
-6155.175116470627 2488.5590120922357 1979.891430653429
-5941.376251000885 1018.8176042877492 3414.8405060113146
-5199.660032329494 -541.4502186651091 4546.366016629359
-3780.563777869884 -2412.2999717223393 5280.835456265056
-2108.118048629701 -3597.314727562746 5533.013807335152
-248.35677944507657 -4462.692283303552 5293.559600392364
1633.4720794890502 -4931.540045470326 4583.749392551017
3370.159775786358 -4962.198832890022 3466.652935728659
4807.393986302515 -4551.944477756536 2041.5291524109452
5817.470144234663 -3737.2298798950605 435.00654479840176
6310.638550304323 -2590.4460066417137 -1210.1683033142558
6243.07902739831 -1213.4896377132006 -2747.814386941305
5620.794535606908 271.29061083769335 -4041.305103703802
4499.077782876271 1731.9654980764471 -4975.708127026896
2977.598225259452 3038.74765020568 -5467.997647728169
1191.5459983537414 4075.523738289727 -5474.431581516356
-700.3803195191841 4750.171657085393 -4994.438245139525
-2530.0747724344296 5002.745978364058 -4070.6671529508126
-4134.9609787686095 4810.804365275958 -2785.1994203938584
-5372.437756161836 4191.401672465861 -1252.2544966885614
-6132.549862365319 3199.574547393875 391.9587344758814
-6347.758001045827 1923.4511826843268 2001.3447119995383
-5998.939984656258 476.4207394668107 3432.9024291054106
-5117.0898247154655 -1012.9417771903348 4559.431700341117
-3533.183412129642 -2748.8943162160267 5287.652764959772
-1760.4900257569595 -3779.5563137873 5533.0557279301265
168.63062518742618 -4474.388146568876 5286.822408058776
2082.767705060649 -4771.650956998859 4570.831716393398
3811.8417342636876 -4644.931639854169 3448.702567961873
5202.21689738549 -4105.4897625616695 2020.1410619849748
6130.35225962174 -3201.2571032205024 412.0811574077019
6513.778920982823 -2012.5787017727807 -1232.59396639363
6318.427739966617 -645.0738506163963 -2767.7477071313497
5561.656526290949 779.7486430272223 -4056.9749180296976
4310.70772332665 2135.2870478673335 -4985.722103719936
2676.733621915531 3301.095827951548 -5471.4660010135685
804.9199915452123 4173.587757101829 -5471.046132984088
-1138.414312407111 4675.238098545422 -4984.499806748476
-2980.595508853163 4761.473017988792 -4055.0587985661336
-4557.937714209631 4424.630164403685 -2765.3080207987778
-5730.28715147838 3694.6395035416563 -1229.8474900290785
-6393.475428387314 2636.363909131521 414.89038732655257
-6488.575356179233 1343.8358119026113 2022.7634330517149
-6007.13688893069 -68.09799454015281 3450.905070999098
-4991.937947214619 -1473.9809953249166 4572.418649340765
-3256.019644736974 -3060.550004258303 5294.378763630438
-1397.3131352442433 -3928.4195936047513 5533.0021007510695
585.5507783226353 -4447.231862473993 5279.993920040195
2516.385935588327 -4570.888064006851 4557.835108662063
4223.629159499167 -4288.400802040821 3430.6926461493977
5555.584397497256 -3624.8703094765083 1998.718086679633
6393.901581497133 -2639.2541824338755 389.148653978551
6664.092550806065 -1419.1287391057874 -1254.9983443792612
6342.149652087404 -72.90747956422588 -2787.6332323694896
5456.678924715467 1279.7919294857807 -4072.5746743366994
4086.358328641489 2518.776209326632 -4995.649984289537
2352.9468623795715 3533.956169501463 -5474.839870089374
410.4657416580143 4235.128615504876 -5467.566207492732
-1568.4870615091208 4559.991298464879 -4974.475293341261
-3408.0729060690715 4479.678743364065 -4039.3804192511534
-4944.836516843158 4001.3270731689904 -2745.368868381598
-6042.229703038114 3167.4399329882067 -1207.4192457034824
-6602.7442642298165 2052.1118546802286 437.8148756274619
-6576.576021878753 754.4446325393549 2044.1472239399866
-5966.050139155257 -610.2583060283632 3468.848120813088
-4825.414519988018 -1920.7371160309997 4585.326639362707
-2951.552661347784 -3344.648149766104 5301.01333612891
-1021.7739333547049 -4042.5973418852386 5532.852926724044
998.7938925979952 -4381.344019531647 5273.074254254607
2930.6144980585727 -4330.78905383113 4544.759793789428
4602.037144576759 -3895.424475342987 3412.623481296196
5864.548595091915 -3113.9343374318823 1977.2605964383338
6605.969166785547 -2055.7574683641974 366.2094305217188
6760.420388192091 -814.917526689302 -1277.3810503803627
6314.17859049154 498.33141343862934 -2807.470619261774
5306.894315709489 1767.301420591112 -4088.1041032398502
3828.0691920545064 2879.238940849565 -5005.491597295732
2009.1033214805527 3735.343445881541 -5478.119196693806
11.619803988348885 4259.546293462228 -5463.991865135509
-1986.8961840809284 4405.269760157777 -4964.3648780265585
-3808.867726844285 4159.565676455381 -4023.6322857485234
-5292.404657136821 3544.26592844662 -2725.3823074622874
-6305.688208307466 2614.042598940534 -1184.9701510147615
-6758.683690113082 1451.5501129815752 460.73180350629366
-6611.140466057296 160.08102946145203 2065.495715397597
-5876.168399080241 -1145.6119560303518 3486.7312686971763
-4619.072982704645 -2349.512291793576 4598.155447504844
-2622.4914369302574 -3598.813806409219 5307.55636788583
-637.1670036775413 -4121.084974827833 5532.608208425067
1404.7725140132695 -4277.1796581494655 5266.063530194525
3321.8918290913743 -4053.22815875075 4531.605997567035
4943.846477272538 -3469.129550148224 3394.4953854303362
6126.518670235094 -2576.783556990769 1955.7689618005409
6764.822793562933 -1455.4790367662818 343.2638831640194
6802.042724746845 -204.84881686057548 -1299.7416978803471
6234.8713095641615 1063.9831193874363 -2827.259525245573
5113.704217244609 2238.2754862648662 -4103.562936568664
3538.1620641015666 3213.6872536774545 -5015.24677278827
1648.238684594623 3903.5488055665846 -5481.303924197694
-388.1379352148803 4246.562915639348 -5460.323167636081
-2390.0267961653067 4212.251274923146 -4954.168735396453
-4179.551287816563 3803.662623269773 -4007.81467000546
-5597.704305886613 3057.101855440388 -2705.3486831794844
-6518.476731257895 2038.9041718846065 -1162.5005936258663
-6860.053893192944 839.5409050732884 483.6407752212453
-6592.085161867151 -434.41925541834564 2086.8085387673354
-5738.380735020204 -1669.7793586485886 3504.554205835551
-4374.795997397615 -2756.7722381568865 4610.904852232459
-2271.7499638731815 -3820.935818131794 5314.007745912616
-246.86634935212146 -4163.189292157401 5532.267950080065
1799.9524236640048 -4135.525127719538 5258.961868924886
3686.837524876488 -3740.401407230694 4518.373947141695
5246.130932583718 -3012.9266072281803 3376.3086715974787
6339.282584664456 -2017.7400561628294 1934.2435538953011
6869.161159614368 -843.2684464010011 320.31240814147174
6788.684620715296 406.13126544620854 -1322.0799007436133
6105.003661613927 1619.4444320807584 -2846.9996085954667
4878.866335810841 2688.862854110143 -4118.950907371672
3219.220325518725 3519.364011671541 -5024.915342309547
1273.53246198856 4037.1542323213484 -5484.393997605454
-785.3143495944371 4196.22558266987 -5456.560178347485
-2774.382534920759 3982.4438751655084 -4943.887041523394
-4516.934656842122 3414.8045526856004 -3991.927845169021
-5858.137312261787 2543.744860076643 -2685.2683414846015
-6678.8187594748615 1446.662273609404 -1140.0109615532251
-6906.057850395216 221.03739555914527 506.5413951678619
-6519.6633945722615 -1024.2276250931573 2108.0853260079593
-5553.968235069997 -2178.485526507052 3522.3166244521963
-4094.778624693595 -3139.1754287645285 4623.574633381949
-1902.421770500731 -4009.184371261019 5320.367358803414
145.70390346784507 -4168.534526821835 5531.8321575648015
2180.8831462022545 -3957.4920963620725 5251.769393080987
4022.281350748556 -3394.809125972527 4505.063871011551
5506.2822057898875 -2530.4824668658453 3358.0636538555596
6501.0257229253075 -1441.3113357387513 1912.6847444349048
6918.124575297342 -224.0733673406504 297.35540179245686
6720.5176994645535 1013.0745030754765 -1344.395273221982
5925.763333528195 2160.2062580890743 -2866.6905284291092
4604.478890623778 3115.3942071624565 -4134.26774992116
2874.0662918646653 3793.765709247154 -5034.497138897517
888.2802904411926 4135.044479398652 -5487.3893635560435
-1176.4333129418715 4108.906401211767 -5452.702962251029
-3136.6156537774423 3717.6739576384734 -4933.519973957191
-4818.095928963831 2996.1098681855533 -3975.972085581446
-6071.4672369960335 2008.3282687327733 -2665.1416291357086
-6785.362036826046 842.0978891996359 -1117.5016431598533
-6896.347642613224 -398.95658327463474 529.433267885977
-6394.562496231065 -1604.5620125327937 2129.325709700468
-5324.592409983459 -2667.59506547302 3540.0182178161303
-3781.508921519925 -3493.600590297827 4636.164572164738
-1517.75295071237 -4162.0261021614115 5326.635096737014
537.0992385145285 -4137.065649866979 5531.300838404777
2544.227803378214 -3744.5087593682956 5244.486226866358
4325.290562751932 -3019.2358330937113 4491.675999022142
5722.0322744001805 -2025.6905533505048 3339.760647269319
6610.346307742889 -852.1537783455688 1891.092905708463
6911.302062615692 397.1005994806527 274.39326055085894
6598.158299475534 1611.0708463957617 -1366.6874299617093
5698.739215886227 2681.8903785405982 -2886.33194471311
4292.962144460273 3514.412181270057 -4149.513199717681
2505.7365471449893 4034.6630389498305 -5043.991997088575
495.86526137212076 4196.416379791807 -5490.289970323875
-1558.0658289425182 3985.29970961932 -5448.751585955208
-3473.555932896347 3420.0716710474394 -4923.067711721923
-5080.405348763183 2550.9552557656757 -3959.947666775341
-6235.838454400749 1455.1752713263934 -2644.968893691683
-6837.189947838503 230.09657809824563 -1094.9730271486883
-6831.027109896914 -1015.4272058561454 552.315998066469
-6217.897535772266 -2170.725826441298 2150.5293230545544
-5052.280478800367 -3133.145931273753 3557.6586802467473
-3437.746129719361 -3817.17227052809 4648.674451171059
-1121.113937828096 -4278.236635462969 5332.810851478761
923.8846625077024 -4069.048901737562 5530.674001775094
2886.7920561786186 -3498.308316365786 5237.1124960506195
4593.195307179822 -2616.72768501171 4478.210562362391
5891.472998232467 -1502.6393155240482 3321.399967904909
6666.267459088739 -255.0348486280704 1869.4684105754147
6848.734801772096 1015.2305837705316 251.42638093927837
6422.662002140343 2195.288323535108 -1388.9559860098425
5425.907498230494 3180.2850618894126 -2905.923518268971
3947.0373018999776 3882.6995160437523 -4164.686993494627
2117.455520007748 4240.119079251422 -5053.39975292044
99.72852286237053 4220.785454811507 -5493.095767819716
-1926.8597911907818 3826.4165200997063 -5444.706117694492
-3782.2381569117183 3092.053685624723 -4912.530435312861
-5301.548064312271 2082.948311927886 -3943.854865468955
-6349.792160738199 888.7638398481521 -2624.7504835061272
-6833.829358078617 -384.3911996779618 -1072.4255025560026
-6710.650827187566 -1623.3913942397128 575.1891905580503
-5991.201521094808 -2718.1461392874457 2171.6957999147958
-4739.407667897951 -3571.381671471638 3575.2377071190813
-3066.4966448603545 -4107.284269395262 4661.104054373597
-715.9702660809309 -4356.910449996583 5338.894516382406
1302.6645407217193 -3965.0695450717594 5529.951658500304
3205.5518864320766 -3220.914810646206 5229.648327967305
4823.611879700184 -2190.567660542903 4464.667793560727
6013.072789384848 -965.5789606525243 3302.9819328243793
6668.2457937973595 345.2056672652871 1847.811632459141
6730.915896316312 1625.3172567364818 228.45515956209618
6195.514583309649 2761.012275359357 -1411.2005568210252
5109.614611008036 3651.3792368137065 -2925.4649107788855
3569.702957343934 4217.305129263334 -4179.788869222787
1712.607530536421 4408.504953639182 -5062.720243934905
-296.66059101356825 4207.989766478857 -5495.806707591548
-2279.5691171784833 3633.576222107953 -5440.566627328202
-4059.927923557792 2736.303484716142 -4901.9083266933485
-5479.544317228743 1595.8981746372476 -3927.693959561417
-6412.279151729747 313.69030825806476 -2604.4867477214307
-6775.254843776009 -996.3903186171153 -1049.859458744533
-6536.219410236604 -2217.937293096279 598.0524503741793
-5716.412198371254 -3242.4108058263155 2192.8247747671558
-4388.676676618868 -3978.7818893732415 3592.7549948690657
-2670.98797275854 -4361.620741452623 4673.453167131244
-305.8525714727328 -4397.467992521811 5344.8859863919715
1670.1120979152827 -3826.026857920753 5529.133821054218
3497.679978237358 -2914.626446751104 5222.093851511681
5014.46364317726 -1744.2486851601375 4451.047926480925
6085.6902078096155 -418.8867733834146 3284.5068600802397
6616.176490866488 943.6950664627324 1826.1229453405015
6558.786458097579 2222.4254583161014 205.47999309868396
5918.619465766403 3303.683595244601 -1433.4207582640502
4752.557160468176 4091.394946758944 -2944.9557847916167
3164.209295208758 4515.567902462772 -4194.818566114871
1294.7075481662564 4538.51283378943 -5071.953309180746
-689.8346462612611 4158.190982898385 -5498.422742825413
-2613.0820050790353 3408.395615256238 -5436.333186339276
-4304.145560424038 2355.7493397007684 -4891.201569291639
-5612.76689429364 1093.7843972772196 -3911.4652281279205
-6422.669258383457 -265.36808883819475 -2584.178036262596
-6661.889273446105 -1600.9414557116663 -1027.275285396808
-6309.1711913435165 -2794.2641486292914 620.9053826998203
-5395.855561548329 -3739.3042095149526 2213.9158827451615
-4003.094485787461 -4352.090681718975 3610.210240998777
-2254.6408976735784 -4578.174798016889 4685.721576192962
105.67391016918914 -4399.659982933945 5350.785158043519
2022.9983303572246 -3653.126410029313 5528.220503559693
3760.5704711111216 -2581.996524112359 5214.449197138498
5163.999422515072 -1281.4449161229309 4437.351196318166
6108.584363390379 132.9686961924411 3265.975068709955
6510.394776497494 1535.567456327566 1804.4027237513787
6333.728043315918 2801.7243092412223 182.50127829653923
5594.281778377993 3818.935662114192 -1455.6162066286458
4357.759027330009 4496.817822285162 -2964.3958037282937
2734.030262993199 4775.137984986141 -4209.775824630024
867.3709116952793 4629.166182373205 -5081.0987892164385
-1076.3581515013207 4071.872649695221 -5500.943828346209
-2924.4480694170775 3152.7753629730178 -5432.005867833046
-4512.687942636176 1953.540149523857 -4880.410347997795
-5699.95568854718 580.7243208197725 -3895.168951414896
-6380.757357687233 -843.6914122558544 -2563.8246998313916
-6494.600734104324 -2193.1414608737787 -1004.6733725084798
-6031.37033421036 -3347.721266250288 643.747592898285
-5032.226211889071 -4204.841345887646 2234.9687596362273
-3585.9467070804244 -4688.34281930059 3627.6031440816705
-1821.040100679734 -4755.264458765089 4697.9090697012725
515.0400861815918 -4363.568878688021 5356.591929466999
2358.2200796953152 -3447.869688156221 5527.211721788383
3991.861870249781 -2225.8121451048105 5206.714496859742
5270.809215635261 -805.981425145129 4423.577839594891
6081.422031646276 685.4642814299073 3247.3868787304377
6351.673812264517 2116.003478489437 1782.6513427682087
6057.551500801644 3358.526480556887 159.51941196443408
5225.189155365608 4302.629666176169 -1477.7865186318195
3928.5458231104612 4864.425324176375 -2983.7846318882466
2282.8339543325237 4993.9954449446 -4224.660386478265
434.2822706603545 4679.827154641458 -5090.156526112934
-1452.8572985763337 3949.8356845652215 -5503.369920618477
-3210.9041210752894 2868.883980346957 -5427.584746535967
-4683.648021596052 1533.0193445848877 -4869.534849160387
-5740.229241547199 60.93921251187236 -3878.805410835203
-6286.765902805769 -1416.5556360201526 -2543.4270899001344
-6274.695824582299 -2768.1832998397776 -982.0541103814887
-5705.091486295607 -3873.845729496315 666.5786865180337
-4628.564733069956 -4635.299965995115 2255.9830418880147
-3140.7696911892263 -4984.887458836411 3644.933403767779
-1373.9034792056052 -4891.545825141788 4710.01543719596
918.703727663817 -4289.607490472405 5362.306200387964
2672.8270265642186 -3212.041159195051 5526.107493160476
4189.4579146462 -1849.0708751127395 5198.889884242374
5333.837081878617 -321.8025292627795 4409.728094156854
6004.281417227602 1234.0593835192813 3228.7426111325235
6141.21899930093 2680.269704495253 1760.8691780055053
5732.482322990691 3888.3263000569823 136.534790965563
4814.38943569839 4750.888040219738 -1499.9313114247464
3468.5169194442574 5191.312529080192 -3003.121934454795
1814.4514535617038 5170.4661180320745 -4239.471994625004
-0.8359865588330828 4690.201102179988 -5099.126363456358
-1816.0491456049913 3793.1911357906733 -5505.7009777471585
-3469.8983684637265 2559.1394908412362 -5423.069898794334
-4815.431893886281 1097.6970715318703 -4858.575260583364
-5733.093163362221 -461.2805497473289 -3862.374888963232
-6141.343946008487 -1979.2713698851398 -2522.9855587056904
-6003.909368207901 -3321.3952429193228 -959.4178896173809
-5333.001095319746 -4368.3985729171745 689.398269299496
-4188.232271622615 -5027.250519309944 2276.9583666146204
-2671.320630837204 -5239.409195336506 3662.200720788847
-917.0504291044294 -4986.023371588878 4722.040469617813
1313.1799048140329 -4178.514765496142 5367.927872129328
2964.0473710529645 -2947.69288188137 5524.907836744381
4351.5462208662175 -1454.9555499742667 5190.975494405996
5352.391092509436 167.06096751530373 4395.80219916889
5877.652527001751 1774.2333849061254 3210.0425878754377
5880.6587408167015 3223.757379953114 1739.056605609349
5361.142618664272 4386.836384564997 113.54781221068939
4365.265447856633 5160.125725093918 -1522.0502025992955
2981.515285355059 5474.915250109465 -3022.407377501005
1332.8444055853595 5303.234528882949 -4254.210393295447
-434.2555487119314 4660.3381469037795 -5108.008146350778
-2162.7699918070675 3603.3502690151167 -5507.936959478304
-3699.112829970402 2226.188906682229 -5418.461402572958
-4906.773259901558 651.2208905215479 -4847.531771522795
-5678.44535267068 -981.6109595977736 -3845.8776695300458
-5945.562656408036 -2527.2223682280965 -2502.5004592433847
-5684.390626451567 -3848.278978908687 -936.7651011105353
-4918.135543797499 -4827.399114419068 712.2059471818769
-3714.8825351946766 -5377.583653921244 2297.8943716028743
-2181.5459108463297 -5449.946286635355 3679.404796963595
-454.36935876272975 -5038.057275086569 4733.983959312115
1695.0708769332396 -4031.3487789166616 5373.456847613042
3229.31197837206 -2657.126798954266 5523.612773256409
4476.614538930315 -1046.8074422958946 5182.97146402054
5326.150252405286 656.525349449273 4381.800395110803
5702.4341425286375 2301.522982781794 3191.287131881186
5572.031734368275 3742.0201990269325 1717.2140022509961
4946.529854150765 4850.022499003372 90.55887265125737
3881.5070889032404 5527.079015970173 -1544.14281019459
2471.5953850933874 5713.030307181266 -3041.6406279955168
842.0715849002714 5391.353784378753 -4268.875327979023
-862.2739709815153 4590.631818267801 -5116.801721420775
-2490.0027005145885 3382.012069447848 -5510.077827199786
-3896.483762910104 1872.8857065419086 -5413.759337453826
-4956.745143533678 197.34522958620278 -4836.404572683559
-5576.577965836505 -1495.730237053507 -3829.314037418479
-5700.907363465446 -3055.9035082269907 -2481.9721452609
-5318.686123830583 -4344.54634208286 -914.0961360415124
-4463.876281423763 -5247.157167717059 735.001326309964
-3212.4314420140417 -5683.535052229642 2318.7906953186075
-1675.5479714581822 -5614.905905568861 3696.5453352028385
10.215289382918373 -5047.367728589563 4745.845700032294
2061.0951820438922 -3849.4769977209316 5378.893031361793
3466.2767811819535 -2342.874861596926 5522.222325060412
4563.4644768068865 -628.0980124830535 5174.877931303892
5255.168327233528 1142.488101402677 4367.722923773261
5479.92740985911 2811.5591337522883 3172.476567029056
5217.770893853376 4230.810798744009 1695.3417451201935
4491.992536118347 5274.13635765994 67.56836927269414
3367.080928764629 5848.831756031601 -1566.2087527036044
1942.98940469893 5903.832785704447 -3060.8213538082423
346.2547453571442 5434.252363824012 -4283.4665454337755
-1281.2461676235562 4481.814771594098 -5125.506936814198
-2794.9027359546717 3131.148268787902 -5512.1235439419515
-4060.2199309676002 1502.2655014820273 -5408.963784634721
-4964.768767132363 -260.1001482140824 -4825.193856216098
-5428.176110808543 -1999.354758310668 -3812.684278658212
-5409.266185880883 -3560.957924107511 -2461.4009712521774
-4909.719222164034 -4806.154351340963 -891.411385870116
-3973.9221596099924 -5624.302872996778 757.7840130409193
-2685.024673904448 -5942.707402540208 2339.6469769129017
-1157.5509628857706 -5733.07630022605 3713.6220395145456
472.77623101402634 -5014.036209445857 4757.625486943414
2408.115678252264 -3634.5639045834146 5384.2363295006435
3672.8432449547554 -2007.677156642889 5520.736516167395
4611.222571335906 -202.3994827885737 5166.695036019521
5139.874536236919 1620.862273327027 4353.570028253595
5211.826092625396 3300.1033034205648 3153.6112181499702
4820.684028962017 4686.115672740398 1673.4402119188198
4001.2030341019445 5655.746099857332 44.57669908726952
2826.1975906715966 6122.838666168988 -1588.247649079822
1400.072088746267 6045.890147356605 -3079.949223716122
-150.45596237935703 5431.737756999681 -4297.983793690728
-1687.6153409824562 4334.951630144798 -5134.123642204692
-3074.8226905613133 2852.9860273296695 -5514.074074378264
-4188.818550446682 1117.5200958633247 -5404.07482692782
-4930.619499797423 -717.2424002766312 -4813.899815713075
-5234.313268923883 -2488.2747615855824 -3795.9886804208395
-5072.915333701022 -4038.2129907137155 -2440.787292451272
-4460.766608956556 -5229.338274211122 -868.7112423287892
-3452.259195254474 -5955.8139034718315 780.5536139510905
-2137.0034020640906 -6153.089330750253 2360.462856228301
-631.8654785153421 -5803.635768603741 3730.634615009006
929.4164656954752 -4938.50369958071 4769.323116625809
2733.1662982715407 -3388.5560916598947 5389.486649758661
3847.176719313275 -1654.458224241974 5519.155372235104
4619.348605787095 226.64551687022393 5158.422919474035
4981.07109695925 2087.610809190985 4339.341952951586
4900.203562096113 3763.0827197860135 3134.6914110208713
4383.931436551604 5104.188216711521 1651.5097808542964
3478.127764303246 5991.764191221178 21.58425912749581
2263.277176684251 6346.945622916769 -1610.259118743745
847.3244796885764 6138.173082904105 -3099.0239074088386
-643.9167157496771 5383.996927546509 -4312.426822058255
-2077.9430852116034 4151.42901789505 -5142.651688794389
-3327.3350926494463 2549.988421757438 -5515.929384825922
-4281.078775335827 721.970163906821 -5399.092548758265
-4854.429821628861 -1170.1983113208003 -4802.522646206043
-4996.443474955787 -2958.3895312568543 -3779.227531014923
-4694.501199001852 -4483.714858662135 -2420.1314648262637
-3975.4318900374133 -5610.642444416715 -845.9960974157859
-2903.1280117476626 -6239.03982708604 803.3097358427893
-1572.868469446665 -6313.071141543459 2381.2379738050577
-102.85266121578736 -5826.1583806183635 3747.582767903972
1376.3020573256129 -4821.565879900388 4780.9383870785505
3033.4772898324345 -3113.6649557487244 5394.643901470487
3987.7225163855433 -1286.3017692842332 5517.478920567577
4587.641097525791 655.3549742235562 5150.0617245148005
4779.927634619504 2538.780552293598 4325.038943565269
4547.496625010352 4196.624337037419 3115.7174723591775
3911.000583908801 5481.579632852891 1629.5508306330698
2926.9949777835727 6279.4725227734025 -1.408553560842844
1682.9130229763928 6519.406722034215 -1632.2427815895235
289.2968607355899 6180.06302409712 -3118.045075494523
-1130.0245971399338 5291.593605709113 -4326.795381126396
-2448.938410528306 3932.942873677795 -5151.090929316401
-3550.2532991520243 2224.832907884701 -5517.689443246424
-4336.1126021161135 319.03677470762324 -5394.017036162709
-4736.689271665446 -1615.1071759720337 -4791.062544162064
-4716.390312808811 -3405.741766285468 -3762.401119880958
-4277.019377121134 -4893.761254812891 -2399.433845073054
-3457.616500385854 -5946.948579932646 -823.2663433884122
-2330.9892240912104 -6471.723425971389 826.0519857511144
-997.2433258583224 -6421.457244922108 2401.9719708872462
425.1120182073265 -5800.616407560524 3764.466205529661
1809.69429388187 -4664.365346801378 4792.471097722909
3306.498727943373 -2812.347146577051 5399.707995577941
4093.2195766731506 -906.4239837495495 5515.707190114685
4516.239903217282 1080.0389278102796 5141.611595527413
4537.972495168174 2970.535640961357 4310.661247086693
4156.486316359095 4597.087226432071 3096.689729817026
3405.678087901752 5815.167437849295 1607.5637404540705
2352.2604157621945 6516.544502971652 -24.401341925541416
1089.834082957382 6638.897991620437 -1654.1982579915052
-269.428790776311 6171.356259389778 -3137.0123995054587
-1604.7517340807478 5155.462440961465 -4341.089222771175
-2797.485443475121 3681.4831602794443 -5159.441218037399
-3741.650294654059 1880.3879448838618 -5519.354219246143
-4353.35309719112 -87.78799136122186 -5388.848376787828
-4578.241372667355 -2048.1635793226224 -4779.519707480328
-4396.3328109007525 -3826.550845043387 -3745.5097375864325
-3823.790785896856 -5264.93227564024 -2378.6947906092414
-2911.4881691365426 -6235.501368771736 -800.5223727562518
-1740.487051693045 -6652.018801240816 848.7799709507229
-414.8360217050376 -6477.475171315952 2422.6644894291235
947.6750092893823 -5727.379446488075 3781.284636333777
2225.9809569051554 -4468.3809236490215 4803.92104940586
3549.922100006458 -2487.2829389793274 5404.678844631534
4162.711603593632 -518.1457091640654 5513.840211471616
4405.625913442546 1497.031040755485 5133.0726784332255
4257.081027111209 3379.1900130913605 4296.209111797626
3730.275809628667 4961.093123432948 3077.6085119756654
2872.019216414851 6102.18133835896 1585.5488900021505
1758.5711121738314 6701.063962390043 -47.393708914760005
488.8662472539559 6704.52764622793 -1676.1251688107222
-824.2765290886125 6112.264626363504 -3155.9255519036883
-2064.1787185437115 4976.900071215154 -4355.3081001588625
-3120.6695703570726 3399.3161039731367 -5167.702410760111
-3899.8752360113717 1519.687983240089 -5520.92368407683
-4332.559872625481 -494.9710838447251 -5383.586659888797
-4380.277551430979 -2465.649797985081 -4767.89433548873
-4038.788347260413 -4217.244707248572 -3728.553675820821
-3338.4350745050338 -5594.1189171994465 -2357.914659567943
-2341.4471948988576 -6473.931111970647 -777.764578274389
-1136.4114567541267 -6778.506117064509 871.4932989625008
169.59942638271303 -6480.781106673053 2443.3151721011805
1460.5406562106346 -5607.21025451425 3798.037769886657
2621.706439257141 -4235.414164404954 4815.288044403479
3761.6997815205445 -2141.3527172665436 5409.5563627919655
4195.555569543666 -124.86367840082333 5511.878016878359
4256.617833320476 1902.720046246026 5124.445120686842
3939.4609227470787 3761.238744834526 4281.682787265293
3272.2656211481003 5285.554875020113 3058.4741483398066
2314.3151590089506 6340.226259284659 1563.506659441584
1150.7276387870597 6831.540716787102 -70.38525748398794
-115.10708202613155 6715.842801880361 -1698.023135401496
-1370.7140334621772 6003.412782035849 -3174.784206086769
-2504.52702774565 4757.5531909644005 -4369.451767750224
-3415.801804678101 3088.964120697457 -5175.874364825829
-4023.5676012655804 1145.907032610773 -5522.397810636126
-4273.821759345021 -898.9689240535399 -5378.231976327779
-4144.328098748787 -2863.9675467555685 -4756.186628940428
-3646.5926994944116 -4574.490084613816 -3711.533227390468
-2824.8415360814975 -5878.549103634999 -2337.093810791607
-1752.0908055748164 -6660.273237210414 -754.993352936608
-523.6591180689655 -6850.202865531981 894.1915775605512
751.3019801174892 -6431.461907630902 2463.923662296335
1959.5066003360898 -5441.257335231097 3814.7253168862153
2993.6004599617163 -3967.573170031542 4826.571886424404
3940.0622383638056 -1777.6117759896765 5414.34046583164
4191.427518856742 269.9789159269176 5509.8206402191445
4070.366070522548 2293.5807963804114 5115.729071273555
3587.6347343151406 4113.387957861966 4267.082524338058
2786.126307888105 5567.702547981784 3039.286969331871
1737.058332291314 6527.302333253197 1541.4374294093973
533.6451009155068 6906.922661620587 -93.37559060284258
-717.1848395396092 6672.832600972132 -1719.8917796180078
-1904.2897596877942 5845.832080483759 -3193.588036393345
-2922.1901778497486 4499.403725632874 -4383.5199813048675
-3680.4411748893895 2753.183604451465 -5183.956939116876
-4111.668822190037 762.3310378672983 -5523.776573468023
-4177.556650877668 -1296.2579868660116 -5372.78441857231
-3872.2502382294215 -3239.668800931805 -4744.3967900103835
-3222.877398824197 -4895.220824982475 -3694.448686213631
-2287.1377591689493 -6115.810996410658 -2316.2326038258047
-1148.175892672789 -6792.984522013269 -732.2090899686756
92.80644057426093 -6866.571562313428 916.8744147788348
1325.5425143019193 -6330.033585849065 2484.4896041361335
2440.4983185863457 -5231.044346387169 3831.3469891628993
3338.605137313902 -3667.253860688783 4837.77238061321
4083.532811287498 -1399.2636554486157 5419.031071136109
4150.3256162038515 662.922273334211 5507.668117021857
3848.343776716516 2666.2046489447775 5106.924680706782
3204.4197044894217 4432.5830410502185 4252.40857514109
2275.768879154183 5805.106977888081 3020.0473062864417
1144.906001858863 6661.82168444821 1519.3415810089298
-87.68679803885222 6926.604299422176 -116.36431126193523
-1312.4882411236254 6575.927725490183 -1741.7307238207884
-2420.6693442247947 5640.951115164881 -3212.336718108789
-3313.7633531591396 4204.75124335096 -4397.512497885323
-3912.4149459543537 2394.9407713183814 -5191.949994059021
-4163.431301451325 372.32930172969867 -5525.059948763304
-4044.5085148970115 -1683.3652602579227 -5367.244080693733
-3566.213397760827 -3589.4854315448106 -4732.525022291831
-2771.0445701638714 -5176.6640700415865 -3677.3003473153185
-1729.6562719790597 -6303.873388499076 -2295.331398913073
-534.5804235573695 -6870.955892295721 -709.4121828214509
707.9952414649568 -6827.523812368592 939.5414189179643
1887.6624222971411 -6177.436279617778 2505.012642476862
2899.602513038146 -4978.456424190324 3847.9024996847993
3653.9001957996666 -3337.118867877408 4848.88933355375
4190.939959103761 -1009.6322425648627 5423.628097705481
4072.570412610732 1050.520000715762 5505.42048445742
3592.3351127763494 3017.328931801718 5098.032101025453
2792.9050734688262 4716.0349459671215 4237.6611930720155
1745.313161921541 5995.700559204907 3000.7554914442703
542.6425167568683 6742.621866058808 1497.2194958031243
-708.2442973691042 6890.431630604688 -139.35102247965315
-1896.2004975949221 6425.996306610188 -1763.539590883218
-2915.670962270621 5390.5830107530555 -3231.0299274708045
-3676.071266737311 3876.192758206589 -4411.429075861324
-4109.836506981332 2017.385768701773 -5199.853391623904
-4178.424737859623 -20.674799503856008 -5526.247914359958
-3875.7415940641404 -2056.8983210437227 -5361.6110583655945
-3228.681801224222 -3910.3574002092146 -4720.571530792866
-2294.739461508824 -5416.364064045315 -3660.088506822243
-1156.8994503400975 -6441.103011468808 -2274.390556986596
83.73615396094512 -6893.521690008294 -686.6030251641488
1316.9314335125184 -6733.420714668888 962.1921985519058
2433.111575938081 -5975.025759701051 2525.492422915686
3333.0990773072713 -4685.723545015113 3864.391562562466
3936.926098593333 -2980.074230395492 4859.922553272526
4261.426858932379 -612.132878024245 5428.13146615583
3958.802325139338 1429.3690325672494 5503.077781339158
3304.4208318398178 3343.8652319324447 5089.051485791433
2356.4270464193555 4961.244331129585 4222.840632796539
1199.0543769147453 6137.795099443738 2981.411857946765
-64.85953594217636 6768.975837902145 1475.0715558080135
-1323.010394399266 6798.703368001759 -162.3353273092018
-2463.6059733784923 6224.336268236102 -1785.3180041981427
-3385.2993502662803 5096.909575987884 -3249.6673416750336
-4006.1940237414324 3516.600100493824 -4425.269474913908
-4271.120777314241 1623.8252737255652 -5207.666995331426
-4156.539706317878 -413.23355465301677 -5527.340449743555
-3672.6318417411167 -2413.5747682551128 -5355.885448861943
-2862.394520946272 -4199.459271899359 -4708.536521932779
-1797.820885553895 -5612.203390211864 -3642.8134619576995
-573.5029748730618 -6526.2786085551115 -2253.410439664124
701.7731919016035 -6860.465332426304 -663.7820108775477
1914.6937308948975 -6585.069604855185 984.8263625348936
2957.4853294031172 -5724.561544790709 2545.9285917967723
3737.4913776832864 -4355.401069647005 3880.8138930539267
4185.404915345529 -2599.244096102396 4870.871849241969
4294.458284598416 -210.24271881666115 5432.541098720576
3809.9763501999173 1796.1391984397858 5500.6400481221235
2986.9612972803343 3642.926265687807 5079.982990086763
1898.5416250336484 5166.023347510856 4207.947150244033
641.4281977900172 6230.096584187528 2962.016739830197
-672.6789396885404 6740.598399030591 1452.8981434860807
-1927.0156013728456 6652.1684654909295 -185.31682884523318
-3010.1284703065116 5972.664171231916 -1807.065587684162
-3825.778214922213 4762.462454753971 -3268.2486388806096
-4301.490775990929 3129.0950494488657 -4439.033456039627
-4394.997004831496 1217.693817192779 -5215.390670252058
-4097.988462666107 -801.9048544821745 -5528.337536047611
-3436.85566186666 -2750.2507607349303 -5350.067351055647
-2470.343153117735 -4454.22481761966 -4696.420203538542
-1284.3298142919127 -5762.421452415262 -3625.475511036427
15.80186472228706 -6558.60165319373 -2232.3914092415157
1314.5294787105859 -6772.021315136655 -640.9495340471406
2496.4553797978597 -6383.717164703625 1007.4435200080445
3456.5602648760737 -5428.191729705346 2566.320796217396
4109.534601555192 -3990.347638295677 3897.1692075695505
4397.35875449057 -2197.9436478712782 4881.7370323837595
4289.824707649871 192.52938861340505 5436.856919251822
3627.3540542197575 2147.602182774348 5498.1073269024055
2642.5770746911353 3911.8510983988454 5070.826770511111
1422.9955253177548 5328.514877054778 4192.981002603173
76.97457880684097 6271.716725082052 2942.570472019852
-1275.8858968284048 6657.649019110246 1430.6996417397736
-2515.3783113974278 6452.019981179002 -208.29513023086716
-3531.368324442877 5673.10065369668 -1828.7819657923615
-4233.580764706934 4390.101437141264 -3286.773498215724
-4559.620975263612 2717.0224422529936 -4452.720781554715
-4480.518852601042 802.5240799139466 -5223.024283009267
-4003.3029674517406 -1183.2820687443755 -5529.239156053904
-3170.3760454386365 -3063.9484128469335 -5344.1568654167695
-2055.747298822219 -4672.369494551861 -4684.222784841249
-758.456383206997 -5865.630042310086 -3608.0749534594634
606.2267104871665 -6537.703619915586 -2211.333828686683
1917.0439005724604 -6628.873540651814 -618.1059889564058
3057.5233272833034 -6131.0389569687295 1030.0432804061104
3926.328388644891 -5088.434656337684 2586.6686840340376
4446.261942267054 -3593.7006062633336 3913.4572236770027
4571.125610219637 -1779.650486627133 4892.517915072108
4247.643589292311 592.6732654908384 5441.078853221659
3412.492908791926 2480.659627329634 5495.479661416389
2274.1272578669273 4148.228495084693 5061.582985179004
933.6954202373365 5447.209056850593 4177.942448317383
-489.6993529352003 6262.181189232097 2923.0733903243163
-1869.5821895892386 6520.731041820814 1408.4764339046326
-3083.344444171944 6199.8853255869035 -231.26983466447066
-4023.138013855761 5328.152590425985 -1850.466763512696
-4605.458115758118 3982.9901153932037 -3305.2415997831813
-4778.563053355318 2283.9214895435166 -4466.331215099077
-4527.071693283338 381.9164165235014 -5230.567701781723
-3873.33014653623 -1554.0236061172127 -5530.045294192774
-2875.426218439989 -3351.881811634157 -5338.154094010737
-1622.0280522352537 -4851.910608696326 -4671.944476472459
-224.50557543655475 -5920.825855916828 -3590.6120897089713
1192.9652069661972 -6463.6497427228305 -2190.2380616331975
2504.435795488393 -6432.149984628211 -595.2517700799251
3593.376273046004 -5829.125473374089 1052.6252534643463
4363.029499471424 -4708.1575831148875 2606.971903868448
4745.008408029222 -3168.849230186681 3929.6776601060847
4705.3724964072 -1347.9747168905824 4903.2143111369305
4168.357855612344 986.707727307389 5445.206827723472
3167.2330602625525 2792.3701336241334 5492.757097040011
1884.6857083350803 4349.918199453869 5052.251793717041
434.67576041506163 5520.956943960505 4162.831747080517
-1053.9570363610162 6201.434435675786 2903.525831429647
-2448.9411252421446 6330.887263234495 1386.2289037430107
-3626.326048144383 5897.812974813672 -254.24054540652483
-4481.4959877992615 4940.692121454701 -1872.1196063804607
-4938.465342216945 3544.5690912342566 -3323.65262466588
-4956.630378880464 1833.4955421723632 -4479.864521640462
-4534.377054566317 -40.49213197416099 -5238.020796305626
-3709.224430167995 -1910.8819024980169 -5530.755936543397
-2554.490937485935 -3611.481430217822 -5332.059140496626
-1172.7797148094244 -4991.184984137544 -4659.585490460604
313.1381321869031 -5927.399848762113 -3573.0872213430425
1771.232281954384 -6336.939224858382 -2169.104472374135
3071.944670545363 -6183.413741626238 -572.387272076608
4099.7012941512585 -5480.464811986338 1075.189049225117
4763.181466529004 -4290.552533177774 2627.230105113739
5003.432062728079 -2719.4058330166895 3945.8302367536044
4799.10576295381 -906.6279906761318 4913.826035867129
4052.73157257871 1371.21061963421 5449.240771473181
2893.681645792873 3079.974932101012 5489.939680787975
1477.515406065574 4515.069955603285 5042.833357261273
-69.93456146014536 5548.981199492006 4147.649159832253
-1611.1705362974033 6089.841112502991 2883.9281328935795
-3009.2469384791984 6089.591917840541 1363.957435437149
-4139.938544314431 5548.255757543996 -277.20686578647593
-4902.77844266627 4513.932725070313 -1893.7401204826824
-5229.984960898397 3078.526960906642 -3342.006254932367
-5092.484363943728 1369.580566373345 -4493.320467478441
-4502.494183253121 -461.05907178751664 -5245.38343787695
-3512.437635510206 -2250.7315880956426 -5531.371070834021
-2210.285589773496 -3840.4167256286223 -5325.872110125357
-711.7399697068981 -5088.863983698248 -4647.146040227268
850.046870087557 -5885.143344704528 -3555.500650990506
2336.303315105515 -6158.501893007643 -2147.933425855609
3614.9689578781217 -5884.650521976613 -549.512889782853
4572.428744713271 -5087.922127704498 1097.734278044695
5123.608171807602 -3839.109524407354 2647.4429379404305
5219.532528252714 -2249.175192211953 3961.914674688202
4851.678514021332 -459.39177384572616 4924.352906013763
3901.8428612628754 1742.8483056556129 5453.180614810484
2594.1947890635493 3340.9219960143946 5487.027461312936
1056.0411254195694 4642.140105632633 5033.327838454315
-575.9464265780124 5530.883695169049 4132.394948753657
-2156.7586110749176 5928.183996506409 2864.2806331396823
-3545.9333281985496 5798.739134347201 1341.6624135827167
-4620.036308039625 5154.050852753698 -300.16839920958535
-5283.6287872159955 4051.4025347133843 -1915.327932464819
-5477.747661825189 2588.7693221766444 -3360.302173642321
-5185.144617981546 896.1125947374273 -4506.698820248533
-4431.8187201978735 -876.1676692695581 -5252.6554993536365
-3284.7062804085117 -2570.5965908634435 -5531.890686442175
-1845.7332729087375 -4036.6167244818075 -5319.593109737898
-242.7587642440118 -5143.965747729201 -4634.626340583568
1381.7859259531142 -5794.250840369007 -3537.852682345678
2883.5528727616306 -5929.691318191028 -2126.7252876706148
4129.103492561936 -5538.252700370034 -526.6290182058011
5007.7651467758915 -4654.7160258995 1120.2605505999766
5441.464891483431 -3357.587405642957 2667.6100533025005
5391.6666011073075 -1762.1224098654245 3977.9306961551756
4862.795072283625 -10.085105024467376 4934.794739793166
3717.07411730682 2098.4043528905027 5457.026289700049
2271.357428793035 3572.8883912319657 5484.02048890466
623.8206650430503 4729.905616650041 5023.7354014425555
-1079.145302387844 5466.64997117981 4117.069377262618
-2686.2244739504613 5717.658485772006 2844.5836714515
-4054.6208127006144 5460.627952372379 1319.34422318211
-5062.746298831967 4718.396661833405 -323.1247491637733
-5621.02455881592 3556.9151215478228 -1936.8826695368716
-5679.850119289094 2079.3860634478247 -3378.5400648520026
-5233.996071051731 417.09442837502803 -4519.9993489261815
-4323.078502887993 -1282.2578770476207 -5259.836855157829
-3028.036438225112 -2867.6759429985973 -5532.314774394858
-1463.940047706872 -4198.288416825562 -5313.222247763392
230.2338404451572 -5155.864540932283 -4622.026607726375
1903.9504415090998 -5655.319474438324 -3520.143620163176
3408.492690496065 -5652.274454679777 -2105.48042405264
4610.175406008638 -5147.000045025048 -503.73605251639407
5402.223805275817 -4184.392094132178 1142.7674778952028
5714.260912175551 -2849.982542773401 2687.731102943346
5518.560860407507 -1262.3395355468317 3993.8780245812873
4832.512458386803 437.46787909889684 4945.151356890161
3500.09962168272 2434.807173681609 5460.777729732699
1927.9611519471355 3773.8006681406905 5480.918815489163
184.51487314285075 4777.47541218403 5014.056211873343
-1575.326361870294 5356.650500249265 4101.672710009341
-3195.192936425431 5459.86368409383 2824.837587966773
-4531.152596705896 5077.944019389533 1297.003249637811
-5464.499464133402 4244.826744372193 -346.0755192264857
-5912.301573611748 3034.537985002025 -1958.40395948013
-5834.769742566575 1554.6172088138082 -3396.7196136197504
-5238.793014429096 -63.43812870273632 -4533.221823830724
-4177.326536895119 -1675.8567100904063 -5266.92738127804
-2744.6862646624486 -3139.368068410507 -5532.643327368694
-1068.1685729572062 -4323.932796962505 -5306.759634217301
703.2605840358062 -5124.297121237814 -4609.347059234639
2412.2019519290316 -5469.345158683636 -3502.373770252568
3906.808590619451 -5328.417876954517 -2084.199201869421
5054.278141286207 -4714.03728348129 -480.8343880426472
5752.652898765404 -3680.7937901588666 1165.2546712686833
5939.879201087858 -2320.495615683319 2707.805739401908
5599.321169663123 -754.0112224270417 4009.7563845794944
4761.238880097581 879.4703768656505 4955.422578461143
3252.8706520430455 2749.156383234964 5464.434870126559
1566.9802207634502 3941.8531185020433 5477.7224946278
-258.1432797104466 4784.298905652739 5004.290436892117
-2060.3296169388873 5201.638739486236 4086.2052128717255
-3679.4466260947447 5156.790144300762 2805.042723671441
-4971.628655536498 4653.738114593363 1274.6398787457338
-5822.059661300846 3737.181030811012 -369.0203130715104
-6155.175116470624 2488.5590120922634 -1979.8914306534025
-5941.376251000888 1018.8176042877687 -3414.8405060113014
-5199.660032329498 -541.4502186651015 -4546.366016629357
-3995.931201453396 -2053.6078135744524 -5273.926955271256
-2437.14634747297 -3383.2933421382086 -5532.876339690052
-661.8103452789309 -4412.3584099147465 -5300.205380699503
1172.330410399964 -5049.366069654389 -4596.587914065606
2902.3044644275824 -5237.715395327229 -3484.543439473156
4374.396030237449 -4960.670722789819 -2062.881988616499
5457.803312039915 -4242.848686987636 -457.9244202627815
6056.260818392303 -3148.030925911821 1187.7217423995044
6116.592973567694 -1773.4968021625593 2727.8336160185895
5633.439000815443 -241.3797046786249 4025.565501953772
4649.729250900864 1312.1850388434052 4965.608227137133
2977.598225259451 3038.74765020568 5467.997647728169
1191.545998353749 4075.5237382897235 5474.431581516357
-700.380319519214 4750.171657085401 4994.438245139512
-2530.074772434433 5002.74597836406 4070.667152950808
-4134.960978768627 4810.804365275954 2785.1994203938375
-5372.437756161832 4191.401672465864 1252.2544966885619
-6132.549862365312 3199.5745473938937 -391.95873447585996
-6347.758001045826 1923.4511826843545 -2001.3447119995114
-5998.939984656257 476.4207394668111 -3432.902429105414
-5117.089824715469 -1012.9417771903278 -4559.431700341115
-3780.563777869893 -2412.29997172233 -5280.835456265053
-2108.118048629704 -3597.3147275627443 -5533.013807335152
-248.35677944506025 -4462.692283303558 -5293.559600392359
1633.472079489011 -4931.540045470321 -4583.749392551035
3370.159775786372 -4962.198832890021 -3466.6529357286445
4807.393986302535 -4551.944477756527 -2041.5291524109173
5817.470144234653 -3737.229879895074 -435.0065447984182
6310.638550304322 -2590.4460066417164 1210.1683033142574
6243.079027398312 -1213.4896377132184 2747.8143869412916
5620.794535606909 271.2906108376867 4041.3051037038003
4499.077782876277 1731.9654980764396 4975.708127026894
2676.7336219155386 3301.0958279515444 5471.466001013568
804.9199915452131 4173.587757101829 5471.046132984088
-1138.414312407129 4675.238098545425 4984.499806748469
-2980.5955088531673 4761.473017988791 4055.0587985661323
-4557.937714209643 4424.63016440368 2765.3080207987673
-5730.287151478388 3694.6395035416467 1229.8474900290648
-6393.47542838731 2636.3639091315345 -414.89038732653114
-6488.575356179232 1343.835811902604 -2022.7634330517203
-6007.136888930682 -68.09799454016759 -3450.9050709991093
-4991.937947214612 -1473.9809953249253 -4572.41864934077
-3533.183412129659 -2748.8943162160153 -5287.652764959767
-1760.490025756984 -3779.5563137872887 -5533.0557279301265
168.6306251874307 -4474.388146568877 -5286.822408058775
2082.7677050606467 -4771.650956998859 -4570.831716393401
3811.841734263686 -4644.931639854169 -3448.702567961876
5202.216897385501 -4105.489762561661 -2020.1410619849607
6130.352259621741 -3201.2571032205 -412.08115740770114
6513.778920982825 -2012.5787017727737 1232.5939663936365
6318.427739966615 -645.0738506163868 2767.747707131358
5561.656526290928 779.7486430272511 4056.9749180297185
4310.707723326663 2135.2870478673235 4985.72210371993
2352.9468623795797 3533.9561695014604 5474.839870089373
410.4657416580154 4235.128615504875 5467.566207492732
-1568.4870615091243 4559.991298464879 4974.47529334126
-3408.0729060690746 4479.678743364064 4039.3804192511525
-4944.836516843168 4001.3270731689845 2745.368868381588
-6042.229703038116 3167.439932988204 1207.4192457034808
-6602.744264229817 2052.111854680226 -437.81487562746264
-6576.576021878751 754.444632539344 -2044.1472239399966
-5966.050139155259 -610.2583060283619 -3468.8481208130847
-4825.414519988012 -1920.7371160310054 -4585.32663936271
-3256.0196447370063 -3060.5500042582853 -5294.37876363043
-1397.3131352442515 -3928.4195936047486 -5533.0021007510695
585.5507783226404 -4447.231862473993 -5279.993920040193
2516.385935588316 -4570.888064006851 -4557.8351086620705
4223.629159499164 -4288.400802040821 -3430.6926461494013
5555.584397497268 -3624.8703094764987 -1998.7180866796189
6393.9015814971335 -2639.254182433873 -389.1486539785503
6664.092550806065 -1419.1287391057726 1254.9983443792773
6342.149652087408 -72.90747956423237 2787.6332323694805
5456.678924715467 1279.7919294857838 4072.574674336701
4086.358328641503 2518.7762093266233 4995.649984289532
2009.1033214805707 3735.3434458815345 5478.119196693803
11.619803988331897 4259.546293462231 5463.991865135507
-1986.8961840809286 4405.269760157777 4964.3648780265585
-3808.8677268442884 4159.56567645538 4023.632285748523
-5292.404657136832 3544.2659284466126 2725.3823074622774
-6305.688208307468 2614.042598940532 1184.9701510147622
-6758.683690113082 1451.5501129815725 -460.7318035062943
-6611.1404660572925 160.08102946143734 -2065.495715397611
-5876.168399080254 -1145.6119560303393 -3486.731268697161
-4619.072982704639 -2349.5122917935814 -4598.155447504848
-2951.552661347818 -3344.6481497660884 -5301.013336128901
-1021.7739333547252 -4042.597341885234 -5532.852926724044
998.7938925979936 -4381.344019531646 -5273.074254254608
2930.6144980585614 -4330.789053831131 -4544.759793789433
4602.037144576744 -3895.4244753429916 -3412.6234812962093
5864.548595091925 -3113.934337431872 -1977.2605964383192
6605.969166785549 -2055.7574683641933 -366.20943052171566
6760.42038819209 -814.9175266892867 1277.3810503803788
6314.178590491533 498.33141343864304 2807.4706192617864
5306.894315709487 1767.3014205911156 4088.1041032398516
3828.0691920545214 2879.238940849558 5005.491597295727
1648.2386845946257 3903.548805566584 5481.303924197694
-388.1379352148835 4246.562915639349 5460.323167636081
-2390.0267961652994 4212.251274923147 4954.168735396455
-4179.5512878165455 3803.6626232697795 4007.8146700054717
-5597.7043058866 3057.1018554403972 2705.348683179498
-6518.476731257885 2038.9041718846224 1162.5005936258885
-6860.053893192943 839.5409050733053 -483.640775221224
-6592.085161867148 -434.41925541835315 -2086.808538767345
-5738.380735020212 -1669.7793586485789 -3504.5542058355404
-4374.795997397617 -2756.772238156885 -4610.904852232458
-2622.4914369302937 -3598.813806409206 -5307.556367885821
-637.1670036775637 -4121.084974827829 -5532.608208425067
1404.7725140132893 -4277.179658149465 -5266.063530194519
3321.8918290913616 -4053.228158750753 -4531.605997567041
4943.846477272524 -3469.1295501482323 -3394.4953854303494
6126.518670235103 -2576.7835569907597 -1955.7689618005263
6764.822793562934 -1455.4790367662802 -343.26388316401625
6802.042724746845 -204.84881686057682 1299.7416978803467
6234.871309564154 1063.983119387446 2827.259525245585
5113.704217244618 2238.275486264859 4103.562936568657
3538.162064101583 3213.6872536774463 5015.246772788264
1273.5324619885507 4037.15423232135 5484.393997605455
-785.3143495944464 4196.22558266987 5456.560178347484
-2774.3825349207523 3982.443875165511 4943.887041523398
-4516.934656842108 3414.8045526856085 3991.9278451690325
-5858.1373122618 2543.7448600766324 2685.268341484585
-6678.81875947486 1446.662273609407 1140.0109615532283
-6906.057850395217 221.0373955591625 -506.54139516784045
-6519.6633945722615 -1024.227625093157 -2108.0853260079602
-5553.9682350699995 -2178.4855265070487 -3522.3166244521935
-4094.778624693622 -3139.175428764515 -4623.574633381934
-2271.749963873213 -3820.9358181317857 -5314.007745912609
-246.86634935211958 -4163.189292157401 -5532.267950080065
1799.9524236640007 -4135.525127719538 -5258.961868924887
3686.837524876476 -3740.401407230698 -4518.373947141701
5246.130932583719 -3012.9266072281803 -3376.308671597478
6339.282584664455 -2017.7400561628317 -1934.243553895303
6869.161159614369 -843.2684464009996 -320.31240814146855
6788.684620715303 406.1312654461812 1322.0799007435792
6105.003661613918 1619.4444320807675 2846.9996085954785
4878.866335810838 2688.862854110145 4118.9509073716745
3219.2203255187105 3519.3640116715465 5024.915342309552
