-1573.5740292293342 4060.4875503096646 5388.448976892583
-3492.398081360481 3600.9581864666675 4778.632914222213
-5100.907237826191 2821.4678852113952 3744.214346438071
-6256.178401248347 1791.2777805472108 2377.105902758877
-6855.560658932879 601.9247841883383 798.7811678621171
-6845.796266938802 -640.9118707490621 -850.5187791925922
-6227.752834345118 -1826.8006933750028 -2424.2464002758716
-5056.346232376699 -2850.370257611777 -3782.5690900645423
-3435.6610782516673 -3620.6719158158858 -4804.79391666992
-1509.7023601736523 -4069.260985242766 -5400.0917182883795
550.4000378254706 -4156.278358473122 -5515.567672824734
2561.5969770730007 -3873.992160025991 -5140.961234960558
4345.184783524457 -3247.484757425963 -4309.557830633336
5742.683853430396 -2332.4240827765166 -3095.2313008713104
6629.920261606029 -1210.117292697901 -1605.8798868280592
6928.059159612138 19.71372934923065 26.161002447722826
6610.609597999856 1247.7931000313645 1655.8773718503
5705.778363422875 2365.00057792592 3138.4617700658687
4293.963681859845 3272.067375837658 4342.180067098447
2500.6114834143223 3888.3966281750445 5160.076609825955
485.0689809147074 4159.224776151532 5519.477701147199
-1949.0523218377248 3901.4924522588412 5383.180141883219
-3816.9286750036526 3271.9766921388823 4767.001233930439
-5345.65416507992 2351.7314440891637 3727.2533467025773
-6399.3948235718935 1222.524536828695 2356.3226428383255
-6884.521168707903 -15.309040489589345 776.0223316062617
-6757.927595780683 -1251.782342377757 -873.2309693069307
-6030.862499291577 -2377.029289789318 -2444.8938664861926
-4767.928803736241 -3291.06675338189 -3799.3172143881648
-3081.3437102580374 -3912.6784933279073 -4816.154554762758
-1120.9677058692416 -4186.631578634991 -5405.055427600543
939.0111984717656 -4088.584075450289 -5513.693406000962
2915.5548370458305 -3627.2479347061344 -5132.415528833212
4633.038633646676 -2843.6148970479676 -4295.100008694068
5938.856615892862 -1807.314196788648 -3076.146004046516
6716.981125573964 -610.4256988769638 -1583.8629274950715
6898.272385261677 640.7018011890359 49.1533208323351
6466.62187094915 1834.9001345458043 1677.802080897937
5460.38362510011 2866.059538621601 3157.3707631626467
3968.966331662083 3642.55697519573 4356.393197226957
2124.888962133994 4095.3972394257275 5168.330978001004
92.00588339872515 4184.34348657798 5521.039870532726
-2308.542555009803 3707.934444423881 5377.818347231834
-4110.440215266183 2913.863638254266 4755.287234504522
-5547.107224026393 1860.8832605457872 3710.227982757157
-6490.88941285272 642.5552387861702 2335.4986926745355
-6857.927592548088 -632.8666357468434 753.2500945805549
-6615.608810126011 -1852.055532404267 -895.9280800005088
-5785.464152803161 -2906.681167395728 -2465.4991129578957
-4441.255616412504 -3703.0354249038705 -3815.999730064319
-2702.422028374351 -4170.358734406005 -4827.43202491554
-723.466383731384 -4267.127369038305 -5409.925799516517
1319.7724239860263 -3984.7430109515285 -5511.723925762117
3245.743660106414 -3348.2967495850244 -5123.781193401699
4883.316328314907 -2414.339628259617 -4280.568016664119
6086.984910671885 -1265.8578358083846 -3057.0075866825805
6749.798171422329 -4.899019520015859 -1561.8186171675275
6812.862243640534 1256.495096151739 72.14479041101714
6270.5736077577485 2406.2441084925185 1699.6978167593684
5171.116988866672 3342.1877721653655 3176.225233087596
3612.1839324416633 3981.1633853318654 4370.531098821144
1732.2924818111048 4266.395160663882 5176.496096664625
-301.5207578686912 4172.539003204131 5522.506699640493
-2648.8770821917396 3481.412842814071 5372.363685528762
-4370.328559362905 2529.5448291674606 4743.491118228079
-5703.4571651637025 1352.9156567246685 3693.1385486049194
-6529.808572630184 56.073991009319855 2314.634411866634
-6775.957832825535 -1245.7500948838522 730.4648500282002
-6420.033503773155 -2436.883817962372 -918.6097193274692
-5493.661024057557 -3411.4897197264136 -2486.061783868499
-4079.1526538201356 -4082.969788816722 -3832.616349010377
-2302.1936692242275 -4391.660074352873 -4838.626132382866
-320.6746741072176 -4310.132089799974 -5414.702749932106
1689.3376730618484 -3845.629954365209 -5509.659266118239
3549.244954443077 -3039.426721216018 -5115.058377768329
5093.7862460171345 -1963.1570855822908 -4265.96210548972
6185.722275919779 -712.452327721638 -3037.8163792720266
6728.0297360118775 601.556946002655 -1539.7473365183807
6672.522228587129 1862.1152451854282 95.13501415480687
6024.131839270908 2957.2164330753158 1721.5642013272045
4840.470899568331 3789.5559633558905 3195.0248542516083
3226.712878382426 4285.176816099872 4384.59352774014
1326.247257756032 4400.0409035446555 5184.571824817175
-692.0612518622114 4123.94204744804 5523.878163140507
-2967.0473812157793 3223.8160484471678 5366.81625096804
-4594.265504180185 2122.177844392357 4731.613088802777
-5813.262975496115 831.9748258391965 3675.98533935535
-6515.726520354834 -532.1528070511644 2293.730160710239
-6639.239170085153 -1848.9963277209 707.6669914170067
-6172.826283732196 -3001.5484104858965 -941.2754956090693
-5157.930693067667 -3887.399744900976 -2506.581524130802
-3684.730325118075 -4427.838552408801 -3849.1667842816505
-1884.1254976090163 -4574.844473285677 -4849.736683858892
83.89214871112586 -4315.355386336828 -5419.386196356367
2044.4556094636832 -3672.428035686755 -5507.499462722984
3823.360217369706 -2703.189337880939 -5106.247232563367
5262.542491422507 -1493.7604046533586 -4251.282527393587
6234.124770825056 -151.60430421277812 -3018.572713218812
6651.777706333853 1204.0225039616328 -1517.6494666863882
6478.391001789224 2452.666628893333 118.12359505612075
5729.370826784979 3483.380560497638 1743.40085700103
4471.270910891144 4204.580842737921 3213.76930201275
2815.8789527154227 4552.185665601825 4398.580241146355
910.283792309707 4495.308815139253 5192.558023002645
-1076.1940777573736 4039.0040491137493 5525.154237349601
-3260.2303278909385 2937.305799583969 5361.176139345738
-4780.219319607665 1695.126027128656 4719.6533513448
-5875.464847130304 302.32686822490336 3658.7686512192804
-6448.64953893262 -1117.3353596602533 2272.7863001911464
-6448.843419768379 -2437.7174374941087 684.8569124326544
-5876.0292624745 -3541.4976232598515 -963.9250174405514
-4781.104118680068 -4330.6002035926185 -2527.0579793988973
-3261.356892411097 -4734.909951310203 -3865.6507500763455
-1451.823794022369 -4718.502171043805 -4860.763487480639
486.71021968896844 -4282.834766074458 -5423.976057913035
2381.9978944883624 -3466.618697228584 -5505.244552872993
4065.634603136894 -2342.378344128356 -5097.347909942382
5388.0218355530915 -1010.0073957942965 -4236.529535870543
6231.659682936038 412.1071420005475 -2999.276920832956
6521.5872203020335 1797.6041517262322 -1495.5253892693934
6232.043113630068 3023.3761439151667 141.11013613584066
5388.754627441325 3980.50789784956 1765.2074066937678
4066.6516444442477 4583.954056888826 3232.4582526818385
2383.2088166314966 4780.095781622477 4412.490997509736
488.007426921379 4551.505019054137 5200.454553311098
-1450.555564255939 3918.4930615920744 5526.33490023184
-3525.8129191950707 2624.299045792186 5355.443448058332
-4926.472831904898 1251.9306626660114 4707.612112381302
-5889.394014030052 -231.67725384527782 3641.4887815036946
-6329.016692828683 -1694.699629653506 2251.803191979198
-6206.278464037206 -3007.140506300193 662.0350069718069
-5532.085157911579 -4052.3837523433667 -986.5578936978197
-4366.341808349673 -4737.554918397638 -2547.490796074369
-2812.629827740473 -5001.773539534965 -3882.067961740499
-1009.0033439138052 -4821.562631762962 -4871.706352831351
884.2775149578073 -4212.9347250797255 -5428.472255341922
2698.9864360374854 -3229.969079913623 -5502.8945755072555
4273.878567968339 -1960.0065075113555 -5088.360563583678
5469.01783352802 -515.8887555698326 -4221.70338568316
6178.210864189303 974.0679762446256 -2979.929335324504
6338.44274693554 2377.4744937427913 -1473.3754863178162
5935.476175818717 3569.6319690969685 164.09424045006085
5005.11649907225 4444.611978924983 1786.983473838202
3630.0302567912136 4924.668709567129 3251.091383528047
1932.399896068876 4967.14701381156 4426.32555661188
63.06732438353057 4568.272507913185 5208.261279380983
-1811.8690558396106 3763.486942153053 5527.420131398906
-3761.415231679004 2287.4475957186232 5349.618276101
-5031.638898376997 796.2815771751602 4695.489579846869
-5854.779367970603 -765.6375539244771 3624.146028606718
-6157.6969974439635 -2259.526428412886 2230.781198421949
-5913.476226086236 -3552.6464639683754 639.2016691353684
-5143.817141177759 -4530.098270668069 -1009.173733544227
-3917.1073300059306 -5105.0309660100775 -2567.8796213124133
-2342.3453426206916 -5226.359256962702 -3898.418135772891
-559.4556923303433 -4883.302592434354 -4882.565090943761
1273.144051354375 -4106.343062547773 -5432.874711000273
2992.619358975659 -2964.5169311640802 -5500.449571206445
4446.187303658188 -1559.280460878196 -5079.285348685558
5504.691994639076 -15.495078853696759 -4206.804332857348
6074.080644953352 1529.667108925984 -2960.530290798026
6103.760574299663 2938.9116612440484 -1451.200140328117
5591.0945907073465 4087.0210152592113 187.07551109690579
4581.63531661621 4871.98061647226 1808.7286823935792
3165.0776384683195 5224.043359576968 3269.668372784487
1467.2889224280607 5111.926924846585 4440.083679550195
-360.87485346129694 4545.593349521775 5215.97806640157
-2156.9733149474287 3575.3638570840935 5528.4099121104455
-3964.911415500462 1929.6157096973222 5343.700724065951
-5094.673136293888 331.9864012333076 4683.2859630798885
-5771.750791322816 -1295.1413558786548 3606.74069201222
-5935.983059631546 -2807.1901198865444 2209.7206825384587
-5572.7771834594205 -4069.807722591583 616.3572932216638
-4714.405598807067 -4970.805049087348 -1031.7721464373117
-3437.138387872496 -5430.124532953042 -2588.2241030278487
-1854.4663475420775 -5406.953622356842 -3914.7009898299675
-107.01683404103747 -4903.351154389091 -4893.339514303351
1649.94159480021 -3964.064418351743 -5437.183348864131
3260.295472294028 -2672.553162733666 -5497.909582192208
4580.9577895034945 -1143.5738303003263 -5070.1224219637
5494.581903913426 487.0170554462753 -4191.832634677953
5919.988303585128 2074.3343385773424 -2941.08012224654
5819.377763042527 3477.3379126595087 -1428.999734235985
5201.689970334912 4571.3647531557945 210.05355122348487
4121.809196522593 5259.205774230387 1830.4426568519123
2675.6875873375325 5479.743282620212 3288.1888996537386
991.8193939559384 5213.381552891925 4453.765128742041
-780.1763051063646 4483.787993641073 5223.604781115269
-2482.849915712634 3355.7901943756997 5529.30422527439
-4134.448541034691 1553.85582613181 5337.69089414064
-5114.883791846355 -137.0612457629707 4671.001472818962
-5640.839171454686 -1815.7998244883947 3589.2730722849556
-5665.581236264282 -3333.1966203017096 2188.622008013012
-5186.911545238062 -4554.424268908781 593.5022737196291
-4247.362001031042 -5370.971334461609 -1054.3527421355775
-2930.4157037912755 -5710.284026828046 -2608.523889901243
-1353.0891113521377 -5542.212924242102 -3930.9162427306496
344.46538656436076 -4881.691881736439 -4904.029436851614
2011.412623223198 -3787.411092586515 -5441.398094529618
3499.6370213697423 -2356.6022070804547 -5495.274652326434
4676.90331226347 -716.3988736968513 -5060.871941648438
5438.60621961045 987.4596434793822 -4176.788549684275
5717.065097414762 2603.5780379372263 -2921.5791655459975
5487.537652386829 3988.357098110283 -1406.77465141
4770.418405281981 5018.753127499424 233.0279640326767
3629.4265482314795 5603.210917074897 1852.1250222446595
2165.944214894533 5689.798827382166 3306.652644313429
510.0082329746027 5270.823142605648 4467.369667928814
-1191.2442185794116 4383.511690982234 5231.141291819861
-2786.6493936234874 3106.7059888908443 5530.1030554472645
-4268.463133118423 1163.3826268112857 5331.588890106034
-5091.938658799895 -606.9143844744326 4658.636321199232
-5462.973089042235 -2323.28438929965 3571.743471065139
-5348.598386460652 -3833.2203805700165 2167.4855391888373
-4758.977245304629 -5002.557919216157 570.6370053019996
-3746.5000914756065 -5727.396233376123 -1076.915130705216
-2401.1299632741793 -5943.330257936214 -2628.7786313849924
-842.4089006505109 -5631.173307203435 -3947.06361446125
791.16388964651 -4818.661896128599 -4914.634673989237
2354.4382963828843 -3577.99122923332 -5445.518875214249
3708.510528203376 -2019.4003398647565 -5492.544827110506
4733.065325062597 -281.37686830678393 -5051.534067482027
5337.066497074936 1481.6481728022832 -4161.672337665651
5466.845889491617 3113.0222716519693 -2902.027757449433
5110.872033768929 4467.79068039215 -1384.5252756447794
4300.774769153379 5425.576280603017 255.9983527899982
3108.5347926593436 5901.27561853297 1873.775404149117
1640.0878582572734 5852.620720434774 3325.059287921673
25.911920242007128 5283.9347875229405 4480.897062180053
-1590.5664055993238 4245.748060573819 5238.587468370845
-3065.715926217437 2830.307986284262 5530.806388834439
-4365.695247525234 761.5456608100797 5325.394817334813
-5025.868981183538 -1073.6058445127617 4646.1907217488115
-5239.4722002009285 -2813.362759108947 3554.1521910633064
-4987.525321185437 -4303.140046319223 2146.311641061814
-4292.414929988258 -5410.56445639497 547.7618828184945
-3215.904635308934 -6037.236470649004 -1099.458922526722
-1853.6471010174098 -6127.4735305099875 -2648.9879777093715
-326.6848872041517 -5673.257677210476 -3963.1428261802994
1229.3047124702075 -4714.947982609569 -4925.155042579275
2676.0651937267035 -3337.6944685453964 -5449.5456197581725
3885.045538801927 -1663.8721537200252 -5489.720153684511
4748.8225385130645 157.79250374604777 -5042.108960715888
5190.6458158128535 1965.436604793276 -4146.48425965694
5171.257433603696 3598.443038328158 -2882.426235581004
4692.380134729387 4911.712016400409 -1362.2519911545064
3796.5642687133263 5788.553827122316 278.9643208304559
2563.407006474217 6151.0572276543435 1895.3934286948743
1102.4797823835072 5967.012200039249 3343.4085126227
-456.4076085248273 5252.771952648923 4494.347077897417
-1974.7411805038994 4071.7998658557217 5245.943182183634
-3317.6103325862746 2529.030492181848 5531.414213290377
-4425.199965074817 351.8007592552079 5319.108782789544
-4917.07029963061 -1533.1816949178124 4633.664889384973
-4972.037359856621 -3281.934227240321 3536.499536055114
-4585.217081232802 -4739.072500941406 2125.100679274155
-3790.980143047722 -5775.123385856707 524.8773012889835
-2659.8979827104895 -6298.029214227107 -1121.9837283018462
-1292.4722138394275 -6261.327508467448 -2669.151579888521
189.79538315217513 -5668.279376197265 -3979.153600223346
1655.1988274474077 -4571.579746517604 -4935.590360950382
2973.5305922034713 -3068.675194312631 -5453.478258625405
4027.651114718222 -1293.1053844336575 -5486.8006808264245
4723.897160634464 597.3625135517635 -5032.596784107815
5000.404213347088 2434.7521307258726 -4131.224577934015
4832.603407791372 4055.803336351269 -2862.7749384303156
4235.404581922642 5316.47861694207 -1339.9551825661897
3261.8714721832234 6104.761441435433 301.92547156539564
1998.5067676531453 6350.6094215529365 1916.9787225702873
557.5659665145844 6032.177885375049 3361.7000015522544
-932.9170175867526 5177.760872304941 4507.719482818843
-2340.506230636578 3863.2770835012293 5253.208306235832
-3540.1311939519333 2205.5241721161988 5531.926518318837
-4446.356200673277 -62.31951608338988 5312.730895020845
-4766.300226658129 -1981.7346549572792 4621.059040410497
-4662.737560940373 -3725.063973038906 3518.7858108760997
-4144.870200846303 -5137.405009942047 2103.8530201081603
-3258.712933943772 -6093.265066581273 501.98365589672426
-2083.004722234158 -6507.711782201449 -1144.4891590601458
-722.2123998383781 -6343.919747350252 -2689.26908972657
702.75166365994 -5616.442603113728 -3995.095660107758
2065.273157867224 -4389.919886238124 -4945.940448899862
3244.286068696006 -2773.333522624175 -5457.316723905033
4135.029925006232 -910.3243049513886 -5483.786458951268
4658.358226199732 1033.571222108783 -5022.997701919184
4767.770956127019 2885.6294103319615 -4115.893556009245
4453.546313584198 4481.286762071086 -2843.0742053464955
3743.604537013336 5678.762119197129 -1317.635234913079
2701.0270687909315 6371.654541195419 324.88140848934114
1418.4514922443839 6498.397495663102 1938.530913028924
9.840275840077997 6047.72931489342 3379.9334388430925
-1399.6452922559695 5059.693844472488 4521.01404602247
-2684.7662338928517 3622.0823718694855 5260.382715069378
-3731.333913745813 1862.6329852791782 5532.343295073065
-4428.872747380089 -477.236138814122 5306.261264165502
-4574.673162018209 -2415.437203525732 4608.373392509949
-4313.993790588501 -4139.016072732497 3501.0113214163516
-3669.9971392150737 -5494.825200104113 2082.5690304797877
-2699.905136505225 -6362.394994803255 479.08134198144984
-1489.9147140783473 -6664.638073303585 -1166.974826165786
-147.53883092255617 -6374.698811708432 -2709.340159823543
1207.946524824172 -5518.3395857880305 -4010.968730537493
2456.100530854289 -4171.651670835936 -4956.205127696853
3486.0192262983287 -2454.2941979382686 -5461.060949312368
4206.189815342365 -518.8619150611022 -5480.677540110241
4552.621980733261 1462.673525957257 -5013.311879912089
4494.533704283517 3314.2440053572623 -4100.491458626941
4037.0863842718873 4871.329360561045 -2823.32437653239
3220.926222555916 5995.575724602166 -1295.2925336280027
2118.5726311639555 6587.088874361685 347.8317351868683
827.974564290185 6593.310270670778 1960.0496278960052
-536.192676127278 6013.687115165222 3398.108509630441
-1852.716844228045 4899.721468845995 4534.23053793065
-3004.618990205181 3350.3940679463067 5267.466284792733
-3889.5475533493254 1503.3694511474005 5532.664536355933
-4372.791499106656 -889.354340512767 5299.700001944566
-4343.651985058945 -2830.574107327671 4595.608164745903
-3928.5599303359745 -4520.284942936668 3483.1763746153033
-3164.398085601372 -5808.348624421983 2061.249077932404
-2119.0655842288043 -6580.315041109322 456.17075503260105
-885.4448063313698 -6767.59158915717 -1189.4403413242217
426.85162831916006 -6353.53792542188 -2729.364443581449
1701.2204225860069 -5374.944534970906 -4026.772537407873
2824.428316623221 -3918.7637350321866 -4966.38422008538
3696.673359928936 -2114.3835800244933 -5464.7108701901225
4240.452752621144 -122.13116511207242 -5477.473977989826
4407.44930932256 1880.9731397843275 -5003.539485346502
4182.824653117946 3716.9447266962525 -4085.018551758758
3586.537670460165 5222.649463097902 -2803.525793038637
2671.571076520662 6264.298875483667 -1272.9274645367095
1519.2236684357474 6749.337842359879 370.7760553394531
231.88657040704683 6634.668522961152 1981.5344955748055
-1076.0546670197862 5930.479789534064 3416.224900057443
-2288.383725093765 4699.341901324991 4547.368730313911
-3297.3798467865936 3050.6468624609356 5274.458893083009
-4013.389298779313 1130.8884623239878 5532.890236620074
-4278.4878195728825 -1295.0945275492875 5293.0472216614435
-4075.036786578019 -3223.574092297136 4582.763577555158
-3509.5008520913066 -4865.624952522513 3465.2812784563744
-2632.130365705477 -6075.343683272838 2039.8935306303479
-1520.883545412833 -6745.241466557772 433.252290682462
-274.49954782277683 -6815.794944534417 -1211.8853165888863
996.27493921276 -6280.735131065725 -2749.341595210202
2178.5260258186963 -5187.604438649694 -4042.5068078102404
3167.2055147266483 -3633.532326432511 -4976.477550287413
3874.4648945986446 -1756.6049215178696 -5468.266423509509
4237.461065776428 276.40453940739906 -5474.17582791085
4223.940225468376 2284.8542440249707 -4993.680686977372
3835.1037596710976 4090.2846221432096 -4069.475102599221
3105.501494751393 5532.275261665638 -2783.6787967577743
2099.9617937541866 6482.698966198964 -1250.5404138512085
907.8312718513755 6857.1064187296715 393.71397273225375
-364.9640425073486 6622.229874040366 2002.985145053144
-1605.3307000709665 5798.939143865439 3434.282297280523
-2703.0566800555375 4460.387222532793 4560.428396294901
-3560.6042118483165 2725.510322391187 5281.360419188098
-4101.7764339641535 748.4598694000908 5533.020391967977
-4146.6680494776065 -1690.9231277676581 5286.303038199909
-3770.95072772376 -3591.0403893027096 4569.839852744934
-3060.1678852669597 -5172.077953227052 3447.3263419616915
-2077.4756968786123 -6293.5536937169245 2018.5027573526695
-910.1906759706776 -6855.819569714565 410.3263446994265
337.9687808032734 -6808.91579067443 -1234.3093643679047
1556.0982282512548 -6157.009963198087 -2769.271269733676
2635.961519294518 -4958.026780898413 -4058.1712700368157
3481.6080616218774 -3318.5011611737473 -4986.484944005908
4017.8984488888077 -1384.112150276314 -5471.727547871326
4197.180926715041 673.2612992492735 -5470.783146827536
4003.5254601775287 2670.812527778032 -4983.735655051719
3454.1391873211314 4431.050342546005 -4053.8613795608508
2597.837489431121 5797.569889034576 -2763.78373041839
1510.7065301830787 6648.949908666058 -1228.131768163082
289.34266610188064 6909.541550476467 416.6450912609779
-957.7305636218579 6556.190103503382 2024.4012059096492
-2119.7052298364347 5620.292394467645 3452.280389474873
-3093.3347842068524 4185.007041936543 4573.4093103522955
-3792.1079681243964 2377.8654481284484 5288.170743928747
-4153.935717682362 359.4400741635258 5533.0550001520505
-3978.364168269431 -2073.3831028278055 5279.467568022136
-3433.8231378837972 -3929.7798940595744 4556.83721348904
-2584.171852612555 -5436.998496149135 3429.311875186712
-1504.905557785276 -6461.115921980963 1997.0771274867243
-291.9217999795332 -6911.1348440045585 387.39331298094805
947.0004908321215 -6747.0691061226335 -1256.7120974307536
2101.777632190124 -5983.496669136636 -2789.1531229955112
3069.8026074288205 -4688.264294955216 -4073.7656535852484
3765.0621493906215 -2976.4590640580263 -4996.406228427834
4125.779396675963 -1000.1823833438219 -5475.094183507015
4119.903038881981 1064.964891358553 -5467.295993326522
3747.955216186645 3035.48536194228 -4973.70456130569
3042.9851249025473 4736.289637109377 -4038.1776522698606
2067.632451350616 6016.253793154523 -2743.8409375791484
908.5615608406011 6761.647397783006 -1205.701914436876
-331.2390115068231 6906.2389581176 439.5690149387935
-1541.6075440634193 6437.180879492971 2045.7823083203186
-2614.997481096696 5396.151030622394 3470.2188658397863
-3456.033416207096 3875.649482062278 4586.311248324721
-3989.985615734673 2010.7794690132625 5294.88974970062
-4169.41008354074 -32.75712401786537 5532.994060574659
-3774.9256512292895 -2439.123864467054 5272.540929166695
-3066.3699869946063 -4236.83069224969 4543.755884324032
-2085.353892872405 -5658.076520000702 3411.238189214911
-919.0449539436503 -6576.577418889825 1975.6170110218034
328.925162305331 -6910.720553275938 364.4535915469775
1547.668834419192 -6630.815839305854 -1279.0931289150512
2628.895338762089 -5761.734039157426 -2808.9868116652256
3476.532955538803 -4380.696884676501 -4089.2896891633623
4015.2653627023146 -2610.415587620418 -5006.241232227125
4197.223821687907 -608.187409984141 -5478.366272279713
4006.240524903171 1448.0808880156924 -5463.714427625846
3459.285176383824 3375.6808443170326 -4963.587578961587
2604.957159119814 5003.3367436694325 -4022.4241915612706
1519.1672666017928 6186.424216565159 -2723.8507626229
298.3926956904803 6819.820749143539 -1183.2512400033213
-948.8953757077221 6847.246279870105 462.48534790311066
-2111.8699288154976 6266.263929984856 2067.128083064794
-3087.1955709595095 5128.496530874116 3488.09741660403
-3788.210338689141 3535.039708958901 4599.1339874145915
-4152.625993538995 1627.4790956364227 5301.517320476307
-4148.0626053638925 -424.69017740772716 5532.837574288139
-3538.00858658727 -2784.9303376183925 5265.523241246497
-2671.5718901067385 -4509.487714047998 4530.596091145316
-1567.7543071900968 -5833.357317523557 3393.1055961524153
-324.6348741031292 -6638.907524070221 1954.1227785426902
947.3297921845566 -6854.561662737432 341.50757653290907
2135.120049148334 -6461.157916922022 -1301.4520723331464
3133.195519925269 -5493.651935863602 -2828.771993244043
3852.8728189547796 -4038.0108718092747 -4104.743108693784
4230.205459966289 -2223.574821275841 -5015.989785567658
4231.665781908894 -211.56438987466566 -5481.54375768523
3857.124028769478 1819.2444660019046 -5460.038511573898
3139.8598789639077 3688.405467451329 -4953.384882724889
2143.605399864255 5229.835456816948 -4006.601269474244
956.8821739293057 6306.571615089498 -2703.81355075074
-314.86423236750716 6822.941209427653 -1160.7801325527128
-1558.6335698595637 6733.062535323833 485.393694422361
-2663.911474718811 6044.921707398234 2088.43816153283
-3532.4891546663443 4819.663058068325 3505.9157330312
-4087.18967114845 3166.1561952860993 4611.877306191962
-4278.725449012578 1231.3224601050765 5308.053341807376
-4090.077693854575 -812.9196792258981 5532.5855439947845
-3269.5621408896923 -3107.750920200692 5258.414625446734
-2252.649823160213 -4745.326297459193 4517.358061203257
-1035.579683051984 -5961.2586086670335 3374.914409122505
273.50625646195687 -6647.5069319422555 1932.5948012233193
1558.2899648268383 -6743.09509221074 318.55566418282257
2704.6127713739584 -6239.529661950901 -1323.7885415787925
3610.6188641868707 -5181.554639501797 -2848.5083260708343
4195.805625976869 -3663.1757484549657 -4120.125645318576
4408.1766449091165 -1819.3076165758598 -5025.651720106202
4228.861823976608 186.2139809359042 -5484.6265848530475
3673.794071929329 2175.1896490549593 -5456.268308648379
2792.293594411399 3970.890171192915 -4943.096648781221
1662.6855772513902 5413.7596756559105 -3990.709159247487
385.34064997714853 6375.592875043829 -2683.72964797595
-926.243485087172 6770.926668655624 -1138.2889801281524
-2155.526821748916 6564.633914035087 508.2936589029492
-3193.2821409246003 5775.044627731111 2109.7121757305185
-3947.3003283912813 4472.317282887305 3523.6735074250514
-4350.583559238225 2772.204921017826 4624.540984598381
-4367.298348625369 825.7699862950092 5314.4977008263
-3995.9595141640184 -1194.0382355420395 5532.237974046786
-2971.8124836077063 -3404.724098414056 5251.215204522811
-1813.0387485822764 -4942.223456962941 4504.042023099259
-493.1685643557687 -6040.5845727703 3356.6649422604405
870.5218110482853 -6602.213240618206 1911.0334508203687
2156.862503318708 -6577.206288701614 295.5982508426805
3251.556496934032 -5967.785694439505 -1346.1021509338868
4057.33542657613 -4828.101152030276 -2868.195469328019
4502.602298243689 -3259.4186344902114 -4135.437033403868
4547.7931963675555 -1401.1224675526219 -5035.226868995258
4188.89271133245 581.6695793516589 -5487.614700547252
3457.790726242567 2512.7777315156695 -5452.40388395517
2419.4488608613724 4220.614555091051 -4932.723054793339
1166.1283466162042 5553.431253584695 -3974.748135314544
-190.8077886957894 6392.801214365705 -2663.599401118147
-1530.7898146359705 6664.142732904268 -1115.7781711189602
-2734.7544477852907 6343.345924515592 531.1848458960011
-3695.724146976657 5458.914993418629 2130.9497582867875
-4328.312537290868 4089.435509102538 3541.370433134821
-4576.311364180068 2356.5917336105595 4637.1248039506445
-4417.684843550231 414.3544408547829 5320.850286248436
-3866.5276378803387 -1564.7000623354375 5531.794870446168
-2647.2443038406645 -3673.203487459655 5243.9251027981845
-1356.359367347792 -5098.3766728042765 4490.648206781807
55.044051219023906 -6070.536716912765 3338.3575107077645
1461.5565642781246 -6503.30293361193 1889.4390996667646
2738.2033626658294 -6358.22214538483 272.6357329533951
3771.548775873123 -5648.185416941978 -1368.3925150750742
4469.775529174885 -4436.282627550413 -2887.8330830474483
4770.843111422647 -2830.196658395322 -4150.6770085443395
4648.000346720351 -972.6352960283393 -5044.7150668860295
4112.162353798398 971.348980730442 -5490.5080531674585
3210.9406898141956 2829.0246378565416 -5448.445304227231
2024.412854558882 4435.329040938942 -4922.264279898019
658.0070531865123 5647.534994613026 -3958.718473298854
-766.8655624778413 6357.932680216613 -2643.4231577972323
-2123.5988075819714 6503.40014585496 -1093.2480942538482
-3291.640979372571 6071.011968832624 554.0668601042315
-4167.206405017403 5099.187736182303 2152.1505424596826
-4672.497254092335 3674.2782957553873 3559.0062045604855
-4762.616217224704 1922.8931044459016 4649.628546944607
-4429.5558290596355 0.6504223289620924 5327.110988373921
-3702.909966697044 -1921.6500526662028 5531.256240844682
-2298.5800727304145 -3910.781080663252 5236.544446162236
-886.388230386299 -5212.320036695657 4477.176843542501
604.5630960783302 -6050.721483577941 3319.9924306070498
2041.796338374973 -6351.489773490452 1867.8121206653318
3297.6070157313266 -6087.900323974554 249.6685070440417
4260.410838429922 -5283.374214362997 -1390.6592490803048
4844.658461629007 -4009.397120099441 -2907.420828116275
4998.43692007888 -2379.16749676558 -4165.845307567975
4708.082322900612 -537.5384005395067 -5054.116149931239
3999.3939502536596 1351.8533415229062 -5493.306592749703
2935.3418740753946 3121.1269816803456 -5444.392637823437
1610.4717908499017 4613.07479267531 -4911.720504703002
142.504221568322 5695.130664195806 -3942.6204500092817
-1338.1254731690583 6271.149183533224 -2623.201266427383
-2699.856847348449 6289.948577428813 -1070.6991385942674
-3821.6940925143067 5749.8584372351725 576.9393063887264
-4603.957046331992 4698.868142055034 2173.314162142656
-4977.138212450355 3230.3627918101074 3576.580517158091
-4908.078806581214 1474.825531299232 4662.051997658953
-4402.915059998254 -411.7564498328065 5333.279699089597
-3506.532988459962 -2261.7520634337825 5530.622094543673
-1928.7572246869008 -4115.308504910337 5229.07336206811
-407.0264565395425 -5282.937611549097 4463.6281660120785
1150.8703984775643 -5981.154527611888 3301.570019096289
2606.507368078377 -6147.919616032037 1846.152887282408
3830.5447195562324 -5768.415066866888 226.69696972499585
4714.221362632898 -4876.361524738045 -1412.9019684357538
5179.018749619933 -3551.021861576144 -2926.958366282828
5183.637592953798 -1910.158322610419 -4180.941668540457
4727.667488134823 -99.56883408905072 -5063.429955787942
3851.623379968036 1719.867782291739 -5496.010270967301
2633.3456319202664 3386.4865987005 -5440.245954727408
1181.0835682294 4752.201219463071 -4901.091911283828
-376.12295359846405 5695.661907184753 -3926.454343435114
-1899.9093004107617 6133.0380394525055 -2602.9340762110755
-3254.880368266883 6025.466827520769 -1048.1316935276789
-4320.6410315952835 5382.506445638174 599.8017897758474
-5002.493778445585 4261.286745320141 2194.4402518710012
-5239.852999998632 2761.433017331535 3594.093067444989
-5011.628287785654 1016.213847403834 4674.394941558842
-4338.098409034412 -819.300382446741 5339.35631187087
-3279.1094492091866 -2582.016177876358 5529.892442493918
-1540.9034485652378 -4284.91609697073 5221.511979530493
77.73268345507451 -5309.473885950001 4450.002408156364
1689.461925426164 -5862.261619920252 3283.0905943036123
3151.075061241589 -5894.161682849199 1824.4617735412203
4332.701349600547 -5402.339614154488 203.72151768108515
5129.348109300803 -4430.495962965246 -1435.120289042175
5470.229779716264 -3064.9833025552466 -2946.445360162386
5325.057528495938 -1427.1334252555175 -4195.965830769687
4706.730547238685 337.5235197500315 -5072.656323620331
3670.1899017124924 2072.190018828202 -5498.619041131689
2307.536777056034 3622.7333410773945 -5436.00532654629
739.8488832997839 4851.380907868452 -4890.378683180793
-893.5778305109621 5648.961991060928 -3910.220432741335
-2447.6062326791202 5944.6080112862755 -2582.621937133059
-3784.1540799306913 5712.049522226264 -1025.5461487608286
-4784.463230693767 4971.9503662 622.6539154639491
-5359.651827138649 3790.0716010920573 2215.5284468280647
-5458.611838297618 2271.42834177181 3611.54355300506
-5072.550232900347 550.9587062860471 4686.657165499714
-4235.770278789833 -1218.4660280956837 5345.340721783503
-3022.6235470371544 -2879.624708731013 5529.067297295443
-1138.310296373769 -4418.029633564064 5213.860429123395
563.8370473623633 -5291.541228226671 4436.299805272252
2215.884995082241 -5694.876163215136 3264.5544753416175
3671.041836737894 -5592.19635954952 1802.7391540155545
4800.010501097637 -4992.625368388423 180.7425476647386
5502.477167935727 -3949.437703470458 -1457.3138272217016
5716.024591179406 -2555.3251667772506 -2965.8814732431024
5421.678145136033 -934.1607751560771 -4210.917534810395
4645.5918032546715 770.007900834737 -5081.795094102542
3456.7242428103186 2405.7579957123403 -5501.132858193222
1960.71156380775 3827.7459351758775 -5431.670826509527
290.48105791989065 4909.621850512664 -4879.5810053956375
-1405.5599647192528 5555.256318910773 -3893.9189982638195
-2976.7108162948066 5707.28188453285 -2562.2651999541768
-4283.367848762301 5352.19040872016 -1002.9428943129832
-5209.42885061706 4521.533327391943 645.4952888303047
-5672.609237892529 3289.1181675027883 2236.578382851583
-5631.75340054564 1764.4504243736499 3628.9316724939617
-5090.49155901753 83.00351787573706 4698.838457730922
-4096.917203216481 -1605.818615440311 5351.232825485523
-2739.3137748846166 -3151.956717755599 5528.146673197293
-724.4053317897559 -4513.384567741245 5206.118842977877
1047.2094887627068 -5229.124269961033 4422.520593983641
2725.775150635499 -5480.2333331609025 3245.96198230197
4162.1437285070815 -5244.399615101551 1780.9854038232374
5228.6875708338775 -4542.577976571807 157.76045648914044
5830.639576774641 -3437.128350048542 -1479.482199724411
5914.513668978641 -2026.2747860341442 -2985.266369891748
5472.857266278154 -435.3778151201521 -4225.796522468536
4544.913478230329 1194.2043852913164 -5090.8461094213835
3213.134182617481 2717.676285389999 -5503.551678741962
1595.8538142719262 3999.6707212058777 -5427.2425294675895
-163.22516876080059 4926.27686117675 -4868.699064388465
-1907.800879247274 5415.161683422137 -3877.550321504495
-3482.8601093663597 5422.885626049832 -2541.8642162055435
-4748.451934488387 4948.762382861414 -980.3223205093664
-5592.122966993057 4034.9198846697286 668.3255154377498
-5938.90933325295 2762.5570477708798 2257.58969643999
-5757.997542778982 1244.7288938956804 3646.2571256443216
-5065.462402073066 -383.6988846049723 4710.938607899346
-3922.8386975273525 -1978.033333373623 5357.032521228922
-2431.653559612291 -3396.6108400156927 5527.130586097304
-302.72305358777464 -4570.037645164673 5198.287354779821
1523.7820282556713 -5122.58117441773 4408.665012237339
3214.892389881357 -5219.960886246563 3227.3134362498013
4620.3454543431735 -4853.524165911343 1759.2008986197518
5615.260549134539 -4055.830524094925 134.77564102135796
6111.235101970271 -2897.7585414935716 -1501.6250237349577
6064.199597282424 -1482.2079958765978 -3004.5997153595554
5478.333346074427 65.04323473665522 -4240.602536805769
4405.693135797816 1606.5150885060143 -5099.80921327907
2941.5877563396953 3005.241026586271 -5505.875461008419
1216.1093957855137 4136.938111171336 -5422.720511890679
-617.4256213923408 4901.050089924923 -4857.733048074457
-2396.0996625818007 5229.6822602846305 -3861.1146851264584
-3961.869733640691 5093.634211735458 -2521.419338182265
-5175.610292486651 4504.994410428029 -957.6848179740648
-5929.475164053503 3516.0660859117284 691.1442010417296
-6156.480146221037 2214.719859660286 2278.562024758613
-5836.454850128708 716.5860547400192 3663.5196132709298
-4997.834927742186 -845.2195658300265 4722.95740705312
-3715.135439388451 -2331.9237187910803 5362.739708861424
-2102.329863641724 -3611.4262158588563 5526.01905354181
123.12516006792902 -4587.375795986363 5190.366099767557
1989.5300423343315 -4972.641771427093 4394.733299298962
3679.156449430561 -4916.066703397545 3208.609159218222
5041.873660282761 -4422.677534967725 1737.386014591542
5956.598270520672 -3536.314058955363 111.78849817551779
6342.0529843218865 -2335.733559946156 -1523.7419168791891
6163.988458824985 -927.6128839378381 -3023.8811757879084
5438.226508543673 562.9302675704455 -4255.335322143897
4229.254267714314 2003.4545944262975 -5108.684250895919
2644.494225421882 3265.963188551699 -5508.104164864269
824.7592660289224 4238.276620930917 -5418.104851867433
-1068.2591735470926 4834.000576169799 -4846.683145820664
-2866.3580975752875 5000.202366553883 -3844.6123729490723
-4409.768525828592 4722.114233642992 -2500.930918937455
-5561.351668611603 4024.4455284159303 -935.030777623673
-6218.784310048657 2969.187177000806 713.950951596952
-6323.650674852448 1650.1035148458457 2299.4950056460493
-5866.63292631168 184.40091403680384 3680.718837275893
-4888.339096973578 -1297.6865172144608 4734.894647645174
-3475.6948867466026 -2664.4688066077238 5368.354289828261
-1754.2199329963855 -3794.501349705149 5524.812094725352
549.48183174293 -4565.122221059296 5182.355214729557
2440.506182912651 -4780.4025665241825 4380.725695748786
4114.680849745582 -4570.923165502278 3189.8494742026896
5423.248066099167 -3955.297182059571 1715.541128449802
6249.935892247694 -2988.2256864550836 88.79942490591725
6521.289486978103 -1755.6372249966219 -1545.8324972307269
6213.197892582961 -367.05269161016355 -3043.110418214222
5353.0363992619705 1054.1460842100714 -4269.994624069283
4017.234130453246 2381.6793544043394 -5117.471069013017
2324.4829798121455 3497.5899621320887 -5510.237751823061
425.191315589165 4302.724352803676 -5413.395629103538
-1511.8804629452457 4725.542802533831 -4835.549548442736
-3314.615027568824 4728.476036555836 -3828.043669943133
-4822.831501044464 4311.263424154555 -2480.3993122761317
-5902.518231004878 3510.976136849215 -912.3605906602761
-6457.740313365875 2398.723212119843 736.7453732642184
-6439.163829557732 1073.3332033701888 2320.3882776203745
-5848.439381688337 -347.42717074412104 3697.8545006537574
-4738.055429302447 -1737.3171160787606 4746.750123536834
-3206.67445940928 -2972.838811559201 5373.876167173844
-1390.3663915384957 -3944.210732544382 5523.509730490342
972.6746279221144 -4503.3396149821965 5174.2548380021
2872.8737420972757 -4547.318658401557 4366.642443477668
4517.805416888335 -4187.248483442704 3171.034705155522
5761.310254326385 -3455.122905292641 1693.6666174236718
6492.897392573896 -2415.994494450217 65.80881820023352
6647.562103880331 -1162.1943703586662 -1567.8963833175624
6211.561749911202 194.87182374522592 -3062.2871105776253
5223.636875472711 1534.622801128439 -4284.580189437228
3771.5689410955847 2738.0158080501787 -5126.169515894887
1984.3805550444813 3698.1240948421614 -5512.276185040873
20.871248366993324 4329.637826857157 -5408.592924920381
-1944.4925603198442 4576.444237653233 -4824.3324482016005
-3737.079671757197 4416.613494539079 -3811.408862225881
-5197.61085445493 3864.3472604460417 -2459.824872749078
-6196.311503394792 2968.71681385374 -889.674648564866
-6644.442683192868 1809.3028503513922 759.5270724172044
-6502.185971932816 489.12438860052987 2341.2414798853674
-5782.181502693386 -874.5149215645029 3714.9263074966966
-4548.4048322540575 -2160.4497432030225 4758.523630001378
-2910.482432123131 -3254.4191241804024 5379.305245543429
-1013.9508954562813 -4059.219084191265 5522.111983326705
1389.0477995210595 -4402.430492768145 5166.065109466826
3282.9391808033424 -4275.192624756788 4352.483785682722
4885.127008929949 -3768.08513066198 3152.1651769802265
6053.249864286371 -2926.1667367386153 1671.7628592539872
6683.514904951454 -1824.2455869848059 42.81707507256011
6719.920316189533 -560.2322112575068 -1589.9331941286903
6159.231317449593 753.5602549785851 -3081.410921724707
5051.267586812829 2000.3955856151188 -4299.091766376384
3494.4765639650186 3069.4869898783354 -5134.779441332065
1627.1859631511552 3865.8410048690453 -5514.219429316945
-384.68725127672525 4318.698081613338 -5403.696822253631
-2362.3793152564403 4387.81988151191 -4813.0320388001655
-4130.163609944751 4067.0646293077602 -3794.7082370561016
-5530.964742965031 3384.9328367704506 -2439.2079556467656
-6440.315386333853 2402.0349071530127 -866.9733430904364
-6777.41574476836 1205.7056348784688 782.2956556493225
-6512.312972081091 -97.75587420705858 2362.0542523367053
-5668.562613009655 -1392.5313448747115 3731.933962999631
-4321.135589695013 -2563.5742945270927 4770.21496372759
-2589.756706244762 -3506.8324180502495 5384.64143118478
-628.2665744845829 -4138.493091749042 5520.6188773714875
1794.9935518164991 -4263.13461153842 5157.78617054836
3667.1835461891815 -3966.160462188815 4338.249966863264
5213.528189313031 -3316.7755505652312 3133.2412155259694
6296.627973624817 -2372.6805758441565 1649.830232186579
6820.244730183302 -1217.7625196221204 19.824592556688536
6737.852812313981 45.3590805311157 -1611.9425491206284
6056.773103490516 1304.4503273241364 -3100.481521415241
4837.522524710958 2447.6354380484227 -4313.529104293048
3188.436840492876 3373.337398830918 -5143.300696643743
1256.0445507723787 3999.30352807994 -5516.067451094295
-787.9528093449294 4269.913988204591 -5398.707405651815
-2761.937104477999 4161.123852268368 -4801.648515379952
-4490.511167316853 3682.5996012668506 -3777.942082829146
-5820.083606655953 2876.860214870592 -2418.548916993189
-6632.516076527423 1815.4991734899866 -844.2570662553067
-6855.620386682042 592.8230633578925 805.0507297804821
-6469.572740085429 -682.5279775147101 2382.826235568333
-5508.67516427988 -1897.233412360441 3748.8771734652423
-4058.307625705312 -2943.361332646231 4781.823922823244
-2247.3416449971123 -3727.9586817979703 5389.884631949776
-236.6894968345348 -4181.310542194743 5519.030438408442
2186.9830760147197 -4086.523503366854 5149.418164211862
4022.292511583369 -3622.67469070426 4323.9412328165035
5500.203605957881 -2836.9353339265713 3114.26314758185
6489.39747269709 -1799.1218230438428 1627.869114965815
6901.979895735412 -601.4484428675853 -3.1682323008867335
6701.291116197758 649.6662708704453 -1633.924068224057
5905.163212854247 1843.0552854281916 -3119.4985803278823
4584.335643666671 2872.6807497607606 -4327.891953875558
2856.16973451378 3647.0559229252117 -5151.733134680326
874.2206103548422 4097.374172496481 -5517.820218460288
-1185.4068514880432 4183.62274581104 -5393.624761274857
-3139.7057125039387 3898.1380786342706 -4790.182074517754
-4815.027942592281 3266.286736473657 -3761.1106890719625
-6062.513809579241 2344.2114839140863 -2397.8481135396955
-6771.318719681416 1213.842753606104 -821.5262103363148
-6878.462246097135 -24.38123222094157 827.7919018638072
-6374.424216312746 -1260.4388385699096 2403.5570708784403
-5303.990621209038 -2384.500922767203 3765.755646309048
-3762.2741832314723 -3296.6896357666697 4793.350306818619
-1886.2631736054514 -3915.9530073441047 5395.03475729602
157.35059672502376 -4187.26676934229 5517.34669386759
2561.59697707303 -3873.992160025984 5140.961234960548
4345.184783524456 -3247.484757425964 4309.557830633337
5742.683853430383 -2332.424082776529 3095.2313008713254
6629.920261606034 -1210.1172926978918 1605.879886828046
6928.059159612138 19.71372934922846 -26.161002447721042
6610.609597999851 1247.7931000313745 -1655.8773718503146
5705.778363422885 2365.0005779259113 -3138.4617700658578
4293.963681859832 3272.0673758376633 -4342.180067098455
2500.6114834143436 3888.39662817504 -5160.076609825949
485.0689809147117 4159.224776151532 -5519.477701147199
-1573.57402922933 4060.487550309666 -5388.448976892585
-3492.398081360468 3600.958186466673 -4778.632914222219
-5100.907237826216 2821.4678852113793 -3744.2143464380492
-6256.178401248355 1791.277780547201 -2377.1059027588626
-6855.560658932882 601.9247841883277 -798.7811678621019
-6845.796266938802 -640.9118707490608 850.5187791925915
-6227.752834345126 -1826.8006933749914 2424.2464002758575
-5056.346232376695 -2850.3702576117785 3782.569090064545
-3435.661078251671 -3620.671915815885 4804.793916669919
-1509.702360173649 -4069.2609852427663 5400.09171828838
550.4000378254508 -4156.278358473123 5515.567672824735
2915.5548370458173 -3627.2479347061394 5132.415528833217
4633.0386336466745 -2843.6148970479685 4295.100008694068
5938.856615892848 -1807.314196788663 3076.1460040465327
6716.981125573965 -610.4256988769622 1583.8629274950674
6898.272385261676 640.7018011890441 -49.153320832348065
6466.621870949145 1834.900134545813 -1677.802080897951
5460.383625100111 2866.0595386216 -3157.3707631626476
3968.966331662043 3642.556975195744 -4356.393197226983
2124.8889621340104 4095.397239425725 -5168.330978000999
92.00588339870532 4184.343486577979 -5521.039870532726
-1949.0523218377043 3901.492452258846 -5383.180141883223
-3816.92867500364 3271.976692138888 -4767.001233930444
-5345.654165079903 2351.7314440891782 -3727.2533467025937
-6399.394823571901 1222.5245368286853 -2356.322642838312
-6884.5211687079045 -15.309040489593977 -776.0223316062537
-6757.9275957806885 -1251.782342377741 873.2309693069109
-6030.862499291575 -2377.0292897893196 2444.893866486196
-4767.928803736224 -3291.066753381898 3799.3172143881784
-3081.3437102580137 -3912.678493327912 4816.154554762768
-1120.967705869239 -4186.631578634991 5405.055427600544
939.0111984717746 -4088.584075450288 5513.693406000961
3245.7436601064232 -3348.2967495850203 5123.781193401696
4883.316328314907 -2414.3396282596173 4280.56801666412
6086.984910671863 -1265.8578358084133 3057.0075866826137
6749.798171422336 -4.899019519989051 1561.8186171674954
6812.862243640529 1256.495096151766 -72.14479041105221
6270.57360775776 2406.244108492504 -1699.6978167593456
5171.1169888666755 3342.187772165364 -3176.225233087592
3612.1839324416205 3981.1633853318776 -4370.531098821169
1732.2924818111076 4266.395160663882 -5176.496096664623
-301.5207578687154 4172.539003204128 -5522.506699640494
-2308.5425550098457 3707.934444423867 -5377.818347231826
-4110.440215266181 2913.8636382542663 -4755.2872345045225
-5547.107224026377 1860.8832605458015 -3710.227982757173
-6490.889412852727 642.5552387861575 -2335.4986926745214
-6857.927592548088 -632.8666357468504 -753.2500945805469
-6615.608810126015 -1852.0555324042607 895.9280800004984
-5785.46415280317 -2906.68116739572 2465.499112957882
-4441.255616412485 -3703.0354249038787 3815.9997300643327
-2702.422028374337 -4170.358734406009 4827.432024915547
-723.4663837313735 -4267.127369038304 5409.925799516519
1319.7724239860786 -3984.7430109515167 5511.723925762113
3549.244954443085 -3039.4267212160134 5115.058377768325
5093.786246017127 -1963.1570855822965 4265.962105489724
6185.72227591979 -712.452327721621 3037.816379272009
6728.02973601188 601.5569460026646 1539.7473365183696
6672.522228587126 1862.1152451854377 -95.13501415481981
6024.131839270918 2957.216433075305 -1721.5642013271863
4840.470899568335 3789.5559633558896 -3195.0248542516056
3226.712878382404 4285.176816099875 -4384.593527740153
1326.2472577560425 4400.040903544656 -5184.5718248171725
-692.0612518622348 4123.942047448035 -5523.878163140508
-2648.8770821917615 3481.412842814062 -5372.363685528758
-4370.328559362903 2529.5448291674616 -4743.49111822808
-5703.457165163702 1352.9156567246694 -3693.13854860492
-6529.808572630184 56.073991009318874 -2314.6344118666334
-6775.957832825535 -1245.7500948838588 -730.4648500281921
-6420.033503773169 -2436.883817962346 918.6097193274297
-5493.661024057569 -3411.4897197264063 2486.0617838684852
-4079.1526538201174 -4082.969788816728 3832.616349010391
-2302.193669224214 -4391.660074352874 4838.62613238287
-320.6746741072079 -4310.132089799972 5414.702749932107
1689.3376730618288 -3845.629954365216 5509.659266118241
3823.3602173697473 -2703.1893378809114 5106.247232563352
5262.542491422496 -1493.760404653369 4251.282527393595
6234.124770825056 -151.60430421277533 3018.5727132188085
6651.777706333853 1204.0225039616432 1517.6494666863748
6478.39100178922 2452.6666288933434 -118.12359505613617
5729.370826784988 3483.3805604976305 -1743.400857001017
4471.2709108911495 4204.580842737919 -3213.7693020127444
2815.8789527154267 4552.185665601824 -4398.580241146352
910.2837923097127 4495.308815139254 -5192.558023002644
-1076.1940777573725 4039.0040491137497 -5525.154237349601
-2967.047381215794 3223.81604844716 -5366.816250968036
-4594.265504180183 2122.1778443923586 -4731.613088802778
-5813.262975496119 831.97482583919 -3675.985339355343
-6515.7265203548395 -532.1528070511847 -2293.7301607102163
-6639.239170085153 -1848.9963277208965 -707.666991417011
-6172.826283732204 -3001.5484104858883 941.2754956090564
-5157.930693067676 -3887.3997449009703 2506.58152413079
-3684.730325118062 -4427.8385524088035 3849.1667842816605
-1884.1254976090315 -4574.844473285677 4849.736683858886
83.89214871112324 -4315.355386336828 5419.386196356366
2044.4556094636696 -3672.428035686761 5507.499462722985
4065.6346031368944 -2342.3783441283567 5097.347909942382
5388.021835553082 -1010.0073957943086 4236.529535870552
6231.65968293604 412.1071420005498 2999.276920832953
6521.587220302034 1797.6041517262265 1495.5253892693986
6232.043113630062 3023.376143915176 -141.11013613585607
5388.754627441335 3980.507897849552 -1765.2074066937544
4066.6516444442555 4583.954056888824 -3232.458252681833
2383.2088166314697 4780.095781622476 -4412.490997509752
488.00742692143075 4551.505019054149 -5200.454553311083
-1450.5555642559702 3918.4930615920616 -5526.334900231842
-3260.2303278909476 2937.305799583964 -5361.176139345736
-4780.2193196076805 1695.1260271286405 -4719.65335134479
-5875.464847130309 302.3268682248976 -3658.7686512192745
-6448.64953893262 -1117.3353596602522 -2272.7863001911455
-6448.843419768379 -2437.717437494108 -684.8569124326538
-5876.029262474506 -3541.4976232598447 963.9250174405411
-4781.104118680078 -4330.600203592612 2527.057979398886
-3261.356892411084 -4734.909951310204 3865.650750076355
-1451.8237940224128 -4718.50217104381 4860.763487480622
486.7102196889654 -4282.8347660744585 5423.976057913034
2381.997894488381 -3466.618697228574 5505.24455287299
4273.878567968341 -1960.0065075113528 5088.3605635836775
5469.017833528021 -515.8887555698298 4221.7033856831595
6178.2108641892955 974.0679762446084 2979.929335324521
6338.442746935539 2377.4744937428018 1473.375486317805
5935.476175818717 3569.6319690969685 -164.09424045005906
5005.116499072248 4444.611978924985 -1786.9834738382026
3630.030256791214 4924.668709567129 -3251.0913835280458
1932.399896068847 4967.147013811557 -4426.325556611894
63.06732438357265 4568.2725079132 -5208.261279380971
-1811.8690558396365 3763.4869421530393 -5527.420131398908
-3525.8129191950843 2624.299045792174 -5355.443448058329
-4926.472831904902 1251.9306626660054 -4707.612112381299
-5889.394014030047 -231.67725384527085 -3641.488781503702
-6329.016692828683 -1694.6996296535085 -2251.803191979197
-6206.278464037206 -3007.140506300195 -662.0350069718062
-5532.085157911583 -4052.3837523433626 986.5578936978094
-4366.341808349666 -4737.554918397642 2547.490796074375
-2812.6298277404576 -5001.7735395349655 3882.0679617405094
-1009.0033439138408 -4821.562631762969 4871.706352831336
884.2775149578156 -4212.934725079722 5428.472255341924
2698.986436037465 -3229.9690799136365 5502.894575507258
4446.187303658175 -1559.2804608782117 5079.285348685565
5504.691994639069 -15.495078853710767 4206.804332857358
6074.080644953355 1529.6671089259976 2960.5302907980135
6103.7605742996575 2938.911661244084 1451.200140328075
5591.09459070735 4087.0210152592085 -187.0755110968991
4581.635316616229 4871.980616472251 -1808.7286823935542
3165.0776384683204 5224.043359576968 -3269.668372784485
1467.2889224280402 5111.926924846582 -4440.0836795502055
-360.87485346131433 4545.593349521768 -5215.978066401574
-2156.9733149474378 3575.3638570840876 -5528.4099121104455
-3761.415231678972 2287.4475957186546 -5349.6182761010095
-5031.638898377001 796.2815771751543 -4695.489579846866
-5854.779367970611 -765.637553924497 -3624.1460286067027
-6157.696997443964 -2259.526428412896 -2230.7811984219393
-5913.476226086236 -3552.6464639683772 -639.2016691353678
-5143.817141177766 -4530.098270668064 1009.1737335442169
-3917.1073300059256 -5105.030966010078 2567.8796213124174
-2342.345342620672 -5226.359256962702 3898.418135772905
-559.4556923303627 -4883.30259243436 4882.565090943752
1273.1440513543926 -4106.343062547764 5432.874711000276
2992.6193589756404 -2964.5169311640966 5500.449571206449
4580.957789503482 -1143.5738303003438 5070.122421963707
5494.581903913421 487.0170554462674 4191.832634677959
5919.98830358513 2074.334338577355 2941.080122246529
5819.377763042524 3477.33791265952 1428.9997342359716
5201.689970334923 4571.364753155784 -210.05355122346344
4121.809196522597 5259.205774230385 -1830.4426568519082
2675.687587337535 5479.743282620212 -3288.1888996537373
991.8193939559193 5213.3815528919195 -4453.765128742052
-780.1763051063656 4483.787993641072 -5223.60478111527
-2482.849915712642 3355.7901943756933 -5529.304225274391
-3964.911415500454 1929.615709697332 -5343.700724065955
-5094.673136293888 331.9864012333063 -4683.285963079888
-5771.750791322818 -1295.1413558786596 -3606.740692012216
-5935.983059631546 -2807.190119886549 -2209.7206825384537
-5572.7771834594205 -4069.8077225915836 -616.3572932216631
-4714.405598807067 -4970.805049087348 1031.772146437311
-3437.138387872475 -5430.124532953046 2588.22410302787
-1854.4663475420755 -5406.953622356842 3914.700989829969
-107.01683404102764 -4903.351154389087 4893.339514303356
1649.9415948001963 -3964.064418351751 5437.183348864128
3260.29547229401 -2672.553162733683 5497.90958219221
4676.903312263459 -716.3988736968699 5060.8719416484455
5438.60621961045 987.459643479381 4176.788549684275
5717.065097414761 2603.5780379372086 2921.579165546013
5487.537652386826 3988.357098110294 1406.7746514099863
4770.418405281996 5018.7531274994135 -233.02796403265526
3629.426548231487 5603.210917074895 -1852.1250222446508
2165.944214894524 5689.798827382165 -3306.6526443134376
510.008232974572 5270.823142605636 -4467.369667928831
-1191.2442185794125 4383.511690982234 -5231.141291819861
-2786.6493936234947 3106.705988890838 -5530.103055447265
-4134.448541034682 1553.855826131821 -5337.690894140644
-5114.883791846359 -137.0612457629761 -4671.00147281896
-5640.839171454688 -1815.7998244884 -3589.2730722849515
-5665.581236264283 -3333.1966203017146 -2188.622008013007
-5186.911545238062 -4554.424268908782 -593.5022737196284
-4247.362001031043 -5370.971334461609 1054.3527421355768
-2930.4157037912632 -5710.284026828048 2608.5238899012556
-1353.0891113521443 -5542.212924242104 3930.916242730646
344.4653865643699 -4881.691881736435 4904.029436851619
2011.4126232231993 -3787.411092586514 5441.398094529618
3499.637021369754 -2356.6022070804415 5495.274652326432
4733.065325062591 -281.3768683067986 5051.534067482033
5337.066497074936 1481.6481728022816 4161.672337665652
5466.8458894916175 3113.022271651963 2902.027757449438
5110.872033768931 4467.790680392149 1384.52527564478
4300.774769153392 5425.576280603007 -255.9983527899768
3108.534792659352 5901.275618532969 -1873.7754041491087
1640.0878582572784 5852.620720434774 -3325.0592879216692
25.911920242011877 5283.934787522942 -4480.897062180051
-1590.566405599305 4245.748060573834 -5238.587468370839
-3065.715926217451 2830.3079862842455 -5530.8063888344395
-4268.463133118433 1163.382626811269 -5331.58889010603
-5091.93865879989 -606.9143844744165 -4658.636321199239
-5462.973089042237 -2323.284389299667 -3571.7434710651264
-5348.598386460651 -3833.2203805700206 -2167.485539188832
-4758.977245304626 -5002.55791921616 -570.6370053019916
-3746.5000914756365 -5727.396233376111 1076.9151307051768
-2401.129963274168 -5943.3302579362135 2628.778631385005
-842.4089006505174 -5631.173307203435 3947.0636144612454
791.1638896464964 -4818.6618961286085 4914.634673989231
2354.4382963828984 -3577.991229233306 5445.518875214252
3708.5105282033837 -2019.4003398647467 5492.544827110505
4748.822538513059 157.7925037460326 5042.108960715894
5190.6458158128535 1965.4366047932738 4146.48425965694
5171.2574336037 3598.443038328143 2882.426235581018
4692.38013472939 4911.712016400403 1362.2519911545119
3796.564268713342 5788.553827122306 -278.9643208304345
2563.407006474226 6151.057227654342 -1895.3934286948656
1102.4797823835136 5967.012200039249 -3343.4085126226964
-456.40760852482623 5252.771952648922 -4494.347077897417
-1974.7411805038964 4071.799865855723 -5245.943182183633
-3317.610332586287 2529.03049218183 -5531.414213290377
-4365.69524752524 761.5456608100669 -5325.39481733481
-5025.868981183535 -1073.6058445127444 -4646.19072174882
-5239.4722002009285 -2813.3627591089626 -3554.152191063293
-4987.525321185436 -4303.140046319226 -2146.311641061809
-4292.414929988252 -5410.564456394975 -547.7618828184817
-3215.904635308958 -6037.236470648997 1099.4589225266927
-1853.6471010174118 -6127.473530509987 2648.987977709371
-326.68488720415905 -5673.2576772104785 3963.142826180295
1229.3047124701939 -4714.9479826095785 4925.155042579268
2676.065193726704 -3337.694468545395 5449.545619758173
3885.045538801923 -1663.872153720031 5489.720153684511
4723.897160634464 597.362513551762 5032.596784107815
5000.404213347089 2434.7521307258644 4131.224577934018
4832.60340779137 4055.8033363512795 2862.7749384303033
4235.404581922647 5316.478616942064 1339.955182566195
3261.8714721832202 6104.761441435434 -301.92547156540365
1998.506767653155 6350.609421552936 -1916.9787225702787
557.5659665145904 6032.177885375049 -3361.700001552251
-932.9170175867397 5177.760872304949 -4507.719482818836
-2340.5062306365753 3863.277083501233 -5253.208306235832
-3540.1311939519437 2205.524172116181 -5531.926518318837
-4425.199965074821 351.80075925519475 -5319.108782789541
-4917.070299630612 -1533.1816949178192 -4633.664889384969
-4972.037359856622 -3281.934227240321 -3536.4995360551115
-4585.217081232809 -4739.072500941394 -2125.1006792741678
-3790.980143047731 -5775.123385856698 -524.877301288995
-2659.8979827105145 -6298.029214227102 1121.9837283018167
-1292.4722138394304 -6261.327508467448 2669.1515798885202
189.79538315215933 -5668.279376197273 3979.153600223336
1655.1988274473924 -4571.579746517617 4935.590360950375
2973.5305922034677 -3068.675194312635 5453.478258625404
4027.6511147182187 -1293.105384433664 5486.8006808264245
4658.358226199733 1033.5712221087892 5022.997701919182
4767.770956127019 2885.6294103319565 4115.893556009249
4453.546313584193 4481.286762071096 2843.0742053464855
3743.604537013335 5678.76211919713 1317.63523491308
2701.027068790917 6371.654541195424 -324.88140848935893
1418.4514922443889 6498.397495663103 -1938.5309130289156
9.840275840078064 6047.729314893422 -3379.933438843091
-1399.6452922559495 5059.693844472507 -4521.014046022455
-2684.7662338928512 3622.0823718694865 -5260.382715069377
-3731.333913745813 1862.6329852791791 -5532.343295073065
-4446.356200673282 -62.31951608340647 -5312.730895020842
-4766.300226658128 -1981.734654957268 -4621.059040410503
-4662.737560940371 -3725.0639730389116 -3518.7858108760965
-4144.870200846309 -5137.405009942038 -2103.853020108174
-3258.7129339437774 -6093.265066581269 -501.98365589673574
-2083.0047222341686 -6507.711782201448 1144.4891590601305
-722.2123998383893 -6343.919747350255 2689.269089726557
702.7516636599337 -5616.442603113733 3995.095660107751
2065.273157867206 -4389.919886238145 4945.94044889985
3244.2860686960003 -2773.333522624187 5457.316723905031
4135.02992500623 -910.3243049513924 5483.786458951268
4552.62198073326 1462.673525957252 5013.311879912092
4494.533704283517 3314.2440053572577 4100.491458626944
4037.0863842718854 4871.329360561047 2823.324376532389
3220.9262225559146 5995.575724602166 1295.2925336280032
2118.572631163942 6587.088874361688 -347.83173518688375
827.9745642901943 6593.3102706707805 -1960.0496278959918
-536.1926761272929 6013.687115165213 -3398.108509630453
-1852.716844228038 4899.721468846004 -4534.230537930644
-3004.618990205184 3350.394067946303 -5267.466284792734
-3889.5475533493313 1503.3694511473855 -5532.664536355933
-4428.8727473800955 -477.23613881415525 -5306.261264165495
-4574.673162018209 -2415.437203525743 -4608.373392509945
-4313.9937905885035 -4139.016072732488 -3501.011321416361
-3669.99713921508 -5494.825200104105 -2082.569030479801
-2699.9051365052196 -6362.394994803258 -479.0813419814442
-1489.9147140783457 -6664.638073303586 1166.9748261657855
-147.53883092256666 -6374.6988117084375 2709.34015982353
1207.9465248241966 -5518.339585788012 4010.9687305375123
2456.100530854273 -4171.651670835959 4956.205127696842
3486.019226298324 -2454.2941979382813 5461.060949312367
4206.1898153423635 -518.861915061109 5480.677540110242
4407.449309322559 1880.9731397843557 5003.539485346491
4182.824653117953 3716.9447266962216 4085.018551758778
3586.537670460158 5222.649463097914 2803.5257930386256
2671.5710765206613 6264.298875483667 1272.9274645367102
1519.2236684357442 6749.33784235988 -370.77605533945615
231.88657040704155 6634.66852296115 -1981.5344955748105
-1076.0546670197837 5930.479789534067 -3416.22490005744
-2288.383725093769 4699.341901324986 -4547.368730313914
-3297.3798467865954 3050.646862460932 -5274.458893083009
-4013.3892987793247 1130.8884623239437 -5532.890236620074
-4372.7914991066555 -889.3543405127637 -5299.700001944566
-4343.651985058944 -2830.5741073276795 -4595.6081647459
-3928.559930335971 -4520.284942936675 -3483.1763746152974
-3164.398085601368 -5808.348624421988 -2061.2490779323984
-2119.0655842287997 -6580.315041109324 -456.1707550325954
-885.4448063313698 -6767.59158915717 1189.4403413242208
426.8516283191482 -6353.537925421886 2729.3644435814354
1701.2204225860103 -5374.944534970903 4026.7725374078764
2824.4283166232117 -3918.763735032202 4966.384220085373
3696.673359928939 -2114.3835800244833 5464.710870190123
4240.452752621142 -122.13116511208048 5477.473977989827
4223.940225468375 2284.8542440249876 4993.680686977366
3835.103759671085 4090.284622143247 4069.4751025991964
3105.5014947513855 5532.275261665649 2783.6787967577625
2099.9617937541866 6482.698966198964 1250.5404138512092
907.831271851389 6857.10641872967 -393.7139727322348
-364.9640425073343 6622.229874040372 -2002.9851450531262
-1605.3307000709601 5798.939143865445 -3434.2822972805156
-2703.0566800555416 4460.387222532788 -4560.428396294905
-3560.604211848318 2725.510322391183 -5281.360419188099
-4101.776433964154 748.459869400085 -5533.020391967977
-4278.4878195728825 -1295.0945275492672 -5293.047221661449
-4075.0367865780167 -3223.574092297145 -4582.7635775551535
-3509.500852091311 -4865.624952522503 -3465.2812784563835
-2632.130365705473 -6075.343683272841 -2039.893530630343
-1520.8835454128302 -6745.241466557773 -433.2522906824588
-274.4995478227882 -6815.7949445344175 1211.8853165888713
996.2749392127747 -6280.735131065715 2749.341595210218
2178.526025818707 -5187.604438649683 4042.506807810251
3167.2055147266406 -3633.532326432527 4976.477550287406
3874.4648945986537 -1756.6049215178361 5468.2664235095135
4237.461065776426 276.4045394073788 5474.1758279108535
4003.52546017753 2670.812527778025 4983.735655051721
3454.139187321133 4431.050342546004 4053.861379560851
2597.8374894311128 5797.569889034585 2763.7837304183777
1510.706530183092 6648.949908666052 1228.1317681630992
289.3426661018661 6909.541550476468 -416.64509126099813
-957.7305636218576 6556.190103503381 -2024.4012059096494
-2119.7052298364288 5620.292394467651 -3452.2803894748668
-3093.3347842068597 4185.007041936528 -4573.409310352303
-3792.107968124397 2377.865448128445 -5288.1707439287475
-4153.935717682362 359.4400741635239 -5533.0550001520505
-4146.668049477608 -1690.9231277676377 -5286.303038199913
-3770.9507277237585 -3591.0403893027183 -4569.839852744931
-3060.167885266961 -5172.07795322705 -3447.326341961693
-2077.475696878623 -6293.553693716917 -2018.502757352683
-910.1906759706616 -6855.819569714569 -410.3263446994038
337.9687808032535 -6808.915790674437 1234.30936436788
1556.0982282512534 -6157.009963198087 2769.271269733675
2635.9615192945257 -4958.026780898402 4058.1712700368253
3481.6080616218755 -3318.501161173751 4986.484944005907
4017.898448888805 -1384.1121502763287 5471.727547871324
4197.180926715043 673.2612992492524 5470.78314682754
3747.955216186644 3035.4853619422815 4973.704561305689
3042.9851249025523 4736.289637109368 4038.1776522698665
2067.632451350615 6016.253793154523 2743.8409375791466
908.5615608406151 6761.647397783001 1205.7019144368935
-331.2390115068228 6906.2389581176 -439.5690149387942
-1541.607544063419 6437.18087949297 -2045.7823083203193
-2614.997481096701 5396.151030622386 -3470.218865839794
-3456.0334162071026 3875.6494820622625 -4586.3112483247305
-3989.9856157346694 2010.7794690132828 -5294.8897497006155
-4169.41008354074 -32.75712401786725 -5532.994060574659
-3978.364168269435 -2073.383102827785 -5279.467568022142
-3433.8231378837986 -3929.779894059572 -4556.837213489041
-2584.1718526125323 -5436.998496149165 -3429.3118751866805
-1504.9055577852764 -6461.115921980964 -1997.0771274867238
-291.9217999795317 -6911.1348440045585 -387.3933129809449
947.0004908321056 -6747.06910612264 1256.7120974307338
2101.7776321901233 -5983.496669136637 2789.153122995511
3069.802607428837 -4688.264294955186 4073.7656535852707
3765.06214939062 -2976.45906405803 4996.4062284278325
4125.779396675963 -1000.1823833438372 5475.094183507014
4119.903038881983 1064.9648913585318 5467.295993326526
3459.2851763838153 3375.6808443170553 4963.587578961577
2604.9571591198064 5003.336743669446 4022.4241915612597
1519.1672666017882 6186.424216565164 2723.850762622892
298.39269569049424 6819.820749143536 1183.2512400033363
-948.8953757077057 6847.246279870109 -462.4853479030918
-2111.869928815506 6266.263929984849 -2067.1280830648084
-3087.195570959506 5128.49653087412 -3488.097416604027
-3788.2103386891386 3535.0397089589037 -4599.13398741459
-4152.625993538994 1627.4790956364275 -5301.517320476306
-4148.062605363891 -424.6901774077434 -5532.837574288139
-3774.925651229296 -2439.1238644670325 -5272.540929166699
-3066.369986994609 -4236.830692249687 -4543.755884324034
-2085.3538928723906 -5658.076520000718 -3411.238189214891
-919.0449539436523 -6576.577418889824 -1975.617011021803
328.92516230533084 -6910.720553275937 -364.4535915469744
1547.6688344191964 -6630.815839305852 1279.09312891506
2628.8953387620863 -5761.734039157427 2808.986811665225
3476.5329555388093 -4380.696884676483 4089.2896891633754
4015.265362702313 -2610.415587620423 5006.241232227123
4197.223821687907 -608.1874099841573 5478.36627227971
4006.2405249031704 1448.0808880156949 5463.714427625845
3139.8598789638977 3688.40546745135 4953.384882724879
2143.605399864246 5229.835456816961 4006.6012694742326
956.8821739293089 6306.571615089496 2703.813550750741
-314.8642323675022 6822.941209427653 1160.7801325527157
-1558.633569859562 6733.062535323833 -485.3936944223616
-2663.911474718809 6044.9217073982345 -2088.43816153283
-3532.4891546663475 4819.663058068318 -3505.915733031208
-4087.1896711484565 3166.156195286068 -4611.877306191979
-4278.725449012579 1231.3224601050817 -5308.053341807376
-4090.07769385457 -812.9196792259294 -5532.5855439947845
-3538.008586587261 -2784.9303376184184 -5265.523241246489
-2671.571890106741 -4509.487714047997 -4530.596091145317
-1567.7543071901 -5833.357317523555 -3393.105596152416
-324.63487410314235 -6638.907524070217 -1954.1227785427034
947.3297921845566 -6854.561662737431 -341.50757653290594
2135.1200491483232 -6461.157916922029 1301.4520723331339
3133.1955199252648 -5493.651935863608 2828.771993244038
3852.8728189547846 -4038.0108718092565 4104.743108693797
4230.205459966289 -2223.5748212758426 5015.989785567657
4231.665781908894 -211.56438987466336 5481.543757685231
3857.12402876948 1819.2444660019012 5460.038511573899
2792.2935944113988 3970.8901711929175 4943.096648781219
1662.6855772513995 5413.759675655903 3990.709159247493
385.3406499771413 6375.592875043834 2683.729647975937
-926.2434850871673 6770.926668655624 1138.2889801281528
-2155.5268217489124 6564.633914035088 -508.2936589029498
-3193.2821409246108 5775.044627731096 -2109.7121757305417
-3947.3003283912826 4472.317282887298 -3523.6735074250596
-4350.583559238225 2772.2049210178106 -4624.5409845983895
-4367.298348625369 825.7699862950151 -5314.497700826299
-3995.9595141640216 -1194.0382355420277 -5532.237974046786
-3269.562140889704 -3107.750920200671 -5258.41462544674
-2252.649823160215 -4745.326297459192 -4517.3580612032565
-1035.5796830519946 -5961.258608667027 -3374.914409122512
273.5062564619416 -6647.506931942251 -1932.5948012233325
1558.2899648268256 -6743.095092210742 -318.55566418283416
2704.6127713739556 -6239.529661950902 1323.7885415787941
3610.618864186867 -5181.5546395018 2848.508326070834
4195.8056259768755 -3663.175748454933 4120.125645318599
4408.176644909116 -1819.3076165759062 5025.651720106187
4228.861823976607 186.21398093590554 5484.6265848530475
3673.7940719293374 2175.1896490549375 5456.268308648382
2419.448860861368 4220.614555091057 4932.723054793338
1166.1283466161847 5553.43125358471 3974.7481353145286
-190.8077886958108 6392.801214365713 2663.5994011181265
-1530.7898146359607 6664.142732904267 1115.7781711189753
-2734.754447785296 6343.345924515589 -531.1848458960067
-3695.7241469766586 5458.914993418626 -2130.949758286788
-4328.312537290869 4089.4355091025377 -3541.3704331348204
-4576.311364180069 2356.591733610554 -4637.124803950646
-4417.684843550234 414.3544408548085 -5320.850286248429
-3866.5276378803414 -1564.7000623354293 -5531.794870446168
-2971.8124836077163 -3404.724098414038 -5251.215204522818
-1813.038748582263 -4942.223456962954 -4504.0420230992495
-493.16856435577427 -6040.584572770295 -3356.664942260448
870.5218110482922 -6602.213240618207 -1911.0334508203632
2156.862503318702 -6577.206288701615 -295.5982508426921
3251.5564969340353 -5967.7856944395035 1346.1021509338887
4057.3354265761313 -4828.101152030275 2868.195469328019
4502.602298243688 -3259.4186344902178 4135.437033403861
4547.793196367558 -1401.1224675526532 5035.226868995246
4188.892711332451 581.6695793516548 5487.614700547251
3457.790726242567 2512.7777315156686 5452.403883955171
2024.4128545588856 4435.329040938938 4922.264279898022
658.007053186518 5647.534994613022 3958.7184732988603
-766.8655624778432 6357.932680216613 2643.4231577972328
-2123.598807581973 6503.400145854959 1093.2480942538486
-3291.640979372574 6071.011968832623 -554.0668601042321
-4167.2064050174085 5099.187736182293 -2152.1505424596926
-4672.497254092336 3674.2782957553877 -3559.0062045604836
-4762.616217224703 1922.8931044458848 -4649.628546944614
-4429.555829059637 0.6504223289716838 -5327.110988373918
-3702.9099666970446 -1921.6500526662005 -5531.256240844682
-2647.2443038406755 -3673.203487459639 -5243.925102798189
-1356.359367347781 -5098.376672804285 -4490.648206781801
55.044051219018044 -6070.53671691276 -3338.357510707772
1461.5565642781432 -6503.302933611931 -1889.4390996667457
2738.20336266582 -6358.222145384833 -272.63573295341166
3771.5487758731197 -5648.185416941982 1368.392515075064
4469.775529174886 -4436.282627550412 2887.833083047448
4770.843111422649 -2830.196658395311 4150.677008544347
4648.000346720353 -972.635296028344 5044.715066886028
4112.162353798399 971.3489807304381 5490.508053167458
3210.940689814196 2829.024637856541 5448.445304227232
1610.4717908499001 4613.07479267531 4911.720504703002
142.50422156831823 5695.130664195808 3942.6204500092804
-1338.1254731690724 6271.149183533226 2623.2012664273707
-2699.8568473484506 6289.948577428812 1070.6991385942679
-3821.694092514318 5749.858437235163 -576.9393063887418
-4603.957046331998 4698.868142055024 -2173.314162142666
-4977.138212450358 3230.3627918101033 -3576.5805171580937
-4908.078806581211 1474.8255312992108 -4662.051997658961
-4402.915059998253 -411.75644983280966 -5333.279699089597
-3506.532988459944 -2261.752063433812 -5530.622094543672
-2298.5800727304313 -3910.7810806632324 -5236.544446162244
-886.3882303862963 -5212.320036695657 -4477.1768435425
604.5630960783469 -6050.721483577946 -3319.992430607037
2041.7963383749636 -6351.489773490451 -1867.8121206653452
3297.607015731318 -6087.900323974558 -249.66850704405823
4260.4108384299225 -5283.374214362996 1390.659249080304
4844.658461629008 -4009.3971200994397 2907.420828116274
4998.436920078881 -2379.167496765569 4165.845307567982
4708.082322900616 -537.5384005395231 5054.116149931233
3999.3939502536614 1351.8533415229026 5493.306592749702
2935.341874075397 3121.126981680342 5444.392637823438
1181.0835682294378 4752.2012194630415 4901.091911283847
-376.12295359847593 5695.661907184758 3926.454343435105
-1899.9093004107826 6133.038039452509 2602.934076211054
-3254.880368266885 6025.466827520769 1048.1316935276748
-4320.64103159529 5382.506445638168 -599.8017897758602
-5002.493778445588 4261.286745320131 -2194.4402518710135
-5239.852999998632 2761.433017331539 -3594.093067444988
-5011.628287785656 1016.2138474038431 -4674.394941558839
-4338.098409034432 -819.3003824466973 -5339.356311870859
-3279.109449209178 -2582.016177876369 -5529.892442493918
-1928.7572246869065 -4115.308504910332 -5229.073362068112
-407.0264565395433 -5282.937611549097 -4463.6281660120785
1150.8703984775823 -5981.154527611893 -3301.5700190962725
2606.507368078375 -6147.919616032038 -1846.15288728241
3830.544719556221 -5768.415066866895 -226.6969697250124
4714.221362632892 -4876.361524738053 1412.9019684357436
5179.018749619931 -3551.0218615761446 2926.9583662828277
5183.637592953802 -1910.158322610442 4180.941668540444
4727.6674881348345 -99.56883408908251 5063.429955787931
3851.623379968036 1719.8677822917386 5496.010270967301
2633.3456319202464 3386.486598700523 5440.245954727404
739.8488832997975 4851.3809078684435 4890.378683180799
-893.5778305109754 5648.9619910609335 3910.2204327413247
-2447.6062326791584 5944.608011286276 2582.6219371330208
-3784.154079930697 5712.0495222262625 1025.5461487608195
-4784.463230693774 4971.950366199994 -622.653915463962
-5359.651827138652 3790.0716010920473 -2215.528446828077
-5458.611838297619 2271.4283417718125 -3611.543553005059
-5072.550232900339 550.9587062860295 -4686.657165499723
-4235.77027878984 -1218.466028095673 -5345.340721783501
-3022.6235470371416 -2879.6247087310267 -5529.067297295443
-1540.903448565239 -4284.916096970729 -5221.511979530493
77.73268345507903 -5309.473885950002 -4450.002408156361
1689.461925426182 -5862.261619920257 -3283.0905943035964
3151.0750612415786 -5894.161682849201 -1824.4617735412312
4332.701349600548 -5402.339614154488 -203.72151768108202
5129.348109300799 -4430.495962965254 1435.120289042165
5470.229779716263 -3064.9833025552534 2946.445360162381
5325.057528495942 -1427.1334252555394 4195.9658307696745
4706.730547238692 337.5235197500168 5072.6563236203265
3670.1899017125024 2072.190018828188 5498.619041131688
2307.5367770560183 3622.7333410774086 5436.005326546287
290.4810579198996 4909.621850512661 4879.581005395642
-1405.5599647192537 5555.256318910773 3893.918998263818
-2976.7108162948257 5707.28188453285 2562.2651999541554
-4283.367848762289 5352.190408720166 1002.9428943129984
-5209.428850617062 4521.533327391939 -645.4952888303128
-5672.609237892529 3289.1181675027783 -2236.5783828515946
-5631.753400545642 1764.4504243736574 -3628.931672493957
-5090.491559017541 83.00351787576467 -4698.838457730907
-4096.917203216487 -1605.818615440301 -5351.23282548552
-2739.313774884616 -3151.956717755599 -5528.146673197293
-1138.3102963737676 -4418.029633564065 -5213.860429123395
563.8370473623689 -5291.541228226673 -4436.299805272249
2215.8849950822446 -5694.876163215137 -3264.5544753416134
3671.041836737882 -5592.196359549524 -1802.739154015568
4800.010501097638 -4992.625368388422 -180.74254766473544
5502.47716793573 -3949.4377034704517 1457.3138272217104
5716.024591179405 -2555.325166777257 2965.881473243098
5421.678145136041 -934.1607751561039 4210.917534810379
4645.591803254679 770.0079008347227 5081.795094102536
3456.7242428103064 2405.757995712355 5501.132858193224
1960.711563807743 3827.745935175883 5431.670826509525
-163.2251687607935 4926.276861176748 4868.699064388468
-1907.8008792472679 5415.161683422137 3877.5503215044987
-3482.8601093663856 5422.885626049829 2541.864216205516
-4748.451934488399 4948.762382861407 980.3223205093475
-5592.122966993064 4034.919884669718 -668.3255154377675
-5938.909333252949 2762.5570477708884 -2257.5896964399817
-5757.997542778984 1244.7288938956872 -3646.2571256443175
-5065.462402073081 -383.69888460494536 -4710.938607899332
-3922.8386975273593 -1978.0333333736153 -5357.03252122892
-2431.65355961228 -3396.6108400157013 -5527.130586097303
-724.4053317897636 -4513.384567741241 -5206.1188429778795
1047.2094887627118 -5229.124269961035 -4422.520593983638
2725.775150635503 -5480.2333331609025 -3245.9619823019652
4162.143728507055 -5244.399615101562 -1780.9854038232695
5228.687570833881 -4542.577976571804 -157.7604564891324
5830.639576774643 -3437.128350048536 1479.4821997244198
5914.513668978641 -2026.274786034145 2985.266369891748
5472.857266278164 -435.3778151201775 4225.79652246852
4544.913478230338 1194.2043852913032 5090.846109421379
3213.1341826174676 2717.676285390012 5503.551678741963
1595.8538142719008 3999.6707212058946 5427.242529467584
-617.4256213923312 4901.050089924921 4857.7330480744595
-2396.099662581799 5229.682260284632 3861.114685126457
-3961.8697336407126 5093.634211735455 2521.4193381822397
-5175.610292486653 4504.994410428029 957.6848179740583
-5929.47516405351 3516.0660859117133 -691.1442010417571
-6156.480146221037 2214.7198596602984 -2278.562024758605
-5836.454850128713 716.5860547400388 -3663.5196132709166
-4997.834927742203 -845.2195658299984 -4722.957407053105
-3715.135439388467 -2331.923718791064 -5362.739708861421
-2102.3298636417308 -3611.426215858852 -5526.01905354181
-302.7230535877485 -4570.037645164685 -5198.287354779812
1523.7820282556738 -5122.581174417733 -4408.665012237336
3214.892389881352 -5219.960886246566 -3227.3134362498026
4620.34545434316 -4853.524165911351 -1759.200898619765
5615.260549134541 -4055.8305240949235 -134.7756410213499
6111.23510197027 -2897.758541493569 1501.6250237349664
6064.199597282426 -1482.2079958766155 3004.599715359543
5478.333346074441 65.0432347366278 4240.602536805753
4405.69313579783 1606.5150885059963 5099.809213279063
2941.5877563397003 3005.2410265862663 5505.875461008418
1216.109395785524 4136.938111171331 5422.7205118906795
-1068.2591735470912 4834.0005761698 4846.683145820663
-2866.358097575278 5000.202366553884 3844.612372949076
-4409.768525828612 4722.114233642987 2500.9309189374294
-5561.351668611603 4024.44552841593 935.0307776236664
-6218.784310048661 2969.1871770007897 -713.9509515969795
-6323.650674852447 1650.103514845849 -2299.49500564605
-5866.6329263116895 184.40091403682666 -3680.718837275877
-4888.339096973598 -1297.6865172144344 -4734.89464764516
-3475.6948867466012 -2664.468806607724 -5368.354289828262
-1754.21993299639 -3794.5013497051464 -5524.812094725352
123.12516006791802 -4587.3757959863615 -5190.36609976756
1989.5300423343292 -4972.641771427094 -4394.733299298962
3679.156449430575 -4916.066703397544 -3208.609159218208
5041.873660282736 -4422.67753496774 -1737.386014591572
5956.598270520679 -3536.314058955354 -111.78849817549742
6342.0529843218865 -2335.7335599461376 1523.7419168792167
6163.988458824989 -927.6128839378562 3023.8811757878952
5438.226508543672 562.9302675704457 4255.335322143901
4229.254267714329 2003.4545944262807 5108.684250895912
2644.4942254218877 3265.963188551695 5508.104164864268
824.7592660289326 4238.276620930912 5418.104851867433
-1511.880462945241 4725.54280253383 4835.549548442737
-3314.6150275688233 4728.476036555836 3828.0436699431352
-4822.831501044476 4311.263424154548 2480.399312276119
-5902.5182310048785 3510.976136849214 912.3605906602767
-6457.740313365878 2398.72321211983 -736.7453732642335
-6439.1638295577295 1073.3332033701738 -2320.388277620389
-5848.439381688348 -347.4271707441047 -3697.8545006537415
-4738.0554293024425 -1737.3171160787663 -4746.750123536836
-3206.674459409262 -2972.8388115592134 -5373.8761671738475
-1390.3663915384839 -3944.210732544387 -5523.509730490341
549.4818317429124 -4565.122221059291 -5182.355214729563
2440.506182912629 -4780.402566524182 -4380.7256957488
4114.680849745589 -4570.923165502274 -3189.8494742026846
5423.248066099167 -3955.29718205957 -1715.5411284498039
6249.935892247692 -2988.2256864550864 -88.79942490592394
6521.289486978103 -1755.6372249966082 1545.8324972307403
6213.197892582963 -367.05269161016196 3043.1104182142217
5353.036399261963 1054.1460842100812 4269.994624069289
4017.234130453239 2381.679354404347 5117.4710690130205
2324.48297981211 3497.589962132108 5510.237751823064
425.19131558918343 4302.724352803671 5413.395629103542
-1944.492560319839 4576.444237653232 4824.332448201603
-3737.0796717571957 4416.613494539079 3811.4088622258832
-5197.610854454931 3864.3472604460408 2459.824872749079
-6196.311503394793 2968.7168138537386 889.6746485648665
-6644.4426831928695 1809.3028503513783 -759.5270724172198
-6502.185971932815 489.124388600527 -2341.241479885368
-5782.181502693385 -874.5149215645072 -3714.926307496699
-4548.404832254048 -2160.449743203032 -4758.523630001383
-2910.482432123132 -3254.4191241804024 -5379.305245543429
-1013.9508954562718 -4059.2190841912684 -5522.111983326704
972.6746279220799 -4503.339614982192 -5174.254838002111
2872.8737420972643 -4547.3186584015575 -4366.642443477675
4517.805416888339 -4187.248483442701 -3171.0347051555177
5761.310254326377 -3455.1229052926474 -1693.6666174236857
6492.897392573894 -2415.9944944502195 -65.80881820024022
6647.56210388033 -1162.1943703586523 1567.896383317576
6211.561749911201 194.87182374522743 3062.2871105776244
5223.636875472698 1534.6228011284543 4284.580189437239
3771.568941095595 2738.015808050173 5126.169515894882
1984.3805550444781 3698.1240948421632 5512.276185040873
20.871248367012043 4329.6378268571525 5408.592924920384
-2362.3793152564213 4387.81988151191 4813.032038800175
-4130.16360994477 4067.064629307754 3794.7082370560893
-5530.964742965033 3384.932836770449 2439.207955646766
-6440.315386333853 2402.0349071530113 866.9733430904371
-6777.415744768361 1205.7056348784542 -782.2956556493378
-6512.312972081091 -97.75587420706148 -2362.054252336706
-5668.562613009653 -1392.531344874716 -3731.9339629996334
-4321.135589694997 -2563.5742945271045 -4770.214963727598
-2589.7567062447793 -3506.832418050243 -5384.641431184777
-628.2665744845731 -4138.493091749045 -5520.6188773714875
1389.0477995210244 -4402.430492768143 -5166.0651094668365
3282.939180803321 -4275.192624756791 -4352.483785682735
4885.127008929948 -3768.0851306619793 -3152.1651769802284
6053.249864286365 -2926.1667367386217 -1671.7628592540007
6683.514904951452 -1824.2455869848138 -42.81707507257417
6719.92031618953 -560.2322112574931 1589.933194128704
6159.231317449591 753.5602549785909 3081.4109217247105
5051.2675868128135 2000.395585615132 4299.091766376394
3494.476563965 3069.486989878347 5134.779441332072
1627.1859631511518 3865.841004869047 5514.219429316945
-384.68725127670615 4318.698081613336 5403.696822253634
-2761.9371044780005 4161.123852268368 4801.648515379951
-4490.511167316859 3682.599601266849 3777.9420828291413
-5820.083606655952 2876.860214870593 2418.54891699319
-6632.516076527417 1815.4991734900018 844.2570662553268
-6855.620386682042 592.8230633579059 -805.0507297804659
-6469.572740085438 -682.5279775146912 -2382.8262355683114
-5508.675164279896 -1897.2334123604253 -3748.8771734652264
-4058.3076257053003 -2943.3613326462373 -4781.82392282325
-2247.341644997126 -3727.9586817979657 -5389.884631949773
-236.68949683453584 -4181.310542194743 -5519.030438408442
1794.9935518164627 -4263.134611538422 -5157.786170548371
3667.183546189159 -3966.1604621888214 -4338.249966863276
5213.528189313044 -3316.775550565223 -3133.2412155259544
6296.62797362481 -2372.680575844166 -1649.8302321865924
6820.2447301833 -1217.7625196221315 -19.824592556702605
6737.852812313978 45.359080531125905 1611.9425491206418
6056.773103490515 1304.4503273241392 3100.4815214152445
4837.522524710961 2447.63543804842 4313.529104293045
3188.436840492864 3373.337398830923 5143.300696643748
1256.0445507723932 3999.3035280799363 5516.0674510942945
-787.9528093449082 4269.913988204591 5398.707405651819
-3139.705712503952 3898.138078634268 4790.182074517747
-4815.027942592291 3266.2867364736517 3761.110689071954
-6062.51380957924 2344.2114839140877 2397.8481135396964
-6771.3187196814115 1213.842753606116 821.5262103363302
-6878.462246097133 -24.381232220956107 -827.7919018638272
-6374.424216312747 -1260.4388385699058 -2403.5570708784367
-5303.990621209056 -2384.5009227671894 -3765.755646309033
-3762.274183231469 -3296.6896357666706 -4793.35030681862
-1886.2631736054554 -3915.9530073441038 -5395.034757296019
157.35059672499352 -4187.266769342288 -5517.346693867591
2186.983076014689 -4086.523503366858 -5149.41816421187
4022.292511583367 -3622.674690704261 -4323.941232816504
5500.2036059578795 -2836.935333926573 -3114.2631475818516
6489.397472697084 -1799.121823043853 -1627.869114965828
6901.979895735412 -601.4484428675848 3.168232300888513
6701.291116197758 649.666270870444 1633.9240682240563
5905.163212854244 1843.0552854281939 3119.498580327886
4584.335643666707 2872.6807497607388 4327.891953875534
2856.1697345137673 3647.0559229252153 5151.733134680329
874.220610354839 4097.374172496482 5517.820218460289
-1185.4068514880582 4183.62274581104 5393.624761274855
