-6925.4441426896 116.23005895077017 154.24249784725453
-6674.692903768782 -1117.4250399536327 -1482.873112819448
-5830.865908940762 -2251.7920203191256 -2988.2289399306565
-4468.9408897697795 -3186.0773978527495 -4228.067512102321
-2709.930860918667 -3837.2658167167956 -5092.223731255036
-710.1315827392485 -4147.496328201877 -5503.913525029964
1352.766002927698 -4089.203589938375 -5426.55644857931
3295.464392718699 -3667.5671675344624 -4867.0260176216425
4945.3463093093305 -2920.051307441704 -3875.0389664064205
6155.812504023024 -1913.0760742486443 -2538.737697697566
6819.307743416043 -736.1156364625266 -976.858443481408
6876.877563767428 506.2519060135439 671.8189703107358
6323.40663389795 1703.6367449904367 2260.8023203618095
5208.073274793692 2749.6459828882016 3648.9034628811496
3629.979749970927 3551.3371085836884 4712.7835197743825
1729.3465944594311 4037.4763473953312 5357.912079225861
-324.9465950822404 4164.868094567772 5526.966637628224
-2350.366853646275 3922.1930343152762 5204.925955583729
-4166.946702848773 3331.0139107032346 4420.404760944278
-5613.275051158737 2443.8595832114333 3243.1112046681455
-6560.839277721414 1339.557607050166 1777.6529856981508
-6908.451211391361 -505.1238750765135 131.2573004159428
-6542.7057944992275 -1710.8525761083733 -1505.011992546616
-5595.612255574366 -2764.5645178001378 -3007.554365335065
-4151.3240118018275 -3572.6327699937815 -4242.862334328524
-2338.1724117953104 -4063.2569223328182 -5101.173365422244
-317.26393210015374 -4192.842865813275 -5506.222756867599
1731.8348402519125 -3949.8763206783733 -5422.020092704699
3627.052487015608 -3355.945930704461 -4856.0471491617145
5199.99060325027 -2463.825017461324 -3858.593106003813
6310.886734603264 -1352.7824390987385 -2518.2861322205194
6861.032884716475 -121.53920443429065 -954.2183842727844
6801.546153875739 1120.503321910186 694.6358546360325
6137.712199169473 2262.984210855083 2281.768649501168
4928.515580660647 3204.3890217228764 3666.1562864813486
3281.398724375779 3861.069805780973 4724.789848745768
1342.7151912489371 4174.67759356969 5363.605098550422
-715.2744790288607 4117.3469568988685 5525.84049755557
-2709.7088729146585 3694.171974428064 5197.080718601299
-4463.373742080436 2942.753600422639 4406.537510786222
-5820.44826706933 1929.8586549581833 3224.454107366421
-6660.350420912579 745.4872989555083 1755.863806223368
-6835.743737267693 -1122.4802667303109 108.26983636318569
-6358.035916467498 -2289.6169166777827 -1527.1248829194603
-5315.388702708105 -3253.311055760083 -3026.8278546775377
-3800.445876514011 -3927.9342306176677 -4257.583888532227
-1947.8167562095937 -4253.543211629431 -5110.0349097917015
77.88443073709757 -4201.206211920984 -5508.436904297339
2096.6652442225895 -3775.573603593565 -5417.390106478957
3929.148149695026 -3014.464711755005 -4844.984423875017
5412.508999284403 -1985.5074015165221 -3842.080613345848
6414.944671882859 -780.1290453975689 -2497.791079627829
6847.384358863505 494.5671999448697 -931.5618471092871
6671.403896307814 1725.3189791998157 717.4407436167687
5902.639920591381 2802.768595715229 2302.695575835635
4609.4004846217495 3631.1799227539473 3683.3458009284122
2906.5955875726913 4136.944978485331 4736.714587511846
945.5269171830975 4275.1243181943 5369.205496265301
-1099.5559691747656 4033.440101157637 5524.618934305349
-3046.9384823495107 3433.3670306727845 5189.1457356415
-4723.587140098223 2528.224232429608 4392.594166174923
-5980.524351328475 1398.437616205758 3205.7413284617073
-6706.0657288443535 144.3936808396402 1734.0443055505775
-6707.9037558375785 -1730.8469564197871 85.28050264878313
-6122.249924377154 -2849.0483750520143 -1549.2114020807392
-4992.607320084554 -3714.0993427180065 -3046.0490751331236
-3419.3496457060796 -4249.136284727002 -4272.231920493745
-1542.2677497378734 -4406.618820810549 -5118.808211337508
471.85140392512676 -4172.553936536894 -5510.555929084099
2444.0444896635518 -3567.7393240505926 -5412.666569855178
4199.073496982799 -2645.9154158562524 -4833.8380327986215
5580.996396764595 -1488.99031155454 -3825.5017735791057
6467.023274894586 -199.76188374483743 -2477.2528938390537
6778.426754985994 1107.2162640761817 -908.8892232361352
6487.53727126104 2315.8133878954727 740.233243445953
5620.20163089614 3318.640329420613 2323.5827379878215
4253.486411777527 4026.5915140634993 3700.471709384538
2508.830258854776 4376.7623722760445 4748.557530149847
541.2535276125378 4338.038686606546 5374.713175659842
-1474.4159548100522 3913.861226462838 5523.301968972177
-3359.077109279914 3141.9200206508194 5181.121143729879
-4945.269521523184 2090.8054329150527 4378.574967891531
-6092.053034821248 853.9136071162909 3186.9731910962837
-6697.530901441057 -458.85219001289835 1712.1948604706429
-6525.960242455243 -2325.304207172102 62.28969626492451
-5837.32768425618 -3384.640183167554 -1571.2711686285888
-4630.022944620342 -4143.23602563978 -3065.217694779511
-3011.3203478339483 -4533.687164942094 -4286.806177262988
-1125.0487231808252 -4521.300303880877 -5127.493118557591
861.1884177219171 -4107.176069420265 -5512.57979463542
2770.9051884469436 -3328.111217146351 -5407.849564401918
4434.414873261299 -2253.329078053485 -4822.608168414387
5703.907336477272 -978.3287618037606 -3808.8568729958647
6466.582601662165 383.6003582572609 -2456.6719295186035
6654.67362455905 1711.4449030846988 -886.2009041764045
6251.467692359677 2887.2200577207964 763.0129605304614
5292.7914215800265 3806.45303987189 2344.4297752670027
3863.827405960416 4387.465965086324 3717.5337161104408
2091.54536919395 4578.633285225582 4760.318472149454
133.42034777890868 4362.968944971326 5380.128041624466
-1836.5596570418359 3759.6356673825144 5521.889624298115
-3643.3532767251068 2822.242261857391 5173.007081439389
-5126.418969178844 1634.0802461600676 4364.480158027109
-6153.979839301932 300.72302954838835 3168.1500193684283
-6634.732594407349 -1059.3547479399676 1690.3158482914778
-6291.380785752419 -2901.044680580023 39.29781422919569
-5505.645664509884 -3892.0849889045785 -1593.303801623128
-4230.709764847604 -4537.296465831321 -3084.3333826026787
-2579.8567364145883 -4779.349240171376 -4301.306407163888
-699.7721154363521 -4596.735860693517 -5136.089481476303
1242.4903288977678 -4005.6823275499705 -5514.508466002108
3074.3520549303207 -3058.7063409562484 -5402.939173301816
4633.044109310517 -1839.9508730568932 -4811.295024645637
5780.069862799314 -457.70769559498956 -3792.1461990292246
6413.511043559569 965.2048192376272 -2436.0485420696086
6477.083622869933 2302.3546501494266 -863.4972817241359
5965.138898074984 3434.930166678493 785.7795014979502
4923.165404605205 4262.297063955398 2365.236327675361
3443.7470599807184 4710.9401623172935 3734.531526470171
1658.336676441908 4740.995553636911 4771.997210416432
-274.4241982894242 4349.792684499587 5385.450000652372
-2182.8012787119774 3572.0916465936884 5520.381924672288
-3897.2268864553357 2476.994590021945 5164.803688888014
-5265.366782638642 1161.8056940150332 4350.3099799783695
-6165.6557335029775 -256.6147364054464 3149.2721383267262
-6518.099114911029 -1652.2338213610196 1668.4076468316694
-6006.059689307556 -3453.412500041103 16.305253577732895
-5129.957109695489 -4367.309685835987 -1615.3089205930376
-3798.0353284409753 -4893.152240421471 -3103.395808502704
-2128.641440851001 -4984.216745200575 -4315.732359798684
-270.1084198523099 -4632.411719293693 -5144.597151647046
1612.4249196015503 -3868.996583123569 -5516.341909878832
3351.687228938582 -2761.8041217310806 -5397.935481350142
4793.137419347296 -1409.2132441450162 -4799.898796853804
5808.696315709901 68.59241441381357 -3775.370040248063
6308.127053377744 1540.3033359390938 -2415.3830876277716
6247.053019593367 2875.15154655635 -840.7787479376422
5630.900910277482 3954.5299248673273 808.5324732035081
4514.418544281823 4682.530965185098 2386.002035914189
2996.810279427207 4994.468580297502 3751.464846936466
1212.9222699602458 4862.625744186111 4783.593543276072
-678.7392060144282 4298.7172714221815 5390.678960841121
-2510.0917249367335 3352.8489044823864 5518.778896130462
-4118.411578742351 2109.0651986442426 5156.511107736336
-5360.792490425183 677.881794426374 4336.064678443555
-6126.843463883377 -813.5343820615486 3130.3398739646213
-6348.497508365833 -2232.6644585664203 1646.4706344137078
-5672.302598439065 -3977.9410825399536 -6.687588641615208
-4713.369162455458 -4806.50829233544 -1637.2861455421112
-3335.6321921077983 -5207.996147342719 -3122.4046432993073
-1661.5096633105613 -5146.730689743948 -4330.083786052296
160.2452904868527 -4628.155624305807 -5153.015982154808
1967.7617469996496 -3698.3486213216615 -5518.080094604699
3600.4339369113145 -2439.927113397499 -5392.838574953324
4913.191771284331 -964.7073740041907 -4788.4196818350665
5789.3909555917935 596.2308491179981 -3758.528686352085
6151.177347171166 2104.191344780029 -2394.675923055282
5966.404637457211 3425.185205366766 -818.0456951327841
5251.490692569684 4441.836329278954 831.2714827366526
4069.9587538600354 5063.810802657031 2406.726541390105
2526.7931191501107 5235.843464051349 3768.33338509559
759.1108271547521 4942.648456544122 4795.107270476645
-1076.0217931363538 4210.277443217445 5395.814831894212
-2815.5451550633993 3103.8048025626695 5517.08056635459
-4304.894974146637 1721.545484377199 5148.12948118509
-5411.735983056548 186.3192950268602 4321.7444994181715
-6037.720500859681 -1365.4621813353526 3111.3535532146093
-6127.227056061433 -2795.916350653859 1624.5051898577312
-5292.8077774271105 -4470.389430278509 -29.680315376074667
-4259.317123879886 -5206.17261330366 -1659.235096955845
-2847.3674521705707 -5479.364512724593 -3141.359558737843
-1182.4166868696739 -5265.690829394834 -4344.360438096597
587.5969900097585 -4584.137407769754 -5161.345827618707
2305.40009569991 -3495.263260308666 -5519.722990163803
3818.358285805446 -2095.819633458975 -5387.648542127478
4992.038585627828 -510.1532348234798 -4776.857877816924
5722.15434991667 1120.842517496665 -3741.6224281668265
5943.831588954664 2652.246493400877 -2373.9274059345175
5637.37330723873 3947.986729174389 -795.2985158760963
4830.00966796935 4892.931018606359 853.9961374279704
3593.478473552601 5403.116914761041 2427.4094862212182
2037.6509470401531 5433.212161851174 3785.1368496526534
300.76919179928507 4980.542665101976 4806.538193192983
-1462.8372260368078 4085.330095806979 5400.857525122676
-3096.46413678409 2827.118019323706 5515.286964672348
-4454.956620369045 1317.704100220462 5139.658953972701
-5417.606657979119 -308.79361083659984 4307.349690190752
-5898.878569252515 -1907.8536544523831 3092.31350394258
-5856.009232845602 -3337.392528392202 1602.5116924748224
-4870.644189850723 -4926.776586040931 -52.67252957492881
-3771.5360658179848 -5563.120436197611 -1681.155395807974
-2337.3104112238707 -5705.156622246222 -3160.260227494588
-695.404469474746 -5340.264605740794 -4358.562069394702
1008.2912111194612 -4500.866643650081 -5169.586544194503
2622.395792792609 -3261.5469285431204 -5521.270568185742
4003.489000081752 -1732.424455772155 -5382.365472496877
5028.85464069154 -49.36846748631286 -4765.213584454823
5607.384477710766 1638.074125785595 -3724.651557638602
5687.673596283934 3179.9666444115887 -2353.137894562033
5262.5879558828055 4439.305171627841 -772.5376029780658
4369.898281114629 5304.1919527750915 876.7060448559339
3088.9239670866837 5697.7780018552785 2448.050513243362
1533.485203063502 5585.091471183707 3801.8749504364114
-158.21045084080038 4976.145053527249 4817.886114029741
-1835.8484118928043 3925.0463104119976 5405.80695344658
-3350.363185060056 2525.1899778346283 5513.39812205661
-4567.183486408066 900.9594341129458 5131.099672372767
-5378.189492234101 -803.3253091250059 4292.880499338584
-5711.3197598793 -2436.2310733121662 3073.220054942381
-5536.974203145281 -3852.6670154115623 1580.4905220604812
-4409.2265608597645 -5343.413971185748 -75.66383419629071
-3254.0300301350867 -5874.521033493005 -1703.046663567053
-1809.6986511573568 -5883.651122063474 -3179.106323182669
-204.5676052925434 -5369.992988460935 -4372.6884347052255
1418.7401700326495 -4379.187412007567 -5177.737989577085
2915.9866552117915 -2999.2718162498677 -5522.722801946114
4154.134929478641 -1352.8577575308595 -5376.9894572924
5023.170085140482 413.7636498633031 -4753.487002828672
5445.874534918742 2143.6203411952183 -3707.616367829502
5384.689133442715 3683.006958089007 -2332.307747942252
4845.050472141253 4895.142244146784 -749.7633494863472
3874.9078142362437 5672.322659834204 899.4008128536875
2560.4625922835007 5945.4923146173605 2468.649266016196
1018.5090326013377 5690.378885883493 3818.5473984043183
-613.9435242807168 4929.650321322442 4829.15083702496
-2191.844504783645 3730.9006922977837 5410.6630313965425
-3574.9904822853637 2200.6441639744603 5511.41407112492
-4640.48286684871 474.85074431414904 5122.451784191573
-5293.647984268913 -1293.1352478266633 4278.337176723395
-5476.449247495265 -2946.2204983674806 3054.073535929902
-5172.643962079997 -4337.521128352635 1558.4420588880992
-3912.287624869405 -5716.935342466518 -98.65383221396574
-2711.039069440034 -6137.9177660067435 -1724.9085222028623
-1268.9027954919557 -6013.519260228809 -3197.89752035762
285.98106032381156 -5354.793178284936 -4386.739290086514
1815.454243922583 -4220.270223327644 -5185.800023002919
3183.6163509591424 -2710.757738676822 -5524.079666366958
4268.900174142696 -960.3825329802221 -5371.520589349958
4974.873483093838 875.3268753410285 -4741.678335439367
5238.807451199402 2633.259649479498 -3690.517152912353
5037.250387138072 4157.215747892071 -2311.437325781317
4388.111520570296 5311.784983463629 -726.976148678965
3349.0696884896183 5994.378812869984 922.0800495157953
2012.4483174363957 6144.345778854701 2489.2053888294154
497.01208189495435 5748.360658370847 3835.1539056476336
-1062.5858582244416 4841.608467125493 4840.332167653345
-2527.768381759358 3504.6581165272437 5415.425675115203
-3768.3475916461207 1856.3035123367326 5509.334846138938
-4674.092580894109 43.00819482130644 5113.71543876548
-5164.523932412218 -1774.108589542369 4263.719973487119
-5196.064668395515 -3433.5880401778486 3034.8742775375395
-4765.912256037663 -4787.978125390613 1536.3666837023459
-3383.847785166775 -6044.324123350085 -121.64212662436668
-2147.0044012284193 -6351.247605468012 -1746.7405941931352
-719.3902542673177 -6093.834865849066 -3216.6334945229714
772.1448737775895 -5294.958156045583 -4400.714392900874
2195.0715412853665 -4025.6011775363286 -5193.772505252495
3422.9564694371725 -2398.5518683431446 -5525.3411380172165
4346.696693882406 -558.3806997762148 -5365.958963108901
4884.213841911948 1331.4050443791984 -4729.787786205308
4987.747156068203 3102.8896075667394 -3673.3542081655337
4648.097247039935 4598.668812315155 -2290.5269884808736
3895.443499773364 5685.836112163728 -704.1763940575249
2796.6625026796933 6267.791921565755 944.7433632050465
1449.3857692716992 6292.826912984856 2509.7185267088694
-26.675250260782747 5758.716617569198 3851.6941853962735
-1500.3660567451818 4712.919078970889 4851.429912829687
-2840.742754839776 3248.3579979012998 5420.094802358677
-3928.706992772608 1495.1660535339083 5507.160483003833
-4667.588373550935 -390.8779561181337 5104.890786958385
-4991.734043965065 -2242.1907440294435 4249.029142047443
-4872.342238708854 -3894.275044641681 3015.6226113083485
-4320.021443621636 -5200.3359177929715 1514.2647777126492
-2828.182433066473 -6322.937886969681 -144.62832045328082
-1566.5319625610834 -6512.857420155858 -1768.5425025299417
-165.6882525698809 -6124.080990357154 -3235.313922135846
1249.8775857730973 -5191.153089478438 -4414.613501818707
2554.3863156226707 -3796.9684555994763 -5201.655298652702
3631.9266115894766 -2065.4065117188616 -5526.5071951131185
4386.754289669139 -150.32413538484096 -5360.304674610368
4751.799598157574 1778.1152000647055 -4717.815560458878
4694.62665942064 3548.561196858509 -3656.12782996802
4220.315539964422 5003.7019587070845 -2269.5770971318098
3371.0108642326836 6014.241843140158 -681.3644793404187
2222.177079776334 6490.389946744641 967.3903625591751
875.8931099183817 6389.838420973712 2530.1883254226814
-548.2178065494429 5721.521710155218 3868.1679520238245
-1923.6171650911103 4544.822686904979 4862.443880912171
-3128.094696859547 2964.29622329738 5424.670332497968
-4054.6272873945454 1120.3790316500942 5504.891019267676
-4620.888450005764 -823.0887536617058 5095.9779811591125
-4776.56339539901 -2693.4214911451822 4234.264936093524
-4507.81972150785 -4324.431909254844 2996.3188696904313
-3838.5364831197035 -5571.197574770367 1492.1367225865579
-2249.7871933696956 -6550.529791142542 -167.61201676278424
-974.354665198153 -6621.516894107527 -1790.3138707262353
387.65355086125635 -6104.153162982772 -3253.93848061263
1715.2170477370446 -5044.408635692066 -4428.436376822759
2890.3759828153575 -3536.4462640974507 -5209.44826707924
3808.7123276144544 -1714.2551224989606 -5527.577817518567
4388.627867846264 260.2551096182877 -5354.557821495654
4578.594562843743 2211.6405331351784 -4705.761864942892
4361.733038101261 3966.5119896584256 -3638.83831579413
3757.3123917733187 5368.941449149329 -2248.5880135081484
2819.0380507424757 6294.3168996718405 -658.540798456008
1630.2798077584396 6660.414671503766 990.0206564976487
296.6640494899776 6434.705371024225 2550.614431487391
-1063.311611464432 5637.244260089761 3884.5749210524336
-2328.807369474056 4338.889258007366 4873.373881705688
-3387.37837290309 2655.0049044491557 5429.152186520369
-4144.96594263457 735.2117138334653 5502.5264941207815
-4534.255098479516 -1249.908263979754 5086.977175278771
-4520.655790573801 -3123.9684074063334 4219.427610581589
-4105.376377104427 -4720.450248525278 2976.9633860311646
-3325.3162563818373 -5897.499369708042 1469.9829004432295
-1653.3413798152287 -6725.266790806607 -190.5928186581109
-375.2936614373372 -6676.4279781246305 -1812.0543228223528
936.1005457083793 -6034.359240564678 -3272.5068483344244
2164.3181113582996 -4856.111203131225 -4442.182779212198
3200.226514860469 -3246.3763746065324 -5217.151275958952
3951.7807485545363 -1348.1867587099925 -5528.55298674548
4352.2019206353625 669.795167118101 -5348.718503004496
4365.910852744184 2628.2628530000657 -4693.626907807018
3991.6894461024804 4353.1978504514 -3621.4859642084684
3262.7889149339753 5691.332115196003 -2227.5601000606307
2243.9752701602583 6523.766545505856 -635.7057455358904
1025.774575109534 6776.53568916957 1012.6338542284166
-283.5706924772697 6427.179898513508 2570.9964921740766
-1567.7194596079419 5506.740968660125 3900.9148091577567
-2712.5694729289457 4097.003937806565 4884.219726465124
-3616.3957846651397 2323.230127673262 5433.540287030827
-4198.889460642338 343.02712536869694 5500.066948395041
-4408.293381518571 -1667.6553423746504 5077.888524748098
-4226.001089970006 -3530.159314563057 4204.517421730534
-3668.210056077288 -5078.993139803541 2957.556494571422
-2784.482461027418 -6176.536135778207 1447.8036938467421
-1043.6699588198526 -6845.744479584497 -213.57032929438876
225.78106132386682 -6677.230799334647 -1833.7634833925065
1475.1704433451036 -5915.415860019187 -3291.0187046527135
2593.4844577962435 -4627.990262166124 -4455.8524716068
3481.3559968531367 -2929.347419918803 -5224.764192272156
4059.893777910454 -970.4192041823238 -5529.432685954111
4277.692180250044 1074.7350164602951 -5342.786819973381
4115.398860031482 3024.394314493497 -4681.410898604238
3587.434290968685 4705.322905348118 -3604.0710748607476
2740.710441957259 5968.162907093059 -2206.493719910508
1650.4624427682443 6700.705443691279 -612.8597149079952
413.56361260413985 6837.86089605602 1035.229565254651
-860.0821594338518 6367.442400347898 2591.3341555142897
-2057.3058571977704 5331.2487043081355 3917.187334173863
-3071.7289012116175 3821.3501650910016 4894.981227898612
-3813.2153522925587 1971.9078939865374 5437.834558253265
-4215.880885302351 -52.74704707388143 5497.512424563205
-4243.946900564494 -2072.715181525177 5068.712186514799
-3894.9196094572685 -3908.5134761372105 4189.534627017495
-3199.8116184765922 -5397.023196165568 2938.098530439809
-2220.3863230522766 -6405.983720768425 1425.5994857995229
-425.7043319709451 -6910.9984397488015 -236.5441518836693
823.9904341295414 -6624.005985168354 -1855.4409775512677
2000.4700341351543 -5748.441529834233 -3309.4737298948176
2999.1990926897256 -4362.10281795418 -4469.445217950981
3731.4361500903733 -2588.172127926 -5232.286884554907
4132.118730417671 -584.2709863252353 -5530.216899953343
4165.644428042974 1471.5451964414644 -5336.762874833783
3829.034337607191 3396.6081307346126 -4669.11404828712
3152.197742834583 5019.867526842741 -3586.593948480629
2195.274545419171 6197.089663865089 -2185.389236843332
1043.291570839615 6823.673188772961 -590.0031010898234
-201.39243821869817 6843.9434056618 1057.8073993814926
-1428.1818453451408 6256.0992168066305 2611.6270703064743
-2528.0710280398307 5112.373158099009 3933.392215098051
-3403.3300056362436 3514.3903090141716 4905.658200170783
-3976.1881769641254 1604.1384583256106 5442.034926031897
-4195.744579554339 -448.64813403086646 5494.8629667381665
-4042.490663529337 -2461.5703708187875 5059.448319040798
-3530.043711871681 -4255.7712777358 4174.479485173422
-2703.936885072543 -5671.8282304813765 2918.589829646888
-1637.573400003148 -6583.918354540445 1403.3706597357404
195.55774264261666 -6920.512008414117 -259.5138897016618
1414.4860824429438 -6517.273387049252 -1877.0864309600493
2507.7311264482687 -5534.946424661898 -3327.871605369493
3378.1532548719083 -4060.8151827309853 -4482.960783517899
3948.411641818778 -2225.8626912205477 -5239.71922290135
4167.83632707096 -193.13253155761586 -5530.905615200946
4016.9304644144245 1856.7583010823412 -5330.64677161043
3509.1027019856765 3741.6680104215475 -4656.73656920428
2689.4757650419315 5294.114096995201 -3569.0548868724845
1630.8771038042134 6376.154913213779 -2164.2470153026725
427.3678549072186 6891.646384098346 -567.1362987816466
-814.1149033712313 6794.784830263766 1080.3669667227934
-1983.259979800764 6094.17682583814 2631.874886121603
-2976.183703631894 4852.0744665823195 3949.529172095757
-3704.6604446282886 3178.8439979925524 4916.250458905935
-4103.9618474848685 1223.1592900540597 5446.141317832526
-4138.608230252496 -841.2084885518917 5492.118620672182
-3805.521109779114 -2830.831201367347 5050.097082299528
-3134.296738447545 -4568.922139043191 4159.352256178554
-2184.5763472702015 -5901.044294280529 2899.0307290793503
-1040.7467607825445 -6708.832767664654 1381.1175995146905
815.0927631753418 -6874.22039708507 -282.47914609461344
1992.4897990743711 -6357.987218617068 -1898.6994698335338
2992.8453724281735 -5276.818974207602 -3346.2120133723533
3727.273500556154 -3726.78220700112 -4496.3989349135045
4130.517021289367 -1845.604485988271 -5247.061078965857
4166.745978205635 199.56329290652758 -5531.498819803818
3832.7412694947866 2226.998997457487 -5324.4386159194655
3158.180679281305 4056.556068060221 -4644.278675096666
2203.0018762660393 5525.670330112726 -3551.454192910249
1052.076688830037 6503.804534329872 -2143.0674203837325
-192.33012937100162 6904.047164195708 -544.259702859672
-1419.6475715505646 6690.834905610817 1102.9078777078478
-2520.823096977111 5883.112603417043 2652.07725330953
-3398.0124277872956 4552.649928795227 3965.597926505341
-3973.273442456639 2817.6643290248367 4926.75782119127
-4195.491675340405 832.3168885043252 5450.153662743777
-4044.922061258218 -1226.9855601222525 5489.279433756094
-3534.9433711851407 -3177.264957194573 5040.658637773159
-2710.8694497388005 -4845.230419622522 4144.153201258005
-1645.9228812285235 -6082.675896323553 2879.4215664942863
-434.7288417074967 -6779.648926252726 1358.840689414134
1427.8922994377374 -6772.511131504152 -305.4395244861593
2553.3323914267994 -6147.5276526806365 -1920.2797209461828
3451.8976953229376 -4976.309363935718 -3364.4946371913634
4043.746740586126 -3362.9241500311173 -4509.759440080605
4276.291142257941 -1450.7283674467315 -5254.312325965328
4128.86830974556 590.3709970018859 -5531.996503518184
3614.577408672151 2579.01330756643 -5318.138514966656
2779.1154425265318 4338.498967940214 -4631.7405810938735
1696.7168733651852 5712.489955823392 -3533.7921705321455
463.5575640859792 6578.901142282397 -2121.8508178271168
-810.7908690511279 6860.748091217474 -521.373708369206
-2013.0969753758961 6532.987464350792 1125.4297430881115
-3036.5305811079706 5624.7422317332675 2672.233823004999
-3790.1551191136314 4216.7139680515165 3981.598200842914
-4207.00774196426 2434.012163563938 4937.180105580021
-4250.0492647919755 435.03769685722904 5454.07189147832
-3915.455259408927 -1602.591778346692 5486.345455018497
-3232.9558715350026 -3497.8239411863456 5031.133148449813
-2263.1941668820455 -5082.259096904038 4128.8825828772115
-1092.337728637591 -6215.113228735136 2859.7626805131836
175.5777104414811 -6795.7272756179445 1336.5403141237412
2029.0036779613608 -6616.220808824873 -328.3946283841848
3092.491585926058 -5887.688950075182 -1941.826811638645
3881.198045305452 -4636.01009041389 -3382.7191611124463
4325.0430260023495 -2972.401389424193 -4523.042068302829
4384.58895370025 -1044.6817808154758 -5261.472838681344
4054.5449114101916 975.8623885291419 -5532.398657749773
3364.236760664057 2909.696902151429 -5311.74657754552
2375.001410023075 4584.992077023011 -4619.122503710439
1174.7367615794885 5852.89058494481 -3516.069124735419
-129.90840337775242 6600.734079406941 -2100.5975740124986
-1423.0106366012676 6762.0733840693865 -498.4787105179209
-2589.6721299834285 6322.572793686994 1147.9321739439504
-3526.2298900276187 5321.283864431801 2692.344247133553
-4149.4666497378485 3847.175511752256 3997.5297188071895
-4404.005087984416 2031.2287318018552 4947.517132094599
-4267.228347505565 34.79836513037788 5457.895936374084
-3751.2896419276876 -1964.7239889930152 5483.316735124917
-2902.0323894010867 -3789.671994645184 5021.520778820752
-1794.9168237168253 -5277.891012871498 4113.540664737391
-528.3150213825861 -6297.1462529609635 2840.054410616244
785.229889073794 -6756.87241390369 1314.2168587383294
2613.570204820363 -6406.628199237291 -351.34406138761415
3605.628680600034 -5580.6642219463965 -1963.3403698242014
4277.311225067566 -4258.833738193971 -3400.885270424648
4568.935896516684 -2558.5871872190596 -4536.246590208618
4454.590563115371 -630.9989364847282 -5268.5424934623215
3944.435309532566 1352.656338849437 -5532.705275553971
3083.799668828537 3216.122162442294 -5305.262914035465
1949.154894517133 4793.821418182523 -4606.42466084207
641.3191541025222 5945.568603578425 -3498.2853615711915
-723.5006075368271 6569.025926848311 -2079.308055952289
-2024.0341651664287 6608.7964688222755 -475.5751046688975
-3144.7234048933515 6061.346442315772 1170.4147816912857
-3985.990169704143 4975.319184628784 2712.4081784175246
-4473.084215706986 3447.212983558891 4013.3922052841526
-4562.725099337498 1612.8067810547893 4957.768722229676
-4246.947834702573 -364.90438163201935 5461.62573139541
-3553.8106175307325 -2310.192188654303 5480.1933263769115
-2544.9017313502554 -4050.209281603237 5011.821694877524
-1309.8671582220181 -5430.3475058310305 4098.127711771028
41.55486017159334 -6327.975523478225 2820.297097136428
1389.2845468784517 -6663.335146001189 1291.8707087513096
3176.870598150833 -6145.443749047689 -374.2874271933439
4088.6236473979357 -5229.026954467313 -1984.8200239951902
4637.0845429444025 -3847.988167775649 -3418.992651425894
4773.520127339905 -2125.0387457592615 -4549.3727777752265
4485.807500173218 -213.2703056031526 -5275.521168225677
3799.511190974164 1717.448137127096 -5532.916351635937
2775.611638576849 3495.5637759765577 -5298.687636399867
1505.0868115209114 4963.083233301571 -4593.647271761971
100.82841629665704 5989.6109652157065 -3480.4411881390033
-1312.389026193764 6483.935477895638 -2057.9826312853093
-2608.994944382495 6402.133869082366 -452.6632863338861
-3673.7802123771016 5751.474570699402 1192.8771780884042
-4412.133986383099 4589.77151677935 2732.4252703822895
-4758.450293367862 3020.247121712936 4029.185386351884
-4681.957409671734 1182.3605157461252 4967.934698955298
-4189.4520636945945 -760.5840107483957 5465.261212134196
-3324.695516750626 -2635.947310119966 5476.975282711176
-2164.5251829574086 -4277.095123323127 5002.036064109124
-812.0272877961237 -5538.204265096228 4082.6439901372705
612.6227954089243 -6307.219653906438 2800.4910812536546
1982.8386547910138 -6515.810897689499 1269.5022500479854
3714.3573088312755 -5834.795571617111 -397.2243296030321
4537.608398906265 -4835.709451387619 -2006.265403229427
4957.673069771965 -3406.949325240942 -3437.040991428187
4937.2267319985085 -1675.466800395724 -4562.420404332617
4478.0861324243415 204.8883023295744 -5282.408742459908
3621.0479282269685 2067.038180255378 -5533.031882350696
2442.263724899531 3745.522644817854 -5292.020858184149
1046.4736719169355 5091.200985432881 -4580.790557116917
-442.300159189551 5984.5037761246695 -3462.536912581588
-1891.7736801497583 6346.057143745522 -2036.6216682704294
-3173.154807716612 6143.735484931511 -429.74365116645237
-4172.587205457317 5395.515966942247 1215.3189752425928
-4801.266918895806 4167.881177458317 2752.39517736189
-5003.332996577562 2569.9118549119453 4044.9089892852717
-4760.830980748198 743.5945861842409 4978.014886719927
-4095.308239716722 -1148.7943247370315 5468.802315811012
-3065.8993896222087 -2939.1078185045817 5473.66265969862
-1764.0719242819002 -4468.268684535774 4992.1640554990645
-305.4989269670124 -5600.404269271811 4067.089767217296
1180.2189906688359 -6234.919357713709 2780.636704988817
2561.069271678031 -6315.434499729819 1247.1118688988897
4221.693416942097 -5477.212041253404 -420.15437252993576
4948.997949512998 -4403.978374903673 -2027.676137196591
5236.562295949896 -2939.431903402966 -3455.029978763184
5058.835102116513 -1213.7040078004609 -4575.389244567336
4431.608209127895 619.8668151474108 -5289.2050972266925
3410.6134789659595 2398.359751328728 -5533.051865703201
2086.5707739671698 3963.747898576078 -5285.262694513805
577.1270989363587 5176.939650413806 -4567.854738923539
-983.5968515154823 5930.1375956867905 -3444.5728440795788
-2456.923905266472 6156.41679160281 -2015.2255357802187
-3711.942488001599 5835.671338594828 -406.8165949551545
-4637.13869108648 4996.400877730821 1237.739785616909
-5150.304771720342 3713.17827253636 2772.317554505279
-5205.843671646639 2100.023482812542 4060.5627425606995
-4798.820515878476 300.2723908396294 4988.009111453472
-3965.4010979975387 -1526.1592207830995 5472.2489812761805
-2779.6383906834208 -3216.984888199832 5470.255514543389
-1346.8926141149177 -4621.967330794354 4982.205839522486
205.53048195857832 -5616.267692878246 4051.4653116098007
1739.6912927544035 -6111.538023865085 2760.7343111978957
3119.272897679468 -6063.77138138864 1224.699951953124
4694.7878033318675 -5075.601132893237 -443.0771600057748
5319.5192186663535 -3937.4075889152086 -2049.05185616465
5471.588007096748 -2449.3581016334497 -3472.959302787347
5137.4821894281185 -743.6723981905717 -4588.2790745265165
4346.888533759563 1028.0918613840904 -5295.9101151629275
3170.0547558603357 2708.505647367961 -5532.97630134837
1711.547701346758 4148.256820501931 -5278.413262092445
100.9621225651281 5219.417170809098 -4554.840040564525
-1518.5943838713702 5826.809400454877 -3426.5492928461686
-3003.2171150591976 5916.464044338358 -1993.7946032945497
-4220.990826172802 5480.414893907571 -383.88251361668915
-5063.710978867815 4557.406829748457 1260.1392220366872
-5456.498189360793 3229.4531689157643 2792.1920577821793
-5364.451590281172 1614.5484218030826 4076.146375860728
-4795.749925897019 -143.81603791583493 4997.917200570302
-3800.9248347950115 -1889.401811539651 5475.601149010834
-2468.3708920375584 -3467.1059427048967 5466.753906081895
-916.4913632553245 -4736.742495716989 4972.161588143204
716.8224451082476 -5585.498691132559 4035.770893126253
2286.4434335004516 -5937.958816283718 2740.78424356619
3652.9038889343988 -5762.805242305015 1202.2668862317337
5129.82830978789 -4633.226676977084 -465.9922961875552
5646.237243522509 -3439.848530609939 -2070.3921910062227
5660.95322006612 -1940.8247467714411 -3490.82865388752
5172.6686603228345 -269.3501670132164 -4601.089671621658
4224.769790227339 1426.0573571078749 -5302.523680482766
2901.4815841732916 2994.7534269003045 -5532.805190591089
1320.3840064232368 4297.352512453694 -5271.472679199734
-378.0354847073124 5218.112968654697 -4541.746686784648
-2042.8648640401989 5675.221188279129 -3408.4665701217027
-3526.176735238296 5628.0611000269955 -1972.3292408942978
-4696.172329138783 5080.823084698126 -360.9418031890835
-5448.892402782461 4082.1316414689636 1282.516897696493
-5717.454474368454 2720.724887755656 2812.018343989008
-5477.9956252711145 1117.5697880607224 4091.6596200788754
-4751.79282508059 -584.8862916776336 5007.738982972233
-3603.372379482312 -2235.372657669209 5478.858761127945
-2134.7764848278257 -3687.2363532555246 5463.157894781792
-476.4963311840594 -4811.4729176849 4962.03147481074
1224.1226125551486 -5508.188998576858 4020.006782786267
2815.972890195157 -5715.478314655962 2720.786846602088
4157.611618847878 -5414.922300514434 1179.813059120873
5523.312617821147 -4153.681724093399 -488.8993853644587
5926.578589813977 -2915.3983563112088 -2091.6967732049607
5803.242045740072 -1418.0690505557782 -3508.637723486135
5164.261978793905 205.26191343505212 -4613.820814632511
4066.4145720415154 1810.3544556400636 -5309.045678979618
2607.24838539679 3254.5890598518213 -5532.538536386189
916.4167379884871 4409.639143566893 -5264.44106568938
-855.8425582187386 5172.873437993414 -4528.574903686961
-2552.0564873249964 5476.475226673025 -3390.3249881683314
-4021.508998016979 5293.468158347062 -1950.8298192548202
-5133.632786133631 4640.113214149564 -337.9948598248297
-5789.610772625888 3574.463848073428 1304.8724261666066
-5931.156434681935 2191.2076828197364 2831.7960707548123
-5545.692819065191 613.2530989909875 4107.102207324074
-4667.470059602434 -1019.1917138999895 5017.474289051416
-3374.522102488984 -2561.0768703618305 5482.021761373311
-1781.7330477230769 -3875.3991077912674 5459.467542740926
-30.62919266029205 -4845.3751275845825 4951.815674457323
1723.1962005844086 -5384.818303713506 4004.173252812997
3323.908049285171 -5445.796742671566 2700.7424656313624
4629.27608107671 -5022.892242557895 1157.3388583653145
5872.076594794945 -3640.859237542451 -511.79803196452906
6158.351773017718 -2368.366125474275 -2112.9652348619124
5897.4303707262425 -885.4332897541275 -3526.386204046641
5112.49639954884 676.1741794206373 -4626.472283710834
3873.2946874506197 2177.7006054123653 -5315.475998028115
2289.93374469863 3485.7287759315213 -5532.1763433383985
503.1021395214349 4484.034647840384 -5257.318542987049
-1328.4322985795975 5083.91436342668 -4515.324918728882
-3041.9296972227053 5232.065977431804 -3372.1248602646265
-4485.138292978975 4915.325568798754 -1929.2967096396562
-5529.8226686988755 4161.8369128269505 -315.04207978401445
-6083.158033077782 3038.5507832300273 1327.2054213997903
-6095.97811071841 1645.2760820826265 2851.524896547182
-5567.143781462396 105.81138086702089 4122.473870925462
-4543.644296215359 -1443.0551258842247 5027.122950693415
-3116.422075795025 -2863.699851957531 5485.090095126552
-1412.2920777472655 -4029.8922790446163 5455.682913686284
417.3262691500246 -4838.011092247598 4941.514363494868
2209.863345627198 -5216.251388642404 3988.27057662831
3806.0443660198 -5131.004858014145 2680.6514467911984
5064.041641940951 -4589.84602870739 1134.844672061578
6173.319876899183 -3098.9203537516914 -534.6878405616743
6339.764526666555 -1803.2373024782644 -2134.197208701874
5942.893276641225 -347.3287035030672 -3544.0737890787427
5017.969879028721 1139.4415750053074 -4639.043860384322
3647.1778366664507 2524.967469217415 -5321.8145265860585
1952.3180381400127 3686.138923152366 -5531.718617702261
83.98621431824724 4519.780757410995 -5250.105234088299
-1791.8081532131193 4951.820236642496 -4501.996960718256
-3508.3925031109275 4943.868757143127 -3353.8665007001505
-4913.240782780422 4496.632842760906 -1907.7302838941246
-5881.526057497856 3649.851367151155 -292.08385942761834
-6327.211931354608 2478.764580461133 1349.515497737904
-6210.697258598289 1087.428682917944 2871.2044806782046
-5542.334879219518 -400.5300252046697 4137.774345436913
-4381.511723686075 -1852.8998828908007 5036.684801279934
-2831.3720235556398 -3140.631454664867 5488.063709402038
-1029.652493860807 -4149.304139257837 5451.804072972868
863.5561784691419 -4789.292942156461 4931.127719811935
2680.0340946881934 -5003.732049678564 3972.2990288481487
4258.379220458272 -4773.567606070314 2660.514137024064
5458.34866490126 -4119.25073220631 1112.3308886513757
6424.628481125962 -2532.260470286384 -557.5684158824317
6469.43778072342 -1224.6368693057034 -2155.3923280797644
5939.409142843537 191.8010917431528 -3561.7001731437604
4881.637937954283 1591.1966840854316 -4651.535327560197
3390.1117795625473 2849.207468195084 -5328.061155196342
1597.3593122961715 3854.0536652145743 -5531.165367382028
-337.3255397635821 4516.450280843807 -5242.801263556408
-2242.0375372866024 4777.540468904469 -4488.591259809412
-3947.534660602028 4614.125220411952 -3335.550224770053
-5302.276005852439 4040.724697330821 -1886.1309144388163
-6185.88685932788 3108.288052463569 -269.12059521047973
-6519.8545190346695 1899.666373637491 1371.8022699185692
-6274.50449281494 522.2510009651623 2890.834483310237
-5471.637207199174 -901.5686650036927 4153.003366641622
-4182.590943839353 -2245.279998618073 5046.159675691823
-2521.9031201213943 -3389.488351106233 5490.9425528498
-637.1331369911023 -4232.525789073973 5447.831087582577
1304.248921373624 -4699.484736549013 4920.6559227706775
3129.7427394721394 -4748.873841832578 3956.2588852777667
4677.145180518747 -4376.30466617973 2640.3308840717955
5808.962746962742 -3614.881615840103 1089.797896914781
6623.994262752514 -1945.4734388777758 -580.4393628126958
6546.4162401096355 -637.2913532223422 -2176.550226986831
5887.160406058546 727.5168658739195 -3579.265051859827
4704.804534551218 2027.6820187821445 -4663.94646952915
3104.4061334544112 3147.6787259855737 -5334.215775988821
1228.1676239382325 3987.990365024627 -5530.516601931525
-757.1989686896811 4473.951559123776 -5235.406757520258
-2675.2851100365706 4562.382523581748 -4475.10804749919
-4355.660429061418 4245.425779133546 -3317.1763487695957
-5649.016204463152 3551.244323465179 -1864.4989742632283
-6440.432099799071 2541.5192252778857 -246.1526836745521
-6659.587339697085 1305.9689906512465 1394.0653530818495
-6287.009019345343 -45.62231994526339 2910.4145654618815
-5355.802357540116 -1393.1598872043985 4168.160671556691
-3948.7091527159187 -2616.909084703961 5055.547410311862
-2190.7558110482432 -3608.1344259111925 5493.7265757564255
-238.14420159537457 -4278.761189339104 5443.764026123053
1735.6275652478307 -4569.201244060026 4910.099153203707
3555.181206242677 -4453.647716636825 3940.1504229069765
5058.841395407099 -3942.368045079352 2620.1020364696337
6113.0013262297925 -3080.7916719193786 1067.246085963571
6769.8310606829045 -1343.3141562927592 -603.3002864047171
6570.175481520638 -45.99008207717081 -2197.6705400571686
5786.730978085075 1255.4204127551081 -3596.7681219072083
4489.110032596018 2445.2812945923793 -4676.277071968892
2792.611960575904 3417.868202464902 -5340.278282682214
847.9780606828984 4086.7625214808554 -5529.772332553979
-1172.0024111922057 4392.530056001308 -5227.921843672145
-3087.845325585012 4308.002018745397 -4461.547556622918
-4729.319632013609 3840.689096768478 -3298.7451899887565
-5950.573134860389 3032.1140939572088 -1842.834836919306
-6643.092101014767 1954.1224476842822 -223.1805214420558
-6745.34318126446 702.4984464095078 1416.3043627768845
-6248.240918407823 -611.5456246924036 2929.9443890137736
-5195.955029996995 -1871.2511833166461 4183.245998437641
-3681.9857350978696 -2964.687862452625 5064.847843027611
-1840.8558495070577 -3794.699014691291 5496.415730045914
163.8421567753005 -4287.534506712304 5439.602958826504
2153.982068418728 -4399.40374227666 4899.457593410953
3952.7312206885367 -4120.366648874404 3923.9739199053283
5400.262857724916 -3475.2168967884386 2599.8279435401914
6367.957441189208 -2521.2788726846748 1044.6758452345182
6860.987400128383 -730.6598588689527 -626.1507918838055
6540.625515344112 544.4540142281828 -2218.752902573863
5639.100350459222 1771.1907588640408 -3614.209081033478
4236.516372651731 2840.5494318322276 -4688.526921947979
2457.499323488252 3657.512822236256 -5346.248570585895
460.1226748747229 4149.490147653935 -5528.932572101835
-1578.1378926165569 4272.7670637149895 -5220.346651265576
-3476.173982804764 4016.3898754355514 -4447.910021350434
-5065.336759682531 3403.138821087001 -3280.2570667066652
-6204.422136598263 2487.503948056128 -1821.1388765149609
-6792.217379019138 1350.8434330092132 -200.20450520860962
-6776.494300159156 94.15455086066007 1438.5189149685357
-6158.649964574616 -1170.9003763223018 2949.4236167144454
-4993.58255284739 -2331.9156666573804 4198.259086782946
-3384.8134173236035 -3285.730016566582 5074.060813234213
-1475.2887556615772 -3947.5928353151694 5499.009969280509
565.3217861390374 -4258.694706920181 5435.347957548455
2555.7010063674197 -4191.392864841437 4888.73142715658
4318.994976670874 -3751.6673730969155 3907.7296556173656
5698.527289699899 -2978.589771331627 2579.5089553873795
6571.720445463969 -1940.8513970575946 1022.0875644826067
6896.755650295366 -112.47043702916727 -648.9904846551758
6458.110788578769 1129.2437342501844 -2239.796950475373
5445.63444234456 2270.619644136902 -3631.587628058811
3949.2895781348934 3210.241034191883 -4700.695807929429
2102.033003736081 3864.618420448176 -5352.126536601734
68.00157233546336 4175.607500449043 -5527.997335076524
-1972.0720971871847 4115.575529683324 -5212.681311113038
-3836.918506578933 3689.8566121994927 -4434.195677181978
-5360.83786862153 2936.2777420527314 -3261.7122981861294
-6408.423260387663 1921.7977088819232 -1799.4114677077382
-6886.592122566064 736.5575156066437 -177.22503173638532
-6752.857053342723 -514.1290452597094 1460.708626043996
-6019.101000504817 -1719.13298423658 2968.85191218614
-4750.521409382361 -2771.384413273215 4213.199677338552
-3059.8371437164587 -3577.386175170332 5083.186161837166
-1097.2729199572548 -4065.5214763029044 5501.5092486614885
962.7888180430937 -4192.417353018838 5430.999095766568
2937.302544431181 -3946.798549798521 4877.920839665806
4650.824049606613 -3350.4893751884615 3891.4179105577355
5951.099428169357 -2456.47451621245 2559.1454228903663
6722.593506569564 -1344.191116410095 999.4816337744661
6876.877563767423 506.25190601356377 -671.8189703107633
6323.406633897952 1703.6367449904346 -2260.8023203618077
5208.073274793705 2749.6459828881916 -3648.9034628811373
3629.979749970908 3551.3371085836948 -4712.783519774392
1729.346594459434 4037.4763473953303 -5357.91207922586
-324.94659508226385 4164.868094567771 -5526.966637628223
-2350.3668536462624 3922.193034315279 -5204.9259555837325
-4166.946702848789 3331.0139107032282 -4420.404760944269
-5613.275051158727 2443.859583211443 -3243.1112046681574
-6560.83927772141 1339.5576070501718 -1777.6529856981572
-6925.4441426896 116.23005895077236 -154.2424978472563
-6674.692903768788 -1117.4250399536209 1482.8731128194331
-5830.865908940746 -2251.79202031914 2988.2289399306765
-4468.940889769763 -3186.0773978527563 4228.067512102331
-2709.930860918654 -3837.265816716799 5092.223731255041
-710.131582739253 -4147.496328201876 5503.913525029963
1352.7660029276742 -4089.2035899383777 5426.556448579314
3295.4643927187035 -3667.567167534461 4867.02601762164
4945.346309309326 -2920.051307441708 3875.038966406425
6155.812504023023 -1913.0760742486455 2538.7376976975665
6819.307743416041 -736.1156364625352 976.8584434814184
6801.546153875743 1120.5033219101745 -694.6358546360185
6137.712199169475 2262.98421085508 -2281.7686495011662
4928.515580660667 3204.389021722865 -3666.1562864813327
3281.398724375767 3861.0698057809755 -4724.789848745773
1342.7151912489237 4174.6775935696905 -5363.605098550424
-715.2744790288834 4117.346956898865 -5525.840497555569
-2709.7088729146617 3694.171974428063 -5197.080718601297
-4463.373742080473 2942.7536004226195 -4406.537510786199
-5820.4482670693205 1929.858654958194 -3224.4541073664323
-6660.350420912585 745.4872989554949 -1755.8638062233492
-6908.451211391361 -505.1238750765032 -131.2573004159544
-6542.705794499234 -1710.8525761083613 1505.0119925466013
-5595.6122555743805 -2764.5645178001255 3007.5543653350496
-4151.324011801812 -3572.632769993787 4242.862334328534
-2338.172411795303 -4063.2569223328187 5101.173365422246
-317.26393210018307 -4192.842865813276 5506.222756867598
1731.8348402519123 -3949.8763206783733 5422.020092704699
3627.0524870156223 -3355.9459307044553 4856.047149161708
5199.99060325029 -2463.825017461311 3858.593106003796
6310.886734603263 -1352.7824390987405 2518.2861322205204
6861.0328847164765 -121.53920443428154 954.2183842727705
6671.403896307812 1725.3189791998204 -717.4407436167742
5902.639920591384 2802.7685957152275 -2302.6955758356307
4609.400484621783 3631.179922753933 -3683.3458009283854
2906.5955875726513 4136.94497848534 -4736.714587511865
945.5269171830582 4275.124318194299 -5369.205496265308
-1099.5559691747414 4033.4401011576424 -5524.618934305351
-3046.9384823495093 3433.367030672785 -5189.145735641501
-4723.587140098257 2528.224232429584 -4392.594166174901
-5980.524351328476 1398.4376162057565 -3205.7413284617064
-6706.065728844359 144.39368083962154 -1734.0443055505557
-6835.743737267689 -1122.4802667303418 -108.2698363631457
-6358.035916467502 -2289.6169166777768 1527.12488291945
-5315.388702708118 -3253.311055760075 3026.8278546775223
-3800.4458765139943 -3927.934230617673 4257.583888532237
-1947.8167562095857 -4253.543211629431 5110.034909791703
77.88443073708204 -4201.206211920986 5508.436904297338
2096.665244222571 -3775.573603593571 5417.390106478961
3929.14814969504 -3014.464711754997 4844.98442387501
5412.508999284414 -1985.5074015165126 3842.0806133458386
6414.944671882865 -780.1290453975572 2497.791079627816
6847.384358863508 494.56719994490214 931.5618471092464
6487.537271261037 2315.813387895478 -740.2332434459611
5620.201630896146 3318.6403294206084 -2323.5827379878133
4253.486411777507 4026.591514063505 -3700.4717093845525
2508.830258854765 4376.762372276046 -4748.557530149851
541.2535276125232 4338.038686606545 -5374.713175659845
-1474.4159548100342 3913.861226462844 -5523.301968972179
-3359.077109279912 3141.9200206508203 -5181.12114372988
-4945.269521523199 2090.8054329150395 -4378.574967891519
-6092.053034821244 853.913607116296 -3186.973191096289
-6697.5309014410595 -458.8521900129165 -1712.1948604706213
-6707.903755837575 -1730.8469564198044 -85.28050264876035
-6122.249924377159 -2849.0483750520084 1549.2114020807292
-4992.607320084553 -3714.099342718007 3046.049075133125
-3419.3496457060774 -4249.136284727003 4272.231920493747
-1542.267749737865 -4406.618820810548 5118.808211337509
471.8514039250751 -4172.553936536905 5510.555929084096
2444.0444896635327 -3567.7393240506003 5412.6665698551815
4199.073496982813 -2645.915415856243 4833.838032798614
5580.996396764605 -1488.990311554529 3825.501773579095
6467.023274894591 -199.76188374482612 2477.252893839041
6778.426754985994 1107.2162640761662 908.8892232361552
6251.46769235966 2887.2200577208214 -763.012960530501
5292.791421580037 3806.453039871883 -2344.42977526699
3863.8274059604128 4387.465965086324 -3717.5337161104426
2091.5453691939333 4578.633285225581 -4760.318472149461
133.42034777888608 4362.9689449713205 -5380.128041624471
-1836.5596570418234 3759.635667382519 -5521.889624298115
-3643.3532767251 2822.242261857395 -5173.007081439391
-5126.418969178843 1634.0802461600695 -4364.48015802711
-6153.97983930193 300.72302954839006 -3168.1500193684296
-6634.732594407348 -1059.354747939962 -1690.315848291484
-6525.960242455241 -2325.304207172107 -62.28969626491646
-5837.327684256186 -3384.640183167548 1571.2711686285786
-4630.022944620336 -4143.236025639782 3065.2176947795183
-3011.3203478339256 -4533.687164942096 4286.806177263002
-1125.048723180834 -4521.300303880878 5127.493118557587
861.1884177219027 -4107.176069420269 5512.579794635419
2770.9051884469304 -3328.111217146358 5407.849564401919
4434.414873261312 -2253.3290780534744 4822.60816841438
5703.907336477265 -978.3287618037692 3808.856872995872
6466.582601662165 383.60035825726374 2456.6719295185994
6654.67362455905 1711.444903084694 886.20090417641
5965.138898074986 3434.930166678491 -785.7795014979483
4923.165404605216 4262.2970639553905 -2365.2363276753476
3443.747059980716 4710.940162317294 -3734.531526470173
1658.336676441911 4740.995553636912 -4771.997210416431
-274.4241982894458 4349.792684499581 -5385.450000652377
-2182.801278711965 3572.0916465936953 -5520.381924672289
-3897.2268864553284 2476.9945900219504 -5164.803688888015
-5265.366782638661 1161.8056940150113 -4350.309979978352
-6165.655733502961 -256.6147364054093 -3149.2721383267603
-6518.0991149110305 -1652.2338213610426 -1668.407646831641
-6291.380785752418 -2901.044680580024 -39.29781422919255
-5505.645664509881 -3892.084988904582 1593.3038016231365
-4230.709764847597 -4537.296465831323 3084.333382602686
-2579.856736414585 -4779.349240171376 4301.306407163891
-699.7721154363553 -4596.735860693518 5136.089481476302
1242.4903288977537 -4005.682327549977 5514.5084660021075
3074.352054930308 -3058.706340956258 5402.939173301819
4633.044109310528 -1839.950873056883 4811.295024645629
5780.069862799292 -457.70769559502537 3792.1461990292537
6413.511043559571 965.2048192376292 2436.048542069605
6477.083622869931 2302.3546501494357 863.4972817241219
5630.900910277483 3954.529924867328 -808.5324732035062
4514.418544281818 4682.530965185101 -2386.0020359141945
2996.81027942723 4994.468580297501 -3751.4648469364483
1212.9222699602337 4862.625744186109 -4783.593543276077
-678.7392060144286 4298.7172714221815 -5390.678960841121
-2510.0917249367362 3352.8489044823846 -5518.778896130462
-4118.411578742354 2109.0651986442385 -5156.511107736334
-5360.7924904252 677.8817944263475 -4336.064678443538
-6126.843463883366 -813.5343820615201 -3130.339873964649
-6348.497508365833 -2232.6644585664344 -1646.470634413693
-6006.0596893075535 -3453.41250004111 -16.305253577724848
-5129.957109695483 -4367.30968583599 1615.308920593044
-3798.035328440988 -4893.152240421469 3103.395808502691
-2128.6414408509954 -4984.216745200575 4315.732359798687
-270.1084198523113 -4632.411719293694 5144.597151647045
1612.4249196015382 -3868.9965831235754 5516.341909878832
3351.6872289385897 -2761.8041217310733 5397.93548135014
4793.137419347306 -1409.213244145002 4799.898796853796
5808.696315709884 68.5924144137834 3775.3700402480886
6308.127053377745 1540.3033359390993 2415.383087627768
6247.053019593369 2875.151546556338 840.7787479376599
5251.490692569695 4441.836329278946 -831.2714827366362
4069.9587538600467 5063.810802657028 -2406.7265413900923
2526.793119150099 5235.843464051349 -3768.3333850955974
759.1108271546992 4942.648456544109 -4795.107270476668
-1076.0217931363488 4210.277443217447 -5395.814831894211
-2815.545155063368 3103.8048025626945 -5517.080566354593
-4304.8949741466395 1721.5454843771959 -5148.1294811850885
-5411.735983056557 186.31929502684437 -4321.7444994181615
-6037.720500859686 -1365.462181335369 -3111.3535532145947
-6127.227056061433 -2795.9163506538644 -1624.5051898577258
-5672.302598439081 -3977.9410825399327 6.68758864158013
-4713.369162455452 -4806.508292335444 1637.2861455421175
-3335.63219210778 -5207.996147342722 3122.4046432993227
-1661.5096633105509 -5146.730689743946 4330.083786052302
160.24529048685173 -4628.155624305808 5153.015982154807
1967.761746999638 -3698.3486213216697 5518.080094604698
3600.4339369113177 -2439.927113397496 5392.838574953324
4913.1917712843415 -964.7073740041749 4788.419681835058
5789.390955591789 596.230849117985 3758.528686352096
6151.177347171168 2104.19134478004 2394.6759230552716
5966.404637457215 3425.1852053667535 818.0456951328019
4830.009667969361 4892.931018606353 -853.9961374279543
3593.4784735526086 5403.116914761039 -2427.40948622121
2037.6509470401425 5433.212161851173 -3785.136849652661
300.769191799274 4980.542665101972 -4806.538193192988
-1462.8372260367842 4085.3300958069935 -5400.85752512267
-3096.464136784089 2827.1180193237064 -5515.286964672348
-4454.956620369047 1317.7041002204587 -5139.6589539727
-5417.606657979126 -308.79361083661485 -4307.349690190742
-5898.878569252514 -1907.8536544523806 -3092.313503942582
-5856.009232845599 -3337.3925283922085 -1602.5116924748147
-5292.807777427117 -4470.389430278501 29.680315376061706
-4259.317123879886 -5206.172613303659 1659.2350969558443
-2847.3674521705616 -5479.364512724592 3141.3595587378504
-1182.4166868696684 -5265.690829394832 4344.3604380966
587.5969900097565 -4584.137407769756 5161.345827618707
2305.400095699907 -3495.2632603086686 5519.722990163803
3818.3582858054638 -2095.8196334589556 5387.648542127473
4992.038585627827 -510.15323482348026 4776.857877816924
5722.154349916674 1120.842517496676 3741.622428166818
5943.831588954664 2652.246493400868 2373.9274059345266
5637.373307238736 3947.9867291743785 795.2985158761115
4369.89828111464 5304.191952775086 -876.70604485592
3088.923967086684 5697.778001855279 -2448.0505132433623
1533.485203063516 5585.09147118371 -3801.874950436402
-158.21045084081646 4976.1450535272415 -4817.8861140297495
-1835.8484118927818 3925.0463104120145 -5405.806953446575
-3350.3631850600495 2525.189977834636 -5513.39812205661
-4567.183486408074 900.9594341129323 -5131.099672372762
-5378.189492234111 -803.325309125034 -4292.880499338567
-5711.319759879302 -2436.2310733121653 -3073.2200549423824
-5536.97420314528 -3852.667015411566 -1580.490522060476
-4870.64418985073 -4926.7765860409245 52.67252957491585
-3771.536065817984 -5563.1204361976115 1681.1553958079758
-2337.310411223863 -5705.156622246221 3160.2602274945953
-695.4044694747413 -5340.264605740793 4358.562069394706
1008.2912111194588 -4500.866643650083 5169.5865441945025
2622.3957927926062 -3261.5469285431236 5521.270568185742
4003.489000081761 -1732.424455772144 5382.365472496875
5028.854640691535 -49.368467486324086 4765.213584454828
5607.38447771077 1638.0741257856066 3724.651557638593
5687.673596283935 3179.966644411588 2353.137894562034
5262.587955882798 4439.305171627853 772.537602978047
3874.907814236257 5672.322659834199 -899.4008128536711
2560.4625922835007 5945.492314617361 -2468.6492660161966
1018.5090326013419 5690.378885883493 -3818.5473984043156
-613.9435242807165 4929.650321322442 -4829.15083702496
-2191.844504783624 3730.9006922978033 -5410.663031396538
-3574.9904822853573 2200.6441639744685 -5511.414071124921
-4640.482866848709 474.85074431415285 -5122.451784191574
-5293.647984268913 -1293.1352478266604 -4278.337176723397
-5476.449247495267 -2946.220498367464 -3054.073535929916
-5172.643962079992 -4337.52112835265 -1558.4420588880798
-4409.226560859759 -5343.413971185752 75.66383419630232
-3254.0300301350967 -5874.521033493003 1703.0466635670427
-1809.69865115734 -5883.651122063471 3179.106323182684
-204.56760529253975 -5369.992988460932 4372.688434705228
1418.7401700326564 -4379.187412007562 5177.737989577087
2915.9866552117555 -2999.2718162499073 5522.722801946111
4154.134929478649 -1352.8577575308477 5376.989457292398
5023.1700851404785 413.7636498632913 4753.487002828679
5445.874534918741 2143.6203411952074 3707.6163678295093
5384.689133442714 3683.0069580890195 2332.307747942239
4845.050472141246 4895.142244146791 749.7633494863334
3349.06968848963 5994.37881286998 -922.0800495157814
2012.4483174363968 6144.3457788547 -2489.2053888294163
497.0120818949743 5748.360658370853 -3835.153905647619
-1062.585858224441 4841.608467125492 -4840.332167653345
-2527.7683817593384 3504.658116527265 -5415.425675115199
-3768.3475916461152 1856.303512336742 -5509.334846138939
-4674.092580894107 43.00819482131096 -5113.715438765482
-5164.523932412218 -1774.1085895423657 -4263.71997348712
-5196.064668395516 -3433.5880401778486 -3034.874277537539
-4765.912256037655 -4787.978125390626 -1536.3666837023263
-3912.2876248693983 -5716.935342466523 98.65383221397981
-2711.039069440044 -6137.917766006742 1724.9085222028525
-1268.90279549194 -6013.519260228804 3197.8975203576356
285.98106032381816 -5354.793178284932 4386.73929008652
1815.4542439225936 -4220.270223327634 5185.800023002924
3183.6163509591174 -2710.7577386768553 5524.079666366956
4268.900174142695 -960.382532980225 5371.520589349958
4974.8734830938365 875.3268753410158 4741.678335439373
5238.807451199402 2633.259649479485 3690.5171529123613
5037.250387138073 4157.215747892067 2311.437325781318
4388.111520570297 5311.784983463627 726.9761486789657
2796.662502679695 6267.791921565753 -944.7433632050473
1449.385769271705 6292.826912984856 -2509.7185267088653
-26.67525026079199 5758.716617569191 -3851.694185396282
-1500.3660567451805 4712.919078970889 -4851.429912829687
-2840.7427548397804 3248.357997901293 -5420.094802358679
-3928.706992772603 1495.1660535339188 -5507.160483003834
-4667.588373550934 -390.87795611812805 -5104.890786958387
-4991.734043965065 -2242.1907440294262 -4249.029142047452
-4872.342238708856 -3894.2750446416785 -3015.622611308348
-4320.021443621628 -5200.3359177929815 -1514.2647777126297
-3383.847785166768 -6044.324123350088 121.64212662438072
-2147.004401228422 -6351.247605468012 1746.7405941931345
-719.3902542673171 -6093.834865849064 3216.6334945229746
772.144873777576 -5294.958156045592 4400.714392900866
2195.071541285356 -4025.601177536338 5193.772505252491
3422.9564694371497 -2398.5518683431806 5525.341138017215
4346.696693882404 -558.3806997762213 5365.958963108901
4884.213841911946 1331.4050443791796 4729.7877862053165
4987.747156068206 3102.8896075667194 3673.354208165548
4648.0972470399365 4598.668812315153 2290.526988480874
3895.4434997733665 5685.836112163726 704.1763940575257
2222.1770797763293 6490.389946744642 -967.3903625591782
875.8931099183836 6389.838420973713 -2530.1883254226773
-548.2178065494577 5721.521710155209 -3868.1679520238354
-1923.6171650911124 4544.822686904977 -4862.443880912171
-3128.094696859557 2964.2962232973655 -5424.670332497972
-4054.6272873945422 1120.379031650102 -5504.891019267677
-4620.888450005764 -823.0887536617066 -5095.977981159113
-4776.563395399011 -2693.421491145153 -4234.264936093543
-4507.819721507852 -4324.431909254838 -2996.3188696904394
-3838.536483119701 -5571.197574770368 -1492.1367225865572
-2828.1824330664617 -6322.937886969687 144.6283204532949
-1566.5319625610978 -6512.857420155859 1768.5425025299223
-165.68825256987571 -6124.0809903571535 3235.313922135849
1249.8775857730845 -5191.153089478452 4414.613501818697
2554.3863156226644 -3796.9684555994854 5201.655298652699
3631.9266115894675 -2065.4065117188807 5526.507195113118
4386.754289669133 -150.32413538486077 5360.304674610373
4751.799598157573 1778.11520006469 4717.8155604588865
4694.626659420644 3548.561196858482 3656.1278299680407
4220.315539964423 5003.701958707083 2269.5770971318148
3371.0108642326823 6014.241843140159 681.3644793404195
1630.279807758443 6660.414671503767 -990.0206564976423
296.6640494899816 6434.705371024228 -2550.6144314873845
-1063.311611464436 5637.244260089758 -3884.574921052435
-2328.8073694740597 4338.889258007363 -4873.37388170569
-3387.3783729031015 2655.0049044491348 -5429.152186520372
-4144.965942634563 735.2117138334853 -5502.526494120783
-4534.255098479518 -1249.908263979778 -5086.977175278764
-4520.655790573802 -3123.9684074063202 -4219.427610581598
-4105.376377104423 -4720.450248525282 -2976.96338603116
-3325.316256381831 -5897.499369708048 -1469.9829004432215
-2249.7871933696747 -6550.52979114255 167.61201676281055
-974.3546651981519 -6621.516894107528 1790.3138707262347
387.65355086124134 -6104.153162982783 3253.9384806126136
1715.2170477370332 -5044.408635692079 4428.436376822749
2890.3759828153607 -3536.4462640974452 5209.448267079241
3808.712327614453 -1714.2551224989645 5527.577817518566
4388.62786784626 260.2551096182673 5354.557821495659
4578.594562843743 2211.640533135212 4705.761864942878
4361.733038101266 3966.511989658399 3638.838315794151
3757.3123917733205 5368.941449149327 2248.588013508154
2819.0380507424757 6294.316899671841 658.5407984560112
1025.774575109512 6776.535689169571 -1012.633854228444
-283.57069247725326 6427.179898513517 -2570.9964921740575
-1567.7194596079553 5506.740968660112 -3900.914809157769
-2712.5694729289476 4097.003937806561 -4884.219726465125
-3616.395784665139 2323.2301276732637 -5433.540287030827
-4198.889460642341 343.02712536868364 -5500.06694839504
-4408.293381518571 -1667.6553423746502 -5077.888524748098
-4226.001089970005 -3530.1593145630604 -4204.517421730531
-3668.2100560772847 -5078.993139803544 -2957.5564945714173
-2784.482461027396 -6176.536135778224 -1447.8036938467083
-1653.3413798152303 -6725.266790806607 190.59281865810777
-375.2936614373368 -6676.4279781246305 1812.0543228223526
936.100545708379 -6034.359240564679 3272.5068483344235
2164.3181113583028 -4856.111203131221 4442.182779212199
3200.2265148604715 -3246.3763746065274 5217.151275958954
3951.780748554535 -1348.1867587099975 5528.55298674548
4352.201920635361 669.7951671180796 5348.7185030045
4365.910852744183 2628.2628530000707 4693.626907807015
3991.689446102486 4353.1978504513845 3621.485964208481
3262.788914933967 5691.332115196013 2227.5601000606175
2243.9752701602597 6523.766545505855 635.7057455358936
413.5636126041295 6837.860896056018 -1035.2295652546638
-860.0821594338769 6367.4424003478825 -2591.3341555143184
-2057.3058571977826 5331.248704308121 -3917.1873341738756
-3071.7289012116194 3821.350165090998 -4894.981227898614
-3813.2153522925514 1971.9078939865624 -5437.834558253261
-4215.880885302349 -52.747047073864444 -5497.512424563206
-4243.946900564494 -2072.715181525169 -5068.712186514801
-3894.9196094572662 -3908.513476137214 -4189.534627017492
-3199.8116184765886 -5397.023196165574 -2938.098530439804
-2220.3863230522707 -6405.9837207684295 -1425.599485799515
-1043.669958819862 -6845.744479584496 213.57032929437577
225.78106132386674 -6677.230799334647 1833.7634833925058
1475.1704433450896 -5915.4158600191995 3291.0187046526976
2593.4844577962454 -4627.9902621661195 4455.852471606801
3481.355996853138 -2929.3474199188004 5224.764192272157
4059.8937779104494 -970.4192041823454 5529.43268595411
4277.692180250044 1074.7350164603142 5342.7868199733775
4115.398860031479 3024.3943144935133 4681.410898604231
3587.4342909686925 4705.322905348102 3604.071074860761
2740.7104419572383 5968.162907093081 2206.493719910477
1650.462442768253 6700.705443691274 612.8597149080082
-201.39243821869422 6843.943405661801 -1057.8073993814883
-1428.1818453451374 6256.099216806632 -2611.6270703064706
-2528.0710280398416 5112.373158098995 -3933.3922150980643
-3403.3300056362355 3514.39030901419 -4905.658200170776
-3976.1881769641295 1604.1384583255895 -5442.0349260319
-4195.744579554339 -448.6481340308714 -5494.862966738166
-4042.4906635293387 -2461.57037081878 -5059.448319040801
-3530.043711871674 -4255.771277735817 -4174.4794851734105
-2703.9368850725405 -5671.82823048138 -2918.589829646883
-1637.5734000031446 -6583.918354540448 -1403.3706597357348
-425.7043319709556 -6910.998439748801 236.54415188365635
823.9904341295398 -6624.005985168354 1855.4409775512668
2000.4700341351531 -5748.441529834234 3309.4737298948166
2999.1990926897156 -4362.102817954198 4469.44521795097
3731.436150090382 -2588.1721279259723 5232.286884554916
4132.1187304176665 -584.2709863252701 5530.216899953341
4165.644428042975 1471.5451964414585 5336.762874833783
3829.0343376071874 3396.608130734627 4669.114048287112
3152.1977428345867 5019.867526842736 3586.593948480633
2195.274545419175 6197.089663865087 2185.389236843337
1043.2915708396251 6823.673188772958 590.0031010898363
-814.1149033712293 6794.784830263767 -1080.3669667227919
-1983.2599798007573 6094.176825838145 -2631.874886121595
-2976.183703631895 4852.074466582318 -3949.5291720957593
-3704.6604446282827 3178.843997992571 -4916.250458905928
-4103.961847484869 1223.1592900540563 -5446.141317832526
-4138.608230252496 -841.2084885518966 -5492.118620672182
-3805.52110977911 -2830.8312013673617 -5050.097082299522
-3134.296738447537 -4568.922139043208 -4159.352256178543
-2184.5763472702115 -5901.04429428052 -2899.0307290793626
-1040.746760782541 -6708.832767664656 -1381.117599514685
195.55774264260606 -6920.512008414117 259.51388970164885
1414.4860824429356 -6517.273387049257 1877.0864309600395
2507.7311264482946 -5534.946424661866 3327.8716053695275
3378.153254871906 -4060.8151827309885 4482.960783517896
3948.4116418187787 -2225.8626912205464 5239.719222901351
4167.83632707096 -193.13253155764488 5530.905615200945
4016.9304644144254 1856.7583010823369 5330.646771610431
3509.102701985663 3741.6680104215825 4656.736569204261
2689.4757650419356 5294.114096995196 3569.054886872489
1630.877103804218 6376.154913213777 2164.2470153026775
427.3678549072292 6891.646384098345 567.1362987816594
-1419.647571550575 6690.834905610812 -1102.907877707865
-2520.8230969771184 5883.112603417035 -2652.0772533095433
-3398.0124277873 4552.649928795216 -3965.5979265053506
-3973.2734424566347 2817.664329024851 -4926.757821191265
-4195.491675340404 832.316888504347 -5450.153662743774
-4044.922061258214 -1226.9855601222744 -5489.279433756091
-3534.943371185142 -3177.264957194571 -5040.658637773159
-2710.8694497388024 -4845.230419622521 -4144.153201258005
-1645.9228812285255 -6082.675896323553 -2879.4215664942863
-434.72884170748557 -6779.648926252728 -1358.8406894141167
815.0927631753298 -6874.220397085071 282.47914609460054
1992.4897990743616 -6357.987218617073 1898.6994698335236
2992.8453724281844 -5276.818974207582 3346.2120133723724
3727.2735005561517 -3726.782207001124 4496.398934913503
4130.517021289366 -1845.6044859882704 5247.061078965858
4166.745978205634 199.56329290653605 5531.498819803818
3832.7412694947884 2226.9989974574814 5324.438615919467
3158.180679281299 4056.556068060235 4644.278675096658
2203.0018762660447 5525.670330112722 3551.4541929102534
1052.076688830043 6503.804534329869 2143.067420383737
-192.3301293710006 6904.047164195708 544.2597028596701
-2013.096975375906 6532.9874643507865 -1125.4297430881288
-3036.530581107977 5624.7422317332575 -2672.2338230050123
-3790.1551191136314 4216.713968051515 -3981.598200842916
-4207.007741964259 2434.012163563942 -4937.180105580019
-4250.049264791976 435.03769685722665 -5454.071891478321
-3915.4552594089273 -1602.591778346696 -5486.345455018497
-3232.955871535 -3497.8239411863537 -5031.13314844981
-2263.1941668820264 -5082.259096904064 -4128.88258287719
-1092.3377286375926 -6215.113228735136 -2859.7626805131827
175.57771044150016 -6795.72727561795 -1336.540314123714
1427.8922994377508 -6772.511131504149 305.4395244861807
2553.3323914267908 -6147.527652680644 1920.279720946173
3451.8976953229358 -4976.309363935719 3364.4946371913625
4043.7467405861207 -3362.9241500311396 4509.759440080594
4276.291142257941 -1450.7283674467303 5254.312325965328
4128.868309745562 590.3709970018701 5531.996503518184
3614.577408672155 2579.013307566419 5318.138514966658
2779.115442526526 4338.498967940227 4631.740581093866
1696.7168733651895 5712.489955823389 3533.7921705321473
463.55756408597836 6578.901142282398 2121.850817827113
-810.790869051125 6860.748091217475 521.3737083692068
-2589.6721299834253 6322.572793686995 -1147.932173943951
-3526.2298900276114 5321.283864431809 -2692.3442471335447
-4149.4666497378485 3847.1755117522484 -3997.529718807196
-4404.005087984415 2031.228731801854 -4947.517132094601
-4267.228347505564 34.798365130376375 -5457.895936374085
-3751.2896419276767 -1964.723988993047 -5483.316735124913
-2902.0323894010844 -3789.6719946451904 -5021.520778820749
-1794.9168237168153 -5277.8910128715115 -4113.540664737379
-528.31502138259 -6297.146252960962 -2840.054410616244
785.2298890737867 -6756.872413903689 -1314.2168587383337
2029.003677961346 -6616.220808824876 328.3946283841694
3092.4915859260514 -5887.688950075187 1941.8268116386398
3881.1980453054425 -4636.01009041391 3382.7191611124317
4325.043026002346 -2972.401389424214 4523.042068302819
4384.58895370025 -1044.6817808154926 5261.47283868134
4054.544911410192 975.8623885291416 5532.398657749773
3364.2367606640605 2909.6969021514237 5311.746577545522
2375.001410023055 4584.99207702304 4619.12250371042
1174.7367615795222 5852.890584944786 3516.0691247354493
-129.90840337775208 6600.734079406943 2100.5975740124945
-1423.0106366012485 6762.073384069389 498.47871051794124
-3144.7234048933533 6061.346442315771 -1170.4147816912862
-3985.990169704153 4975.319184628766 -2712.4081784175423
-4473.08421570699 3447.2129835588653 -4013.392205284169
-4562.725099337498 1612.8067810548016 -4957.768722229671
-4246.947834702571 -364.9043816320304 -5461.625731395411
-3553.8106175307303 -2310.192188654306 -5480.193326376911
-2544.9017313502554 -4050.2092816032364 -5011.821694877526
-1309.867158222016 -5430.347505831031 -4098.127711771028
41.554860171579854 -6327.975523478219 -2820.297097136445
1389.2845468784506 -6663.335146001188 -1291.8707087513137
2613.570204820355 -6406.628199237296 351.3440613875988
3605.6286806000376 -5580.664221946394 1963.340369824205
4277.311225067562 -4258.833738193986 3400.885270424634
4568.935896516685 -2558.5871872190564 4536.246590208619
4454.590563115374 -630.9989364847406 5268.542493462319
3944.435309532565 1352.6563388494387 5532.705275553971
3083.799668828538 3216.122162442292 5305.262914035466
1949.1548945171346 4793.821418182519 4606.424660842072
641.3191541025448 5945.568603578409 3498.2853615712147
-723.5006075368306 6569.025926848311 2079.3080559522873
-2024.0341651664305 6608.796468822275 475.5751046688981
-3673.780212377101 5751.474570699403 -1192.8771780884003
-4412.133986383097 4589.771516779358 -2732.4252703822817
-4758.450293367864 3020.2471217129364 -4029.185386351883
-4681.957409671733 1182.36051574612 -4967.9346989553
-4189.452063694594 -760.5840107483992 -5465.261212134196
-3324.695516750616 -2635.9473101199824 -5476.975282711174
-2164.525182957408 -4277.095123323125 -5002.036064109124
-812.0272877961127 -5538.204265096236 -4082.6439901372632
612.6227954089214 -6307.219653906436 -2800.49108125366
1982.8386547910163 -6515.810897689498 -1269.502250047985
3176.8705981508247 -6145.443749047694 374.2874271933285
4088.623647397937 -5229.026954467312 1984.8200239951896
4637.0845429444 -3847.9881677756657 3418.9926514258796
4773.520127339904 -2125.038745759241 4549.372777775237
4485.807500173222 -213.27030560317107 5275.521168225672
3799.5111909741695 1717.448137127084 5532.916351635937
2775.6116385768505 3495.563775976556 5298.687636399868
1505.0868115209003 4963.083233301581 4593.6472717619645
100.82841629666189 5989.610965215703 3480.4411881390092
-1312.3890261937674 6483.935477895638 2057.982631285308
-2608.994944382496 6402.133869082366 452.66328633388673
-4172.58720545732 5395.515966942246 -1215.3189752425938
-4801.26691889581 4167.881177458311 -2752.395177361895
-5003.332996577562 2569.9118549119275 -4044.908989285282
-4760.830980748197 743.594586184236 -4978.014886719928
-4095.3082397167127 -1148.7943247370513 -5468.802315811014
-3065.8993896221996 -2939.107818504595 -5473.662659698618
-1764.0719242818975 -4468.268684535776 -4992.164055499064
-305.498926966997 -5600.404269271819 -4067.0897672172855
1180.2189906688425 -6234.919357713709 -2780.636704988812
2561.069271678057 -6315.434499729815 -1247.1118688988602
3714.357308831266 -5834.79557161712 397.2243296030118
4537.608398906265 -4835.709451387622 2006.265403229422
4957.673069771969 -3406.9493252409266 3437.040991428198
4937.226731998512 -1675.4668003957402 4562.420404332608
4478.086132424348 204.8883023295563 5282.408742459904
3621.047928226969 2067.038180255377 5533.031882350696
2442.2637248995325 3745.5226448178523 5292.02085818415
1046.473671916922 5091.200985432891 4580.790557116909
-442.30015918953745 5984.503776124662 3462.536912581602
-1891.7736801497624 6346.057143745521 2036.6216682704276
-3173.154807716612 6143.735484931512 429.74365116645555
-4637.138691086463 4996.400877730847 -1237.7397856168714
-5150.3047717203435 3713.1782725363473 -2772.3175545052927
-5205.843671646637 2100.023482812517 -4060.5627425607163
-4798.820515878472 300.2723908396208 -4988.009111453475
-3965.4010979975315 -1526.1592207831109 -5472.248981276182
-2779.638390683412 -3216.9848881998423 -5470.255514543387
-1346.892614114918 -4621.967330794354 -4982.205839522486
205.530481958569 -5616.267692878241 -4051.4653116098075
1739.6912927543706 -6111.5380238650805 -2760.7343111979267
3119.272897679479 -6063.7713813886385 -1224.699951953109
4221.693416942096 -5477.212041253407 420.1543725299327
4948.9979495129965 -4403.978374903679 2027.676137196586
5236.562295949897 -2939.4319034029436 3455.0299787632025
5058.835102116513 -1213.7040078004627 4575.389244567336
4431.608209127903 619.8668151473917 5289.205097226687
3410.61347896597 2398.3597513287127 5533.051865703201
2086.570773967174 3963.747898576075 5285.262694513807
577.1270989363785 5176.939650413794 4567.854738923551
-983.5968515154536 5930.137595686782 3444.5728440796024
-2456.9239052664766 6156.416791602809 2015.2255357802123
-3711.9424880016163 5835.671338594819 406.8165949551283
-5063.710978867809 4557.406829748468 -1260.1392220366736
-5456.498189360794 3229.4531689157507 -2792.192057782193
-5364.451590281162 1614.548421803035 -4076.1463758607592
-4795.749925897012 -143.8160379158506 -4997.9172005703085
-3800.9248347950033 -1889.4018115396618 -5475.601149010835
-2468.370892037549 -3467.1059427049067 -5466.753906081894
-916.4913632553246 -4736.742495716989 -4972.161588143204
716.8224451082632 -5585.498691132564 -4035.770893126242
2286.4434335004444 -5937.958816283717 -2740.7842435661964
3652.9038889344106 -5762.805242305011 -1202.2668862317162
4694.7878033318675 -5075.601132893237 443.0771600057766
5319.519218666353 -3937.407588915211 2049.051856164649
5471.588007096747 -2449.3581016334283 3472.9593027873657
5137.482189428123 -743.6723981905847 4588.27907452651
4346.88853375956 1028.0918613840925 5295.9101151629275
3170.0547558603475 2708.5056473679465 5532.97630134837
1711.547701346761 4148.256820501928 5278.413262092445
100.96212256514877 5219.417170809088 4554.840040564537
-1518.5943838713595 5826.809400454875 3426.549292846177
-3003.2171150591835 5916.4640443383605 1993.794603294564
-4220.990826172815 5480.414893907563 383.8825136166678
-5448.892402782461 4082.131641468964 -1282.5168976964937
-5717.454474368453 2720.7248877556517 -2812.0183439890125
-5477.995625271105 1117.569788060695 -4091.659620078894
-4751.792825080597 -584.8862916776176 -5007.738982972227
-3603.372379482306 -2235.372657669216 -5478.858761127946
-2134.776484827815 -3687.2363532555332 -5463.157894781789
-476.49633118406405 -4811.472917684898 -4962.031474810742
1224.1226125551193 -5508.18899857685 -4020.0067827862867
2815.97289019515 -5715.478314655963 -2720.786846602094
4157.61161884788 -5414.922300514434 -1179.8130591208699
5129.828309787889 -4633.226676977086 465.9922961875545
5646.237243522508 -3439.8485306099356 2070.3921910062263
5660.953220066119 -1940.824746771436 3490.828653887525
5172.668660322838 -269.3501670132284 4601.089671621651
4224.769790227338 1426.0573571078774 5302.523680482768
2901.481584173287 2994.753426900309 5532.805190591089
1320.3840064232406 4297.352512453692 5271.472679199734
-378.03548470728214 5218.112968654685 4541.746686784664
-2042.864864040188 5675.221188279128 3408.466570121711
-3526.176735238308 5628.061100026994 1972.3292408942825
-4696.172329138787 5080.823084698123 360.9418031890768
-5789.610772625885 3574.463848073436 -1304.8724261665977
-5931.156434681935 2191.207682819741 -2831.7960707548086
-5545.692819065177 613.2530989909535 -4107.102207324098
-4667.47005960242 -1019.1917139000087 -5017.474289051424
-3374.522102488973 -2561.0768703618414 -5482.021761373313
-1781.7330477230855 -3875.399107791262 -5459.4675427409275
-30.62919266029719 -4845.375127584581 -4951.815674457324
1723.196200584378 -5384.818303713501 -4004.1732528130165
3323.9080492851663 -5445.796742671567 -2700.742465631366
4629.27608107672 -5022.892242557889 -1157.3388583652995
5523.312617821146 -4153.681724093402 488.8993853644556
5926.578589813976 -2915.39835631121 2091.69677320496
5803.24204574007 -1418.0690505557727 3508.63772348614
5164.261978793922 205.2619134350182 4613.820814632492
4066.4145720415077 1810.3544556400714 5309.045678979621
2607.248385396785 3254.589059851825 5532.538536386189
916.4167379884843 4409.639143566896 5264.441065689379
-855.8425582187074 5172.873437993404 4528.574903686977
-2552.0564873249864 5476.475226673026 3390.3249881683405
-4021.508998016992 5293.468158347058 1950.8298192548048
-5133.632786133645 4640.113214149551 337.99485982480337
-6083.158033077779 3038.5507832300386 -1327.2054213997815
-6095.978110718408 1645.27608208263 -2851.524896547182
-5567.1437814623805 105.81138086699357 -4122.473870925483
-4543.644296215359 -1443.0551258842224 -5027.122950693415
-3116.422075795 -2863.6998519575504 -5485.090095126555
-1412.292077747277 -4029.892279044611 -5455.682913686285
417.3262691500056 -4838.011092247592 -4941.5143634948745
2209.863345627166 -5216.251388642403 -3988.2705766283298
3806.0443660197843 -5131.00485801415 -2680.6514467912107
5064.041641940946 -4589.846028707396 -1134.844672061582
5872.076594794952 -3640.8592375424373 511.7980319645552
6158.351773017716 -2368.3661254742806 2112.9652348619115
5897.430370726243 -885.4332897541339 3526.3862040466393
5112.496399548846 676.1741794206242 4626.472283710828
3873.2946874506138 2177.7006054123704 5315.475998028118
2289.9337446986265 3485.728775931523 5532.1763433383985
503.102139521459 4484.034647840375 5257.3185429870555
-1328.4322985795643 5083.914363426675 4515.324918728898
-3041.929697222687 5232.0659774318065 3372.1248602646388
-4485.138292978972 4915.325568798758 1929.2967096396567
-5529.822668698872 4161.836912826956 315.04207978401763
-6327.211931354607 2478.7645804611366 -1349.5154977379048
-6210.69725859829 1087.4286829179557 -2871.204480678197
-5542.3348792195 -400.53002520469596 -4137.774345436935
-4381.511723686076 -1852.8998828907995 -5036.6848012799355
-2831.3720235556134 -3140.6314546648846 -5488.063709402041
-1029.6524938608075 -4149.304139257838 -5451.804072972868
863.5561784691123 -4789.292942156455 -4931.127719811945
2680.03409468816 -5003.732049678566 -3972.2990288481687
4258.379220458273 -4773.5676060703145 -2660.514137024059
5458.348664901256 -4119.250732206316 -1112.3308886513798
6173.319876899181 -3098.920353751698 534.6878405616711
6339.764526666552 -1803.2373024782687 2134.197208701873
5942.893276641219 -347.32870350305785 3544.0737890787536
5017.969879028745 1139.4415750052751 4639.043860384304
3647.177836666435 2524.9674692174276 5321.814526586063
1952.3180381399875 3686.1389231523794 5531.71861770226
83.98621431827208 4519.7807574109875 5250.105234088304
-1791.8081532131173 4951.820236642497 4501.996960718255
-3508.392503110909 4943.868757143131 3353.8665007001628
-4913.240782780418 4496.632842760909 1907.7302838941253
-5881.526057497852 3649.8513671511605 292.08385942762146
-6519.85451903467 1899.6663736374917 -1371.8022699185651
-6274.504492814942 522.2510009651644 -2890.8344833102333
-5471.637207199163 -901.5686650037094 -4153.003366641633
-4182.590943839349 -2245.279998618077 -5046.159675691826
-2521.9031201213793 -3389.4883511062417 -5490.942552849802
-637.1331369910769 -4232.525789073982 -5447.831087582574
1304.2489213735978 -4699.4847365490095 -4920.655922770688
3129.742739472144 -4748.8738418325765 -3956.2588852777644
4677.145180518765 -4376.304666179721 -2640.3308840717773
5808.962746962747 -3614.8816158400973 -1089.797896914773
6424.62848112596 -2532.2604702863932 557.5684158824164
6469.437780723423 -1224.6368693057182 2155.3923280797458
5939.409142843537 191.80109174315658 3561.7001731437617
4881.637937954283 1591.1966840854318 4651.535327560196
3390.111779562558 2849.2074681950785 5328.061155196339
1597.3593122961586 3854.05366521458 5531.165367382028
-337.32553976357843 4516.450280843806 5242.801263556409
-2242.037537286616 4777.540468904469 4488.5912598094055
-3947.5346606020325 4614.125220411949 3335.550224770049
-5302.276005852464 4040.7246973308047 1886.1309144387847
-6185.886859327877 3108.2880524635752 269.1205952104927
-6659.587339697086 1305.9689906512479 -1394.0653530818454
-6287.009019345345 -45.62231994526191 -2910.4145654618783
-5355.802357540114 -1393.1598872044028 -4168.160671556693
-3948.70915271592 -2616.909084703961 -5055.547410311861
-2190.755811048222 -3608.134425911203 -5493.726575756427
-238.14420159537252 -4278.761189339105 -5443.764026123053
1735.6275652478382 -4569.201244060026 -4910.099153203704
3555.181206242691 -4453.647716636821 -3940.1504229069674
5058.841395407093 -3942.3680450793545 -2620.1020364696415
6113.001326229795 -3080.7916719193736 -1067.2460859635655
6623.994262752511 -1945.4734388777972 580.4393628126658
6546.41624010964 -637.2913532223571 2176.5502269868125
5887.160406058544 727.5168658739233 3579.2650518598284
4704.804534551234 2027.6820187821324 4663.94646952914
3104.4061334544213 3147.6787259855682 5334.215775988819
1228.167623938219 3987.990365024632 5530.516601931525
-757.1989686896777 4473.951559123775 5235.406757520259
-2675.285110036588 4562.382523581746 4475.108047499182
-4355.660429061405 4245.42577913355 3317.176348769609
-5649.016204463152 3551.244323465178 1864.498974263229
-6440.432099799068 2541.5192252778925 246.15268367456503
-6745.343181264462 702.4984464095202 -1416.3043627768661
-6248.240918407815 -611.5456246924183 -2929.944389013787
-5195.9550299969915 -1871.2511833166511 -4183.245998437644
-3681.9857350978705 -2964.6878624526253 -5064.84784302761
-1840.8558495070354 -3794.699014691299 -5496.4157300459165
163.84215677530722 -4287.534506712306 -5439.602958826503
2153.9820684187366 -4399.40374227666 -4899.457593410951
3952.7312206885554 -4120.3666488743975 -3923.973919905316
5400.262857724906 -3475.2168967884436 -2599.8279435402037
6367.957441189211 -2521.2788726846693 -1044.6758452345127
6769.831060682903 -1343.3141562927797 603.3002864046872
6570.175481520646 -45.99008207719245 2197.6705400571404
5786.730978085076 1255.4204127551088 3596.768121907207
4489.110032596033 2445.2812945923692 4676.277071968882
2792.6119605759213 3417.868202464895 5340.27828268221
847.9780606828845 4086.7625214808586 5529.772332553978
-1172.002411192214 4392.530056001308 5227.921843672143
-3087.8453255850277 4308.002018745394 4461.547556622911
-4729.319632013623 3840.689096768471 3298.7451899887446
-5950.57313486039 3032.1140939572074 1842.8348369193068
-6643.092101014766 1954.1224476842892 223.18052144206874
-6776.494300159156 94.15455086066034 -1438.5189149685364
-6158.649964574608 -1170.9003763223122 -2949.423616714458
-4993.582552847388 -2331.9156666573817 -4198.259086782947
-3384.8134173236244 -3285.7300165665715 -5074.060813234205
-1475.2887556615976 -3947.5928353151644 -5499.009969280507
565.3217861390119 -4258.69470692018 -5435.347957548459
2555.701006367391 -4191.39286484144 -4888.731427156591
4318.994976670889 -3751.6673730969096 -3907.7296556173537
5698.527289699891 -2978.589771331633 -2579.5089553873877
6571.720445463969 -1940.8513970575966 -1022.0875644826083
6860.987400128383 -730.6598588689745 626.1507918837779
6540.625515344123 544.4540142281589 2218.752902573836
5639.100350459209 1771.1907588640536 3614.2090810334926
4236.5163726517485 2840.5494318322167 4688.52692194797
2457.499323488272 3657.512822236249 5346.248570585891
460.1226748747106 4149.490147653937 5528.932572101834
-1578.1378926165573 4272.76706371499 5220.346651265576
-3476.1739828047575 4016.3898754355537 4447.910021350438
-5065.336759682537 3403.1388210869973 3280.257066706658
-6204.42213659826 2487.5039480561322 1821.1388765149661
-6792.217379019136 1350.8434330092236 200.20450520862255
-6752.857053342718 -514.1290452597204 -1460.708626044011
-6019.101000504805 -1719.1329842365933 -2968.8519121861573
-4750.521409382358 -2771.3844132732165 -4213.199677338554
-3059.837143716472 -3577.3861751703266 -5083.18616183716
-1097.272919957227 -4065.5214763029085 -5501.50924866149
962.7888180430928 -4192.417353018838 -5430.999095766568
2937.302544431154 -3946.7985497985273 -4877.920839665817
4650.824049606618 -3350.48937518846 -3891.417910557732
5951.099428169358 -2456.4745162124505 -2559.145422890366
6722.593506569557 -1344.1911164101114 -999.4816337744872
6896.7556502953685 -112.47043702918917 648.9904846551483
6458.110788578768 1129.243734250185 2239.7969504753746
5445.6344423445635 2270.6196441368998 3631.5876280588095
3949.289578134913 3210.2410341918735 4700.695807929419
2102.0330037360795 3864.6184204481765 5352.126536601735
68.0015723354694 4175.607500449043 5527.997335076525
-1972.0720971871847 4115.575529683323 5212.681311113037
-3836.918506578891 3689.8566121995077 4434.195677182002
-5360.837868621537 2936.2777420527273 3261.712298186122
-6408.423260387664 1921.7977088819212 1799.4114677077343
-6886.592122566066 736.5575156066324 177.22503173636883
