-5602.146303537237 -2453.0908696672336 -3255.36153555621
-4151.791102199457 -3337.860969694643 -4429.491115122156
-2332.5310415961185 -3926.047474603076 -5210.040970607899
-306.01536180308324 -4165.387432217468 -5527.655821966927
1747.6911258124653 -4034.614436977672 -5354.114195826165
3646.107587283376 -3545.3482433985855 -4704.836027243109
5220.551388944577 -2741.062299889026 -3637.512530806662
6331.12628968563 -1693.2209420805457 -2246.98008304722
6879.152835898005 -494.9294729905096 -656.7935941993743
6815.936463975861 747.338651736967 991.751887784321
6147.094225984958 1923.202457615949 2552.175862306891
4932.055689936607 2928.1812853007805 3885.8278114241966
3278.7823618674624 3672.978355674733 4874.206906822003
1334.1748322470098 4091.41518054695 5429.4913284439635
-728.9799861483682 4146.311811747784 5502.341618603437
-2727.3617336985562 3832.790442685139 5086.284709321512
-4483.405422379727 3178.7088228661196 4218.289082823592
-5841.078864181883 2242.184974601515 2975.4799596600305
-6679.746815749067 1106.433151676875 1468.2863844019466
-6924.889949150859 -127.6301122761654 -169.3708795789168
-6554.726221191595 -1350.3528806579418 -1791.9787976373248
-5348.8859384664465 -2944.470614335695 -3273.925589693368
-3821.1801569047875 -3695.3147924632494 -4443.231655151345
-1953.9457494292146 -4117.814034658577 -5217.737089248166
86.90531263278666 -4174.427429145238 -5528.62368530321
2120.0344562897217 -3860.124627379308 -5348.267804953644
3964.7892348873424 -3202.832812592811 -4692.694859647261
5457.255090774226 -2260.9552470071612 -3620.1553825090346
6464.819883076332 -1118.1818856862342 -2225.9492128446373
6897.957058372325 123.94684323828103 -633.957687201787
6718.1804778459855 1355.0623512093232 1014.3637610264425
5941.46407961361 2465.7746226822237 2572.5545376254113
4636.822524221883 3357.3919980561277 3902.1625540867535
2920.178939192569 3950.690360730622 4885.046303259149
944.0646404217857 4192.952547535116 5433.8722507143675
-1115.9339446098622 4062.652500021937 5499.874802538013
-3076.776901467544 3571.367949224956 5077.189342353116
-4764.234728416729 2762.7516834492612 4203.373328221729
-6028.369392246398 1708.652806463004 2956.0691476777843
-6756.856980511616 502.73262932318295 1446.1052508668954
-6884.9681740799115 -747.8575481378205 -192.35144361190012
-6401.319731196038 -1931.9973005279528 -1813.7168682053282
-5052.658639986686 -3410.220175567974 -3292.433107927417
-3459.980249586931 -4020.4099562496026 -4456.895467073126
-1559.8674301381395 -4273.368669039954 -5225.343105205772
478.84645584383895 -4146.619822216585 -5529.496077400349
2475.012732841073 -3651.425607047905 -5342.329057324057
4251.263267110901 -2831.786202675667 -4680.4726560796
5649.77040373635 -1760.5301671066377 -3602.7357194265346
6546.270646380781 -532.8433002308016 -2204.8799037571316
6861.106014258725 742.1890322148449 -611.1108326828288
6566.302003301971 1951.2746121052921 1036.9581176910747
5688.053243610128 2986.9808796825782 2592.8887886923617
4304.3959916129925 3757.2807879503944 3918.429912113323
2538.274266230349 4193.729809653659 4895.801342096575
546.6157332599812 4257.547533889048 5438.159337964225
-1493.612006394089 3943.063475798795 5497.313011684573
-3401.125764671792 3278.2209240347543 5068.006299755951
-5006.434573163828 2322.0940569346435 4188.384987514673
-6166.899699453968 1159.638942533991 2936.6072887079677
-6779.40872445406 -105.85518090249425 1423.8991452107266
-6789.537533341247 -1361.9436069779877 -215.3286860169704
-6196.386136996365 -2497.0173667824006 -1835.4236185376703
-4716.0187789283755 -3846.5948944787992 -3310.883770660655
-3071.3276934418773 -4310.54646415319 -4470.482314933478
-1153.7356640934884 -4391.487063965985 -5232.858887135954
866.3708420951839 -4082.2247664218426 -5530.272983193414
2809.496496957865 -3410.238883832805 -5336.298055490888
4502.986058793572 -2435.2383108283584 -4668.169627599681
5796.365548276592 -1243.8561270395328 -3585.2538423712726
6574.712521864011 58.04813220946613 -2183.7725196208344
6768.867435233145 1354.7945601716183 -588.2534251742351
6361.57877229634 2531.1615460445328 1059.5345676067454
5389.035918112381 3482.6237207319014 2613.178264365003
3937.6535732095554 4124.639494589764 3934.6296045904855
2136.393428218939 4400.162948671046 4906.471837610507
145.30535172298082 4284.712614965854 5442.352516161803
-1858.693742935643 3788.5467622693345 5494.656290281494
-3697.53974179128 2955.7519039815606 5058.735740107702
-5207.843108202862 1860.325517921441 4173.324319529198
-6255.406760207565 599.6010456899404 2917.0947188284094
-6747.150070167416 -714.4006107569828 1401.668450900369
-6639.379487012498 -1964.924637842673 -238.30221001081108
-5941.670899999558 -3040.8564879263063 -1857.0986737905157
-4341.8459146141895 -4250.101614416762 -3329.2772592771034
-2658.578110555749 -4563.425823233407 -4483.9919641074175
-739.0839743965466 -4471.269621391392 -5240.284305252172
1246.0810163043975 -3981.8214918452077 -5530.954389266374
3120.5262403702236 -3138.571048812768 -5330.174903600703
4717.699013775304 -2016.4447947011247 -4655.785986662814
5895.683526525324 -715.1485715580551 -3567.710053229655
6549.810685162553 649.6917405457405 -2162.627424929375
6621.958421052336 1956.804090376829 -565.3858593899564
6105.71609124574 3090.0458094846067 1082.0927209112087
5046.954092238216 3948.7233979770112 2633.4226142737466
3539.7480739421108 4456.53958387194 3950.7613517732507
1718.0199053476492 4568.372670538011 4917.057605537098
-256.36187124310464 4274.285797453521 5446.451712897069
-2207.9647705483503 3600.409873871021 5491.904684206473
-3963.3803104965964 2606.621732856584 5049.377823497387
-5366.632116849204 1381.2238119067736 4158.191584340952
-6293.035108542615 33.098093868192194 2897.531774992623
-6660.2743143123125 -1317.968535059175 1379.4135518274377
-6435.71891912295 -2551.927875836873 -261.27161887426814
-5639.321655282209 -3559.1372258954602 -1878.7416596674123
-3933.320275645955 -4617.526810394641 -3347.6132561481295
-2225.2776490488554 -4777.069380523325 -4497.424181303078
-319.5093378636375 -4512.148372368832 -5247.619231328317
1614.6487801344229 -3846.3031800923704 -5531.540283852347
3405.338268248047 -2838.697071041223 -5323.959707391383
4893.448507146997 -1578.8602698111429 -4643.321947116338
5946.754371640865 -178.7348048941694 -3550.1046549572657
6471.665013312716 1237.2720318023999 -2141.444984827591
6421.539818117606 2543.3418187944812 -542.5085302194162
5800.832629619427 3623.4245239149013 1104.6321880581738
4664.696005444848 4381.55005894889 2653.621488828318
3114.0806705052228 4750.355643129539 3966.82487508998
1286.7656020733152 4697.071281825746 4927.558463075633
-654.8842369806597 4226.4315243739275 5450.456857382884
-2538.344737666749 3380.2547785922416 5489.058240975714
-4196.262169068764 2233.7275617288587 5039.932711522519
-5481.323291755799 888.7238484539173 4142.987043270133
-6279.344785579256 -535.2468788565174 2877.918795024023
-6519.418938753287 -1911.6585720883147 1357.1348323014138
-6180.214109220299 -3118.2110120146167 -284.23651595931847
-5291.8701346602165 -4047.696719479738 -1900.3522024255883
-3493.8958179030983 -4945.962347694541 -3365.891444637915
-1775.1326830324901 -4949.833927888795 -4510.77873456573
101.35878076705932 -4513.891041601712 -5254.863538700963
1968.8440720897302 -3676.8691273837608 -5532.030656833788
3661.3889274773383 -2513.1412555233674 -5317.652574190265
5028.603308917938 -1126.1097543709664 -4630.777724195978
5949.004218699023 360.981540308538 -3532.4379515735677
6340.809996873697 1815.998040990243 -2120.2255651052187
6169.2069806397885 3109.6551463538417 -519.6218327206072
5449.442851057128 4127.005745467035 1127.1525798240468
4245.471809671969 4777.653773029088 2673.7745392237357
2664.27196705129 5003.786296469253 3982.8198971470856
846.3398681931754 4785.310448713648 4937.974228891673
-1046.7932420552966 4141.638767600802 5454.367880456272
-2846.914178970607 3129.9643067042857 5486.117009743125
-4394.074297607321 1840.1787815349523 5030.40056728635
-5550.801631824154 386.8852961347011 4127.710958876922
-6214.3158817616995 -1100.7846456453094 2858.2561176100735
-6325.660894528645 -2490.645040945886 1334.8326770431897
-5874.943177111098 -3659.2006943426927 -307.19650469571815
-4902.210976643774 -4502.620307909362 -1921.9299288826976
-3027.2710874013596 -5232.828661972409 -3384.111509108913
-1311.9782531577891 -5080.424451757809 -4524.055393281779
519.8896064005985 -4476.6022339290475 -5262.017102271489
2305.562992932363 -3475.014262370347 -5532.425499742676
3886.376989745514 -2164.6560237511444 -5311.253612912308
5121.869335935281 -661.9585979851461 -4618.153534522102
5902.261114673824 899.5567541692743 -3514.7102481566403
6158.211091727328 2381.1425410759675 -2098.969532190584
5866.976988416601 3651.1533637361536 -496.72616211329034
5054.436232880632 4596.743187205727 1149.6535073145853
3792.7866370251286 5133.8922060168725 2693.8814174462814
2194.1313040999426 5214.872372608547 3998.7461417339737
400.5177760188598 4832.488243803487 4948.304723120187
-1428.6835141048168 4020.71632751113 5458.184714579572
-3130.9400043259325 2851.6861208964424 5483.0810412994715
-4554.998735258831 1429.2710880216484 5020.781555395078
-5574.325839281249 -120.14095327670975 4112.363594956885
-6098.349629957493 -1658.8779436465084 2838.5440822964156
-6080.508293845473 -3050.2163488574042 1312.507471178345
-5522.387111954149 -4170.52964581833 -330.15118859806694
-4473.577600569003 -4920.273081680415 -1943.4744664229447
-2537.3581333659863 -5475.895174914634 -3402.273134927247
-839.7455155104531 -5167.903927960513 -4537.253928182766
932.4821765607252 -4400.721738034245 -5269.079798508367
2621.854735113826 -3242.5161094343907 -5532.724805760651
4078.2639946320714 -1796.1986949637198 -5304.762934058208
5172.301601060506 -190.28114395737728 -4605.449596095994
5806.757511963002 1432.5437217246276 -3496.9218508379854
5925.257535391962 2928.0807911168245 -2077.677253144239
5517.272424236942 4163.4450325473745 -473.82191377219317
4619.053446037228 5028.868911858517 1172.1345819717485
3310.411298774927 5447.455719523301 2713.94177627961
1707.6245801157636 5382.01218074276 4014.6033338277125
-46.892076273696674 4838.3532411317965 4958.549767368654
-1797.2421659037725 3864.7853832827927 5461.907293841663
-3387.899402025964 2547.8143837978055 5479.950388071473
-4677.526908726502 1004.4588954131182 5011.075841954949
-5551.535622597944 -628.1471738242749 4096.945216536607
-5932.266033888752 -2204.939610088894 2818.783029481057
-5785.888574747853 -3585.813485779043 1290.1596002305087
-5125.409524786806 -4648.072097174425 -353.10017127266934
-4009.515346059224 -5297.329105007423 -1964.9854430036853
-2028.249732515833 -5673.297782727776 -3420.3760084682367
-362.4284743149504 -5211.700086922432 -4550.374111349309
1335.5961443200215 -4287.019967224891 -5276.051505449141
2914.9471843649935 -2981.4193101621786 -5532.928569719135
4235.292375044116 -1410.9064636484172 -5298.180649712488
5179.313251926121 284.9716138215441 -4592.666128296067
5663.129417332651 1955.5287128261352 -3479.0730667971984
5643.751681775065 3452.3285039997277 -2056.349095652704
5122.901842095454 4642.373757298815 -450.9094832201316
4146.859692261212 5419.923729540246 1194.5954155802517
2802.350860575539 5715.889693468497 2733.955269310695
1208.8408570135346 5503.9737743633 4030.3911995977955
-492.07996160483253 4803.005631614855 4968.7091847201655
-2149.2773161773007 3675.269360854361 5465.535553959047
-3615.501949259217 2220.9692787280624 5476.725104120939
-4760.473367780514 569.3263296235974 5001.283594569431
-5482.455836581223 -1132.903762315357 4081.456089868878
-5717.298044940532 -2734.4703833063227 2798.9733004084355
-5444.133232057664 -4093.0673107148855 1267.7894501147027
-4687.233290321288 -5087.977245436406 -376.04305642410503
-3513.8521011553726 -5630.798073680521 -1986.4624871618526
-1504.185199008531 -5823.55327927612 -3438.4198171217517
115.94972070445823 -5211.609100031337 -4563.415716215067
1725.7819988958568 -4136.59058147896 -5282.932102702641
3182.27097301583 -2694.0178366333894 -5533.0367880994245
4356.00120601719 -1012.069784500406 -5291.506873541567
5142.681615867507 759.8051093805794 -4579.803351874083
5472.412195861421 2464.167984943225 -3461.1642042566514
5315.894936967689 3949.5787212206264 -2034.9854280220486
4687.037084503688 5084.052055676823 -427.9892661212412
3641.715418358083 5766.785053991167 1217.0356202743853
2272.8113558864675 5937.113893139026 2753.921550935799
701.9580303759782 5579.9041082863 4046.109466410901
-931.2673466254719 4726.89535640649 4978.782799736446
-2481.7455330798343 3453.8812084713436 5469.069432276974
-3811.7097379591555 1873.9745580554927 5473.405245143797
-4802.986805208134 127.5570443545211 4991.404982336302
-5367.497417253943 -1630.194472512217 4065.8964824282502
-5455.082328902297 -3243.096056505637 2779.1152371636254
-5057.959236393174 -4567.834323785924 1245.3974071306443
-4211.414269242015 -5486.700465787043 -398.9794478623617
-2990.6666627816066 -5918.049193414581 -2007.9052280203143
-969.5150656523824 -5925.570601315118 -3456.404249297615
591.3706284404585 -5167.796163936426 -4576.378517570576
2099.7104470090635 -3950.8403588920823 -5289.721471451029
3421.481777933417 -2382.8350499828116 -5533.049459032745
4439.239437962904 -603.104389983199 -5284.741720791788
5062.551192648003 1230.214741746488 -4566.861488951408
5236.033057226328 2954.2238949634666 -3443.1955724761783
4944.270406717495 4415.73729071494 -2013.5866191715331
4213.187632998513 5484.893050042465 -405.06165827416805
3107.744648818231 6066.691991817019 1239.4548085446538
1726.1649144776786 6109.438726879341 2773.8402763664617
191.20785233582401 5609.335020228175 4061.757862835555
-1360.7388665878948 4610.817280868459 4988.770438460909
-2791.7779657111355 3202.6081918652044 5472.508867770544
-3974.7553410651244 1509.8333106001726 5469.990868469157
-4804.5582614389605 -317.09688610603047 4981.4401758447375
-5207.455095827298 -2115.8516329249483 4050.2666629063706
-5147.6466924110955 -3726.6036768965305 2759.2091826662827
-4630.447290298728 -5006.230630245002 1222.9838579562138
-3701.8123260600987 -5841.032022614914 -421.908949509486
-2444.255091515211 -6156.832086828675 -2029.313295294348
-428.66493076123936 -5978.658809787601 -3474.3289944310286
1059.854237502117 -5080.79298561822 -4589.262291567247
2454.2007056696675 -3731.4764079839106 -5296.419494451847
3630.4806710560856 -2050.601776185705 -5532.96658230029
4484.176496717144 -187.52217765575702 -5277.885308287436
4939.433562160464 1692.2195892864695 -4553.840763015049
4955.800279258662 3421.6002195371943 -3425.167481747768
4531.822393373418 4846.95665483682 -1992.1530386272661
3705.172200261925 5841.639720835268 -382.12705560509556
2549.301197276812 6317.267462023809 1261.8525932444916
1166.9135954895908 6231.578266339912 2793.71110163545
-319.1594001728544 5592.185994860915 4077.336118646867
-1776.8736825219664 4455.903456834508 4998.671928421654
-3076.704940497294 2923.6943422581026 5475.85380104574
-4103.157462612188 1131.7021549507763 5466.482033058303
-4765.026437764046 -760.8467352170276 4971.389347172361
-5003.501902946471 -2585.791054039896 4034.5669012073463
-4797.3942665456625 -4180.976490154185 2739.255480664838
-4165.017096544286 -5404.663817205171 1200.5491896405572
-3162.5598796384957 -6148.123046120948 -444.83116540658875
-1879.0953387613877 -6345.2945617953 -2050.6863192979517
113.90122865525478 -5982.531748332538 -3492.1937429878676
1517.492271558553 -4951.492197071275 -4602.066815721161
2786.2474667286992 -3480.4908348346466 -5303.026056040032
3807.432347234405 -1700.2325880404785 -5532.788159333216
4490.31015504667 231.09878554886953 -5270.937754428726
4774.204200181498 2141.8960178819125 -4540.741398913895
4633.889250880149 3862.3763894702884 -3407.0802433901417
4081.8329061500713 5239.667669094604 -1970.685056515813
3167.0877948798743 6151.391482417052 -359.185854161093
1970.933034498747 6516.537167589839 1284.2285875969728
599.6522247052706 6302.659928069944 2813.5336836026945
-824.910316783752 5528.763695173497 4092.843964831153
-2176.175956567214 4263.612545381052 5008.48709863444
-3334.0788126188127 2619.620710376 5479.1041743404585
-4195.734134805336 742.8640792379264 5462.878799503689
-4684.580066438432 -1199.8992853457523 4961.252669882274
-4757.180501227464 -3036.0463327551884 4018.7974684430824
-4407.084571939664 -4602.4273400294405 2719.2544757305213
-3665.399838262918 -5759.862480722381 1178.0937895975646
-2598.0282436142743 -6405.508563262953 -467.74569972055144
-1299.8104382613478 -6481.997099846286 -2072.0239309503017
653.717972861012 -5937.309347776553 -3509.998186470072
1960.4808003163482 -4781.138754149345 -4614.791868916926
3093.0463052352775 -3200.143000534137 -5309.541042129944
3950.7810723239054 -1334.8004977252351 -5532.514193212631
4457.471603419386 649.1448869820437 -5263.8991791897415
4568.096221259122 2575.4108997555654 -4527.563622854782
4272.825443079902 4272.840352081251 -3388.9341697434566
3597.8953732974287 5590.6091880734475 -1949.1830435578024
2603.2765104936752 6411.627863721014 -336.238450103107
1377.3451054417749 6662.945266711515 1306.5824052013588
29.030543391941553 6322.230742901007 2833.307679961234
-1321.863509836713 5419.758272931112 4108.281133590604
-2555.3041893139034 4035.716496193865 5018.2157796056445
-3561.6948778028377 2293.083598319631 5482.259931525509
-4251.61334615845 346.70015970309885 5459.181230027883
-4563.75731081003 -1630.4891095716268 4951.030319020061
-4470.391410677059 -3462.80226617736 4002.9586369286008
-3979.811615715853 -4987.430245175754 2699.206513251412
-3135.608093582671 -6068.9031599131695 1155.6180455991287
-2012.79203194521 -6611.127395949435 -490.65215675087546
-711.1305652770708 -6565.92395040088 -2093.325761782043
1186.355238733769 -5843.5155732068515 -3527.7420174209874
2385.1518839763276 -4571.318399320966 -4627.437231411501
3372.017317260956 -2892.9395247550297 -5315.964340217298
4059.264214052676 -957.5102779586457 -5532.144688669525
4385.827671638236 1062.9979589990453 -5256.769704116375
4322.691093711014 2989.054162409951 -4514.307662398608
3875.464442290147 4649.519786242618 -3370.729574163832
3083.8857679762154 5896.855172986104 -1927.6473710615048
2018.2903097678181 6620.229099687071 -313.2852396992191
773.3609004154281 6755.36661848396 1328.9136600399506
-540.2850187773078 6290.260167790435 2853.03274924306
-1805.9242430499182 5266.2364968366555 4123.647358347914
-2911.099173159553 3774.2846026407005 5027.8578033352
-3757.6101665856295 1946.9709583250067 5485.321018105584
-4270.241006709984 -53.33959977922597 5455.389388482499
-4403.442193744154 -2048.910700366079 4940.722471110739
-4145.378217676378 -3862.427093728907 3987.0506801773467
-3518.9791952753735 -5332.749889831814 2679.111939426463
-2579.903428588314 -6329.234455835715 1133.1223457684512
-1411.5919205514717 -6763.338765050689 -513.5501409365896
-117.85427570452187 -6596.490744567607 -2114.59144394174
1707.454797941126 -5702.073038029204 -3545.424929430574
2788.003987743962 -4323.943292560583 -4640.00268483798
3620.8267882817768 -2561.612210235344 -5322.295839381144
4131.923238944104 -571.6706415807081 -5531.679652084702
4275.880177179786 1469.066372313731 -5249.549452324217
4039.906397281951 3379.270392136458 -4500.973746456408
3444.969205148404 4989.211407934011 -3352.466771018
2543.9313811390643 6155.839095343004 -1906.0784109165263
1416.8540900565235 6775.49346467585 -290.3266193177777
163.88309531072687 6793.115505908916 1351.2219664847014
-1103.6496316425657 6207.139423345594 2872.70855082511
-2273.118245537779 5069.631763435319 4138.942373750871
-3240.610327901837 3481.6650736312763 5037.413003319424
-3920.1599614476377 1584.3371629995659 5488.2873812202015
-4251.38617908018 -453.7660573137835 5451.503340347092
-4204.858077800494 -2451.550172115265 4930.329304155769
-3784.709883592491 -4231.503295673564 3971.073872896428
-3028.2736073015376 -5635.468781764909 2658.9711012595862
-2002.7619316420032 -6538.698135749038 1110.6070785733432
-799.296069380108 -6860.9354657677195 -536.4392568630211
475.1907562992304 -6573.5485709335735 -2135.8206102021963
2212.766033192747 -5514.294336965443 -3563.0466171408475
3165.730913890221 -4041.234938152866 -4652.4880122093755
3837.406710307258 -2209.094080417998 -5328.53543028575
4168.112080331529 -180.66551918826653 -5531.119091488663
4128.462400559754 1863.8159662588869 -5242.2385484964725
3721.9807190394017 3742.6892238823416 -4487.562105285397
2984.784716989054 5289.008119442666 -3334.1460756778033
1982.3774943222452 6365.375433160682 -1884.4765355871832
803.8273317645499 6876.151205652392 -267.3629854205636
-446.14641675856785 6775.9507680293345 1373.5069393038073
-1656.4780982713723 6073.677368896709 2892.334744935095
-2719.6244314183728 4831.731081643491 4154.165915676945
-3541.1201989586248 3160.464284083611 5046.8812145540605
-4047.971896871345 1208.3763654138977 5491.158969644612
-4195.143527514982 -851.0810961952456 5447.5231527280175
-3969.558245654771 -2834.916267499532 4919.850997629938
-3391.2602935486984 -4566.856687611357 3955.028490981951
-2511.6339820601524 -5893.011849708441 2638.7843465535616
-1408.8379691413838 -6695.547047902383 1088.0726328195294
-180.86052008079494 -6903.15350796595 -559.3191092686394
1063.1871798822772 -6497.384484856546 -2157.0128939667875
2698.1807380694904 -5281.870177014518 -3580.606776251053
3515.249011880562 -3725.704557619566 -4664.892997922363
4019.9719845698396 -1838.493738294991 -5334.683005182528
4167.502805073612 212.07531777403747 -5530.463016561469
3944.732712561762 2243.8005511815936 -5234.837118881719
3371.455807364419 4076.15425886015 -4474.072970485009
2498.610258292639 5546.323772730629 -3315.767804514881
1403.752222801042 6523.678079753021 -1862.8421181062622
184.1646420483992 6921.374960699651 -244.39473455590397
-1051.7867753434623 6704.077302434384 1395.7681936683714
-2194.2823220558066 5891.09295548917 2911.9109926573665
-3141.8062550041363 4554.659146813124 4169.317721237852
-3810.1669146057043 2813.523885150246 5056.262273536914
-4139.977523202438 822.3946793456211 5493.935733790685
-4101.932960870523 -1241.8079027385083 5443.448894357302
-3699.4136539289607 -3195.6704030800715 4909.287732478266
-2968.185209226384 -4865.583564139415 3938.914811514165
-1973.2204830178018 -6103.168273263183 2618.552023904097
-802.9264575576332 -6798.459697994696 1065.5193976438763
438.71110724128255 -6889.678144010403 -582.1893030519009
1641.3672649097837 -6368.718452076255 -2178.1679292757844
3159.7666546223813 -5006.8544117637575 -3598.105103522944
3833.722442096098 -3380.131080102843 -4677.217427760985
4167.035166575745 -1453.0682685138747 -5340.738457911855
4130.088529772509 603.1060354176399 -5529.711438632574
3726.165402504003 2605.6917214150294 -5227.345291291836
2991.1561272154786 4376.750263074928 -4460.506574992846
1990.369503551404 5758.915336808443 -3297.3322748950545
812.7298149040909 6629.375510282837 -1841.1755320684895
-437.1244844035107 6910.786577133363 -221.42226335188397
-1648.1383549826523 6578.1439291182105 1418.0053451591298
-2712.707899985534 5661.00432529176 2931.4369559387783
-3536.241443552168 4240.859644254839 4184.397528784084
-4045.564416319224 2443.8959731198597 5065.556018270827
-4195.4212370292935 429.78141991232485 5496.617625707768
-3972.4964695264616 -1622.521098519081 5439.28063559142
-3396.5979576925793 -3530.655497030527 4898.6396911128595
-2518.896811593104 -5125.075660604325 3922.733112752739
-1417.3806297869735 -6264.1103607093755 2598.2744826937915
-189.92395895184345 -6846.5513656698495 1042.9477625077607
1054.4082891037388 -6820.6462361947715 -605.0494432779736
2205.0517334778897 -6188.696756720782 -2199.2853508127105
3593.799473978606 -4691.646109877162 -3615.54129678602
4118.586285532791 -3007.536941181273 -4689.461088900382
4277.418631499172 -1056.1949169029772 -5346.701683904912
4056.1835609143627 988.9946607772597 -5528.86437068063
3474.538780673947 2946.3077227158087 -5219.763195099712
2584.1659820083532 4641.82841383259 -4446.863153080695
1464.1786954156978 5924.902280051866 -3278.839805172941
214.0927062929864 6681.522577683144 -1819.4771516240878
-1055.0163593142286 6844.4602729083945 -198.44596850946283
-2230.3825915333446 6399.23763646655 1440.2180097730238
-3207.569542621933 5385.414653432825 2950.912297594541
-3899.7498636614587 3893.0739449386815 4199.405077909437
-4245.42029554428 2054.8165319631057 5074.7622882664555
-4213.866503447889 33.9796527087759 5499.204599083509
-3807.8921802715868 -1989.8764678059665 5435.018448410097
-3063.5699262185503 -3836.923331727128 4887.9070574098305
-2047.0360399658296 -5343.042719563595 3906.4836741318964
-848.6140182924345 -6374.409314210081 2577.9520730860936
425.21108298750164 -6839.38166765447 1020.3581171902846
1661.2543135359185 -6696.6449457956805 -627.8991351857541
2749.68780803219 -5958.881932760639 -2220.3647939105676
3996.7930384947686 -4338.968812894328 -3632.9150549427527
4367.567310436949 -2611.1618990930465 -4701.623769910447
4350.264060093357 -651.3417916620374 -5352.572580185542
3946.420757191093 1366.3528923244435 -5527.921827333258
3191.9206514301536 3262.641125687031 -5212.090961237047
2153.8043882766024 4869.029377167547 -4433.1429403504935
924.3131534097791 6042.783001103275 -3260.290714686426
-387.30736141895505 6679.608837074551 -1797.747351472338
-1664.513917515294 6722.922114891183 -175.46624679557434
-2793.821107441332 6168.87425974198 1462.4058039298468
-3674.8850314892443 5066.694854955897 2970.3366813139714
-4229.419293521996 3514.3173774828533 4214.340109455512
-4408.151090824462 1649.6773786926408 5083.880924544991
-4195.19931885474 -361.54369468430895 5501.69660924467
-3609.485677075799 -2340.6400241802103 5430.662406415067
-2703.053392921671 -4111.760215798147 4877.090016706046
-1556.4429526520323 -5517.532468079895 3890.166776255688
-271.5357257018526 -6433.047747280337 2557.5851460192907
1037.4986420918312 -6776.958503169867 997.7508517815445
2254.3467025478585 -6518.706755860218 -650.7379841944867
3270.886165444966 -5681.239306418962 -2241.405894558252
4365.527499443935 -3951.847160447722 -3650.22607797375
4578.702226959269 -2194.4350935459893 -4713.70526075948
4385.0391683055 -242.03783846284986 -5358.3510453719255
3801.746136120376 1731.8655407331778 -5526.883824866806
2880.6512760528058 3551.885066468402 -5204.3287221921
1703.5979085780684 5056.3040168569805 -4419.346173730222
375.1723908098646 6111.448166123145 -3241.6853237511536
-986.588840298727 6623.5633261807325 -1775.9865068550487
-2260.687323372952 6547.145817678254 -152.48349503646693
-3333.913816902559 5888.98567159889 1484.568344478873
-4110.907437160583 4707.563305210003 2989.709771666414
-4522.628891206742 3107.8532803519206 4229.202365516155
-4532.4949210392 1231.996852945099 5092.911769640899
-4139.628886610977 -753.3279013750612 5504.093613157881
-3378.9386591452185 -2671.7161657329916 5426.212584828803
-2318.0149035863283 -4352.710724132277 4866.188755795966
-1051.1253514029554 -5646.947833135995 3873.7827008930503
309.1613010402204 -6439.428845943203 2537.174053200386
1641.9776151539347 -6659.738346820307 975.1263566759402
2828.897012461143 -6288.3008698020685 -673.5655959106965
3764.4564958011165 -5358.1202647480795 -2262.408289406735
4697.07520168124 -3533.581082458891 -3667.4740669429893
4750.353282413211 -1760.9455865740524 -4725.705352817818
4381.541627420739 168.15765246036722 -5364.036979678441
3623.410770753238 2082.3193461258875 -5525.750381206054
2543.3239660280146 3811.4578277802657 -5196.476612007374
1237.2516657278213 5201.931555129165 -4405.473091469833
-178.75587466176688 6130.190835504193 -3223.0239536549925
-1578.8801711304486 6513.755758245312 -1754.1949935502294
-2838.7140355926813 6318.544896720008 -129.49811011059313
-3846.3157005011385 5561.903592643567 1506.7052487054557
-4512.155336141638 4311.062746348851 3009.031234106952
-4777.070168898405 2677.165056253795 4243.991589441966
-4617.521353321405 805.3895023652235 5101.854667604745
-4047.685501843107 -1137.948443202076 5506.395569430392
-3118.195030550792 -2980.1746757864034 5421.669060493209
-1911.6392468205274 -4557.5993101459635 4855.203462928413
-535.2259269196022 -5730.061245103902 3857.3317309729687
888.7445653884155 -6393.382092474759 2516.7191470990947
2233.746202870376 -6488.6228840340455 952.4850225654169
3380.2696875935735 -6007.321057494387 -696.3815761349015
4226.441376504874 -4992.242392302121 -2283.3716157753984
4988.824086053918 -3087.717777630722 -3684.6587240029503
4881.221072423214 -1314.4116371376829 -4737.623838861436
4339.900145621857 575.6857455155028 -5369.630284917315
3412.960045543889 2414.6309233243837 -5524.521515923914
2182.763467890895 4039.02554716259 -5188.534766277318
758.6187772160962 5304.535026163731 -4391.523933137202
-732.9325209580272 6098.713289521694 -3204.306926652493
-2159.3595482236483 6350.994113343209 -1732.373187865366
-3393.918003436305 6038.961239315569 -106.51048894187889
-4326.911950079795 5190.340157629849 1528.8161343376642
-4875.440781618363 3880.5345755060944 3028.300734982214
-4990.765304190671 2225.9264669031522 4258.70752584469
-4662.6384278728365 373.53502339841714 5110.7094640057385
-3920.215665586786 -1512.046646166691 5508.60243831079
-2829.4645378302685 -3263.2763357124654 5417.0319118683
-1487.303068986925 -4724.549602177871 4844.134327803324
-12.988195542062517 -5766.025903145354 3840.8141505796543
1462.4807360744687 -6295.165498830467 2496.220780941699
2808.0018362997753 -6264.9520140657205 929.8272404326135
3904.019650656746 -5678.070049562165 -719.1855308685323
4653.148186544822 -4586.666643355023 -2304.2955116582943
5238.49842134262 -2618.021715451132 -3701.7797523997497
4970.354466951672 -858.6489712621418 -4749.46051307552
4260.5727061307525 977.0185021424523 -5375.1308645003755
3172.220363154751 2725.873594056614 -5523.197250241094
1802.002319852689 4232.522854839595 -5180.503322145984
271.6684624747814 5363.093885849468 -4377.498939613828
-1282.8043299914227 6017.130489551752 -3185.534565959298
-2723.2943282438227 6136.518643515135 -1710.5214666310821
-3921.8076744514237 5710.650186333686 -83.52102849289618
-4771.8511982145055 4777.365399320936 1550.9006195528611
-5197.894802092179 3419.5907314557617 3047.517941536114
-5162.082642218327 1757.9704204739753 4273.349920601679
-4667.596786156833 -59.853277092994134 5119.476005934513
-3758.374472234168 -1872.358748328529 5510.714181689677
-2515.2040930988246 -3518.496928063984 5412.301219030846
-1048.5467925002679 -4852.001215071543 4832.981541568437
511.27849208374613 -5754.383901463374 3824.2302449475105
2025.6744389374214 -6145.464325512366 2475.6793087049796
3360.0803223656403 -5990.49327531359 907.1534015443169
4395.928323682059 -5303.240608756451 -741.9770663207111
5041.1788022256 -4144.771741223246 -2325.1796157303725
5444.176700063569 -2128.442914819 -3718.8368564782863
5017.15757469899 -397.53831738202587 -4761.215171058032
4144.341981389033 1368.6893041225248 -5380.538623440649
2903.2834158874302 3013.3028745617084 -5521.777607025722
1404.2553780348235 4390.171260934213 -5172.382418304656
-219.54691262940713 5376.95366482347 -4363.398353090847
-1823.841496640761 5885.970139220657 -3166.707195746634
-3266.0797598790155 5871.9923365935765 -1688.6402071946839
-4418.1125034970555 5336.262246046221 -60.53012575800825
-5177.576562612002 4326.3818371365205 1572.9583229843295
-5476.990222718382 2932.0834159832493 3066.68252191563
-5289.749266160521 1277.2565160837228 4287.918520860146
-4632.490873622006 -491.0602304177053 5128.1541420057265
-3563.6153376108095 -2215.7441204642246 5512.730763100333
-2178.096940184582 -3743.549421774564 5407.477063672989
-599.0450712019565 -4938.723928664199 4821.745296816067
1033.234581222957 -5695.071141259037 3807.580300456324
2573.706806830944 -5945.386290544953 2455.095085110096
3885.493888125701 -5667.427777017951 884.4638974445204
4852.037786251406 -4885.893434405759 -764.7557889148769
5387.456834251564 -3670.226018756447 -2346.0235673536804
5604.3065563359 -1623.0837661668418 -3735.829741687337
5021.393694471529 65.00751784959873 -4772.887609823237
3992.3079668300725 1747.3225986243237 -5385.853468354057
2608.488156380843 3274.380398512321 -5520.262610792962
992.8927260754463 4510.495130610802 -5164.172194989461
-710.9255801797207 5345.832576372664 -4349.222417064743
-2351.5750287904 5706.169337923959 -3147.8251411356123
-3783.276716376025 5559.4879126890155 -1666.7297874134651
-4878.817665075214 4918.821589000796 -37.53817775644757
-5540.854253893789 3841.0963812368755 1594.9888637277818
-5710.561626615525 2422.0729036261982 3085.794145176502
-5372.860538425531 787.837619436467 4302.413075041721
-4557.757212986324 -916.4004946086169 5136.743722360673
-3337.6771577851796 -2539.2124031504172 5514.652147719355
-1821.0298399598682 -3936.404146522203 5402.559529100822
-142.57602939630573 -4983.829106850416 4810.425787579696
1548.5462870636936 -5588.418979861169 3790.864604626268
3102.0734702346726 -5696.453302138515 2434.4684656164636
4379.967812350109 -5298.332750047272 861.7591199477203
5268.682793166042 -4429.432081764053 -787.5213052959228
5689.252186575588 -3166.9569347735574 -2366.8270065837355
5717.716589024655 -1106.1646754759074 -3752.7581145846716
4983.186227595227 525.0767547667256 -4784.477627805198
3805.877901491374 2109.6628110869797 -5391.075307461003
2290.4006220199376 3506.796068539386 -5518.652287704575
571.4111960245011 4592.335105980968 -5155.872793978939
-1198.3506223344848 5269.825016125497 -4334.971376333184
-2861.6337290239526 5479.067847341101 -3128.8887281916855
-4270.64812081689 5201.471455827228 -1644.7905856483067
-5300.196685644633 4461.701499181594 -14.54558152549932
-5858.799515422797 3325.489784479168 1616.9918613480538
-5896.822297337469 1893.7937087541916 3104.852481288967
-5410.88654035528 293.82575122960355 4316.833332846658
-4444.169768978046 -1332.2499137248064 5145.244598669867
-3082.569010709313 -2839.949327362313 5516.478302367237
-1447.0684682077972 -4095.3067803513104 5397.548700232995
317.0104580494112 -4986.778253948338 4799.02320933071
2052.921613931423 -5435.152595566122 3774.083446112924
3606.421675317501 -5400.589777293553 2413.79980641561
4839.4753443308055 -4886.160857210566 839.0394611322511
5642.520391312548 -3937.5751024006818 -810.2732223367065
5944.202739733282 -2639.1185199788024 -2387.5895741755517
5783.62499929768 -581.9888177668599 -3769.6216828420347
4903.016551103367 978.7916474778795 -4795.985024861269
3586.753565809758 2452.6021794878416 -5396.204050587972
1951.791785985211 3708.488244782894 -5516.946665568493
143.40474067870906 4634.858855096382 -5147.4843585915905
-1677.724445158455 5149.401916391495 -4320.645476990783
-3349.7804514708414 5206.398019637117 -3109.8982839189575
-4724.193764400641 4800.782810936594 -1622.822980757112
-5678.841729580578 3968.5969815959993 8.44726588634749
-6128.8996859008275 2783.7838945396093 1638.966935885585
-6034.378008895522 1351.6193920189396 3123.8572011434885
-5403.6753643681395 -200.642424966576 4331.1790452582245
-4292.832450077895 -1735.076281989049 5153.656624135608
-2800.552533813317 -3115.3409970999464 5518.209195508964
-1059.4312348970482 -4218.793993169736 5392.444663599157
775.8251784772044 -4947.388629073888 4787.537758974938
2542.1461200910644 -5236.386074027437 3757.237114702376
4082.5862229103163 -5060.107636801851 2393.0894644250193
5260.270623689456 -4434.216430129798 816.3053133333382
5970.556895236358 -3414.3256344024308 -833.011147144848
6150.332985284139 -2091.057022537157 -2408.3109115900056
5801.644978366559 -54.90629442944563 -3786.420155250295
4781.7188770291295 1422.3411142450036 -4807.409602275547
3336.916069239988 2773.2072730776267 -5401.239609169071
1595.613624883874 3877.661795677648 -5515.145773838304
-287.4660922781636 4637.569050893169 -5139.007033683424
-2145.0031856171745 4985.407944300286 -4306.244966424849
-3811.947332722652 4890.271463753903 -3090.8541362546503
-5140.183230860379 4360.612903050142 -1600.8273520882647
-6011.691291613591 3443.4947496758477 31.439967426281093
-6349.034199234237 2220.406976265051 1660.9137078629728
-6122.237555975252 800.0262989175533 3142.807976556318
-5351.453238870883 -691.4402259463211 4345.449964546962
-4105.168817027108 -2121.4692523994213 5161.979653494545
-2494.1221305538593 -3362.9964258623554 5519.844797254545
-661.4617475061909 -4305.7066086207005 5387.247507338571
1229.9724145844546 -4865.835863920862 4775.969634849282
3012.1181299942505 -4993.614249342678 3740.325901306098
4526.623931091384 -4677.688094595197 2372.3377972819767
5638.919331149078 -3946.1288249468466 793.5570691364394
6250.172002644282 -2863.93869190087 -855.7346870696904
6306.069463276493 -1527.2750378915364 -2428.9906609998943
5771.786808295987 470.7220069221647 -3803.1532417244457
4620.472148471985 1852.0127172433433 -4818.751162762316
3058.608261648224 3068.743970213495 -5406.181896247583
1224.9736082957106 4012.803854469103 -5513.24964361278
-717.5053258620139 4600.308506355465 -5130.440965645424
-2596.2307630966416 4779.055559330778 -4291.770093311124
-4244.26970365907 4533.162553319667 -3071.756614063301
-5515.186655380587 3884.478160989899 -1578.8040794740782
-6296.055069773543 2890.64083730455 54.432126043993975
-6517.49136143454 1639.9573898563233 1682.8317982916021
-6159.819944092325 243.55653148486897 3161.7044802753203
-5254.821492792929 -1174.485393539229 4359.6458442749745
-3882.9090914545964 -2488.169137203104 5170.21354302013
-2165.9831774746376 -3580.76813387608 5521.385079359531
-256.60015291541 -4355.200167912047 5381.957321198509
1675.5829213015422 -4742.653554547879 4764.319036718313
3458.883099786316 -4708.701360069817 3723.35009795598
4934.846335796644 -4256.3603859539735 2351.5451633374455
5972.326818654954 -3425.8231128162306 770.7951213704366
6479.139854551218 -2290.8864221276763 -878.4434497089923
6410.252881133688 -952.3944194435812 -2449.628465296225
5694.45666613531 990.5605495497492 -3819.820653308528
4420.789047968928 2264.2237235734324 -4830.009510469395
2754.3149225773377 3336.700683375457 -5411.0308264774385
843.1078292027428 4112.697144589834 -5511.258307635309
-1143.0130947142416 4523.262416233243 -5121.786302401061
-3027.572289135543 4531.915972184164 -4277.221107609494
-4643.118399384979 4137.888906020855 -3052.606047131166
-5846.103063859577 3376.192251731227 -1556.753543224251
-6529.635815909538 2314.506099699594 77.42334469857865
-6632.981770881118 1047.1659236669698 1704.7208286781313
-6146.958187148847 -313.2195400954695 3180.546385985543
-5114.750393006713 -1645.7740731790946 4373.766439300196
-3628.0745807335484 -2832.0943575001897 5178.358150525149
-1819.0284204191337 -3766.770629716027 5522.830015225506
151.64639772427515 -4366.7528012809535 5376.574196532747
2108.8467679405817 -4578.729823273027 4752.586165770829
3878.6668483037956 -4383.866607042423 3706.3099977992956
5303.850357946089 -3799.4776044943706 2330.71192164978
6257.763487720959 -2877.4883430541518 748.0198631008675
6655.646869869072 -1699.821614683964 -901.13704291566
6462.14681980411 -371.1182763048315 -2470.2239680943344
5570.452149022943 1500.3349817971275 -3836.4221021807616
4184.502217877816 2655.5509877253407 -4841.184450981616
2426.7409012887474 3574.8096347005853 -5415.786316124714
453.3530060431059 4176.43075783901 -5509.171800293354
-1560.3172932963578 4406.957680178932 -5113.0431934036915
-3435.3465537867705 4245.907073019717 -4262.598260559638
-5005.130197203188 3707.5889895664154 -3033.402766160507
-6130.186057946014 2839.8353539038512 -1534.676124119239
-6710.547985561933 1719.7498846347232 100.41322636530047
-6694.64827590588 446.8570911177773 1726.580421031043
-6083.899687955524 -865.7409159450668 3199.3333683148476
-4932.569913976304 -2101.414043384737 4387.811505780618
-3342.959656913758 -3150.3673111660387 5186.413335364149
-1456.3127639975723 -3919.3966181910187 5524.17957990054
559.7339089230767 -4340.170335700957 5371.0982262999705
2526.045767684082 -4375.300872360062 4740.7712246163255
4267.907374617116 -4021.666725818355 3689.205895093667
5630.546681912405 -3310.6898418939486 2309.838431978519
6492.887207272643 -2305.5436367941934 725.231687623078
6778.306210700509 -1095.5397618536695 -923.8150748045157
6461.442961200777 211.8076286245949 -2490.776813740027
5400.954565111533 1995.867371710229 -3852.9573016584222
3913.747815770512 3022.7594061951295 -4852.275791324105
2078.7873977989075 3781.0660022784214 -5420.448283069056
59.1175969246002 4203.408291124439 -5506.99015761784
-1965.8050618697532 4252.259306950587 -5104.21178963402
-3816.05731412353 3923.278422621574 -4247.901804676732
-5327.236127525767 3245.6970334188513 -3014.1471027638795
-6365.066632806644 2279.721219290047 -1512.5722034037785
-6837.333035127818 1111.1821704355173 123.40137404255437
-6702.072392136062 -156.09029060485392 1748.410197867205
-5971.303205542767 -1409.4934443340005 3218.065102839547
-4709.957524504498 -2537.6569200739764 4401.7808011785055
-3030.1114481058544 -3440.338442141413 5194.378958435878
-1081.0266721179032 -4037.330795948015 5525.433750079627
964.1120676951024 -4275.588591000253 5365.529505062172
2923.5852193572937 -4133.941576630633 4728.874417281534
4623.284994337165 -3624.97571167358 3672.0380852018657
5912.185608618172 -2793.9148467904274 2288.925054778278
6675.762586374229 -1714.6023868766224 702.4309884555346
6846.168762229378 -482.93998048014913 -946.47715375916
6408.2627996436695 791.633762529186 -2511.286647315778
5187.518061931906 2473.110550999527 -3869.4259662028185
3610.9465500400697 3362.8287075356416 -4863.283339965649
1713.5265907992516 3953.7447758765043 -5425.016646805124
-336.1477257216926 4193.353270157579 -5504.713417282542
-2355.9538416522687 4060.3639241574238 -5095.292243597457
-4166.423119818858 3566.593424882299 -4233.131993747041
-5606.687419742873 2755.915448068928 -2994.839389458407
-6548.772937880262 1700.3622895588626 -1490.4421627801662
-6908.971241670273 493.72447970454783 146.38739075871064
-6655.277131116989 -756.782916845755 1770.2097822182561
-5810.232441261332 -1940.0468301471587 3236.7412660900022
-4448.923101214512 -2950.929068834708 4415.674084264569
-2692.3074198473305 -3699.608309817375 5202.254882185685
-696.4684092301729 -4119.561117009121 5526.592504105085
1361.2548759483418 -4173.472840558405 5359.868128983006
3298.0246916301776 -3856.5531872401857 4716.895949206936
4941.750540317745 -3196.9618590307628 3654.806864586885
6146.380166983029 -2253.3064400104095 2267.9721511925254
6804.876942866754 -1109.434855322719 679.6181593328959
6858.730539666183 133.01488493508677 -969.1228884386587
6303.1558289730465 1363.6456689402116 -2531.7531146467036
4932.055689936584 2928.1812853007946 -3885.827811424216
3278.7823618674647 3672.978355674733 -4874.206906822003
1334.1748322470307 4091.4151805469473 -5429.491328443961
-728.9799861483915 4146.311811747783 -5502.341618603435
-2727.3617336985553 3832.7904426851396 -5086.284709321512
-4483.405422379746 3178.7088228661105 -4218.2890828235795
-5841.078864181876 2242.184974601522 -2975.4799596600387
-6679.746815749072 1106.433151676863 -1468.2863844019294
-6924.88994915086 -127.6301122761548 169.37087957890387
-6554.726221191599 -1350.3528806579332 1791.9787976373145
-5602.146303537238 -2453.0908696672323 3255.361535556209
-4151.791102199475 -3337.860969694634 4429.491115122145
-2332.5310415960907 -3926.047474603082 5210.040970607907
-306.0153618030646 -4165.387432217469 5527.655821966928
1747.6911258124774 -4034.6144369776703 5354.114195826162
3646.107587283369 -3545.3482433985882 4704.836027243112
5220.551388944564 -2741.062299889035 3637.512530806674
6331.126289685634 -1693.22094208054 2246.9800830472113
6879.152835898005 -494.929472990511 656.793594199375
6815.936463975861 747.338651736965 -991.7518877843193
6147.0942259849635 1923.2024576159422 -2552.1758623068827
4636.822524221894 3357.391998056121 -3902.162554086745
2920.1789391925718 3950.690360730621 -4885.046303259148
944.0646404218128 4192.952547535115 -5433.872250714364
-1115.9339446098757 4062.652500021935 -5499.874802538011
-3076.7769014675578 3571.367949224951 -5077.189342353111
-4764.234728416748 2762.75168344925 -4203.373328221715
-6028.369392246401 1708.6528064630013 -2956.0691476777793
-6756.856980511626 502.73262932315606 -1446.105250866859
-6884.968174079913 -747.8575481378092 192.35144361188716
-6401.319731196029 -1931.997300527964 1813.716868205346
-5348.885938466456 -2944.4706143356884 3273.92558969336
-3821.180156904807 -3695.3147924632417 4443.231655151334
-1953.9457494292362 -4117.814034658573 5217.73708924816
86.9053126328049 -4174.427429145237 5528.62368530321
2120.034456289727 -3860.1246273793063 5348.267804953642
3964.789234887315 -3202.8328125928247 4692.694859647275
5457.255090774224 -2260.955247007163 3620.155382509035
6464.8198830763395 -1118.181885686222 2225.9492128446195
6897.957058372327 123.94684323829942 633.9576872017609
6718.1804778459855 1355.062351209322 -1014.3637610264431
5941.464079613597 2465.7746226822346 -2572.5545376254295
4304.395991612985 3757.2807879503976 -3918.429912113328
2538.274266230351 4193.729809653659 -4895.801342096574
546.6157332600254 4257.547533889051 -5438.159337964219
-1493.6120063941337 3943.0634757987846 -5497.31301168457
-3401.125764671822 3278.2209240347406 -5068.00629975594
-5006.434573163808 2322.094056934658 -4188.384987514689
-6166.899699453968 1159.6389425339896 -2936.607288707967
-6779.408724454067 -105.85518090252613 -1423.899145210688
-6789.537533341246 -1361.9436069779897 215.32868601697214
-6196.386136996352 -2497.017366782416 1835.4236185376924
-5052.658639986653 -3410.2201755679935 3292.433107927449
-3459.980249586941 -4020.409956249601 4456.895467073121
-1559.867430138161 -4273.368669039953 5225.343105205766
478.84645584385845 -4146.619822216582 5529.49607740035
2475.01273284108 -3651.425607047903 5342.3290573240565
4251.263267110886 -2831.7862026756757 4680.472656079609
5649.770403736338 -1760.530167106649 3602.735719426548
6546.270646380788 -532.8433002307862 2204.8799037571143
6861.106014258725 742.1890322148547 611.1108326828172
6566.302003301966 1951.2746121053035 -1036.9581176910897
5688.053243610099 2986.9808796826023 -2592.888788692399
3937.6535732095467 4124.639494589766 -3934.6296045904915
2136.3934282189466 4400.162948671046 -4906.471837610504
145.30535172295262 4284.71261496585 -5442.352516161806
-1858.693742935657 3788.54676226933 -5494.656290281493
-3697.5397417912936 2955.751903981552 -5058.735740107697
-5207.84310820285 1860.3255179214514 -4173.324319529207
-6255.406760207565 599.6010456899397 -2917.0947188284085
-6747.150070167419 -714.4006107569953 -1401.6684509003544
-6639.379487012501 -1964.9246378426678 238.30221001080304
-5941.670899999544 -3040.856487926321 1857.0986737905382
-4716.018778928355 -3846.5948944788083 3310.8837706606737
-3071.3276934418877 -4310.546464153189 4470.482314933472
-1153.7356640934856 -4391.487063965985 5232.858887135955
866.3708420951862 -4082.224766421842 5530.272983193414
2809.4964969578714 -3410.2388838328025 5336.298055490886
4502.986058793531 -2435.238310828388 4668.169627599705
5796.365548276581 -1243.8561270395464 3585.2538423712863
6574.712521864017 58.04813220948155 2183.772519620817
6768.8674352331445 1354.7945601716274 588.2534251742235
6361.578772296332 2531.1615460445432 -1059.5345676067607
5389.035918112394 3482.6237207318927 -2613.1782643649867
3539.7480739420707 4456.539583871947 -3950.761351773279
1718.019905347663 4568.372670538011 -4917.057605537092
-256.3618712431081 4274.28579745352 -5446.45171289707
-2207.964770548369 3600.4098738710127 -5491.904684206471
-3963.380310496616 2606.62173285657 -5049.377823497378
-5366.632116849194 1381.223811906785 -4158.191584340962
-6293.035108542613 33.0980938681959 -2897.5317749926267
-6660.2743143123125 -1317.968535059175 -1379.413551827437
-6435.718919122952 -2551.927875836871 261.271618874265
-5639.321655282216 -3559.1372258954543 1878.7416596674025
-4341.845914614182 -4250.101614416764 3329.2772592771107
-2658.5781105557603 -4563.425823233405 4483.991964107411
-739.0839743965392 -4471.269621391391 5240.284305252175
1246.0810163044223 -3981.8214918451986 5530.954389266374
3120.5262403702145 -3138.5710488127734 5330.174903600705
4717.699013775296 -2016.444794701131 4655.785986662819
5895.683526525317 -715.1485715580665 3567.710053229666
6549.810685162557 649.6917405457556 2162.627424929358
6621.958421052338 1956.8040903768213 565.3858593899669
6105.716091245735 3090.0458094846126 -1082.0927209112192
5046.954092238216 3948.723397977011 -2633.4226142737466
3114.0806705052273 4750.355643129539 -3966.824875089979
1286.76560207333 4697.071281825748 -4927.5584630756275
-654.8842369806623 4226.431524373927 -5450.456857382885
-2538.3447376667477 3380.254778592243 -5489.058240975714
-4196.262169068781 2233.7275617288446 -5039.9327115225105
-5481.32329175579 888.7238484539309 -4142.987043270143
-6279.344785579255 -535.2468788565119 -2877.918795024027
-6519.418938753287 -1911.6585720883375 -1357.1348323013844
-6180.214109220315 -3118.211012014587 284.236515959276
-5291.870134660198 -4047.6967194797503 1900.3522024256156
-3933.320275645952 -4617.526810394641 3347.613256148132
-2225.2776490488463 -4777.069380523325 4497.424181303082
-319.50933786363095 -4512.148372368831 5247.61923132832
1614.6487801344256 -3846.3031800923695 5531.540283852347
3405.3382682480433 -2838.6970710412256 5323.959707391383
4893.448507146991 -1578.8602698111504 4643.321947116343
5946.75437164086 -178.7348048941823 3550.1046549572757
6471.66501331272 1237.2720318024149 2141.4449848275735
6421.539818117616 2543.3418187944494 542.5085302194584
5800.832629619422 3623.424523914906 -1104.632188058184
4664.6960054448355 4381.550058948895 -2653.6214888283316
2664.2719670512915 5003.786296469254 -3982.8198971470847
846.3398681931652 4785.310448713646 -4937.974228891677
-1046.7932420552713 4141.638767600813 -5454.367880456268
-2846.9141789706196 3129.964306704276 -5486.117009743122
-4394.074297607322 1840.1787815349503 -5030.4005672863495
-5550.801631824155 386.88529613469683 -4127.71095887692
-6214.3158817616995 -1100.7846456453153 -2858.2561176100685
-6325.660894528642 -2490.6450409459117 -1334.8326770431606
-5874.943177111112 -3659.2006943426745 307.1965046956856
-4902.2109766437625 -4502.620307909368 1921.929928882711
-3493.8958179030888 -4945.962347694543 3365.891444637922
-1775.1326830324824 -4949.833927888795 4510.778734565734
101.35878076704081 -4513.891041601717 5254.863538700956
1968.844072089734 -3676.869127383758 5532.030656833788
3661.388927477335 -2513.1412555233683 5317.652574190265
5028.603308917933 -1126.109754370972 4630.777724195982
5949.004218699025 360.98154030854545 3532.4379515735627
6340.809996873697 1815.9980409902605 2120.225565105201
6169.2069806397985 3109.6551463538167 519.6218327206446
5449.442851057124 4127.005745467039 -1127.1525798240523
4245.4718096719835 4777.653773029083 -2673.774539223719
2194.1313040999567 5214.872372608549 -3998.746141733964
400.51777601887176 4832.488243803492 -4948.304723120182
-1428.6835141048305 4020.7163275111234 -5458.184714579574
-3130.9400043259798 2851.6861208964037 -5483.081041299464
-4554.99873525883 1429.271088021652 -5020.7815553950795
-5574.325839281233 -120.14095327667675 -4112.363594956909
-6098.349629957494 -1658.8779436465134 -2838.5440822964106
-6080.50829384547 -3050.2163488574183 -1312.5074711783277
-5522.387111954139 -4170.529645818342 330.15118859808587
-4473.577600569003 -4920.273081680415 1943.474466422944
-3027.2710874013924 -5232.828661972407 3384.1115091088845
-1311.9782531577814 -5080.424451757808 4524.055393281783
519.8896064006173 -4476.60223392904 5262.017102271495
2305.562992932372 -3475.014262370341 5532.425499742676
3886.3769897455118 -2164.6560237511467 5311.253612912308
5121.8693359352765 -661.9585979851538 4618.153534522107
5902.261114673824 899.5567541692761 3514.710248156639
6158.2110917273285 2381.1425410759803 2098.9695321905706
5866.976988416607 3651.153363736142 496.72616211330813
5054.4362328806255 4596.743187205732 -1149.6535073145958
3792.7866370251445 5133.892206016869 -2693.8814174462645
1707.6245801157806 5382.012180742763 -4014.6033338277007
-46.89207627369016 4838.353241131799 -4958.549767368652
-1797.242165903784 3864.785383282784 -5461.907293841665
-3387.8994020259743 2547.8143837977955 -5479.950388071471
-4677.526908726489 1004.4588954131391 -5011.075841954959
-5551.535622597944 -628.1471738242753 -4096.945216536607
-5932.266033888752 -2204.939610088899 -2818.7830294810515
-5785.888574747849 -3585.8134857790565 -1290.1596002304912
-5125.409524786806 -4648.072097174424 353.10017127266866
-4009.5153460592205 -5297.329105007424 1964.9854430036892
-2537.3581333659968 -5475.895174914634 3402.2731349272385
-839.745515510456 -5167.903927960514 4537.253928182764
932.4821765607353 -4400.721738034241 5269.079798508371
2621.8547351138286 -3242.516109434388 5532.724805760651
4078.263994632069 -1796.1986949637233 5304.76293405821
5172.301601060505 -190.28114395737774 4605.449596095994
5806.757511963007 1432.5437217246508 3496.9218508379663
5925.257535391964 2928.0807911168226 2077.677253144242
5517.272424236938 4163.4450325473845 473.8219137721792
4619.053446037231 5028.868911858515 -1172.1345819717442
3310.411298774941 5447.4557195233 -2713.9417762795974
1208.840857013549 5503.973774363304 -4030.391199597786
-492.0799616048356 4803.005631614853 -4968.709184720167
-2149.277316177284 3675.269360854376 -5465.5355539590455
-3615.5019492592305 2220.969278728047 -5476.7251041209365
-4760.4733677805025 569.3263296236196 -5001.2835945694405
-5482.45583658122 -1132.9037623153451 -4081.456089868885
-5717.298044940532 -2734.4703833063368 -2798.9733004084223
-5444.133232057656 -4093.0673107149078 -1267.7894501146732
-4687.233290321289 -5087.977245436406 376.04305642410435
-3513.852101155372 -5630.798073680522 1986.4624871618541
-2028.2497325158436 -5673.297782727778 3420.3760084682285
-362.42847431495 -5211.700086922432 4550.37411134931
1335.5961443200308 -4287.0199672248855 5276.051505449144
2914.9471843649962 -2981.4193101621763 5532.928569719135
4235.292375044114 -1410.9064636484209 5298.18064971249
5179.313251926121 284.9716138215433 4592.666128296067
5663.129417332654 1955.5287128261486 3479.073066797188
5643.751681775066 3452.328503999722 2056.349095652709
5122.901842095449 4642.373757298823 450.90948322011764
4146.859692261212 5419.923729540245 -1194.5954155802522
2802.3508605755214 5715.889693468496 -2733.9552693107125
701.9580303759974 5579.904108286307 -4046.1094664108887
-931.2673466254718 4726.895356406489 -4978.782799736446
-2481.745533079831 3453.881208471347 -5469.069432276973
-3811.709737959157 1873.9745580554913 -5473.405245143797
-4802.986805208124 127.55704435454557 -4991.404982336311
-5367.497417253941 -1630.1944725122044 -4065.8964824282584
-5455.082328902298 -3243.0960565056344 -2779.1152371636263
-5057.959236393175 -4567.834323785921 -1245.3974071306484
-4211.414269242024 -5486.700465787036 398.9794478623464
-2990.6666627815925 -5918.049193414582 2007.9052280203318
-1504.1851990085188 -5823.553279276116 3438.419817121762
115.94972070444682 -5211.609100031343 4563.415716215061
1725.7819988958722 -4136.590581478947 5282.932102702645
3182.2709730158317 -2694.017836633387 5533.0367880994245
4356.001206017194 -1012.0697845003994 5291.506873541564
5142.681615867495 759.805109380538 4579.803351874105
5472.412195861422 2464.167984943237 3461.1642042566405
5315.894936967691 3949.578721220621 2034.985428022054
4687.037084503693 5084.052055676818 427.9892661212491
3641.7154183580747 5766.785053991171 -1217.0356202743978
2272.8113558864543 5937.113893139024 -2753.921550935812
191.2078523358386 5609.335020228182 -4061.7578628355454
-1360.7388665878939 4610.8172808684585 -4988.770438460909
-2791.7779657111214 3202.6081918652208 -5472.508867770542
-3974.755341065125 1509.8333106001714 -5469.990868469156
-4804.558261438952 -317.09688610600523 -4981.4401758447475
-5207.455095827297 -2115.851632924934 -4050.2666629063788
-5147.646692411096 -3726.6036768965264 -2759.209182666284
-4630.447290298729 -5006.230630245001 -1222.9838579562131
-3701.812326060099 -5841.032022614914 421.9089495094878
-2444.255091515197 -6156.832086828674 2029.3132952943658
-969.515065652368 -5925.570601315113 3456.404249297628
591.370628440447 -5167.796163936431 4576.37851757057
2099.710447009078 -3950.8403588920673 5289.721471451035
3421.4817779334217 -2382.8350499828043 5533.049459032745
4439.2394379629095 -603.1043899831877 5284.741720791785
5062.551192647996 1230.214741746457 4566.861488951423
5236.033057226329 2954.223894963467 3443.1955724761774
4944.270406717498 4415.737290714936 2013.5866191715384
4213.187632998519 5484.8930500424585 405.061658274176
3107.7446488182336 6066.691991817018 -1239.454808544652
1726.1649144776795 6109.43872687934 -2773.8402763664626
-319.159400172853 5592.185994860915 -4077.3361186468674
-1776.8736825219614 4455.903456834512 -4998.671928421653
-3076.704940497302 2923.6943422580907 -5475.8538010457405
-4103.157462612189 1131.7021549507756 -5466.4820330583025
-4765.02643776405 -760.8467352170373 -4971.389347172357
-5003.501902946472 -2585.791054039882 -4034.5669012073545
-4797.394266545665 -4180.976490154181 -2739.25548066484
-4165.017096544296 -5404.663817205161 -1200.549189640571
-3162.5598796384966 -6148.123046120947 444.83116540659057
-1879.0953387613731 -6345.294561795297 2050.6863192979695
-428.66493076122765 -5978.658809787595 3474.328994431041
1059.854237502115 -5080.792985618221 4589.262291567247
2454.2007056696693 -3731.476407983908 5296.419494451849
3630.4806710560765 -2050.601776185722 5532.966582300291
4484.176496717139 -187.52217765577282 5277.885308287439
4939.4335621604605 1692.2195892864358 4553.840763015065
4955.800279258664 3421.6002195371925 3425.1674817477683
4531.822393373425 4846.956654836806 1992.1530386272807
3705.172200261935 5841.63972083526 382.12705560510847
2549.301197276816 6317.267462023806 -1261.85259324449
1166.9135954895933 6231.578266339912 -2793.7111016354506
-824.9103167837563 5528.763695173494 -4092.8439648311546
-2176.1759565672123 4263.612545381055 -5008.487098634439
-3334.0788126188245 2619.6207103759793 -5479.10417434046
-4195.734134805337 742.8640792379229 -5462.878799503688
-4684.580066438435 -1199.899285345772 -4961.252669882268
-4757.180501227464 -3036.046332755179 -4018.7974684430906
-4407.084571939662 -4602.427340029442 -2719.254475730521
-3665.3998382629306 -5759.862480722367 -1178.0937895975906
-2598.0282436142816 -6405.50856326295 467.7456997205384
-1299.810438261344 -6481.997099846286 2072.0239309503036
113.90122865527101 -5982.531748332531 3492.193742987881
1517.4922715585378 -4951.492197071289 4602.066815721149
2786.2474667287033 -3480.4908348346407 5303.026056040033
3807.432347234396 -1700.232588040499 5532.788159333216
4490.310155046667 231.09878554885697 5270.93775442873
4774.204200181496 2141.896017881897 4540.741398913902
4633.889250880151 3862.3763894702743 3407.080243390154
4081.8329061500767 5239.667669094595 1970.6850565158275
3167.08779487989 6151.391482417043 359.18585416112063
1970.9330344987468 6516.53716758984 -1284.2285875969712
599.6522247052674 6302.659928069944 -2813.533683602695
-1321.863509836708 5419.758272931117 -4108.281133590598
-2555.3041893138984 4035.716496193874 -5018.21577960564
-3561.6948778028404 2293.0835983196266 -5482.25993152551
-4251.613346158451 346.70015970309254 -5459.1812300278825
-4563.7573108100305 -1630.489109571646 -4951.030319020054
-4470.391410677061 -3462.802266177343 -4002.9586369286126
-3979.8116157158433 -4987.430245175771 -2699.2065132513944
-3135.6080935826776 -6068.903159913163 -1155.6180455991423
-2012.7920319452046 -6611.127395949436 490.65215675087967
-711.1305652770611 -6565.923950400878 2093.325761782052
653.7179728610372 -5937.309347776539 3509.998186470095
1960.4808003163487 -4781.138754149346 4614.7918689169255
3093.0463052352693 -3200.1430005341526 5309.541042129939
3950.781072323898 -1334.8004977252563 5532.514193212631
4457.471603419386 649.1448869820487 5263.899179189741
4568.096221259122 2575.410899755566 4527.563622854782
4272.825443079904 4272.840352081238 3388.934169743468
3597.89537329741 5590.609188073471 1949.183043557771
2603.2765104936916 6411.627863721005 336.23845010313465
1377.3451054417746 6662.945266711515 -1306.582405201357
29.03054339194305 6322.230742901009 -2833.3076799612304
-1805.924243049939 5266.236496836634 -4123.647358347933
-2911.099173159539 3774.284602640724 -5027.857803335189
-3757.6101665856377 1946.9709583249858 -5485.3210181055865
-4270.2410067099845 -53.33959977923135 -5455.389388482499
-4403.442193744154 -2048.9107003660797 -4940.722471110739
-4145.378217676376 -3862.4270937289134 -3987.050680177343
-3518.979195275372 -5332.749889831814 -2679.111939426462
-2579.9034285883113 -6329.234455835717 -1133.1223457684482
-1411.5919205514676 -6763.338765050688 513.5501409365938
-117.85427570449228 -6596.490744567597 2114.591443941774
1186.3552387337684 -5843.515573206853 3527.742017420986
2385.1518839763253 -4571.31839932097 4627.437231411499
3372.017317260956 -2892.9395247550297 5315.964340217298
4059.264214052677 -957.5102779586417 5532.144688669525
4385.827671638236 1062.9979589990496 5256.769704116374
4322.691093711014 2989.054162409945 4514.307662398612
3875.464442290152 4649.519786242604 3370.729574163844
3083.88576797621 5896.85517298611 1927.6473710614966
2018.2903097678268 6620.229099687068 313.285239699232
773.3609004154133 6755.366618483958 -1328.9136600399681
-540.2850187773051 6290.260167790437 -2853.0327492430565
-2273.118245537788 5069.631763435308 -4138.9423737508805
-3240.610327901854 3481.6650736312413 -5037.413003319438
-3920.159961447644 1584.3371629995443 -5488.287381220204
-4251.38617908018 -453.7660573137895 -5451.503340347091
-4204.858077800496 -2451.5501721152436 -4930.329304155778
-3784.709883592496 -4231.50329567355 -3971.073872896438
-3028.27360730154 -5635.468781764907 -2658.9711012595903
-2002.7619316420005 -6538.698135749038 -1110.6070785733402
-799.2960693801026 -6860.93546576772 536.4392568630277
475.19075629923583 -6573.548570933572 2135.8206102022027
1707.454797941117 -5702.073038029212 3545.424929430564
2788.003987743961 -4323.943292560587 4640.002684837978
3620.8267882817695 -2561.612210235364 5322.295839381139
4131.923238944105 -571.670641580704 5531.679652084702
4275.880177179786 1469.0663723137322 5249.549452324217
4039.9063972819563 3379.270392136436 4500.97374645642
3444.9692051483967 4989.211407934024 3352.4667710179883
2543.931381139056 6155.83909534301 1906.0784109165154
1416.8540900565324 6775.493464675848 290.3266193177907
163.88309531070115 6793.11550590891 -1351.221966484733
-1103.6496316425557 6207.139423345603 -2872.7085508250975
-2719.6244314183696 4831.731081643495 -4154.165915676942
-3541.1201989586234 3160.464284083613 -5046.88121455406
-4047.9718968713482 1208.3763654138763 -5491.1589696446135
-4195.143527514983 -851.081096195226 -5447.523152728021
-3969.5582456547677 -2834.916267499549 -4919.850997629932
-3391.2602935486966 -4566.856687611363 -3955.0284909819475
-2511.633982060155 -5893.011849708439 -2638.7843465535652
-1408.8379691413736 -6695.547047902388 -1088.0726328195142
-180.86052008079056 -6903.15350796595 559.3191092686461
1063.1871798822815 -6497.384484856542 2157.0128939667934
2212.766033192738 -5514.294336965453 3563.046617140838
3165.7309138902197 -4041.234938152869 4652.488012209375
3837.406710307259 -2209.0940804179936 5328.535430285751
4168.112080331527 -180.6655191882924 5531.119091488663
4128.462400559752 1863.8159662589137 5242.238548496465
3721.9807190394117 3742.6892238823093 4487.562105285414
2984.784716989057 5289.008119442661 3334.1460756778074
1982.377494322238 6365.375433160687 1884.4765355871725
803.827331764553 6876.151205652392 267.3629854205667
-446.1464167585676 6775.9507680293345 -1373.506939303808
-1656.4780982713621 6073.677368896718 -2892.3347449350836
-3141.8062550041336 4554.659146813129 -4169.317721237849
-3810.1669146057015 2813.5238851502536 -5056.262273536911
-4139.977523202438 822.3946793456178 -5493.935733790685
-4101.932960870525 -1241.807902738489 -5443.448894357305
-3699.413653928959 -3195.670403080077 -4909.287732478263
-2968.185209226381 -4865.58356413942 -3938.9148115141606
-1973.2204830177923 -6103.1682732631925 -2618.5520239040834
-802.9264575576245 -6798.4596979947 -1065.5193976438636
438.711107241272 -6889.678144010404 582.1893030518879
1641.367264909786 -6368.718452076253 2178.1679292757885
2698.1807380694822 -5281.87017701453 3580.606776251043
3515.249011880557 -3725.704557619578 4664.892997922357
4019.9719845698482 -1838.4937382949388 5334.68300518254
4167.502805073612 212.0753177740315 5530.463016561469
3944.7327125617626 2243.800551181594 5234.837118881719
3371.4558073644303 4076.154258860124 4474.072970485024
2498.6102582926433 5546.323772730623 3315.7678045148855
1403.7522228010173 6523.678079753036 1862.842118106228
184.1646420484061 6921.374960699651 244.394734555912
-1051.7867753434618 6704.077302434384 -1395.768193668372
-2194.282322055797 5891.09295548918 -2911.910992657355
-3536.241443552174 4240.859644254823 -4184.397528784096
-4045.564416319227 2443.895973119841 -5065.556018270834
-4195.4212370292935 429.78141991231 -5496.61762570777
-3972.496469526465 -1622.5210985190674 -5439.280635591422
-3396.5979576925865 -3530.6554970305106 -4898.639691112866
-2518.896811593094 -5125.0756606043415 -3922.7331127527254
-1417.380629786975 -6264.110360709376 -2598.2744826937906
-189.92395895184544 -6846.551365669849 -1042.9477625077602
1054.4082891037376 -6820.6462361947715 605.0494432779755
2205.0517334778997 -6188.696756720772 2199.285350812728
3159.766654622373 -5006.8544117637675 3598.1051035229343
3833.722442096093 -3380.131080102856 4677.217427760979
4167.035166575747 -1453.06826851385 5340.738457911862
4130.088529772509 603.106035417633 5529.711438632574
3726.165402504004 2605.691721415029 5227.345291291836
2991.156127215474 4376.750263074939 4460.50657499284
1990.3695035514095 5758.915336808439 3297.3322748950586
812.7298149040826 6629.375510282843 1841.175532068476
-437.12448440350215 6910.786577133363 221.422263351892
-1648.1383549826473 6578.143929118212 -1418.005345159126
-2712.7078999855325 5661.00432529176 -2931.4369559387787
-3899.7498636614637 3893.0739449386647 -4199.405077909449
-4245.4202955442815 2054.816531963087 -5074.762288266463
-4213.866503447889 33.97965270877362 -5499.2045990835095
-3807.892180271589 -1989.8764678059647 -5435.018448410098
-3063.569926218549 -3836.923331727132 -4887.907057409828
-2047.0360399658282 -5343.042719563598 -3906.4836741318927
-848.6140182924324 -6374.409314210084 -2577.9520730860886
425.21108298752637 -6839.381667654474 -1020.35811719025
1661.2543135359176 -6696.644945795681 627.8991351857559
2749.687808032205 -5958.8819327606225 2220.3647939105936
3593.799473978614 -4691.646109877145 3615.541296786037
4118.586285532788 -3007.5369411812867 4689.461088900376
4277.418631499172 -1056.1949169029797 5346.701683904912
4056.183560914368 988.994660777235 5528.864370680631
3474.5387806739477 2946.307722715808 5219.763195099712
2584.1659820083637 4641.828413832578 4446.863153080702
1464.178695415704 5924.902280051863 3278.8398051729455
214.09270629297993 6681.522577683147 1819.477151624077
-1055.016359314224 6844.4602729083945 198.44596850946593
-2230.3825915333496 6399.237636466544 -1440.218009773034
-3207.5695426219304 5385.4146534328265 -2950.91229759454
-4229.419293521995 3514.317377482853 -4214.340109455514
-4408.151090824462 1649.677378692651 -5083.880924544989
-4195.1993188547385 -361.543694684321 -5501.696609244672
-3609.485677075798 -2340.6400241802125 -5430.6624064150665
-2703.0533929216695 -4111.760215798151 -4877.090016706043
-1556.4429526520134 -5517.532468079915 -3890.166776255667
-271.535725701852 -6433.047747280339 -2557.5851460192857
1037.498642091843 -6776.958503169869 -997.7508517815245
2254.3467025478562 -6518.706755860219 650.7379841944884
3270.8861654449574 -5681.23930641897 2241.4058945582424
3996.7930384947613 -4338.968812894344 3632.9150549427413
4367.567310436946 -2611.1618990930547 4701.623769910444
4350.264060093359 -651.3417916620633 5352.572580185537
3946.4207571911 1366.3528923244182 5527.921827333259
3191.9206514301627 3262.6411256870156 5212.0909612370515
2153.8043882766065 4869.029377167544 4433.142940350494
924.3131534097868 6042.783001103272 3260.2907146864304
-387.30736141898194 6679.608837074559 1797.7473514723015
-1664.5139175152588 6722.922114891189 175.46624679561677
-2793.821107441335 6168.874259741976 -1462.405803929857
-3674.885031489233 5066.694854955915 -2970.3366813139555
-4522.628891206743 3107.8532803519174 -4229.2023655161565
-4532.494921039197 1231.9968529450712 -5092.911769640908
-4139.628886610968 -753.3279013750896 -5504.093613157884
-3378.938659145223 -2671.7161657329816 -5426.212584828805
-2318.0149035863233 -4352.710724132283 -4866.188755795964
-1051.125351402951 -5646.947833135999 -3873.7827008930485
309.1613010402191 -6439.428845943202 -2537.1740532003896
1641.9776151539331 -6659.738346820305 -975.1263566759444
2828.8970124611333 -6288.300869802075 673.5655959106788
3764.456495801113 -5358.120264748085 2262.4082894067255
4365.527499443931 -3951.847160447735 3650.226077973738
4578.70222695927 -2194.435093545983 4713.705260759482
4385.039168305504 -242.03783846287166 5358.351045371921
3801.7461361203746 1731.8655407331796 5526.883824866806
2880.6512760528126 3551.885066468389 5204.328722192105
1703.5979085780673 5056.304016856981 4419.346173730223
375.17239080986695 6111.448166123142 3241.6853237511577
-986.5888402987285 6623.5633261807325 1775.9865068550496
-2260.687323372931 6547.145817678262 152.48349503649953
-3333.9138169025637 5888.985671598885 -1484.5683444788783
-4110.907437160585 4707.563305210001 -2989.7097716664143
-4777.070168898405 2677.1650562537952 -4243.991589441965
-4617.5213533214055 805.3895023652301 -5101.854667604743
-4047.685501843107 -1137.948443202075 -5506.395569430391
-3118.195030550788 -2980.174675786409 -5421.669060493208
-1911.639246820527 -4557.599310145963 -4855.2034629284135
-535.2259269195907 -5730.06124510391 -3857.3317309729614
888.744565388414 -6393.382092474757 -2516.719147099099
2233.746202870386 -6488.622884034045 -952.4850225654068
3380.269687593572 -6007.321057494389 696.381576134896
4226.441376504876 -4992.24239230212 2283.3716157753975
4697.075201681239 -3533.581082458905 3667.474066942978
4750.353282413211 -1760.9455865740522 4725.705352817817
4381.5416274207455 168.15765246034601 5364.036979678436
3623.410770753228 2082.3193461259057 5525.750381206052
2543.3239660280265 3811.4578277802493 5196.47661200738
1237.2516657278263 5201.931555129159 4405.473091469838
-178.75587466176387 6130.190835504191 3223.0239536549975
-1578.880171130462 6513.755758245312 1754.194993550216
-2838.71403559268 6318.544896720009 129.49811011059873
-3846.3157005011435 5561.9035926435645 -1506.705248705461
-4512.15533614164 4311.062746348848 -3009.031234106953
-4990.765304190672 2225.9264669031477 -4258.707525844693
-4662.638427872835 373.53502339840816 -5110.709464005742
-3920.2156655867757 -1512.0466461667104 -5508.602438310791
-2829.4645378302644 -3263.276335712471 -5417.0319118683
-1487.3030689869076 -4724.549602177885 -4844.134327803315
-12.988195542048544 -5766.025903145362 -3840.814150579645
1462.48073607447 -6295.165498830466 -2496.2207809417005
2808.001836299789 -6264.952014065717 -929.8272404325983
3904.019650656751 -5678.070049562162 719.1855308685364
4653.148186544834 -4586.666643354997 2304.2955116583207
4988.824086053917 -3087.717777630738 3684.6587240029367
4881.221072423215 -1314.4116371376904 4737.623838861432
4339.900145621851 575.685745515517 5369.630284917318
3412.960045543899 2414.630923324367 5524.521515923915
2182.7634678909076 4039.0255471625746 5188.534766277324
758.6187772160929 5304.535026163734 4391.523933137201
-732.9325209580248 6098.713289521693 3204.306926652497
-2159.359548223664 6350.9941133432085 1732.3731878653502
-3393.9180034362935 6038.961239315577 106.51048894189923
-4326.911950079801 5190.340157629846 -1528.8161343376698
-4875.440781618363 3880.534575506097 -3028.3007349822105
-5162.082642218332 1757.970420474015 -4273.349920601655
-4667.596786156826 -59.85327709301139 -5119.476005934519
-3758.37447223415 -1872.3587483285573 -5510.71418168968
-2515.2040930988173 -3518.496928063992 -5412.301219030845
-1048.546792500261 -4852.001215071549 -4832.981541568433
511.27849208375807 -5754.383901463378 -3824.2302449475005
2025.6744389374194 -6145.464325512366 -2475.679308704981
3360.080322365633 -5990.493275313593 -907.153401544326
4395.928323682041 -5303.240608756472 741.9770663206764
5041.178802225602 -4144.771741223235 2325.1796157303847
5238.49842134262 -2618.0217154511333 3701.7797523997488
4970.354466951675 -858.6489712621517 4749.460513075515
4260.572706130741 977.0185021424764 5375.130864500382
3172.2203631547527 2725.873594056611 5523.197250241094
1802.0023198527053 4232.52285483958 5180.50332214599
271.6684624747921 5363.093885849463 4377.498939613834
-1282.804329991417 6017.130489551751 3185.534565959302
-2723.2943282438096 6136.518643515137 1710.5214666310967
-3921.807674451403 5710.650186333701 83.52102849292882
-4771.851198214509 4777.36539932093 -1550.9006195528711
-5197.894802092182 3419.5907314557394 -3047.517941536135
-5289.749266160525 1277.2565160837385 -4287.918520860137
-4632.490873621998 -491.0602304177226 -5128.154142005734
-3563.615337610774 -2215.744120464271 -5512.730763100337
-2178.0969401845673 -3743.5494217745777 -5407.477063672986
-599.0450712019497 -4938.723928664204 -4821.745296816063
1033.2345812229687 -5695.071141259041 -3807.5803004563145
2573.7068068309422 -5945.386290544954 -2455.095085110098
3885.4938881257103 -5667.427777017946 -884.463897444505
4852.037786251402 -4885.893434405763 764.7557889148713
5387.456834251566 -3670.2260187564307 2346.023567353697
5444.176700063569 -2128.4429148189997 3718.8368564782877
5017.157574698992 -397.53831738203 4761.215171058032
4144.341981389019 1368.6893041225474 5380.538623440653
2903.2834158874407 3013.302874561697 5521.777607025724
1404.2553780348226 4390.171260934215 5172.382418304656
-219.54691262939664 5376.953664823464 4363.398353090854
-1823.8414966407547 5885.970139220655 3166.7071957466383
-3266.0797598790023 5871.992336593579 1688.6402071946984
-4418.11250349705 5336.262246046225 60.5301257580163
-5177.576562611996 4326.381837136532 -1572.9583229843158
-5476.990222718382 2932.083415983231 -3066.6825219156476
-5372.86053842553 787.8376194364664 -4302.413075041721
-4557.75721298632 -916.4004946086233 -5136.743722360676
-3337.6771577851523 -2539.2124031504472 -5514.652147719356
-1821.0298399598814 -3936.4041465221935 -5402.559529100826
-142.5760293962956 -4983.829106850421 -4810.42578757969
1548.546287063706 -5588.418979861171 -3790.864604626258
3102.0734702346663 -5696.453302138516 -2434.46846561647
4379.967812350091 -5298.332750047283 -861.7591199477464
5268.682793166039 -4429.432081764057 787.5213052959174
5689.252186575587 -3166.9569347735533 2366.8270065837396
5604.306556335899 -1623.083766166843 3735.829741687336
5021.393694471527 65.0075178495993 4772.887609823237
3992.307966830069 1747.3225986243287 5385.853468354059
2608.4881563808544 3274.3803985123104 5520.262610792963
992.8927260754449 4510.495130610803 5164.172194989461
-710.925580179729 5345.832576372668 4349.222417064738
-2351.5750287903934 5706.169337923959 3147.8251411356173
-3783.276716376 5559.487912689024 1666.7297874134943
-4878.817665075208 4918.821589000801 37.53817775645561
-5540.854253893793 3841.096381236865 -1594.9888637277968
-5710.561626615523 2422.0729036261932 -3085.7941451765064
-5410.8865403552845 293.8257512296127 -4316.833332846652
-4444.169768978048 -1332.2499137248028 -5145.244598669865
-3082.5690107092832 -2839.9493273623402 -5516.47830236724
-1447.0684682077751 -4095.306780351324 -5397.548700232989
317.0104580494275 -4986.778253948344 -4799.023209330703
2052.9216139314103 -5435.152595566121 -3774.0834461129325
3606.421675317494 -5400.589777293555 -2413.799806415616
4839.475344330788 -4886.160857210578 -839.0394611322772
5642.520391312545 -3937.575102400687 810.2732223367009
5944.202739733282 -2639.118519978791 2387.5895741755644
5717.716589024655 -1106.164675475908 3752.7581145846716
4983.186227595229 525.0767547667216 4784.477627805196
3805.87790149137 2109.662811086984 5391.075307461005
2290.4006220199717 3506.7960685393605 5518.652287704578
571.4111960244934 4592.335105980973 5155.872793978935
-1198.350622334493 5269.825016125499 4334.971376333177
-2861.633729023953 5479.067847341101 3128.888728191684
-4270.648120816866 5201.471455827239 1644.7905856483355
-5300.196685644629 4461.7014991815995 14.545581525507368
-5858.7995154228 3325.489784479157 -1616.9918613480686
-5896.822297337466 1893.7937087541693 -3104.852481288988
-5403.675364368145 -200.64242496656348 -4331.179045258218
-4292.832450077896 -1735.076281989047 -5153.656624135609
-2800.5525338132866 -3115.3409970999696 -5518.209195508966
-1059.4312348970489 -4218.793993169736 -5392.444663599156
775.8251784772345 -4947.388629073898 -4787.537758974922
2542.14612009105 -5236.386074027439 -3757.237114702384
4082.586222910299 -5060.1076368018585 -2393.0894644250347
5260.270623689439 -4434.216430129814 -816.3053133333643
5970.556895236352 -3414.3256344024458 833.0111471448326
6150.332985284139 -2091.057022537166 2408.310911590001
5783.624999297668 -581.9888177668375 3769.621682842055
4903.016551103369 978.7916474778729 4795.985024861267
3586.7535658097595 2452.6021794878397 5396.204050587972
1951.7917859852262 3708.4882447828854 5516.946665568494
143.4047406787027 4634.858855096386 5147.484358591588
-1677.7244451584618 5149.401916391498 4320.645476990777
-3349.780451470818 5206.398019637121 3109.8982839189753
-4724.1937644006175 4800.782810936608 1622.8229807571408
-5678.841729580568 3968.5969815960134 -8.447265886330966
-6128.899685900827 2783.783894539613 -1638.9669358855851
-6034.378008895522 1351.619392018947 -3123.857201143485
-5351.453238870883 -691.4402259463186 -4345.449964546963
-4105.168817027117 -2121.4692523994104 -5161.979653494542
-2494.122130553827 -3362.9964258623754 -5519.844797254546
-661.4617475061899 -4305.706608620701 -5387.24750733857
1229.9724145844853 -4865.835863920868 -4775.969634849266
3012.1181299942446 -4993.61424934268 -3740.3259013060992
4526.623931091358 -4677.688094595209 -2372.3377972820026
5638.919331149062 -3946.128824946865 -793.5570691364654
6250.172002644281 -2863.938691900869 855.734687069697
6306.069463276492 -1527.275037891545 2428.9906609998893
5801.64497836656 -54.906294429450334 3786.4201552502946
4781.718877029132 1422.3411142449975 4807.409602275545
3336.916069239973 2773.207273077638 5401.239609169075
1595.613624883914 3877.6617956776277 5515.145773838307
-287.4660922781805 4637.569050893176 5139.007033683419
-2145.0031856172027 4985.407944300288 4306.24496642483
-3811.9473327226297 4890.271463753909 3090.854136254668
-5140.183230860379 4360.612903050143 1600.8273520882606
-6011.691291613582 3443.494749675862 -31.439967426264566
-6349.0341992342355 2220.4069762650543 -1660.913707862973
-6122.237555975253 800.0262989175616 -3142.8079765563143
-5254.821492792931 -1174.4853935392275 -4359.645844274972
-3882.9090914546005 -2488.1691372031028 -5170.213543020129
-2165.9831774746153 -3580.7681338760917 -5521.385079359533
-256.6001529154036 -4355.2001679120485 -5381.957321198507
1675.5829213015609 -4742.65355454788 -4764.319036718305
3458.8830997863342 -4708.701360069815 -3723.350097955969
4934.846335796624 -4256.3603859539835 -2351.545163337471
5972.326818654956 -3425.8231128162274 -770.7951213704337
6479.13985455122 -2290.88642212766 878.4434497090111
6410.252881133686 -952.3944194435735 2449.6284652962313
5771.786808295996 470.7220069221513 3803.1532417244325
4620.472148472003 1852.012717243327 4818.751162762305
3058.6082616482245 3068.7439702134943 5406.181896247582
1224.9736082957115 4012.803854469103 5513.24964361278
-717.5053258620011 4600.308506355463 5130.440965645429
-2596.230763096659 4779.055559330777 4291.770093311115
-4244.269703659066 4533.162553319667 3071.756614063306
-5515.186655380592 3884.478160989893 1578.8040794740693
-6296.055069773544 2890.640837304546 -54.432126043997116
-6517.491361434539 1639.9573898562924 -1682.8317982916356
-6159.819944092331 243.55653148487917 -3161.7044802753085
-5114.750393006717 -1645.7740731790925 -4373.766439300193
-3628.074580733552 -2832.0943575001884 -5178.358150525147
-1819.0284204191273 -3766.77062971603 -5522.830015225506
151.64639772426972 -4366.752801280953 -5376.574196532748
2108.846767940606 -4578.729823273027 -4752.586165770819
3878.6668483037975 -4383.8666070424215 -3706.3099977992947
5303.850357946092 -3799.4776044943687 -2330.711921649779
6257.763487720967 -2877.48834305414 -748.019863100852
6655.646869869072 -1699.821614683972 901.1370429156473
6462.1468198041075 -371.11827630482344 2470.2239680943403
5694.45666613533 990.5605495497247 3819.820653308504
4420.789047968948 2264.2237235734174 4830.009510469383
2754.3149225773386 3336.7006833754567 5411.0308264774385
843.1078292027661 4112.697144589828 5511.258307635311
-1143.0130947142286 4523.262416233241 5121.786302401067
-3027.572289135559 4531.9159721841625 4277.2211076094845
-4643.1183993849745 4137.888906020856 3052.606047131171
-5846.103063859586 3376.1922517312178 1556.7535432242375
-6529.635815909535 2314.506099699604 -77.42334469856213
-6632.981770881118 1047.165923666967 -1704.720828678132
-6146.9581871488535 -313.21954009545965 -3180.546385985531
-4932.569913976318 -2101.4140433847256 -4387.811505780606
-3342.9596569137407 -3150.3673111660482 -5186.413335364154
-1456.3127639975676 -3919.3966181910214 -5524.17957990054
559.7339089230716 -4340.1703357009565 -5371.098226299972
2526.0457676841065 -4375.30087236006 -4740.771224616315
4267.907374617119 -4021.666725818354 -3689.205895093666
5630.546681912406 -3310.6898418939472 -2309.8384319785187
6492.887207272648 -2305.5436367941825 -725.2316876230653
6778.30621070051 -1095.5397618536772 923.8150748045027
6461.442961200775 211.80762862460043 2490.776813740031
5570.452149022965 1500.3349817971052 3836.422102180738
4184.5022178778445 2655.5509877253226 4841.1844509816
2426.740901288744 3574.8096347005876 5415.786316124714
453.3530060431293 4176.430757839005 5509.171800293356
-1560.3172932963387 4406.957680178931 5113.043193403698
-3435.346553786787 4245.907073019714 4262.598260559629
-5005.130197203198 3707.58898956641 3033.4027661604996
-6130.186057946022 2839.835353903842 1534.676124119228
-6710.547985561936 1719.7498846347112 -100.41322636531342
-6694.648275905881 446.85709111777425 -1726.580421031044
-6083.899687955532 -865.7409159450584 -3199.333368314836
-4709.957524504499 -2537.656920073976 -4401.7808011785055
-3030.1114481058376 -3440.3384421414194 -5194.378958435883
-1081.0266721178998 -4037.3307959480157 -5525.433750079627
964.1120676950802 -4275.588591000252 -5365.529505062176
2923.5852193572778 -4133.941576630636 -4728.874417281541
4623.2849943371475 -3624.975711673588 -3672.0380852018798
5912.185608618154 -2793.914846790445 -2288.9250547783045
6675.762586374232 -1714.6023868766122 -702.4309884555192
6846.168762229379 -482.9399804801598 946.4771537591471
6408.2627996436695 791.6337625291851 2511.2866473157774
5400.954565111555 1995.8673717102097 3852.9573016584027
3913.747815770543 3022.759406195113 4852.27579132409
2078.7873977988825 3781.0660022784296 5420.448283069061
59.117596924625886 4203.408291124435 5506.990157617841
-1965.805061869731 4252.259306950589 5104.211789634027
-3816.0573141235386 3923.2784226215717 4247.901804676727
-5327.236127525765 3245.6970334188522 3014.1471027638804
-6365.066632806643 2279.721219290048 1512.572203403779
-6837.333035127818 1111.1821704355102 -123.40137404256485
-6702.072392136064 -156.0902906048498 -1748.410197867201
-5971.303205542776 -1409.4934443339896 -3218.0651028395355
-4448.923101214495 -2950.9290688347173 -4415.6740842645795
-2692.3074198473137 -3699.60830981738 -5202.25488218569
-696.4684092301696 -4119.5611170091215 -5526.592504105086
1361.2548759483284 -4173.472840558406 -5359.868128983008
3298.024691630205 -3856.553187240178 -4716.8959492069225
4941.750540317745 -3196.9618590307628 -3654.806864586884
6146.380166983012 -2253.306440010429 -2267.972151192552
6804.876942866754 -1109.4348553227194 -679.6181593328953
6858.730539666183 133.01488493508734 969.1228884386605
6303.155828973056 1363.6456689401962 2531.7531146466854
5187.518061931929 2473.1105509995095 3869.425966202799
3610.9465500400684 3362.828707535642 4863.28333996565
1713.526590799256 3953.744775876503 5425.016646805123
-336.1477257216667 4193.353270157578 5504.713417282544
-2355.9538416522687 4060.3639241574238 5095.292243597457
-4166.423119818853 3566.5934248823023 4233.131993747044
-5606.6874197428715 2755.915448068929 2994.839389458407
-6548.772937880245 1700.3622895588928 1490.442162780207
-6908.971241670274 493.72447970454084 -146.38739075872115
-6655.277131116985 -756.7829168457622 -1770.2097822182664
-5810.232441261321 -1940.046830147168 -3236.7412660900145
