-1947.1521746049857 -4001.399034715594 -5310.0358682562355
99.14766670632802 -4169.029711978599 -5532.489290462828
2136.6378027283877 -3966.2238038467585 -5263.356760282445
3984.278293497483 -3411.001505256657 -4526.55188409027
5477.898173172034 -2552.696753990943 -3387.54300855091
6484.782760800057 -1467.573693807953 -1947.5360707141808
6915.465942130589 -252.05027058903704 -334.4820063732047
6731.679626480383 985.8689252761125 1308.292252084144
5949.754034527939 2136.189340715944 2834.8190025978106
4639.166686542149 3096.699958720664 4109.459644332394
2916.3690198094287 3782.055195749109 5018.9567626014195
934.4391673919982 4131.358231359394 5482.497547184339
-1130.5197057669902 4113.57195794642 5458.8943651557265
-3095.026941864544 3730.2767639567005 4950.244462819679
-4784.527451875389 3015.5301094394927 4001.743616172106
-6048.9017012342565 2032.8403712626418 2697.670287865
-6775.8044892705375 869.5238451261107 1153.8971159500722
-6900.64731330691 -371.05369049246144 -492.40487851116325
-6412.3373405640095 -1578.661477368462 -2094.9545386334435
-5354.263055033064 -2645.99826413849 -3511.358294441576
-3820.439000266033 -3478.2264933676806 -4615.762456446497
-1563.035091867182 -4158.285060288388 -5316.452144732773
490.77727444871465 -4141.732244490053 -5532.112474461779
2500.9819261892494 -3757.1683430761877 -5256.220333559126
4288.96335840942 -3038.7635463183183 -4513.289949476753
5695.851574429263 -2050.3512730758766 -3369.3339471366403
6596.638382228134 -879.7562914022802 -1925.9978375149465
6911.284920895303 369.008897509286 -311.52836792777606
6611.833464666607 1584.986026508299 1330.62176426953
5724.8915895490445 2660.1301914554206 2854.5403133740324
4329.267973427104 3498.9101151026707 4124.820428691431
2548.9698991866053 4026.7965203089093 5028.592147443283
542.18466343318 4196.884383380239 5485.551386281645
-1512.7760590044597 3994.0606512644717 5455.09531150312
-3433.3199898911807 3436.34710263738 4939.930079006065
-5048.798372799419 2573.2990337801025 3985.8303804632596
-6215.668863997753 1481.602053034623 2677.572161087734
-6830.249899616326 258.25822797354 1131.3999048677224
-6837.933257596018 -988.0329739906017 -515.3021979665454
-6238.036237862456 -2146.5331103043654 -2116.2174391450067
-5083.862323223661 -3114.3043598621985 -3529.097473988183
-3477.964931004152 -3805.3560001466767 -4628.4017110783
-1166.5821593955923 -4278.575923430821 -5322.776613862127
878.1704582924037 -4077.8488078984346 -5531.640126975307
2844.8937769735326 -3514.786930439523 -5248.9931396038555
4558.835798959808 -2639.4208098226904 -4499.95007695163
5867.705254087155 -1529.5305673456528 -3351.0667022565885
6655.203347388473 -283.73482172561063 -1904.4263451520392
6851.357417395476 987.2720079544989 -288.5693498433808
6438.738314180093 2170.5553871560046 1352.9282985645937
5454.0090558121265 3160.9753948832713 2874.212330417052
3984.667158310729 3870.5288670631253 4140.109983438906
2161.270097369633 4236.1688638682535 5038.140695858798
145.83470369961472 4225.406666997827 5488.5104979353655
-1882.5587433791704 3839.1985448729 5451.202056338768
-3743.678584635753 3111.860783990694 4929.5303898302545
-5272.156154784515 2108.0205362748334 3969.848315297559
-6332.179514104525 916.873413015164 2657.4277965582546
-6829.560935284239 -355.74193662361597 1108.883156164927
-6720.105896329426 -1596.7480540455733 -538.1906189071846
-6013.539957786761 -2695.8760996521764 -2137.443795678781
-4772.6446040093015 -3555.463723147286 -3546.7757111867245
-3107.6788327597633 -4099.132791945199 -4640.9610399868725
-761.2569163483331 -4361.333048469992 -5329.009166429988
1257.9266265669914 -3977.9312522426435 -5531.072256160158
3165.3378683917585 -3241.0728073897676 -5241.675303219697
4791.494949753485 -2216.2308203865587 -4486.532496874967
5991.906677700351 -994.466999223252 -3332.741589359337
6659.911202284203 315.65957896761176 -1882.8219661335309
6736.153390006167 1597.738418317925 -265.605348588692
6213.858787903835 2737.851187641139 1375.2114697681377
5139.435563426113 3634.6938640803946 2893.83471401993
3608.350935096488 4208.578040104813 4155.328044546592
1756.6484911962725 4408.51158822539 5047.602242958518
-251.1398800716451 4216.729535297692 5491.3748310459805
-2236.613370886015 3650.2725583460115 5447.214666893487
-4023.3539484810076 2759.472845628031 4919.045574879683
-5452.601871555512 1623.4818608288526 3953.797696661853
-6397.362189993105 343.23738816223755 2637.2375421402144
-6773.688803488245 -967.5052327150568 1086.3472586730904
-6548.143440949753 -2192.2807678388313 -561.0697460835514
-5740.766797628683 -3222.2625360744546 -2158.6332416866703
-4423.2978313981885 -3965.932137313611 -3564.39270075994
-2712.7994415251596 -4357.21126394594 -4653.440226290971
-350.590990764497 -4405.943762626885 -5335.149694809283
1626.7110607554723 -3842.846026520043 -5530.408871822633
3459.472695823424 -2938.294556904872 -5234.266950774959
4984.845000221601 -1772.6627214154178 -4473.03744094875
6067.291950718112 -449.5220239259818 -3314.3589248927524
6610.633385521144 913.5606780841886 -1861.1850735354553
6566.59103373383 2195.469504751575 -242.63676071836585
5939.078251589169 3282.301231262537 1397.4708930824086
4783.852303575172 4077.486089234139 2913.40712533284
3203.5600847984974 4510.3684144243025 4170.474349220843
1338.6174938955799 4542.484712567102 5056.976625355357
-645.2671357660583 4170.981309632493 5494.144336150648
-2571.816948706726 3428.8679132870348 5443.13321202366
-4269.8495395220025 2382.0845555070305 4908.475815211702
-5588.487260824657 1123.642531364353 3937.6788017268736
-6410.563364330659 -234.64006271409502 2617.0017464898
-6663.032780621919 -1572.0738575194414 1063.7926015541013
-6323.462494117173 -2769.8219911516894 -583.9391844066159
-5422.024814952034 -3721.4592857065045 -2179.7854112578966
-4038.8164368144267 -4342.428591371214 -3581.9481384881888
-2296.741494211827 -4577.5540602586 -4665.839054493328
61.846407044551476 -4412.1258710437505 -5341.198092962071
1981.2838924079463 -3673.7667215960496 -5529.649985418407
3724.675609209758 -2608.9772768748235 -5226.768210201051
5137.113552663613 -1312.3687517950536 -4459.465142212829
6093.096413111776 100.84949611709492 -3295.919026298568
6507.680918141771 1505.1068237285238 -1839.5160409952584
6344.02941510754 2775.6288049991713 -219.66398286633168
5616.6830582264865 3799.5239862992385 1419.706184119749
4390.269763214361 4485.814787480264 2932.9292263688644
2773.7617333591693 4773.5212591197 4185.5486359071465
910.792801042104 4637.079418633349 5066.263681167457
-1033.10406859595 4088.61272231356 5496.818965424071
-2885.2051080366728 3176.854843034827 5438.957762210037
-4480.943012114294 1982.819469554586 4897.821293350637
-5678.529465271024 612.6018847445187 3921.491908842322
-6371.553655622334 -812.0480658842104 2596.720759049562
-6498.437342568925 -2164.543982244886 1041.2195742938904
-6047.9063537057 -3324.7106668382903 -606.7985389546316
-5059.992344515846 -4189.462218430662 -2200.8999391255006
-3622.4758101050707 -4681.961666763351 -3599.4417212147937
-1863.0864029932795 -4758.448274553753 -4678.157310484282
472.4792565072935 -4379.9293896421195 -5347.154256441374
2318.5282656757167 -3472.1639551997423 -5528.795610052338
3958.5658637451747 -2255.8815159973014 -5219.17921099024
5246.8675129406765 -839.1541043255539 -4445.81583504095
6068.96195811258 652.1358320826555 -3277.422212006831
6351.802500105304 2085.4806379593706 -1817.8152427054138
6070.257515537522 3333.521337172341 -196.68741173884405
5249.34351182789 4285.364036660124 1441.9169589092255
3962.002300727757 4856.43333548034 2952.4006800098837
2322.6197982472804 4995.987220336454 4200.550644294646
476.86233404340186 4691.625716136874 5075.463250020968
-1411.2664412161128 3970.3926781981922 5499.398672679309
-3173.9979999327816 2896.372827020335 5434.688389556525
-4654.70590749467 1564.997539638882 4887.082193284457
-5721.822768335181 94.56535298198469 3905.237297532134
-6280.530566403497 -1384.269380280613 2576.3949300424524
-6281.185661992439 -2740.105704339121 1018.628566695619
-5723.729846984092 -3852.4716118113106 -629.6474149799981
-4657.695516896486 -4622.5285102808575 -2221.976460672476
-3177.804500172495 -4981.853464979701 -3616.8731468511237
-1415.5516080428813 -4898.518876811259 -4690.394781545636
877.7555005579876 -4309.735425646643 -5353.0180823929695
2635.4774426357894 -3239.7926856483045 -5527.845760478237
4159.025648333161 -1881.980147934084 -5211.500084193464
5313.026173592715 -356.9454151420483 -4432.089755136664
5994.941007497208 1199.8054842144902 -3258.868801430451
6144.179024520289 2649.948401038937 -1796.0830534069537
5747.479771929208 3864.6317733240435 -173.70744410761267
4840.091719202676 4735.925652892122 1464.1028339032614
3502.6402768323005 5186.411754933336 2971.8211500124
1853.9638747817373 5176.06241235561 4215.480115320586
40.55464647031595 4705.797209664319 5084.575173052782
-1776.458040151113 3817.4012738434394 5501.883413368599
-3435.6246340473917 2589.812482452022 5430.325167788941
-4789.5209022182 1132.107486789847 4876.258700461748
-5717.847219760624 -426.1902272454574 3888.9152484897018
-6138.117719468108 -1946.6190692850491 2556.0246104658313
-6012.989523114894 -3294.082264421551 996.0199688728461
-5353.580820063045 -4348.851794522263 -652.4854179160984
-4218.482967346114 -5017.20675805794 -2243.014611938145
-2708.5543904729116 -5239.760883490955 -3634.242114381972
-957.9588697109994 -4996.739260113898 -4702.55125635415
1274.1775578725699 -4202.252219969284 -5358.789469557158
2929.3406176115204 -2978.6770630432275 -5526.800453098619
4324.218908276164 -1490.4333773567578 -5203.730962417963
5334.871372418333 130.2418545669825 -4418.287139529282
5871.49710342373 1739.3445261554832 -3240.259114959675
5886.414550149295 3193.898803607342 -1774.3198483829858
5378.298231989318 4364.661156164652 -150.72447680305658
4392.296513644049 5147.604210996733 1486.2634259842957
3016.019974785752 5473.160041792748 2991.1903010133133
1371.756825582067 5312.401584308244 4230.3367911748865
-394.3929374302618 4679.612932967584 5093.599292913334
-2125.499157187018 3631.020136389641 5504.2731445841055
-3667.7454492282627 2259.7952662240864 5425.8681722537385
-4884.096462469805 687.7776697063184 4865.351001788344
-5666.4740715166035 -945.3519910274417 3872.526043572857
-5945.36059239727 -2494.482978749541 2535.610152085282
-5695.975733858216 -3821.968206951483 973.394171243067
-4940.478434988079 -4809.854787534557 -675.3121533840336
-3745.9979462367287 -5370.364662545135 -2264.0140296244267
-2218.6691009210217 -5453.694069831427 -3651.5483238707625
-494.201769519509 -5052.438825870972 -4714.626524985292
1658.332312899028 -4058.5083898553466 -5364.468318270534
3197.527217734327 -2691.0929478539133 -5525.659705964408
4452.607797156896 -1084.562087768737 -5195.871979825128
5312.054633854578 618.3368733369961 -4404.4082265697725
5699.502104766489 2266.2938897200643 -3221.5934739565496
5580.52380181688 3712.8807485345833 -1752.5260034521882
4965.691469350505 4829.5618591330185 -127.73890670740191
3909.63565825424 5517.115204364355 1508.3983524713078
2506.1915617686263 5714.448652226621 3010.5077985357634
880.0613467793253 5404.028259893695 4245.1204153044755
-824.2661809569264 4613.436241481803 5102.535453769283
-2455.3540412825987 3412.9201672827694 5506.567825058665
-3868.272919896566 1909.1511588672113 5421.317479916707
-4937.47877394164 235.7456918144026 4854.3592856242385
-5567.967971153262 -1458.6068145089912 3856.0699657992363
-5703.718779502949 -3023.3557043727283 2515.1519074286216
-5332.669143936206 -4319.466172124953 950.7515645206422
-4487.7884528976465 -5231.7731148188 -698.1272271995168
-3244.1480634839013 -5679.214057002843 -2284.974351102114
-1712.2508819203085 -5622.031907401799 -3668.791476464529
-28.212695408872854 -5065.307550947447 -4726.620378916853
2026.9203278316604 -3879.8434340428967 -5370.054530467692
3437.669479940984 -2379.548246868414 -5524.423538774639
4542.966612793497 -667.8197554842228 -5187.923272128081
5244.601225618722 1103.247451853501 -4390.453255926648
5480.230003994329 2776.2862815723306 -3202.872200749375
5228.916296921779 4202.639891641819 -1730.7018949623373
4512.990430146533 5255.570504357489 -104.75113074779442
3396.065558720445 5841.520614069749 1530.5072311265096
1977.3853590138256 5908.4259821309215 3029.7733089948474
383.0057925461198 5450.341772979414 4259.830732417815
-1245.4055193825582 4507.9707788677715 5111.383501306209
-2763.1570855420023 3165.046798149797 5508.767415166509
-4035.390018735875 1540.894519837136 5416.673169361644
-4949.060839747668 -220.17299866730193 4843.283741780313
-5422.985886552105 -1961.6771800268536 3839.547299341179
-5415.054838954801 -3528.8777352624984 2494.6502297797915
-4925.972405339614 -4782.522017495202 928.092539710254
-3999.1957062361626 -5611.218230721272 -720.9302453795623
-2717.0729184523125 -5941.333079722144 -2305.895214417163
-1193.5262781858962 -5743.534411478925 -3685.9712743992877
436.07040960112465 -5035.397505690205 -4738.532611032525
2376.7840276788975 -3667.895585976246 -5375.548009682921
3647.6431093495253 -2046.7612352753656 -5523.091972876113
4594.39309333629 -243.763166756578 -5179.88497658936
5132.911088818145 1580.894328865604 -4376.422468581828
5215.347408649205 3265.082425727571 -3184.0956186271387
4834.377224046643 4659.153620485454 -1708.8478997839209
4023.8514077725404 5639.238569704271 -81.76154588945943
2855.7887355367857 6118.252424614027 1552.5896801619358
1433.9767017261415 6053.632702088297 3048.9864997033546
-115.25045493596234 5451.121148052481 4274.467488489252
-1654.2371029087274 4364.2535581610555 5120.143282731282
-3046.237524788101 2889.602887415728 5510.871876923933
-4167.56637439685 1158.198319310121 5411.9353207889935
-4918.5886625766525 -676.1172521358191 4832.124561514975
-5232.572763215691 -2450.3568386377956 3822.9583295209827
-5081.6198110756595 -4006.871466812923 2474.1054731727572
-4479.142638400325 -5207.357981295913 905.4174881000965
-3478.6739859094146 -5945.147887026657 -743.7208141494557
-2169.1098838610883 -6154.685313143309 -2326.776258296819
-666.8108496498016 -5817.3519397955515 -3703.0874210050456
894.7372548040943 -4963.121317568466 -4750.363015625506
2704.9346186855587 -3424.5871231463707 -5380.948661051882
3825.5858403801967 -1695.6370509838612 -5521.665031263021
4606.316971850093 183.97781433916484 -5171.757232018565
4977.756625882038 2047.2454434848482 -4362.316106826459
4906.900759179208 3728.606330788218 -3165.264051833921
4400.045226443993 5078.664182881716 -1686.9643953034047
3502.2263660588123 5977.46043497547 -58.7705491289085
2293.2193237820366 6345.133095768608 1574.645318246017
880.4496809599569 6149.012835844743 3068.147038877645
-610.5517798051428 5406.525800957724 4289.030430763435
-2047.303035572238 4183.645222507912 5128.814646775899
-3302.142432187356 2589.0294064136024 5512.881173989964
-4263.571982489234 764.3669657910528 5407.104016014466
-4846.164451769483 -1128.2128341112282 4820.881937530939
-4998.153942467601 -2920.545972622251 3806.303342805862
-4706.035521340171 -4453.375784860879 2453.5179923853957
-3995.7651920449402 -5590.503615296882 882.7268012551227
-2930.453590309796 -6230.890665992734 -766.4985399494269
-1604.758326991841 -6317.635737201823 -2347.6171221560567
-136.47324395477298 -5843.03114867275 -3720.139620711032
1343.938085710653 -4849.247600864256 -4762.111388402019
3008.5775115141482 -3152.107262214965 -5386.256391313226
3969.9137399438137 -1329.2425630430987 -5520.142738576557
4578.505710899958 611.731171140019 -5163.5401787699575
4780.277357001277 2498.349906229349 -4348.134414256791
4557.300382031376 4162.979288322193 -3146.3778255633392
3929.3872687346657 5457.70969171393 -1665.0517594169032
2952.3308527788686 6267.49863823239 -35.77853748698062
1712.9468844631376 6520.392826279145 1596.6737645101628
321.3600683192357 6193.921497438379 3087.254595643209
-1098.7810001602375 5317.093061973432 4303.519307759688
-2421.290554854455 3967.8175742735975 5137.397443698292
-3528.657818091305 2265.98408261889 5514.7952716669815
-4322.488348930949 362.80796111616706 5402.179338467625
-4732.246821040402 -1572.6052398882746 4809.5560639718615
-4721.5243959772915 -3368.285564064195 3789.5826268030614
-4291.273808263069 -4864.678934395271 2432.8881429333765
-3479.7247107397407 -5928.824233113468 860.0208710102836
-2358.9868021468205 -6466.167480502923 -789.2630294414894
-1028.6425639400625 -6428.963370941089 -2368.4174461036564
393.1010801962871 -5820.517652830081 -3737.1275790507166
1779.91596826152 -4694.893398344122 -4773.777526484869
3285.136033669284 -2852.892790031179 -5391.471108810221
4079.335111358676 -950.7798300524412 -5518.525121104489
4511.0673625365625 1035.8140902550024 -5155.233958740008
4541.97148206002 2930.371383048013 -4333.877635769882
4169.3015032889025 4564.552318734194 -3127.437265952867
3426.170789272281 5793.15274969294 -1643.1103705235473
2378.609765125944 6507.006136009372 -12.785908002094361
1119.6988249911622 6642.683471615269 1618.6746385553472
-238.70226946147537 6188.1292298318685 3106.30884004053
-1575.8936197447808 5183.7325498200735 4317.9338692762685
-2773.0599062185147 3718.73848432117 5145.89152528613
-3723.827650651784 1923.3181850752812 5516.614136901319
-4343.716966576161 -42.9973752573683 5397.161373190442
-4577.647967932314 -2005.4924301075607 4798.147136419014
-4404.834858660451 -3789.7906815841043 3772.796470254872
-3840.632841897228 -5237.349399779409 2412.2162810640007
-2935.1737427917974 -6219.546640075073 837.3000894637615
-1768.9115758415192 -6649.109867369177 -812.0138895162286
-445.47385263710834 -6487.870503809482 -2389.1768709484672
917.5461773038894 -5750.155374435565 -3754.0510026669026
2199.038202806364 -4501.513705901814 -4785.361228416913
3532.273230550035 -2529.606599799417 -5396.592723492336
4152.8618782106905 -563.5583766384773 -5516.812206780701
4404.450523458153 1452.5644814220052 -5146.838715364995
4264.684411083601 3339.6206108338765 -4319.5460175594435
3745.9823735249884 4929.936793289536 -3108.442700078247
2894.4333631058025 6082.206456990138 -1621.140607518999
1785.7012463630515 6694.045385663766 10.206942276711608
518.3017374600989 6711.089005486838 1640.647560458701
-795.1511553458876 6131.8229160433875 3125.3094430306937
-2037.9513785360039 5007.717451447851 4332.273866394805
-3099.6706783409 3438.654315285085 5154.29674485904
-3885.9706356944776 1564.0516529233357 5518.33773828384
-4326.985048765356 -449.52386252831405 5392.050206835825
-4383.527851592299 -2423.1572100912763 4786.655351887874
-4050.574968010141 -4181.482405687408 3755.9451630336484
-3357.7107228648238 -5568.264539404903 2391.5027637500357
-2366.4991449221507 -6460.281932869838 814.5648489701982
-1165.013732742695 -6778.27492611898 -834.7507272996097
139.9882621694988 -6493.988446212876 -2409.895038205606
1432.5516856595555 -5632.682594461862 -3770.9095993168426
2597.826605229236 -4270.88817557249 -4796.862294164571
3747.9115711093873 -2185.11431934019 -5401.621146916765
4189.818348966554 -170.96652631176786 -5515.004025184717
4259.441379803067 1858.3723928537138 -5138.354593618473
3950.5943517934693 3722.586769581184 -4305.139807111521
3290.7196787292464 5256.032975528459 -3089.394455947813
2338.4501211244956 6322.457585879196 -1599.1428497889099
1178.3990081385007 6827.104094076456 33.19961629655143
-86.35802803948131 6725.132443262181 1662.5921507799621
-1343.441774450197 6025.603262106425 3144.2560765010985
-2481.1548236038643 4790.672788188161 4346.539051484562
-3398.4063783117454 3130.0700135181037 5162.61295727119
-4013.6946126458747 1191.3467820609649 5519.966046050467
-4272.348466837727 -853.2328391215192 5386.845927666162
-4151.385410858615 -2821.9989781974323 4775.080908824735
-3661.553543069903 -4540.018123921975 3739.028996136803
-2846.376574516368 -5854.636735794663 2370.7479486836296
-1778.2865561991937 -6649.045181041858 791.8155421339018
-552.187973481716 -6852.656783099307 -857.4731501596834
722.9749339166268 -6447.379757589411 -2430.5715901026488
1933.8983457132308 -5469.224746757661 -3787.7030778772482
2972.9864027201083 -4005.1051158790256 -4808.280525121279
3930.250392245039 -1822.4592344546859 -5406.556292250005
4189.847285601709 223.55796278496382 -5513.100607541186
4077.157860790706 2249.711053963199 -5129.781740008819
3602.1950677358773 4075.9674453024854 -4290.659253200283
2807.1614349400406 5540.056242038109 -3070.292862496917
1762.6991896247025 6511.886729532297 -1577.1174772023594
561.6133858332552 6905.107504163291 56.191717007639525
-689.3742318892291 6684.779174484214 1684.5080305682259
-1879.1079238393786 5870.478879481989 3163.1484132711057
-2901.874630427096 4534.560773865554 4360.729178206668
-3666.7970414342976 2795.7270438989835 5170.840018913764
-4105.908443836291 808.480697235938 5521.49903208271
-4180.1918625210055 -1250.6027073356638 5381.5486255517035
-3883.046889750896 -3198.564573180837 4763.424007103286
-3240.876160355802 -4862.319940029524 3722.0482616817685
-2310.7393617623297 -6094.036842266956 2349.9521942700794
-1175.283230363606 -6784.271827828777 769.0525618021434
64.60197369842281 -6871.69448920147 -880.1807657134841
1298.7470088962505 -6348.536939274051 -2451.206169585794
2417.4926728962873 -5261.28402219665 -3804.4311483493257
3321.433503917622 -3706.5429309824553 -4819.615724110902
4077.7809355841064 -1444.8357247246804 -5411.398074269318
4152.913222621919 616.5577066339125 -5511.101986719345
3859.0409450702823 2623.167280039125 -5121.12030257665
3222.2759444268845 4396.696929032918 -4276.104605883712
2299.1975853961007 5779.560761295422 -3051.138249582045
1171.825431040451 6648.885256732191 -1555.0648701053344
-59.66855533433229 6927.427118955944 79.1828473699971
-1285.8607287165248 6590.43668114728 1706.3948213683116
-2397.7985334453965 5667.857022563666 3181.986127097727
-3296.6814159120936 4241.66339454441 4374.844001518385
-3902.639687326893 2438.57935968668 5178.977787717449
-4161.831296070522 418.8168471915343 5522.936669908145
-4051.2259302624616 -1638.1593801240876 5376.1583919691275
-3580.6513620384235 -3549.5779575715896 4751.684848021157
-2791.920206867573 -5145.600956422595 3705.003252900996
-1755.114689176525 -6284.4147291975705 2329.1158596216223
-562.3595291581822 -6864.830674583558 746.2763010582571
680.3637429000012 -6835.276288719579 -902.8731818337269
1862.6337106744074 -6198.377608486944 -2471.7984203260817
2879.4004992220134 -5010.72587660811 -3821.0935218637965
3640.3199173727467 -3377.849161384373 -4830.867695391142
4189.2988510906125 -1055.5614415284167 -5416.146409364215
4079.303006442698 1004.5856920705008 -5509.008197232452
3606.8431879459663 2975.4709783772505 -5112.370430892315
2813.8995238296043 4681.972610615883 -4261.476116499279
1770.9285384263253 5972.460429902893 -3031.930947975383
570.6027807919759 6732.268930282141 -1532.9854093140543
-680.4235379647926 6893.885792130237 102.17261036048053
-1870.9912393838774 6442.95064802807 1728.2521452273736
-2895.313158473898 5419.531064425387 3200.7688926812098
-3662.373797560989 3914.5623625281664 4388.883277677383
-4104.016452672094 2061.7676159463517 5187.026123154887
-4180.99923578373 25.77576876955032 5524.278934700868
-3886.4818887830447 -2012.5063685775353 5370.675319999878
-3246.6335704191247 -3871.9684833378005 4739.863634296445
-2318.3076117067294 -5387.389206499643 3687.8942641368326
-1183.989847968793 -6424.116756495887 2308.2393045512335
55.53060961500955 -6890.033340905417 723.4871532149492
1290.1169288424815 -6743.740226562217 -925.5500066555988
2410.0706973573906 -5998.236198672434 -2492.347986725468
3315.8791079910557 -4719.762561704597 -3837.6899106858086
3927.0571083839245 -3021.9173087924555 -4842.0362446569325
4263.914063738554 -658.0484685302032 -5420.8012155379
3969.623548942874 1384.235203212925 -5506.819275237187
3322.6145614176157 3303.523502534424 -5103.532276053309
2380.3766890565375 4929.279241381686 -4246.774037659572
1226.6319017617636 6117.0468878464935 -3012.6712893588983
-36.10451298998607 6761.288074108029 -1510.8794761084887
-1295.632883320526 6804.759143561069 125.16060897952674
-2440.0385861767813 6243.597500915068 1750.0796247014282
-3367.636152718267 5127.664820736425 3219.4963856706772
-3996.004468462897 3556.1166188489137 4402.846764245911
-4269.310251007823 1668.5918496159277 5194.984886243113
-4163.269082191262 -367.19462795011077 5525.525803281935
-3687.3031852165673 -2370.354251415734 5365.09950432857
-2883.7042187718735 -4162.897497514773 4727.960570064232
-1823.8754775617772 -5585.549032384848 3670.7215908364733
-601.9873962245977 -6511.900023949343 2287.3228895664956
673.3899070452877 -6859.640121383359 700.6855118073944
1888.933561951285 -6597.871090997615 -948.2108485835403
2936.637180429483 -5749.852259896373 -2512.854513923019
3723.4076982065417 -4390.933822692288 -3854.220028220068
4179.337102092397 -2641.861646046293 -4853.1211790437565
4301.057922169716 -255.77371331646995 -5425.3624124086855
3824.796812924039 1752.169419797192 -5504.5352585330265
3008.685722005686 3604.424610693076 -5094.605990681591
1925.2397012873435 5136.410857171947 -4231.998623247973
670.7276843343287 6212.004458223341 -2993.3596063186933
-643.3814308117277 6735.634202229032 -1488.7474522257585
-1900.3232823972808 6660.77328852285 148.14644625804567
-2988.41307091046 5994.07343780929 1771.8768828618392
-3810.9692436385158 4794.773857588312 3238.1682826697784
-4294.904074906192 3169.4375786021737 4416.734220094994
-4397.217831242376 1262.482861909474 5202.853939545923
-4108.81948640006 -756.6489973786511 5526.677254119747
-3455.334498933767 -2708.549272750278 5359.431041241378
-2494.8278777515325 -4419.7830589653 4715.9758608729835
-1312.6448512592524 -5738.299724492791 3653.4855295468315
-13.827569285530286 -6546.9432773855315 2266.366975863267
1286.218352900481 -6773.86218929521 677.8717705866152
2471.9781299550286 -6398.893719081419 -970.8553162979447
3438.0918020657164 -5455.355460844683 -2533.3176478010364
4098.7159297455055 -4027.084929478785 -3870.6835890156226
4395.151160148815 -2240.9902295575407 -4864.122307131034
4300.487571599691 147.7512148642872 -5429.829921211372
3646.0520709819825 2105.1504323039485 -5502.156186561598
2667.648843421526 3875.497795532945 -5085.591728921094
1452.2133093389943 5301.490172286816 -4217.150128414277
107.74224978849942 6256.42188202664 -2973.9962323392942
-1246.302181474737 6655.44305169317 -1466.589719853508
-2489.6071946069305 6463.098899286003 171.12972526427046
-3511.699683037086 5696.480046834903 1793.643543301905
-4221.762243789153 4423.703943631585 3256.7842612421064
-4556.702702282097 2757.8623319316275 4430.5454054085985
-4486.760128916839 846.9725493600204 5210.633147176291
-4018.1492282748072 -1139.1744611000254 5527.733267330434
-3192.508135343115 -3024.1008215065485 5353.670028624384
-2083.19868449498 -4640.3225528743715 4703.9097136811015
-788.7878885626219 -5844.231261699181 3636.186377909483
575.7101728071688 -6528.854375935558 2245.3719253195054
1889.053858860542 -6633.360127464542 655.0463235125167
3034.546819577865 -6148.4627216468425 -993.4830187620365
3910.4069784862977 -5117.2474209265965 -2553.7370349911353
4438.810316817853 -3631.342230186595 -3887.0803087708896
4572.805879101911 -1822.7763464116224 -4875.039438945377
4262.2875170484485 549.0103821985132 -5434.203664798622
3434.9155027265715 2440.0674236303767 -5499.682100405991
2302.3361721090037 4114.313766413211 -5076.489646434903
965.1841689637369 5422.985275681587 -4202.2288095702315
-457.7286832349768 6249.800744826805 -2954.581501797816
-1839.9703332190045 6521.293990995321 -1444.4066616233167
-3058.7225445196887 6213.341647836601 194.1100491106119
-4005.6938347570253 5353.30663246688 1815.3792301431756
-4596.741649078341 4017.6068302032613 3275.3439999169836
-4779.348795410577 2324.9250300989174 4444.2800816877625
-4537.289827443851 425.6634383048316 5218.322374798688
-3892.072746740299 -1511.4202179758577 5528.693824678195
-2901.0279224089327 -3314.2075551310395 5347.816565961814
-1652.2140362202088 -4822.513006852495 4691.762336853285
-256.5936822914315 -5902.317014665375 3618.8244346554466
1161.8261463517747 -6457.674253833644 2224.3381004890052
2477.012623301556 -6439.238796512095 632.2095647471422
3572.1056584801354 -5848.648713986423 -1016.0935652284793
4349.8014299752585 -4738.380526850944 -2574.1123228803604
4740.99825562793 -3207.086435864287 -3903.4099043384863
4710.936580739898 -1390.8286409841048 -4885.872385963898
4186.868367050127 944.5139012949234 -5438.483567642289
3193.1972181725373 2753.9637740722424 -5497.113042790052
1915.7964833451358 4318.711879952288 -5067.299900402674
468.1688236381044 5499.723482943668 -4187.234924385164
-1021.0576905741933 6192.06051933651 -2935.115749958239
-2419.5587481410953 6334.20580517629 -1422.1986606042215
-3603.0713928769956 5913.52910802183 217.08702096051448
-4466.435332537407 4967.409398524578 1837.083568042216
-4932.936892273251 3579.9135648513166 3293.847178194916
-4961.125361293623 1874.3267007491063 4457.9380117547325
-4548.496070423005 2.1976839380809237 5225.921489631408
-3731.7129429490806 -1870.1266067351933 5529.558909575608
-2583.350744141591 -3576.2819414846485 5341.870754334425
-1205.4464948691248 -4964.668931478365 4679.533940156944
279.5669654872662 -5911.923299819476 3601.3999996000725
1739.7396741006964 -6333.877338923554 2203.265864595153
3045.3288779484874 -6193.038580701396 609.3618886479446
4080.3272467848947 -5501.921166881739 -1038.6865652462434
4752.77063352326 -4321.933912601293 -2594.4431596173686
5002.909492282697 -2757.9238636916502 -3919.67209373021
4808.517887746132 -948.8601765434764 -4896.6209611174645
4074.962772135074 1330.8280354586595 -5442.669555834713
2922.9758172697534 3044.062855478748 -5494.449058077648
1511.2696337719053 4486.819332139755 -5058.0226495178385
-34.719488784129446 5530.902221057816 -4172.1687317815695
-1577.6236323977157 6083.540175670271 -2915.5993129656076
-2980.3489929854904 6095.62888849809 -1399.9661002958087
-4118.257266500376 5566.094224356079 240.06024403531654
-4890.240309212369 4541.987661977837 1858.7561821968911
-5227.704039984707 3114.305563648327 3312.293476553096
-5100.663325403099 1409.903749083829 4471.518959757043
-4520.406290467103 -419.77420084750037 5233.430360448857
-3538.491319146827 -2212.1533708847996 5530.328507083926
-2242.165865707003 -3807.9730060437664 5335.832696417675
-746.6141355162335 -5065.437528601499 4667.224734758595
815.2775370772679 -5872.815697436497 3583.9133736378512
2304.7282227149444 -6158.368419127091 2182.1555815245756
3589.393691631181 -5896.723081223571 586.5036897608005
4555.125779251225 -5111.128020210307 -1061.261628667287
5116.114951544554 -3871.386804785489 -2614.729194118317
5222.514858692484 -2287.655882454293 -3935.866596121881
4864.871402016626 -500.6566957545944 -4907.2849787939185
3927.6185963698886 1704.6047782156033 -5446.761557090003
2626.5806167580895 3307.7922915495983 -5491.690192271894
1092.1594227881417 4617.067943772042 -5048.658053984965
-539.3049287592193 5516.096847521394 -4157.030491930521
-2122.849670685613 5924.996339376162 -2896.032527840222
-3517.7699033992562 5807.433905059193 -1377.7093646218987
-4600.120842716929 5173.855482773793 263.0293216210482
-5273.730857861389 4080.5572957531144 1880.3966983528128
-5478.74674289818 2624.6836857740363 3330.682576450922
-5196.951936744406 935.595412079322 4485.022691171613
-4453.385144562955 -836.6246197715095 5240.848857583829
-3314.1155389282694 -2534.5068826889747 5531.002603913323
-1880.3722239033411 -4007.187086579238 5329.702496479983
-279.5495849069884 -5123.811132576077 4654.834933220227
1346.1122614914793 -5785.162073968724 3566.364858737218
2852.1661261400823 -5932.4759773236565 2161.0076158209995
4104.792513956253 -5552.663355851362 563.6353628133633
4992.69007332217 -4679.47222774988 -1083.8183656533058
5436.965209613892 -3390.489456687199 -2634.9700760731002
5398.142127302591 -1800.2468184799523 -3951.99313185808
4879.670427623921 -50.04435019773241 -4917.8642548412645
3746.1893838841247 2062.6106548179214 -5450.759500745288
2306.5716956377123 3542.8064742653223 -5488.836493014366
662.0049900107081 4708.2083911241225 -5039.206275516898
-1041.3837641397633 5455.265330799314 -4141.820466247264
-2652.241000809046 5717.598005795402 -2876.4157324718235
-4027.4349853885246 5471.897006711001 -1355.4288379237294
-5044.773697408913 4739.993945555829 285.99385707537516
-5613.862127789793 3586.9216212171923 1902.0047428099767
-5684.134272088371 2115.1355698871503 3349.0141603355623
-5249.3461418995175 455.4104410531052 4498.448972808743
-4348.130570626762 -1244.7799040043585 5248.176852929733
-3060.5645166970967 -2834.3660919643944 5531.581188423136
-1501.053874392755 -4172.10641424265 5323.480260380928
191.83199191784036 -5139.136772628033 4642.364749495532
1867.6727439056954 -5649.532276035143 3548.7547579353118
3377.5625764506813 -5657.94204415249 2139.8223326787993
4587.341151888775 -5163.618832177207 540.7573027081681
5389.514334766521 -4210.485426794951 -1106.3563866824675
5712.805517506154 -2883.231913830994 -2655.165455951337
5528.488859781282 -1299.7905924683557 -3968.051422457196
4852.94170549109 399.1428270721928 -4928.358606570914
3532.3222054040825 2401.7544993881284 -5454.663317761939
1965.717929367892 3747.007141268973 -5485.888009584272
224.45098889628258 4759.321755178091 -5029.667477332034
-1536.759406925693 5348.74974520011 -4126.538917386667
-3161.4219854846965 5462.917847759453 -2856.749265613763
-4505.178346961555 5091.68172592527 -1333.124904953386
-5448.629841661338 4268.027338265409 308.953453834377
-5907.946664011291 3065.139991671172 1923.5799424290783
-5842.316498666933 1589.901505671663 3367.287911647398
-5257.570873832369 -26.60670627457764 4511.797572816218
-4205.66700438803 -1640.7507956067552 5255.414219942818
-2780.0711653381572 -3109.106976432997 5532.0642506220565
-1107.4538031066252 -4301.205358311929 5317.166095569423
663.5656895118975 -5111.122768576026 4629.814398926365
2375.6244586071844 -5466.894491059306 3531.0833753328875
3876.5985692990553 -5336.908646940654 2118.600097936879
5033.119884936068 -4732.715048903482 517.8699045157989
5742.426411313691 -3707.9989495933414 -1128.8753025561364
5941.493150822861 -2353.8108713264323 -2675.314985008325
5612.6321500681815 -790.4763676133202 -3984.04119061606
4785.064152149463 843.095430310611 -4938.767852760755
3287.9429921587757 2719.1139703821786 -5458.47294072674
1606.973200285162 3918.561835523389 -5482.844792897606
-216.7832125195595 4769.828285252989 -5020.041824151447
-2021.277485554424 5197.274559791186 -4111.1861092387535
-3646.172383767634 5162.920181828204 -2837.0334668771243
-4947.088864719151 4669.817688607751 -1310.7979508671465
-5808.434790098474 3761.7814005971018 331.90771541945395
-6153.675794481301 2519.494326837639 1945.1219246379983
-5952.1356995630385 1053.3391255199156 3385.5035148254847
-5221.722227221319 -506.4098796028596 4525.068260683257
-4027.3358198404003 -2021.162144579802 5262.5608336443565
-2475.1029511945567 -3356.3252832868093 5532.451782168308
-702.9463235246632 -4393.264191582896 5310.760111081859
1131.6701698195263 -5039.842296934492 4617.184098238912
2865.7328023225205 -5238.6082972198255 3513.3510160887527
4345.162499277882 -4971.900961043321 2097.341278072136
5438.505439740867 -4263.418405650114 494.973563468182
6048.613305394841 -3176.1124152114 -1151.3747244055994
6121.275334962195 -1806.5948985413688 -2695.4183152912137
5650.035188243805 -276.553497024833 -3999.962160214729
4676.7646202789265 1278.0608963373918 -4949.091813658352
3015.2394859299593 3011.9605780951038 -5462.188303853082
1233.4509875156416 4055.9200866138044 -5479.706895506266
-657.9350440499617 4739.493296324747 -5010.329482196088
-2490.8606596513655 5001.941727733481 -4095.7623069239908
-4102.462374680721 4819.945685973369 -2817.268676724903
-5349.542304360142 4209.676318031267 -1288.4483612188167
-6121.291924217422 3225.358735371847 354.8562454440563
-6349.137893760826 1954.4538748209652 1966.630317438234
-6012.8350987108615 509.88721051268357 3403.660655313027
-5142.265518248231 -979.9851700528083 4538.260807244487
-3814.78308002868 -2382.7815676650566 5269.616570622773
-2148.340424248804 -3573.8573663255547 5532.743776369786
-291.008293937747 -4447.380254373308 5304.262417540201
1592.1812003585314 -4925.733889813209 4604.4740655399555
3333.8984078308636 -4966.414452916077 3495.5579864148594
4779.384111195226 -4565.807297126505 2076.0462401932546
5800.2005622981915 -3759.508126271938 472.0686749516007
6305.643739680044 -2619.1601600684103 -1173.8542636987966
6250.802798929537 -1246.088319647795 -2715.4750996449134
5640.550598297891 237.70393634203393 -4015.8140563213783
4529.11072385887 1700.375154441363 -4959.330310984
2716.641954307256 3277.7830108972958 -5465.809342982087
848.3975537107777 4157.827172497291 -5476.474371597142
-1095.230692664218 4668.430143496888 -5000.530619183873
-2941.542885655309 4764.222609178555 -4080.267776788931
-4526.486084507588 4436.692988588148 -2797.4552364660785
-5709.231130594366 3714.9437258551907 -1266.0765219531104
-6384.6859361796805 2663.1054103179877 377.7986476206809
-6492.8333776026975 1374.638492228428 1988.1047494113225
-6024.064080095751 -35.97108839728627 3421.759019562776
-5020.030252902518 -1443.3844799623728 4551.3749846839455
-3569.944707698956 -2722.5468262943727 5276.581309035825
-1802.653908772061 -3759.7989394101337 5532.940228184179
124.81060076560387 -4462.976417153424 5297.673127150115
2041.185140702951 -4769.598854783223 4591.684520313171
3776.1914232954246 -4652.42150312571 3477.704593570757
5175.666526384951 -4121.856084099999 2054.715352034372
6115.260945566734 -3225.0456635345136 449.1556344999259
6511.4875933542835 -2041.6757828841673 -1196.3135322469234
6329.139993279649 -676.8940491780036 -2735.484991718115
5584.4205298287525 748.0326912982208 -4031.5966051969845
4343.500795476714 2106.4934444652304 -4969.483167933838
2394.8018392065032 3514.3085616668855 -5469.3359955836995
455.163958140292 4223.335341153178 -5473.147276991201
-1524.9172380607881 4557.100241776136 -4990.6454043268295
-3369.502845671151 4485.946787412272 -4064.702786401373
-4914.693338623909 4016.1972747336054 -2777.5934882497995
-6023.191760663475 3189.5910094034066 -1243.6828193989597
-6596.503162426405 2079.5755855981265 400.73452576762145
-6583.686309930431 784.7807449453196 2009.5448497252396
-5985.880036765635 -579.74530884949 3439.798295042491
-4856.202053732368 -1892.7584477825899 4564.410566538985
-3295.0292071332374 -3037.591692396612 5283.454928612674
-1441.0785554828446 -3912.521584889592 5533.041134219055
540.9182498912699 -4439.806764746962 5290.992353698996
2474.852094981926 -4572.595629785497 4578.815683415276
4188.884470723919 -4299.089306612177 3459.79114585843
5530.716078625329 -3643.5900323037004 2033.3489819487318
6381.11929179316 -2664.3417939935352 426.2348377878298
6664.53205280439 -1448.3550950156734 -1218.7521422112845
6355.771894106759 -103.67568984401389 -2755.447645969256
5482.273510772185 1250.215755343557 -4047.30953430003
4121.651067444481 2493.020044187365 -4979.55020918289
2052.568524254703 3719.522472344093 -5472.768200757795
57.17713592371924 4251.812393287228 -5469.72566914249
-1943.2946918517923 4406.3101243154315 -4980.674008328144
-3771.096258248011 4169.287864024725 -4049.067604545959
-5263.819372915543 3561.8060803969906 -2757.683775059353
-6288.829036408676 2637.842195797459 -1221.2676402628192
-6755.0486419452445 1479.4944561215148 423.6634838158322
-6621.052531602283 189.68714136469794 2030.950248140867
-5898.746847815988 -1116.9747083307093 3457.778170240252
-4652.311620377107 -2324.38845342812 4577.367327704183
-2992.4980891344017 -3325.2700840277626 5290.237310655971
-1066.7879703105818 -4030.6868749541077 5533.046492731908
953.7109411972365 -4377.959448662781 5284.220212554027
2889.468450288184 -4336.231112999169 4565.867777072255
4568.484007347567 -3909.209613708768 3441.8179526169033
5841.569711892247 -3134.8376849565293 2011.94749890226
6595.606312228878 -2081.921670887311 403.30668062396796
6763.594347382415 -844.017779996976 -1241.169706109995
6330.607343226109 468.8807945571111 -2775.3627176725413
5335.118095211418 1740.1172528653224 -4062.952572291201
3865.580191657079 2856.736656877651 -4989.531260888089
1692.9644225911711 3891.6850325355704 -5476.1058992352155
-342.08970861241744 4242.947549801001 -5466.209607137172
-2346.7476679698107 4217.205557397979 -4970.616603379244
-4142.8867984956005 3816.7463443183838 -4033.3625012193834
-5570.912256215794 3077.1524690306455 -2737.7264407063776
-6503.937712425436 2064.140093008361 -1198.8313716220368
-6859.059760825557 867.7198113926687 446.58512581576736
-6604.724248988352 -405.8011833909176 2052.3205750182747
-5763.530003273557 -1643.2649622010797 3475.6983346699344
-4410.220823933066 -2734.7174377701713 4590.245044435259
-2665.0441704508394 -3583.178267883558 5296.928338043904
-683.0666470703544 -4113.257984376661 5532.95630363021
1359.6043454909443 -4277.856678222552 5277.35682066017
3281.46852543001 -4062.3490331435423 4552.841024875511
4911.759826397151 -3485.8838491446336 3423.785324216922
6105.61971188595 -2599.6825875999116 1990.511272467231
6756.968491902892 -1482.4881196278156 380.3715589439924
6807.930968946439 -233.56807643481255 -1263.5658368245374
6253.978903286142 1036.1055153459963 -2795.2298629238057
5144.333366934476 2213.7165852141975 -4078.5254490381394
3577.591235395521 3194.6292217508926 -4999.426150691297
1319.158600843441 4029.3462874877423 -5479.34903337879
-739.14714037776 4196.754550966666 -5462.599151692491
-2731.7764144825937 3991.2627554382057 -4960.473363156788
-4481.675365957331 3431.1297487209495 -4017.587747625793
-5833.35779365836 2566.125806564938 -2717.7218298248067
-6666.720782123787 1473.1103252380367 -1176.374400918112
-6907.716372675263 249.20252687552875 469.49905594421864
-6534.93104950052 -996.8480096071718 2073.655461323266
-5581.488424505136 -2154.3242258407754 3493.5584788765564
-4132.1060590339175 -3120.379280512324 4603.043494352854
-2315.5679367688017 -3809.174942551407 5303.527895232221
-293.2814416192565 -4159.508694655902 5532.770568471392
1755.064396662567 -4140.251845536972 5270.40229653816
3647.465061327708 -3753.115450746115 4539.735651777976
5215.772448657085 -3032.49827788059 3405.6935720555507
6320.635564882873 -2042.4303251258932 1969.0406728159417
6863.882473516527 -870.8834749258917 357.42986880394454
6797.243302726125 378.04519383047244 -1285.9401476064475
6126.639235277598 1593.3828880909518 -2815.048738646567
4911.656385461203 2667.141520298943 -4094.027895620057
3260.251311347533 3503.912923870601 -5009.234707722211
934.4391673919645 4131.358231359397 -5482.497547184343
-1130.519705766989 4113.57195794642 -5458.8943651557265
-3095.0269418645275 3730.2767639567064 -4950.244462819686
-4784.527451875403 3015.5301094394845 -4001.743616172095
-6048.901701234257 2032.8403712626418 -2697.6702878649994
-6775.804489270542 869.5238451260966 -1153.8971159500525
-6900.647313306912 -371.05369049245087 492.40487851115034
-6412.337340564002 -1578.6614773684728 2094.954538633459
-5354.263055033075 -2645.9982641384818 3511.358294441566
-3820.4390002660443 -3478.2264933676756 4615.762456446491
-1947.152174604987 -4001.399034715593 5310.035868256235
99.14766670630206 -4169.029711978599 5532.489290462829
2136.637802728414 -3966.2238038467535 5263.356760282438
3984.278293497496 -3411.0015052566514 4526.551884090261
5477.898173172042 -2552.6967539909383 3387.543008550903
6484.782760800057 -1467.5736938079544 1947.5360707141817
6915.465942130587 -252.0502705890495 334.4820063732201
6731.679626480381 985.8689252761193 -1308.292252084154
5949.754034527939 2136.189340715943 -2834.8190025978106
4639.166686542154 3096.6999587206615 -4109.459644332392
2916.3690198094396 3782.0551957491057 -5018.956762601416
542.1846634331938 4196.884383380239 -5485.551386281644
-1512.7760590044584 3994.060651264472 -5455.09531150312
-3433.319989891154 3436.3471026373904 -4939.930079006076
-5048.798372799424 2573.299033780099 -3985.8303804632546
-6215.66886399776 1481.6020530346134 -2677.5721610877204
-6830.2498996163295 258.258227973526 -1131.3999048677024
-6837.933257596018 -988.0329739905997 515.3021979665448
-6238.036237862435 -2146.5331103043895 2116.2174391450426
-5083.862323223672 -3114.3043598621907 3529.097473988174
-3477.9649310041314 -3805.3560001466813 4628.401711078311
-1563.0350918671957 -4158.285060288386 5316.452144732771
490.7772744486899 -4141.732244490056 5532.11247446178
2500.981926189226 -3757.168343076195 5256.220333559132
4288.963358409433 -3038.763546318312 4513.289949476744
5695.851574429269 -2050.3512730758716 3369.333947136633
6596.638382228125 -879.7562914022985 1925.9978375149678
6911.284920895303 369.0088975092839 311.5283679277767
6611.833464666598 1584.9860265083134 -1330.6217642695522
5724.891589549027 2660.130191455434 -2854.5403133740538
4329.267973427103 3498.9101151026694 -4124.820428691431
2548.9698991865876 4026.7965203089125 -5028.59214744329
145.8347036996086 4225.4066669978265 -5488.510497935366
-1882.5587433791702 3839.1985448729 -5451.202056338768
-3743.678584635718 3111.8607839907113 -4929.53038983027
-5272.156154784546 2108.0205362748075 -3969.848315297533
-6332.1795141045395 916.8734130151403 -2657.427796558228
-6829.560935284237 -355.7419366235968 -1108.8831561649529
-6720.105896329426 -1596.7480540455756 538.1906189071864
-6013.539957786738 -2695.8760996522005 2137.4437956788165
-4772.644604009299 -3555.463723147288 3546.775711186726
-3107.6788327597365 -4099.132791945205 4640.961039986886
-1166.5821593955445 -4278.575923430822 5322.776613862138
878.1704582923899 -4077.848807898437 5531.640126975307
2844.8937769735116 -3514.7869304395313 5248.993139603862
4558.835798959822 -2639.420809822682 4499.950076951622
5867.70525408716 -1529.530567345646 3351.0667022565817
6655.2033473884685 -283.73482172562217 1904.4263451520542
6851.3574173954785 987.2720079544865 288.56934984339864
6438.738314180084 2170.555387156021 -1352.9282985646157
5454.009055812119 3160.975394883277 -2874.2123304170605
3984.6671583107095 3870.528867063132 -4140.109983438918
2161.2700973695823 4236.168863868259 -5038.140695858816
-251.13988007165077 4216.729535297691 -5491.374831045981
-2236.6133708860093 3650.2725583460137 -5447.214666893487
-4023.3539484810326 2759.472845628015 -4919.045574879671
-5452.601871555521 1623.4818608288429 -3953.797696661844
-6397.36218999311 343.23738816222556 -2637.237542140201
-6773.688803488244 -967.5052327150478 -1086.347258673102
-6548.143440949753 -2192.280767838833 561.0697460835531
-5740.766797628673 -3222.262536074462 2158.633241686683
-4423.297831398197 -3965.932137313608 3564.3927007599336
-2712.7994415251324 -4357.211263945944 4653.440226290984
-761.2569163483039 -4361.333048469989 5329.009166429994
1257.9266265669773 -3977.931252242647 5531.072256160158
3165.3378683917645 -3241.072807389764 5241.675303219695
4791.494949753484 -2216.2308203865587 4486.532496874967
5991.906677700357 -994.4669992232444 3332.7415893593297
6659.911202284194 315.6595789675802 1882.8219661335686
6736.153390006169 1597.738418317912 265.60534858870983
6213.858787903823 2737.8511876411535 -1375.21146976816
5139.435563426104 3634.6938640804 -2893.834714019939
3608.3509350964696 4208.578040104818 -4155.3280445466025
1756.648491196295 4408.511588225391 -5047.602242958511
-645.267135766103 4170.981309632481 -5494.144336150652
-2571.8169487067153 3428.8679132870398 -5443.133212023661
-4269.8495395220025 2382.0845555070305 -4908.475815211702
-5588.487260824669 1123.6425313643392 -3937.6788017268623
-6410.563364330666 -234.6400627141137 -2617.00174648978
-6663.032780621918 -1572.0738575194314 -1063.7926015541127
-6323.462494117178 -2769.8219911516817 583.9391844066055
-5422.024814952034 -3721.4592857065045 2179.785411257896
-4038.8164368144294 -4342.428591371213 3581.948138488187
-2296.7414942118385 -4577.5540602586 4665.839054493323
-350.5909907644879 -4405.943762626883 5335.1496948092845
1626.7110607554582 -3842.8460265200483 5530.408871822634
3459.472695823429 -2938.2945569048684 5234.266950774956
4984.8450002216205 -1772.6627214154005 4473.037440948738
6067.2919507181105 -449.5220239259863 3314.3589248927565
6610.633385521142 913.5606780841794 1861.1850735354653
6566.591033733834 2195.4695047515643 242.63676071838125
5939.078251589155 3282.301231262551 -1397.470893082433
4783.8523035751805 4077.4860892341344 -2913.407125332832
3203.560084798488 4510.368414424303 -4170.474349220849
1338.6174938955771 4542.484712567101 -5056.976625355357
-1033.1040685959454 4088.612722313562 -5496.8189654240705
-2885.2051080366628 3176.854843034834 -5438.957762210039
-4480.943012114295 1982.8194695545865 -4897.821293350636
-5678.529465271025 612.6018847445191 -3921.491908842321
-6371.553655622341 -812.0480658842287 -2596.720759049542
-6498.437342568926 -2164.543982244876 -1041.2195742939018
-6047.906353705705 -3324.7106668382826 606.7985389546211
-5059.992344515826 -4189.462218430674 2200.899939125527
-3622.475810105111 -4681.961666763343 3599.4417212147623
-1863.0864029932475 -4758.448274553751 4678.157310484297
61.84640704455392 -4412.1258710437505 5341.198092962071
1981.2838924079545 -3673.7667215960464 5529.649985418407
3724.6756092097635 -2608.977276874821 5226.76821020105
5137.1135526636135 -1312.3687517950532 4459.465142212828
6093.0964131117735 100.84949611708875 3295.919026298572
6507.68091814177 1505.1068237285158 1839.5160409952657
6344.029415107546 2775.628804999159 219.6639828663471
5616.683058226473 3799.523986299251 -1419.7061841197735
4390.2697632144 4485.814787480251 -2932.9292263688276
2773.761733359159 4773.5212591197 -4185.548635907153
910.7928010420858 4637.079418633346 -5066.263681167464
-1411.2664412161105 3970.3926781981936 -5499.398672679309
-3173.9979999327916 2896.372827020327 -5434.688389556523
-4654.705907494653 1564.997539638899 -4887.082193284468
-5721.822768335188 94.56535298197117 -3905.2372975321246
-6280.530566403497 -1384.269380280613 -2576.394930042454
-6281.185661992437 -2740.105704339127 -1018.6285666956134
-5723.729846984089 -3852.4716118113147 629.6474149800023
-4657.695516896462 -4622.528510280868 2221.9764606725025
-3177.804500172524 -4981.853464979698 3616.8731468511005
-1415.5516080428672 -4898.5188768112575 4690.394781545642
472.4792565073032 -4379.929389642115 5347.154256441376
2318.528265675723 -3472.1639551997378 5528.795610052337
3958.565863745159 -2255.881515997315 5219.179210990245
5246.867512940677 -839.1541043255515 4445.815835040949
6068.961958112577 652.1358320826517 3277.4222120068353
6351.802500105303 2085.4806379593633 1817.815242705424
6070.257515537519 3333.5213371723466 196.6874117388373
5249.343511827873 4285.364036660138 -1441.91695890925
3962.002300727791 4856.433335480332 -2952.4006800098505
2322.6197982472713 4995.987220336454 -4200.550644294651
476.86233404341954 4691.625716136879 -5075.463250020962
-1776.4580401510962 3817.4012738434503 -5501.883413368598
-3435.6246340473826 2589.8124824520296 -5430.325167788942
-4789.520902218206 1132.1074867898394 -4876.258700461744
-5717.847219760646 -426.1902272455053 -3888.9152484896663
-6138.117719468107 -1946.619069285042 -2556.0246104658395
-6012.989523114903 -3294.082264421527 -996.0199688728793
-5353.580820063043 -4348.851794522266 652.4854179161026
-4218.482967346098 -5017.206758057946 2243.0146119381625
-2708.5543904728925 -5239.760883490956 3634.2421143819865
-957.9588697109996 -4996.739260113899 4702.55125635415
877.7555005579483 -4309.735425646663 5353.01808239296
2635.477442635796 -3239.7926856483004 5527.845760478237
4159.025648333175 -1881.9801479340701 5211.500084193459
5313.0261735927215 -356.94541514203655 4432.089755136657
5994.9410074972075 1199.8054842144854 3258.8688014304557
6144.17902452029 2649.948401038929 1796.0830534069635
5747.479771929207 3864.6317733240453 173.7074441076109
4840.091719202665 4735.92565289213 -1464.1028339032764
3502.640276832317 5186.411754933334 -2971.821150012384
1853.9638747817235 5176.062412355609 -4215.480115320595
40.55464647033276 4705.797209664326 -5084.575173052776
-2125.4991571870014 3631.020136389653 -5504.273144584103
-3667.7454492282586 2259.795266224092 -5425.86817225374
-4884.09646246981 687.7776697063105 -4865.35100178834
-5666.474071516608 -945.3519910274545 -3872.5260435728474
-5945.36059239727 -2494.4829787495205 -2535.610152085304
-5695.975733858218 -3821.96820695148 -973.3941712430712
-4940.478434988077 -4809.854787534559 675.3121533840379
-3745.9979462367137 -5370.364662545139 2264.0140296244444
-2218.669100921022 -5453.694069831428 3651.5483238707616
-494.20176951950475 -5052.438825870971 4714.626524985294
1274.1775578725576 -4202.252219969291 5358.789469557155
2929.3406176115163 -2978.677063043231 5526.800453098619
4324.21890827617 -1490.4333773567507 5203.730962417961
5334.871372418333 130.24185456698382 4418.287139529281
5871.49710342373 1739.3445261554782 3240.2591149596797
5886.414550149295 3193.8988036073406 1774.319848382986
5378.298231989307 4364.66115616467 150.7244768030302
4392.2965136440525 5147.604210996733 -1486.2634259842916
3016.0199747857373 5473.160041792748 -2991.190301013326
1371.7568255820715 5312.401584308244 -4230.336791174883
-394.3929374302493 4679.61293296759 -5093.599292913329
-2455.354041282588 3412.92016728278 -5506.567825058664
-3868.2729198965694 1909.1511588672076 -5421.317479916706
-4937.4787739416315 235.74569181441993 -4854.359285624246
-5567.967971153266 -1458.6068145090087 -3856.069965799223
-5703.718779502951 -3023.3557043727064 -2515.1519074286434
-5332.669143936212 -4319.466172124944 -950.7515645206561
-4487.788452897638 -5231.773114818807 698.1272271995308
-3244.148063483877 -5679.214057002846 2284.9743511021397
-1712.2508819203117 -5622.0319074018 3668.7914764645266
-28.212695408868967 -5065.307550947446 4726.620378916856
1658.3323128990162 -4058.5083898553553 5364.46831827053
3197.5272177343277 -2691.092947853913 5525.659705964407
4452.607797156901 -1084.5620877687293 5195.871979825125
5312.054633854579 618.3368733369979 4404.408226569771
5699.502104766488 2266.2938897200584 3221.593473956554
5580.523801816881 3712.880748534583 1752.526003452189
4965.6914693505 4829.561859133025 127.73890670739034
3909.6356582542417 5517.115204364355 -1508.398352471306
2506.191561768612 5714.448652226621 -3010.507798535776
880.0613467793228 5404.028259893694 -4245.120415304477
-824.266180956948 4613.43624148179 -5102.535453769291
-2763.157085541988 3165.0467981498127 -5508.767415166508
-4035.390018735876 1540.8945198371343 -5416.673169361644
-4949.060839747667 -220.17299866729905 -4843.283741780315
-5422.985886552104 -1961.6771800268511 -3839.5472993411795
-5415.054838954806 -3528.877735262477 -2494.650229779813
-4925.972405339621 -4782.522017495193 -928.0925397102679
-3999.195706236164 -5611.2182307212715 720.9302453795616
-2717.072918452318 -5941.333079722143 2305.895214417158
-1193.5262781859126 -5743.5344114789295 3685.971274399276
436.07040960113983 -5035.397505690196 4738.532611032534
2026.9203278316763 -3879.843434042882 5370.054530467696
3437.6694799409743 -2379.548246868426 5524.42353877464
4542.966612793506 -667.819755484205 5187.923272128075
5244.601225618723 1103.247451853503 4390.453255926647
5480.23000399433 2776.2862815723342 3202.8722007493716
5228.916296921791 4202.639891641789 1730.7018949623755
4512.990430146526 5255.570504357494 104.75113074778037
3396.0655587204483 5841.520614069747 -1530.5072311265078
1977.385359013835 5908.4259821309215 -3029.773308994839
383.0057925461104 5450.341772979409 -4259.830732417821
-1245.405519382573 4507.970778867761 -5111.383501306215
-3046.237524788091 2889.60288741574 -5510.871876923931
-4167.566374396851 1158.19831931012 -5411.9353207889935
-4918.588662576648 -676.1172521358019 -4832.124561514981
-5232.572763215691 -2450.356838637792 -3822.9583295209836
-5081.619811075667 -4006.871466812901 -2474.105473172779
-4479.1426384003325 -5207.357981295903 -905.4174881001103
-3478.6739859094164 -5945.1478870266565 743.7208141494551
-2169.109883861091 -6154.685313143307 2326.7762582968185
-666.8108496497998 -5817.35193979555 3703.0874210050483
894.7372548041084 -4963.121317568455 4750.363015625515
2376.784027678906 -3667.8955859762364 5375.548009682923
3647.6431093495166 -2046.7612352753788 5523.091972876113
4594.393093336297 -243.7631667565612 5179.884976589355
5132.911088818148 1580.8943288656144 4376.422468581822
5215.347408649204 3265.0824257275826 3184.0956186271264
4834.377224046654 4659.153620485432 1708.8478997839472
4023.851407772542 5639.238569704269 81.76154588946011
2855.788735536787 6118.252424614027 -1552.5896801619363
1433.9767017261515 6053.632702088298 -3048.9864997033474
-115.25045493595903 5451.121148052482 -4274.467488489251
-1654.2371029087278 4364.253558161054 -5120.143282731283
-3302.1424321873574 2589.0294064136006 -5512.881173989965
-4263.571982489233 764.366965791058 -5407.104016014467
-4846.164451769487 -1128.2128341112432 -4820.881937530931
-4998.153942467603 -2920.5459726222475 -3806.303342805864
-4706.03552134017 -4453.375784860881 -2453.517992385391
-3995.7651920449503 -5590.503615296873 -882.7268012551367
-2930.4535903098003 -6230.890665992732 766.4985399494238
-1604.7583269918562 -6317.635737201824 2347.617122156043
-136.4732439547716 -5843.031148672749 3720.1396207110356
1343.9380857106657 -4849.247600864244 4762.111388402028
2704.9346186855664 -3424.5871231463607 5380.948661051884
3825.585840380195 -1695.6370509838648 5521.665031263021
4606.316971850094 183.97781433916595 5171.7572320185645
4977.756625882038 2047.245443484834 4362.316106826466
4906.900759179211 3728.606330788208 3165.2640518339276
4400.045226444008 5078.664182881693 1686.9643953034338
3502.2263660588164 5977.460434975467 58.770549128911625
2293.2193237820497 6345.133095768606 -1574.6453182460036
880.4496809599724 6149.012835844746 -3068.1470388776333
-610.55177980514 5406.525800957725 -4289.030430763434
-2047.3030355722378 4183.645222507911 -5128.814646775899
-3528.6578180913075 2265.9840826188856 -5514.7952716669815
-4322.488348930948 362.8079611161691 -5402.179338467625
-4732.246821040405 -1572.6052398882987 -4809.556063971852
-4721.52439597729 -3368.2855640641947 -3789.582626803062
-4291.273808263062 -4864.678934395285 -2432.888142933363
-3479.724710739747 -5928.824233113462 -860.0208710102976
-2358.986802146817 -6466.167480502923 789.263029441491
-1028.6425639400813 -6428.963370941093 2368.4174461036337
393.1010801962795 -5820.517652830087 3737.1275790507093
1779.9159682615243 -4694.8933983441175 4773.777526484871
3008.577511514157 -3152.107262214952 5386.256391313228
3969.913739943804 -1329.2425630431223 5520.142738576559
4578.505710899959 611.7311711400237 5163.540178769957
4780.277357001276 2498.3499062293286 4348.134414256803
4557.300382031377 4162.979288322186 3146.377825563345
3929.387268734671 5457.7096917139215 1665.0517594169182
2952.3308527788786 6267.498638232383 35.778537486998495
1712.9468844631467 6520.392826279145 -1596.673764510149
321.3600683192589 6193.92149743839 -3087.2545956431854
-1098.7810001602363 5317.093061973434 -4303.519307759686
-2421.2905548544572 3967.8175742735953 -5137.397443698293
-3723.827650651782 1923.3181850752894 -5516.614136901319
-4343.716966576159 -42.99737525735977 -5397.161373190444
-4577.647967932314 -2005.492430107569 -4798.147136419011
-4404.834858660449 -3789.7906815841075 -3772.796470254871
-3840.6328418972194 -5237.349399779422 -2412.2162810639866
-2935.173742791804 -6219.546640075067 -837.3000894637753
-1768.911575841501 -6649.10986736918 812.0138895162497
-445.47385263711914 -6487.870503809486 2389.176870948453
917.5461773038948 -5750.1553744355615 3754.051002666906
2199.038202806371 -4501.513705901808 4785.361228416917
3285.136033669301 -2852.89279003115 5391.471108810228
4079.335111358676 -950.7798300524423 5518.525121104489
4511.067362536561 1035.8140902549846 5155.233958740015
4541.971482060022 2930.371383047992 4333.877635769894
4169.3015032889 4564.552318734197 3127.4372659528653
3426.170789272281 5793.15274969294 1643.1103705235503
2378.609765125953 6507.00613600937 12.785908002109782
1119.6988249911283 6642.683471615265 -1618.6746385553852
-238.70226946145314 6188.129229831881 -3106.308840040506
-1575.8936197447797 5183.732549820077 -4317.933869276266
-2773.0599062185133 3718.7384843211735 -5145.891525286128
-3885.9706356944876 1564.0516529233023 -5518.337738283842
-4326.985048765351 -449.5238625282808 -5392.050206835831
-4383.527851592297 -2423.157210091294 -4786.655351887866
-4050.5749680101403 -4181.482405687409 -3755.945163033648
-3357.7107228648224 -5568.264539404903 -2391.502763750035
-2366.499144922148 -6460.281932869839 -814.5648489701952
-1165.013732742695 -6778.27492611898 834.7507272996088
139.98826216950053 -6493.988446212876 2409.8950382056073
1432.551685659559 -5632.6825944618595 3770.9095993168457
2597.8266052292615 -4270.888175572453 4796.86229416459
3532.2732305500335 -2529.60659979942 5396.592723492335
4152.86187821069 -563.5583766384823 5516.812206780701
4404.450523458153 1452.5644814220027 5146.838715364995
4264.6844110836 3339.620610833877 4319.5460175594435
3745.982373524987 4929.936793289537 3108.442700078246
2894.433363105807 6082.206456990133 1621.1406075190068
1785.7012463630608 6694.045385663763 -10.206942276697543
518.30173746009 6711.089005486836 -1640.6475604587108
-795.1511553458776 6131.822916043396 -3125.309443030683
-2037.9513785360157 5007.717451447838 -4332.273866394815
-3099.6706783408977 3438.654315285089 -5154.296744859038
-4013.6946126458784 1191.3467820609471 -5519.966046050467
-4272.348466837729 -853.232839121561 -5386.845927666155
-4151.385410858611 -2821.9989781974555 -4775.080908824724
-3661.5535430699024 -4540.0181239219755 -3739.028996136803
-2846.3765745163782 -5854.636735794651 -2370.7479486836464
-1778.2865561992048 -6649.0451810418535 -791.8155421339183
-552.1879734817178 -6852.656783099307 857.4731501596804
722.9749339166307 -6447.379757589409 2430.5715901026524
1933.8983457132376 -5469.224746757654 3787.703077877255
2972.9864027201143 -4005.1051158790165 4808.280525121284
3747.9115711093823 -2185.1143193402045 5401.621146916762
4189.8183489665535 -170.96652631177272 5515.004025184717
4259.441379803069 1858.3723928536913 5138.35459361848
3950.5943517934684 3722.5867695811853 4305.13980711152
3290.7196787292464 5256.032975528459 3089.394455947814
2338.4501211245083 6322.457585879186 1599.1428497889297
1178.3990081384904 6827.104094076458 -33.19961629656441
-86.35802803949022 6725.132443262179 -1662.5921507799721
-1343.4417744501868 6025.603262106433 -3144.2560765010867
-2481.154823603885 4790.672788188131 -4346.539051484581
-3398.406378311738 3130.070013518123 -5162.612957271183
-4105.90844383629 808.4806972359422 -5521.499032082709
-4180.1918625210055 -1250.6027073356627 -5381.5486255517035
-3883.0468897508913 -3198.564573180859 -4763.424007103277
-3240.8761603558096 -4862.3199400295125 -3722.048261681779
-2310.7393617623206 -6094.036842266966 -2349.9521942700653
-1175.2832303636062 -6784.2718278287775 -769.0525618021427
64.6019736984197 -6871.694489201471 880.180765713481
1298.74700889626 -6348.536939274044 2451.206169585807
2417.492672896292 -5261.2840221966435 3804.4311483493316
3321.4335039176267 -3706.542930982446 4819.615724110908
3930.2503922450355 -1822.459234454702 5406.556292250002
4189.847285601708 223.55796278495794 5513.100607541186
4077.1578607907054 2249.711053963202 5129.781740008818
3602.195067735883 4075.96744530247 4290.659253200292
2807.1614349400293 5540.056242038126 3070.2928624968995
1762.6991896247205 6511.886729532286 1577.1174772023835
561.6133858332591 6905.10750416329 -56.19171700763529
-689.3742318892361 6684.779174484212 -1684.5080305682357
-1879.1079238393747 5870.478879481992 -3163.148413271102
-2901.8746304270967 4534.560773865551 -4360.7291782066695
-3666.797041434291 2795.727043899004 -5170.840018913757
-4161.831296070522 418.81684719153856 -5522.936669908145
-4051.2259302624634 -1638.1593801240804 -5376.158391969129
-3580.651362038422 -3549.5779575715956 -4751.684848021154
-2791.9202068675822 -5145.600956422582 -3705.003252901007
-1755.1146891765238 -6284.414729197572 -2329.1158596216196
-562.3595291581807 -6864.830674583558 -746.276301058254
680.3637429000108 -6835.276288719576 902.8731818337409
1862.6337106744147 -6198.377608486938 2471.798420326092
2879.4004992220052 -5010.725876608122 3821.093521863786
3640.319917372748 -3377.849161384369 4830.867695391144
4077.7809355841036 -1444.8357247246968 5411.398074269315
4152.91322262192 616.5577066338974 5511.101986719346
3859.0409450702705 2623.167280039174 5121.120302576634
3222.275944426888 4396.696929032912 4276.104605883716
2299.197585396102 5779.560761295421 3051.138249582046
1171.8254310404664 6648.885256732185 1555.0648701053537
-59.668555334331955 6927.427118955944 -79.18284736999779
-1285.8607287165528 6590.436681147264 -1706.3948213683495
-2397.7985334453906 5667.857022563673 -3181.98612709772
-3296.6814159120945 4241.663394544407 -4374.844001518386
-3902.6396873268873 2438.579359686701 -5178.977787717442
-4180.999235783729 25.775768769527847 -5524.27893470087
-3886.4818887830397 -2012.5063685775553 -5370.675319999875
-3246.633570419121 -3871.9684833378105 -4739.863634296439
-2318.3076117067367 -5387.389206499634 -3687.8942641368394
-1183.9898479688036 -6424.1167564958805 -2308.2393045512445
55.5306096150243 -6890.033340905419 -723.4871532149267
1290.1169288424785 -6743.740226562218 925.550006655598
2410.070697357388 -5998.236198672435 2492.3479867254678
3315.879107991056 -4719.762561704595 3837.6899106858114
3927.0571083839286 -3021.9173087924355 4842.0362446569425
4189.298851090612 -1055.5614415284342 5416.146409364213
4079.3030064427007 1004.585692070485 5509.008197232454
3606.8431879459595 2975.470978377272 5112.370430892307
2813.8995238296093 4681.972610615877 4261.476116499282
1770.928538426328 5972.460429902892 3031.930947975384
570.6027807919716 6732.268930282143 1532.9854093140457
-680.4235379647906 6893.885792130237 -102.17261036048122
-1870.9912393838838 6442.950648028064 -1728.252145227386
-2895.313158473891 5419.531064425394 -3200.7688926812016
-3662.3737975609865 3914.562362528169 -4388.883277677382
-4104.016452672093 2061.767615946358 -5187.026123154886
-4163.269082191259 -367.194627950133 -5525.525803281936
-3687.3031852165614 -2370.3542514157534 -5365.099504328566
-2883.7042187718716 -4162.8974975147785 -4727.96057006423
-1823.8754775617786 -5585.549032384849 -3670.7215908364724
-601.9873962245961 -6511.900023949345 -2287.3228895664906
673.3899070452916 -6859.64012138336 -700.6855118073865
1888.9335619512824 -6597.871090997617 948.2108485835396
2936.6371804295004 -5749.852259896352 2512.8545139230487
3723.4076982065426 -4390.933822692286 3854.2200282200715
4179.3371020924005 -2641.8616460462613 4853.121179043769
4263.9140637385535 -658.0484685301781 5420.801215537905
3969.6235489428786 1384.2352032129093 5506.819275237188
3322.614561417618 3303.5235025344214 5103.53227605331
2380.376689056553 4929.279241381668 4246.774037659585
1226.6319017617664 6117.046887846492 3012.671289358899
-36.10451298997347 6761.288074108025 1510.8794761085014
-1295.6328833205241 6804.759143561069 -125.16060897952742
-2440.0385861767863 6243.597500915063 -1750.0796247014382
-3367.636152718264 5127.664820736429 -3219.4963856706745
-3996.0044684628992 3556.1166188489037 -4402.846764245917
-4269.310251007823 1668.591849615931 -5194.984886243113
-4108.81948640006 -756.6489973786541 -5526.677254119748
-3455.3344989337706 -2708.5492727502697 -5359.431041241379
-2494.8278777515266 -4419.783058965311 -4715.975860872977
-1312.6448512592513 -5738.299724492795 -3653.485529546827
-13.827569285529592 -6546.943277385532 -2266.3669758632614
1286.2183529005001 -6773.86218929521 -677.8717705865852
2471.9781299550273 -6398.893719081417 970.8553162979489
3438.0918020657223 -5455.35546084467 2533.317647801053
4098.715929745504 -4027.0849294787813 3870.683589015626
4395.151160148813 -2240.990229557555 4864.12230713103
4301.057922169719 -255.773713316493 5425.362412408682
3824.796812924042 1752.1694197971815 5504.5352585330265
3008.6857220057 3604.4246106930536 5094.605990681599
1925.2397012873607 5136.410857171928 4231.998623247986
670.7276843343443 6212.004458223333 2993.359606318706
-643.3814308117217 6735.634202229032 1488.7474522257612
-1900.3232823972774 6660.773288522851 -148.14644625804635
-2988.4130709104834 5994.073437809266 -1771.8768828618822
-3810.9692436384953 4794.773857588352 -3238.1682826697424
-4294.904074906192 3169.437578602165 -4416.734220095001
-4397.217831242377 1262.4828619094992 -5202.853939545916
-4018.1492282748045 -1139.1744611000317 -5527.733267330434
-3192.508135343099 -3024.100821506575 -5353.670028624378
-2083.19868449496 -4640.322552874393 -4703.909713681089
-788.7878885626274 -5844.231261699176 -3636.1863779094892
575.7101728071749 -6528.854375935559 -2245.3719253195004
1889.0538588605466 -6633.360127464541 -655.0463235125136
3034.5468195778603 -6148.462721646847 993.4830187620262
3910.4069784862972 -5117.2474209266 2553.7370349911307
4438.810316817851 -3631.342230186613 3887.0803087708773
4572.805879101912 -1822.7763464116335 4875.039438945372
4300.487571599695 147.7512148642683 5429.829921211368
3646.05207098198 2105.150432303953 5502.156186561597
2667.6488434215385 3875.4977955329255 5085.591728921101
1452.2133093389932 5301.490172286816 4217.150128414278
107.74224978850984 6256.421882026633 2973.996232339307
-1246.302181474738 6655.443051693168 1466.5897198535088
-2489.6071946069333 6463.098899286002 -171.12972526427114
-3511.6996830370867 5696.480046834903 -1793.6435433019035
-4221.762243789144 4423.7039436316145 -3256.7842612420786
-4556.702702282098 2757.8623319316202 -4430.545405408601
-4486.760128916839 846.9725493600153 -5210.633147176292
-3892.072746740299 -1511.420217975857 -5528.693824678195
-2901.0279224089354 -3314.2075551310345 -5347.816565961816
-1652.2140362202067 -4822.513006852496 -4691.762336853285
-256.5936822914248 -5902.3170146653765 -3618.824434655442
1161.8261463517772 -6457.674253833644 -2224.338100489005
2477.012623301566 -6439.2387965120915 -632.2095647471318
3572.105658480131 -5848.6487139864275 1016.0935652284687
4349.801429975264 -4738.380526850935 2574.112322880369
4740.99825562793 -3207.0864358642943 3903.4099043384804
4710.936580739899 -1390.8286409841064 4885.872385963896
4262.287517048455 549.010382198495 5434.203664798619
3434.9155027265715 2440.0674236303753 5499.682100405991
2302.3361721090178 4114.313766413194 5076.489646434911
965.1841689637228 5422.985275681597 4202.2288095702215
-457.728683234962 6249.8007448268 2954.5815017978334
-1839.9703332189986 6521.293990995321 1444.406661623327
-3058.7225445196914 6213.3416478366 -194.1100491106126
-4005.6938347570344 5353.306632466869 -1815.3792301431904
-4596.741649078343 4017.6068302032604 -3275.343999916984
-4779.348795410577 2324.925030098909 -4444.280081687766
-4537.28982744385 425.66343830482685 -5218.322374798689
-3731.7129429490783 -1870.1266067351978 -5529.558909575608
-2583.3507441415836 -3576.2819414846567 -5341.8707543344235
-1205.4464948691068 -4964.668931478379 -4679.533940156934
279.56696548727365 -5911.923299819478 -3601.399999600068
1739.7396741007162 -6333.877338923556 -2203.2658645951346
3045.328877948501 -6193.038580701393 -609.3618886479293
4080.3272467848938 -5501.921166881742 1038.686565246238
4752.770633523265 -4321.933912601279 2594.443159617381
5002.909492282698 -2757.923863691647 3919.672093730211
4808.517887746126 -948.8601765434453 4896.620961117476
4186.868367050136 944.5139012949043 5438.483567642286
3193.197218172543 2753.9637740722337 5497.113042790053
1915.7964833451254 4318.711879952296 5067.299900402671
468.1688236381182 5499.723482943659 4187.234924385176
-1021.0576905741773 6192.060519336505 2935.1157499582564
-2419.5587481410994 6334.20580517629 1422.19866060422
-3603.071392876997 5913.529108021831 -217.0870209605127
-4466.435332537415 4967.4093985245645 -1837.0835680422301
-4932.93689227325 3579.9135648513334 -3293.847178194901
-4961.125361293623 1874.3267007490992 -4457.938011754735
-4548.496070423006 2.197683938081699 -5225.921489631407
-3538.491319146853 -2212.1533708847614 -5530.328507083925
-2242.165865706989 -3807.973006043782 -5335.832696417671
-746.6141355162054 -5065.437528601518 -4667.224734758579
815.2775370772771 -5872.815697436502 -3583.9133736378435
2304.728222714952 -6158.368419127091 -2182.1555815245656
3589.3936916311904 -5896.723081223567 -586.5036897607852
4555.125779251222 -5111.128020210312 1061.2616286672812
5116.114951544551 -3871.386804785499 2614.729194118308
5222.514858692487 -2287.65588245433 3935.8665961218567
4864.871402016622 -500.6566957545821 4907.284978793925
4074.9627721350766 1330.8280354586554 5442.669555834713
2922.9758172697607 3044.062855478738 5494.449058077649
1511.2696337718864 4486.81933213977 5058.02264951783
-34.719488784130064 5530.902221057818 4172.168731781569
-1577.6236323976973 6083.540175670268 2915.5993129656244
-2980.348992985482 6095.628888498094 1399.9661002958187
-4118.257266500374 5566.094224356082 -240.0602440353123
-4890.240309212362 4541.987661977851 -1858.7561821968752
-5227.704039984705 3114.305563648361 -3312.293476553069
-5100.663325403098 1409.9037490838189 -4471.51895975705
-4520.406290467091 -419.7742008475272 -5233.430360448865
-3314.115538928279 -2534.506882688963 -5531.002603913323
-1880.3722239033252 -4007.187086579251 -5329.702496479978
-279.54958490694224 -5123.811132576102 -4654.834933220201
1346.1122614914952 -5785.162073968729 -3566.364858737205
2852.166126140091 -5932.4759773236565 -2161.00761582099
4104.792513956262 -5552.663355851357 -563.6353628133479
4992.6900733221655 -4679.472227749885 1083.8183656533001
5436.9652096138925 -3390.489456687188 2634.9700760731125
5398.142127302592 -1800.2468184799616 3951.993131858074
4879.670427623914 -50.04435019771558 4917.864254841273
3927.618596369887 1704.6047782156056 5446.761557090004
2626.580616758094 3307.7922915495938 5491.690192271895
1092.159422788121 4617.0679437720555 5048.658053984956
-539.3049287592053 5516.096847521389 4157.03049193053
-2122.8496706856163 5924.996339376163 2896.0325278402183
-3517.769903399248 5807.433905059196 1377.7093646219091
-4600.120842716925 5173.855482773795 -263.02932162104395
-5273.730857861385 4080.5572957531267 -1880.3966983527998
-5478.74674289818 2624.683685774047 -3330.682576450915
-5196.95193674441 935.5954120793349 -4485.022691171606
-4453.385144562943 -836.6246197715299 -5240.848857583835
-3060.5645166970958 -2834.366091964396 -5531.581188423137
-1501.0538743927477 -4172.106414242656 -5323.480260380926
191.83199191786778 -5139.136772628046 -4642.364749495518
1867.6727439056785 -5649.53227603514 -3548.754757935324
3377.562576450685 -5657.942044152489 -2139.822332678794
4587.341151888784 -5163.6188321772015 -540.7573027081528
5389.514334766516 -4210.4854267949595 1106.356386682457
5712.805517506151 -2883.2319138310168 2655.165455951315
5528.488859781283 -1299.790592468365 3968.0514224571907
4852.941705491089 399.14282707219377 4928.358606570915
3746.1893838841243 2062.6106548179228 5450.759500745288
2306.5716956377128 3542.806474265323 5488.836493014366
662.0049900107049 4708.208391124124 5039.206275516896
-1041.383764139749 5455.26533079931 4141.8204662472735
-2652.2410008090496 5717.598005795404 2876.41573247182
-4027.43498538853 5471.897006710999 1355.4288379237205
-5044.773697408909 4739.993945555832 -285.99385707537095
-5613.862127789786 3586.921621217217 -1902.00474280995
-5684.134272088373 2115.1355698871594 -3349.014160335556
-5249.346141899509 455.41044105308737 -4498.448972808753
-4348.1305706267585 -1244.7799040043649 -5248.176852929736
-2780.071165338165 -3109.1069764329895 -5532.064250622056
-1107.4538031066277 -4301.205358311928 -5317.166095569424
663.5656895119265 -5111.122768576036 -4629.814398926351
2375.6244586072057 -5466.894491059308 -3531.0833753328698
3876.5985692990675 -5336.908646940651 -2118.600097936865
5033.11988493606 -4732.715048903489 -517.8699045158129
5742.426411313686 -3707.99894959335 1128.8753025561261
5941.493150822862 -2353.810871326456 2675.3149850083028
5612.632150068183 -790.4763676133267 3984.041190616056
4785.064152149455 843.095430310622 4938.76785276076
3532.3222054040853 2401.754499388125 5454.663317761938
1965.717929367897 3747.0071412689695 5485.888009584272
224.45098889627823 4759.321755178093 5029.667477332032
-1536.759406925655 5348.749745200102 4126.53891738669
-3161.4219854847074 5462.917847759453 2856.7492656137524
-4505.17834696156 5091.6817259252675 1333.1249049533772
-5448.629841661338 4268.0273382654095 -308.9534538343776
-5907.946664011288 3065.1399916711957 -1923.5799424290515
-5842.3164986669335 1589.9015056716723 -3367.2879116473905
-5257.57087383236 -26.60670627459411 -4511.797572816228
-4205.66700438801 -1640.7507956067786 -5255.414219942825
-2475.102951194567 -3356.325283286802 -5532.451782168308
-702.9463235246643 -4393.264191582897 -5310.760111081859
1131.6701698195625 -5039.842296934502 -4617.184098238893
2865.7328023225195 -5238.608297219827 -3513.3510160887513
4345.162499277901 -4971.900961043315 -2097.3412780721083
5438.505439740857 -4263.418405650125 -494.973563468196
6048.613305394835 -3176.1124152114153 1151.3747244055842
6121.275334962197 -1806.5948985413954 2695.4183152911914
5650.035188243813 -276.55349702485086 3999.962160214719
4676.764620278933 1278.0608963373838 4949.0918136583505
3287.942992158753 2719.1139703821977 5458.472940726744
1606.9732002851692 3918.5618355233855 5482.844792897607
-216.78321251955606 4769.828285252989 5020.041824151447
-2021.2774855544076 5197.274559791186 4111.186109238762
-3646.172383767642 5162.9201818282045 2837.0334668771147
-4947.088864719154 4669.81768860775 1310.7979508671374
-5808.434790098464 3761.7814005971204 -331.9077154194326
-6153.675794481299 2519.494326837668 -1945.1219246379715
-5952.135699563043 1053.3391255199344 -3385.5035148254724
-5221.7222272213185 -506.40987960285827 -4525.068260683259
-4027.3358198404057 -2021.1621445797955 -5262.560833644356
-2148.3404242488045 -3573.8573663255547 -5532.743776369786
-291.0082939377591 -4447.3802543733045 -5304.262417540203
1592.1812003585671 -4925.733889813217 -4604.474065539937
3333.898407830863 -4966.414452916078 -3495.557986414857
4779.384111195244 -4565.807297126496 -2076.046240193227
5800.20056229819 -3759.508126271941 -472.0686749516001
6305.643739680038 -2619.1601600684394 1173.8542636987647
6250.802798929541 -1246.0883196478208 2715.475099644892
5640.550598297887 237.70393634203796 4015.814056321384
4529.110723858876 1700.375154441355 4959.330310983996
3015.2394859299643 3011.960578095099 5462.188303853081
1233.450987515649 4055.9200866138012 5479.706895506267
-657.9350440499775 4739.493296324752 5010.329482196082
-2490.8606596513255 5001.9417277334815 4095.762306924015
-4102.4623746807365 4819.945685973366 2817.2686767248847
-5349.542304360156 4209.676318031258 1288.448361218791
-6121.291924217413 3225.358735371866 -354.8562454440349
-6349.137893760825 1954.4538748209648 -1966.6303174382392
-6012.835098710867 509.88721051270267 -3403.6606553130127
-5142.2655182482295 -979.985170052807 -4538.260807244488
-3814.783080028686 -2382.7815676650507 -5269.616570622772
-1802.6539087720632 -3759.798939410133 -5532.940228184179
124.810600765602 -4462.976417153423 -5297.673127150116
2041.185140702975 -4769.598854783224 -4591.68452031316
3776.1914232954273 -4652.421503125708 -3477.704593570756
5175.666526384962 -4121.85608409999 -2054.7153520343572
6115.2609455667425 -3225.0456635345 -449.1556344999081
6511.487593354283 -2041.6757828841908 1196.3135322468916
6329.139993279648 -676.8940491779973 2735.4849917181186
5584.420529828742 748.0326912982389 4031.596605196997
4343.500795476705 2106.4934444652386 4969.483167933841
2716.6419543072743 3277.7830108972853 5465.809342982084
848.3975537108046 4157.827172497281 5476.474371597145
-1095.230692664221 4668.430143496888 5000.530619183872
-2941.5428856553112 4764.222609178554 4080.2677767889295
-4526.486084507582 4436.69298858815 2797.4552364660863
-5709.231130594375 3714.943725855182 1266.076521953097
-6384.6859361796805 2663.105410317991 -377.7986476206742
-6492.8333776026975 1374.6384922284176 -1988.1047494113323
-6024.064080095749 -35.97108839728951 -3421.7590195627768
-5020.030252902491 -1443.3844799624042 -4551.374984683966
-3569.9447076989723 -2722.5468262943614 -5276.581309035819
-1441.0785554828472 -3912.5215848895914 -5533.041134219055
540.9182498912674 -4439.806764746961 -5290.992353698997
2474.8520949819335 -4572.595629785496 -4578.815683415272
4188.8844707239095 -4299.089306612179 -3459.791145858438
5530.716078625341 -3643.5900323036913 -2033.3489819487172
6381.119291793163 -2664.341793993532 -426.23483778782673
6664.532052804391 -1448.3550950156718 1218.752142211284
6355.771894106753 -103.67568984400022 2755.4476459692683
5482.273510772191 1250.2157553435513 4047.3095343000236
4121.651067444471 2493.0200441873726 4979.550209182894
2394.8018392065387 3514.308561666869 5469.335995583694
455.1639581403196 4223.335341153171 5473.147276991204
-1524.9172380607918 4557.100241776136 4990.645404326829
-3369.5028456711366 4485.946787412275 4064.702786401384
-4914.693338623904 4016.1972747336067 2777.593488249806
-6023.1917606634825 3189.591009403396 1243.682819398946
-6596.503162426405 2079.5755855981292 -400.7345257676148
-6583.68630993043 784.780744945305 -2009.5448497252542
-5985.880036765643 -579.7453088494758 -3439.7982950424753
-4856.202053732367 -1892.7584477825917 -4564.410566538985
-3295.0292071332556 -3037.5916923966024 -5283.4549286126685
-1066.7879703106018 -4030.6868749541027 -5533.046492731908
953.7109411972583 -4377.959448662782 -5284.220212554022
2889.468450288191 -4336.2311129991685 -4565.8677770722525
4568.484007347561 -3909.2096137087697 -3441.8179526169106
5841.569711892259 -3134.8376849565193 -2011.9474989022458
6595.606312228881 -2081.921670887307 -403.3066806239649
6763.594347382415 -844.0177799969739 1241.1697061099946
6330.607343226104 468.88079455712426 2775.3627176725536
5335.1180952114255 1740.1172528653174 4062.9525722911944
3865.5801916570736 2856.7366568776556 4989.531260888091
2052.5685242547397 3719.5224723440797 5472.7682007577905
57.177135923756275 4251.812393287221 5469.725669142495
-1943.2946918517935 4406.310124315431 4980.674008328144
-3771.096258247997 4169.287864024728 4049.06760454597
-5263.819372915533 3561.8060803969965 2757.683775059367
-6288.829036408684 2637.842195797448 1221.2676402628056
-6755.048641945246 1479.4944561215025 -423.6634838158452
-6621.0525316022795 189.68714136468688 -2030.9502481408767
-5898.74684781598 -1116.974708330722 -3457.778170240263
-4652.311620377106 -2324.388453428122 -4577.367327704183
-2992.4980891344203 -3325.270084027755 -5290.237310655965
-683.0666470703525 -4113.257984376661 -5532.95630363021
1359.6043454909639 -4277.856678222552 -5277.356820660166
3281.4685254300152 -4062.349033143541 -4552.841024875507
4911.759826397136 -3485.8838491446418 -3423.7853242169354
6105.619711885942 -2599.6825875999207 -1990.511272467244
6756.968491902889 -1482.4881196278284 -380.3715589440088
6807.930968946444 -233.56807643484015 1263.5658368245033
6253.9789032861345 1036.1055153460063 2795.229862923818
5144.333366934485 2213.7165852141898 4078.525449038132
3577.591235395525 3194.62922175089 4999.426150691295
1692.964422591205 3891.685032535561 5476.105899235211
-342.0897086123781 4242.947549800998 5466.209607137177
-2346.747667969838 4217.205557397976 4970.616603379234
-4142.886798495586 3816.746344318389 4033.362501219394
-5570.912256215783 3077.152469030654 2737.7264407063913
-6503.937712425441 2064.1400930083537 1198.8313716220255
-6859.059760825556 867.7198113926707 -446.5851258157656
-6604.724248988351 -405.8011833909177 -2052.3205750182756
-5763.530003273549 -1643.264962201089 -3475.698334669945
-4410.220823933069 -2734.7174377701695 -4590.245044435257
-2665.04417045086 -3583.17826788355 -5296.928338043898
-293.2814416192316 -4159.508694655904 -5532.770568471391
1755.0643966625871 -4140.25184553697 -5270.4022965381555
3647.4650613277145 -3753.1154507461133 -4539.735651777973
5215.772448657078 -3032.498277880596 -3405.693572055558
6320.635564882885 -2042.4303251258787 -1969.0406728159203
6863.882473516527 -870.8834749258922 -357.4298688039438
6797.243302726132 378.0451938304452 1285.9401476064133
6126.639235277599 1593.3828880909505 2815.048738646566
4911.6563854612 2667.1415202989447 4094.0278956200596
3260.251311347559 3503.9129238705914 5009.234707722202
1319.1586008434754 4029.3462874877364 5479.349033378787
-739.1471403777603 4196.754550966666 5462.599151692491
-2731.776414482586 3991.262755438207 4960.473363156791
-4481.675365957317 3431.129748720957 4017.587747625804
-5833.357793658359 2566.125806564939 2717.721829824807
-6666.720782123785 1473.1103252380415 1176.3744009181175
-6907.716372675264 249.20252687553094 -469.49905594421693
-6534.931049500538 -996.8480096071389 -2073.6554613232256
-5581.488424505128 -2154.3242258407827 -3493.5584788765655
-4132.106059033908 -3120.3792805123285 -4603.043494352861
-2315.567936768781 -3809.1749425514126 -5303.527895232227
