5935.559661241405 -2150.4433372993426 -2853.734694951205
6725.097149479213 -1002.0075695809891 -1329.708956436904
6917.080243383048 235.46096793241614 312.4672581884422
6494.450402555633 1452.0077651415884 1926.879385683769
5494.760143034979 2539.537300386819 3370.079823790203
4006.8363314479666 3401.4178019167857 4513.833880201147
2162.887528100169 3961.0674048702904 5256.513987722514
126.75667620507912 4168.758786043074 5532.129759603048
-1920.6370626333141 4006.0376547793226 5316.191524991271
-3797.373769879843 3487.362497681738 4627.886343661769
-5336.697153172222 2658.8198786268863 3528.373151553216
-6401.831574695539 1594.029445317182 2115.3485209186206
-6898.135166832029 387.602500508034 514.3658911463087
-6781.509177427914 -853.2646274368042 -1132.320405311879
-6062.316337446497 -2018.3154487437225 -2678.3950646518306
-4804.460086845873 -3004.030085198332 -3986.482568554365
-3119.706473503227 -3722.823465614148 -4940.353601850203
-1157.7532493833983 -4110.82764376848 -5455.252537236992
907.0714316605761 -4133.566745703994 -5485.428344708815
2891.2988353840988 -3789.0203024248212 -5028.1997713474575
4618.621649327778 -3107.8027774334837 -4124.193582410631
6113.842448102399 -1608.8464166662993 -2834.0113753513447
6792.204942105797 -394.70266944711875 -1307.3785126827104
6867.0502199026505 854.512142076576 335.4206681738904
6331.727950107635 2027.7997998119697 1948.4162506938462
5233.803865615099 3020.908546481248 3388.2864988558094
3670.8333394927045 3745.596311756861 4527.0926223440365
1781.6931619696331 4137.4714074541935 5263.646699518236
-265.7582718261379 4161.714011605018 5532.502668307176
-2289.5959169091548 3816.1700624436126 5309.771496028959
-4109.99291704863 3131.5426562476073 4615.243824780153
-5565.199010101478 2168.663942495418 3510.6314860357143
-6525.912748633236 1013.0899204275274 2094.0841336044473
-6906.770500952519 -232.50158694221366 491.4682161655976
-6673.931384399058 -1457.4343079957453 -1154.8168090523284
-5848.084176276282 -2552.8675949387107 -2698.491292955819
-4502.6090251966225 -3421.4673929964906 -4002.3929833462466
-2757.0573028540443 -3986.0547983241645 -4950.664492954016
-766.5289400061358 -4196.4637423073855 -5459.04773672956
1292.108883018136 -4033.9984669087826 -5482.370632460266
3235.9371614598294 -3513.094724814638 -5018.560838509624
4892.238222429434 -2680.0370994584664 -4108.829890465933
6242.681936048028 -1052.6429540119314 -2814.2391165230156
6804.476271806573 216.53844583377366 -1285.0254924151386
6761.663029862808 1466.479454503828 358.368285935314
6118.046354646282 2586.1173281020992 1969.9194694070502
4930.8144122152125 3475.9673281095575 3406.4346631728035
3305.4579707361786 4056.962376983105 4540.273188223349
1386.3970827938579 4277.478514975553 5270.688515839537
-655.8512700580785 4117.921915507142 5532.7800387878015
-2639.8243594094506 3592.469882643251 5303.2597750844925
-4389.237469748925 2747.8111354120892 4602.521607392728
-5748.647569049815 1658.9973102290232 3492.829197050733
-6597.265104316307 422.7742936423154 2072.7835845223044
-6859.686683443242 -851.0140742489458 468.5620542481247
-6512.594997507048 -2049.186107029442 -1177.293270796719
-5586.830665989984 -3065.2789614952176 -2718.5409222647877
-4164.651912397117 -3809.008328477022 -4018.2342826693525
-2372.4255601138534 -4214.290589915908 -4960.889893328037
-369.3987855964465 -4245.114638331118 -5462.748666457783
1666.4506921011016 -3898.7416217518653 -5479.218247695099
3554.2287127070617 -3205.9483027341566 -5008.83524247147
5126.197914713183 -2228.292407946134 -4093.395245042847
6320.899382108445 -486.34796003990056 -2794.4182599041364
6761.749015757497 826.765542606411 -1262.6502816381171
6601.787575909686 2066.417298591319 381.3097152009437
5855.228338474708 3122.4588092734384 1991.3886704942797
4588.406367919916 3901.05615206682 3424.524003348952
2913.884355685726 4333.02753624612 4553.375350230026
980.4509310780202 4379.990408651801 5277.639315084542
-1040.099861394022 4037.7719119774556 5532.961866255146
-2968.233216778133 3336.7796614537406 5296.656474605764
-4632.626024974605 2339.299894793495 4589.719911193568
-5885.389680907622 1133.9630666323462 3474.966592017743
-6615.210636084778 -172.13135631402625 2051.4472415014425
-6757.2410958720875 -1462.9311528659116 445.6478009497653
-6298.861030627041 -2623.743096518001 -1199.7494024094105
-5280.7995207144295 -3551.4239519375606 -2738.5436063510138
-3793.515798979345 -4163.545204060151 -4034.0061929676526
-1969.1615509350675 -4405.717193384814 -4971.0296263945165
30.16134243291668 -4256.421875905784 -5466.355262512024
2026.8042681648967 -3728.9247957527746 -5475.971244850382
3843.3567401863443 -2870.0963833802152 -4999.023151179795
5318.410099548999 -1756.2473121338019 -4077.889912675127
6347.728368429411 85.4302961139649 -2774.5491477719274
6664.307750756963 1431.0313713556263 -1240.2532667387952
6388.734143596907 2649.479029274619 404.2445598059084
5545.493471280258 3632.508848395353 2012.8234832138326
4209.511368043096 4292.774315333636 3442.5542070078336
2499.4957066189304 4571.60794582473 4566.398882108886
567.3888828054303 4444.234148158266 5284.498977223133
-1415.1329331903992 3921.9706432276266 5533.0481475693105
-3271.913977863712 3051.2228353615183 5289.961708622099
-4837.971107045815 1909.3604885026884 4576.83895724923
-5974.1532722804095 597.8430831498882 3457.043979397815
-6579.505702133065 -766.7953037319214 2030.0754729892956
-6600.240176666003 -2063.3005628514143 422.7258519661653
-6034.514346825224 -3176.4725123161547 -1222.1848161059788
-4932.595435239009 -4007.4009393415795 -2758.498999797369
-3392.3937728932606 -4482.254206717154 -4049.708441883313
-1550.7630365510777 -4558.839517777305 -4981.083517055144
428.6598010001606 -4230.351931545237 -5469.867462611645
2369.994334089975 -3525.9790116016984 -5472.629679997111
4100.744470047058 -2508.3073829733285 -4989.12473407506
5467.125464019787 -1267.76163584211 -4062.3141611171495
6322.821984527316 658.0279369973919 -2754.6321232368864
6512.881875432012 2024.4319551058743 -1217.8348344808355
6124.243630393227 3210.956309929905 427.1724236989929
5191.439462993488 4112.173105566998 2034.2235374178795
3797.353117049951 4648.005274800011 3460.524962794208
2065.855282246844 4770.841777931861 4579.343558962609
150.7971397595166 4469.768052600163 5291.267383798975
-1777.6599903577587 3771.5358205409366 5533.038881240346
-3548.164229199424 2738.186079714286 5283.175592742316
-5003.398505414413 1461.5364893733706 4563.878967994938
-6014.058867370682 55.02296810435659 3439.061668688223
-6490.343706698423 -1356.3795853450556 2008.6686480449937
-6389.933025281777 -2647.2618602627663 399.7966031258194
-5721.74875280964 -3702.9233015788104 -1244.599124459585
-4545.161994169556 -4429.563757538316 -2778.4067580034457
-2964.717646232609 -4762.618034820179 -4065.340758261491
-1120.8451249787965 -4672.492799303268 -4991.051391693932
822.6194043771945 -4167.1960736713445 -5473.285206106092
2692.990589648469 -3291.625689454966 -5469.193610839213
4324.077743034954 -2123.5799176690766 -4979.140162088419
5570.9516130501 -766.8447510213774 -4046.668259339406
6246.256572695797 1226.7636591382807 -2734.6675302368612
6308.640101155562 2602.1465613907794 -1195.3953719977512
5810.473271616558 3746.3173223316344 450.0929109495801
4796.020393052476 4557.611348740516 2055.5884635587922
3355.420055576845 4963.941606065839 3478.435960379428
1616.6759211448273 4929.203867793275 4592.209157255569
-265.7169635463198 4456.484734412399 5297.944417931595
-2124.4997299466895 3587.787375417849 5532.934067428268
-3794.511372127826 2400.2993633718324 5276.298244152707
-5127.364026956481 999.5342193500019 4550.840167230723
-6004.627886923655 -490.0439264447741 3421.0199704171428
-6348.354208262196 -1936.0795188525776 1987.2271363331358
-6128.001398903066 -3210.0859496652915 376.8604503832949
-5363.1487729601795 -4198.86215662011 -1266.9919404079924
-4121.75684274909 -4814.5510345561215 -2798.2665371914095
-2514.128729027725 -5002.445924762627 -4080.902872154981
-683.1092446601076 -4745.851541681626 -5000.93307818027
1208.6074938711602 -4067.567422295752 -5476.608433975934
2992.934152685349 -3027.862087213272 -5465.663096712575
4511.325477758258 -1719.1179181279642 -4969.069607638855
5628.865736506527 -257.62257779231305 -4030.952477523649
6118.53199942793 1786.9771339412216 -2714.655713531135
6053.1813536629525 3159.477030753005 -1172.935266786223
5449.978980676193 4251.243528245827 473.00562575429973
4362.522058417511 4965.268381979081 2076.9178926955774
2887.4359066557236 5238.107350252086 3496.2868904667816
1155.788403283802 5045.517493399703 4604.995454817715
-678.5559718137397 4404.61126536994 5304.529964318393
-2452.6076710217912 3372.3359970938986 5532.733707943056
-4008.7344155681076 2040.413876223269 5269.3297816150125
-5208.667515249931 527.1920282414311 4537.722780117617
-5945.787648340923 -1032.8731449938077 3402.9191961383194
-6154.598456217487 -2501.163006607193 1965.7513081172142
-5816.546182248667 -3747.2135589104514 353.9177898123795
-4961.668254494562 -4660.3077421286725 -1289.3628772599297
-3665.9243284061313 -5159.313131035086 -2818.077994411891
-2044.4469380948299 -5199.890906976284 -4096.394514828813
-241.3114654262232 -4778.435556487244 -5010.72840587193
1583.2655899233935 -3932.3952369852846 -5479.837088833895
3267.1625495617623 -2736.944343644903 -5462.038198584007
4660.757778964854 -1298.3039344892675 -4958.913244630102
5640.224226308311 255.6964767587395 -4015.1670870584626
5940.568444311554 2334.067311272735 -2694.597018694525
5748.522156782758 3691.886139751408 -1150.4549066993902
5045.694448649832 4721.664683137733 495.91017244423017
3894.5346460890005 5331.902598743083 2098.2114565002103
2397.328349339369 5468.377569780956 3514.077444796835
687.1089082487574 5118.963196164091 4617.702230848398
-1084.1631746675403 4314.706478368064 5311.023909236619
-2759.1026017428994 3127.0691551915274 5532.437806244628
-4188.883654531055 1661.5780146592788 5262.270325464385
-5246.464012001002 48.448375809519554 4524.527033173668
-5837.873018276563 -1568.9861138431108 3384.759658425624
-5910.561387794475 -3047.0093018986313 1944.241534253349
-5458.070439935425 -4254.29234190036 330.9690175992465
-4520.6059811405 -5083.562837669819 -1311.7115487021754
-3181.4658425686507 -5461.136466464246 -2837.840787550088
-1559.6385022516715 -5353.464154410677 -4111.8154187650125
200.76956335118228 -4770.113058947236 -5020.437205617892
1943.3383721875457 -3762.9164848999817 -5482.971114925829
3513.233038455105 -2421.368267882336 -5458.318979050195
4770.961531686674 -864.6708542637222 -4948.671248447642
5604.769155808046 768.8563593017599 -3999.3123605344417
5713.699726563389 2863.53031009944 -2674.491792111317
5397.080598558755 4195.03468411422 -1127.954679940168
4600.907174674065 5153.791816838998 518.806155491291
3395.922957571019 5654.611929594752 2119.4687872640116
1889.1960829253512 5652.994957550286 3531.807316152754
214.60584571131483 5149.084575767715 4630.329265920199
-1479.0530626764273 4187.655433042702 5317.426140545347
-3041.291615727919 2854.134727868654 5532.04636744277
-4333.298062233524 1267.0116269595637 5255.1199976072885
-5240.271959544379 -432.691017193859 4511.253154270133
-5681.624696694991 -2093.947165636354 3366.5416708676858
-5618.140146144943 -3569.1469192762784 1922.6981861838533
-5055.459188807979 -4727.212306195215 308.01453003559345
-4043.578497028169 -5465.244134679208 -1334.0375688058693
-2672.408110835486 -5717.66503796809 -2857.554575331435
-1063.7825363252 -5462.046311073772 -4127.165317667138
639.3647848703241 -4721.10079964512 -5030.0593097614155
2285.7017391239797 -3560.6647639583884 -5486.0104581316955
3728.9440632195933 -2083.8480382740186 -5454.505502336618
4840.8533430966745 -421.8722695724909 -4938.343795955792
5522.631559704618 1277.5887016365048 -3983.3885717395
5439.663217953343 3370.9965834246336 -2654.340380969347
5001.6570080994625 4664.816977922643 -1105.4349750545066
4119.23162366571 5544.147912720081 541.693179515381
2870.7944325190083 5930.856975379982 2140.6895179039916
1367.2745577691376 5790.583368640227 3549.476198365609
-257.73366162412304 5135.791018040208 4642.876341982726
-1859.8411141364707 4024.661097439694 5323.736547687412
-3296.6935218795493 2555.922376397305 5531.5593982970595
-4440.620242902378 860.0787357314326 5247.878921519417
-5189.9783680023675 -912.1866749975309 4497.901372627461
-5478.184139260425 -2603.40029658769 3348.2655480624894
-5279.629209130067 -4063.290376992017 1901.121635930816
-4611.956054497343 -5162.139275944464 285.05472351182834
-3534.4903651867326 -5802.309446554177 -1356.3405520332599
-2142.969696073791 -5926.918959821934 -2877.2190173277113
-561.0367651970826 -5524.895713654063 -4142.443946464903
1070.74674433667 -4631.961237722541 -5039.594552142846
2607.3897067414177 -3327.4566787922877 -5488.955065966478
3912.354651360952 -1727.292991648188 -5450.59783429643
4869.689716121443 26.34825790426065 -4927.931065494528
5394.331479323216 1777.6483491144768 -3967.3959956541703
5120.586419097224 3852.2670502377428 -2634.1431332540033
4565.411498517923 5097.394477455942 -1082.8961809248162
3604.579731316959 5889.596035804938 564.5708492911132
2323.465236550861 6158.481140306185 2161.8732819691922
835.9006591579778 5880.158169441887 3567.0837863196666
-725.937360090746 5079.357340573559 4655.343242366296
-2223.2726591717255 3827.233321602754 5329.955021691328
-3523.060425813956 2235.0428264707343 5530.97690721674
-4509.808812926591 444.2589678828983 5240.547222243575
-5095.840896040692 -1385.9992495996862 4484.471918811385
-5229.0851528121475 -3093.1053513978304 3329.9316056119264
-4897.702246294013 -4525.375468855024 1879.5122560896796
-4131.137001980367 -5555.546116621286 262.08999451020503
-2997.502105844625 -6092.082111813191 -1378.6201132445226
-1597.5259932832607 -6087.309876708482 -2896.833773962749
-55.602685591332374 -5541.6534453388285 -4157.65104131875
1491.2611647237447 -4503.59678620524 -5049.042768102502
2905.6199162612875 -3065.37578890835 -5491.8048875811155
4061.801587136053 -1354.7827005868455 -5446.596042409353
4857.0743620710855 476.18877604771495 -4917.433236876481
5220.774765016351 2264.848790210419 -3951.3349084468186
4758.970303730082 4303.347895204164 -2613.900397742167
4091.8385570943065 5489.2272534747135 -1060.338686763049
3061.1289979229737 6187.364681196983 587.4387697546176
1758.4246937428186 6335.727604192233 2183.0197136470347
299.47663880397494 5921.133325672372 3584.629775957661
-1186.0812297242178 4980.420366700892 4667.729751785808
-2566.250575959636 3597.175201933277 5336.081455173138
-3718.397296715894 1894.3052345305168 5530.2989042605805
-4540.1480997411945 23.117934018082504 5233.125026387457
-4958.486819992698 -1850.1234963831598 4470.965024728914
-4936.242226326864 -3558.9733349975745 3311.540160116348
-4475.390848509672 -4951.592774500229 1857.8704198228056
-3616.8813538731442 -5904.2414662815445 239.12073959796672
-2436.996078522603 -6332.272393446837 -1400.87586770423
-1040.57300701418 -6197.653129734685 -2916.3985065184256
448.3095426468756 -5512.345187492818 -4172.786339624408
1897.3578220697266 -4337.241184813807 -5058.403794483524
3177.817532584025 -2776.7542691946555 -5494.559873763357
4175.914209705704 -969.5405511721273 -5442.500195780465
4802.962583597344 923.821099580631 -4906.850491383768
5003.246654482237 2735.0971915135383 -3935.2055874689217
4357.669562384477 4720.483747318401 -2593.612523996265
3584.738888096101 5837.103053138436 -1037.7628821041135
2493.288432232904 6435.070136982266 610.2965460103538
1180.2983575497267 6461.252999315068 2204.12844776955
-237.56640585574561 5913.325177916973 3602.113864286017
-1634.3223515579543 4839.972464260828 4680.035656344364
-2885.8615842187323 3336.5669572857796 5342.115742338313
-3880.9793507266895 1536.692833873 5529.525401136699
-4531.255070525244 -399.7231914948778 5225.612462121543
-4778.908892222263 -2300.6220571420567 4457.380923624319
-4601.9356869490975 -3997.1005568985383 3293.091529169101
-4016.060300628365 -5338.419131187761 1836.1965008530174
-3073.340332406475 -6205.395738404434 216.1473554205564
-1857.54058851835 -6520.99570233322 -1423.1074310880913
-476.6902116577778 -6257.176581191403 -2935.9128771404457
946.5161824291231 -5437.379861643589 -4187.849580017422
2285.620459989359 -4134.448079840233 -5067.677469634686
3421.63732939935 -2464.1524424165286 -5497.219976938625
4253.626706484124 -574.9060467292053 -5438.310365139047
4707.662683964427 1365.4232741436094 -4896.183011764915
4743.402172737083 3184.4287450474194 -3919.0083112502325
3919.869902665496 5100.188961638441 -2573.2798623581834
3048.188736323024 6138.163712308166 -1015.1691567991129
1905.662624002314 6630.7356802515205 633.143783338013
593.8100246763236 6534.1376845002715 2225.1991198198184
-770.8052012345179 5856.952880890251 3619.5357493801257
-2066.931002392774 4659.352110998763 4692.260743537014
-3179.400913411141 3047.7474588150617 5348.057778983534
-4009.3671007018147 1165.3370700962437 5528.6564112023625
-4483.083426277427 -820.6186312981766 5218.009659176813
-4558.458115740705 -2733.65876607616 4443.719850075185
-4228.793797156478 -4403.801323024373 3274.586031351021
-3523.3825919389787 -5682.646806658096 1814.4908734571998
-2504.9033813178826 -6456.564183635476 193.17023869467945
-1263.8525126792445 -6656.787498731622 -1445.3144194895174
89.49719803632738 -6265.5260317346865 -2955.3765488441904
1434.8946899543737 -5317.545081010034 -4202.840502377683
2652.7954917383777 -3897.076914175381 -5076.863633413191
3634.98377248014 -2130.336361475917 -5499.78515117083
4294.187793173509 -174.3060742321486 -5434.0266228373375
4571.834383710661 1797.2120726367227 -4885.430982231694
4443.2534260903885 3609.0400399165537 -3902.743359494023
3449.0625878228666 5439.276743409123 -2552.9027639432
2486.5069402210192 6389.928700512834 -992.5579010086119
1303.0142391245486 6772.807450835758 655.9800871992078
3.743004698082174 6553.892537175981 2246.2313659381507
-1295.8608121217428 5752.63551030444 3636.895130389535
-2480.3217089930326 4440.231573317229 4704.404802254398
-3444.3951373077653 2733.2935754054474 5353.907462498534
-4102.418942193602 783.4904484576042 5527.691949463754
-4395.924820896532 -1235.9292431268932 5210.316748842544
-4298.833488064475 -3145.53119767338 4429.982039988248
-3819.771934697854 -4775.638901370329 3256.0239862250055
-3001.3068821402885 -5981.410131134392 1792.753912459755
-1916.1625420862285 -6655.706821761149 170.1897862014722
-660.7587512270422 -6738.614753186115 -1467.4964494263218
653.356354370721 -6222.767191866736 -2974.7891855205385
1909.4178806754965 -5153.999457385974 -4217.758847833924
2995.819248939912 -3627.276253162378 -5085.9621271874375
3816.028929999786 -1778.2536358056414 -5502.255352163171
4297.167694262041 228.7746208299595 -5429.6490428493
4396.484251079292 2215.4752484439227 -4874.5945884559105
4105.153888534802 4005.321177780653 -3886.41101307221
2949.01641836606 5734.8858712459405 -2532.4815806340375
1904.2199821591744 6590.315604184347 -969.9295051959084
690.2252440056868 6860.166874567309 678.8050632444138
-585.0990360812748 6520.462212798508 2267.224822928485
-1808.43469914763 5601.385868845425 3654.1917075431547
-2871.0830030097236 4184.601809168447 4716.467622786399
-3678.6229825141813 2395.997514924273 5359.664691867835
-4159.301166651196 394.4983268171579 5526.63203257572
-4270.407189338717 -1642.0537688550664 5202.533863964042
-4002.0687928802186 -3532.7021811301984 4416.167730595359
-3378.129021384686 -5109.454501603773 3237.4057143303867
-2454.0276616640876 -6232.209367138087 1770.9859932261845
-1311.8751748816355 -6801.205080801839 147.20639477983207
-53.156821741566276 -6765.88387643946 -1489.6531378473373
1210.2847482851246 -6129.384198063089 -2994.1504519416662
2366.1872071795415 -4948.261835329294 -4232.604358768135
3311.843548874527 -3327.464693437091 -5094.972793839762
3963.228057465975 -1411.0077111947232 -5504.630537258888
4262.462360811712 630.8234982926538 -5425.177700769333
4182.958177891356 2616.6032716333943 -4863.674017566227
3731.7798042557456 4369.886361515179 -3870.011554020497
2423.747382857968 5984.504795447667 -2512.0166650746123
1306.0253200301781 6737.657378701529 -947.2843601202756
72.25717611999788 6892.139536135366 701.6183173196829
-1167.9313349838583 6434.224850127394 2288.1791282645418
-2304.34402159214 5404.6010500549355 3671.4251821543658
-3236.0056294348037 3894.754728984004 4728.448996825763
-3880.1339361253617 2038.842358393273 5365.3293676725225
-4179.49531490387 1.7698969469765775 5525.47667884147
-4107.490193540082 -2035.459827610141 5194.661138940337
-3670.5165430564357 -3891.8300140157685 4402.277160449421
-2907.401389925694 -5402.394024661367 3218.7315371774716
-1885.9508643792037 -6432.931618200133 1749.1874916566023
-696.9253281735544 -6891.875007006394 124.22046131914705
554.0250818467051 -6738.445056944825 -1511.78410213898
1755.7479320459004 -5986.274692394626 -3013.4600137668535
2801.464873509906 -4702.197551091383 -4247.376778820064
3598.2593669364524 -3000.3095221195967 -5103.895477769123
4075.3327249095505 -1031.8308254660228 -5506.91066544201
4190.294885971346 1028.3305681451952 -5420.6126738109715
3932.9309576083615 2997.1202780223653 -4852.669458144917
3326.1088542786506 4699.602698551525 -3853.5452655335375
1877.4862235789203 6185.992908777202 -2491.5083706640644
696.7532985820288 6830.716226121661 -924.62285683022
-545.8892146453514 6868.5004306707915 724.4194554735465
-1740.0270755561664 6295.988230037137 2309.0939200961166
-2779.555894820739 5164.049845675433 3688.5952566263463
-3572.1089749503644 3573.2629704659707 4740.348717471672
-4047.2644967136052 1664.9759993243633 5370.901392091924
-4162.802806816146 -391.2513959840496 5524.225908212273
-3908.4578193738466 -2412.7143877808203 5186.698709721862
-3306.829202695547 -4219.797118200568 4388.310569420274
-2411.374299576824 -5651.932356393537 3200.001777241966
-1301.6582077988808 -6581.868601624336 1727.3587841792073
-76.28407202501856 -6926.976937546206 101.23238275291868
1155.8682383153575 -6656.5929740294905 -1533.8889601319015
2285.3165832372224 -5794.741512793134 -3032.7175375482047
3211.704520791812 -4418.0018383408415 -4262.075852891634
3852.718417340913 -2648.703312470222 -5112.73002489384
4151.401375132977 -644.0558736436051 -5509.095697338064
4081.2141026196123 1417.8187559488879 -5415.954040805544
3648.3930469753936 3353.7139670802385 -4841.581100224605
2891.3962583982593 4991.616974705113 -3837.0124319600377
1314.6441803096386 6337.5988100249615 -2470.9570515506234
81.32795069744083 6868.693983006051 -901.9453866567447
-1159.2146242360545 6789.475552829988 747.2080839637164
-2296.7558926766023 6106.982424662266 2329.9688372553546
-3230.220320905594 4881.857108012363 3705.701634457
-3876.6654980337385 3222.9573636385044 4752.166579233384
-4178.651933195257 1277.6837137899452 5376.38066890534
-4109.346806380411 -781.1177410514807 5522.879742287108
-3674.9081822472326 -2770.5134567217483 5178.646713808118
-2913.9378390524553 -4513.736893564239 4374.268198690489
-1894.0513312522949 -5855.89499920543 3181.2167579594116
-705.8700507630015 -6677.731135995302 1705.500247743837
545.0308813962846 -6906.221556611578 78.24255605165685
1747.5034279148977 -6521.063884468797 -1555.967330107535
2794.7026260707694 -5556.481068973465 -3051.9226907364828
3593.5802315497917 -4098.180526284289 -4276.701327151374
4073.15246328851 -2275.738659265775 -5121.476282654204
4190.807223928882 -251.08742545684092 -5511.185595214745
3936.0903716685893 1795.8740279829217 -5411.201882200828
3331.6346166374506 3683.2641929730594 -4830.409135285035
2431.148505280371 5243.38017067886 -3820.413338797821
739.7771908935829 6437.975405157572 -2450.3630626254867
-535.272991890126 6851.238931236841 -879.2523412065608
-1762.7618203375448 6655.739812108891 769.9838092638892
-2833.621525295175 5868.849002441968 2350.8035192630023
-3652.701522587056 4560.48520388846 3722.744020244232
-4147.222959980476 2846.9022816097736 4763.9023780337275
-4273.2454375914385 880.3595981851856 5381.767103493679
-4019.5713052436763 -1164.4068989326238 5521.438204312289
-3408.7406228268815 -3105.710733164765 5170.505290245292
-2495.028377060079 -4771.058539568154 4360.15029075126
-1359.6219107397917 -6012.476857285372 3162.376803719577
-103.40707104782592 -6719.660220912667 1683.6122598154234
1161.995940701218 -6829.772285168714 55.25137821593637
2324.150513783767 -6333.02910992551 -1578.0188308047218
3279.7941143500825 -5273.568506224944 -3071.075141686789
3944.0136147170015 -3745.528198072056 -4291.252949038727
4257.790197397635 -1884.6812725407349 -5130.134100015165
4193.243436034967 143.62785484340034 -5513.180322982579
3756.108593634879 2159.1750170241867 -5406.356280059646
2985.2270192792557 3982.870003558926 -4819.153756249657
1949.0949238076714 5452.669511740327 -3803.748272688958
157.54884037447238 6486.191716658147 -2429.7267595166886
-1148.0585522962626 6778.448973942958 -856.5441123553537
-2351.6559044235364 6468.4112931595655 792.7462380707262
-3346.29830937078 5583.626882823552 2371.5976063345947
-4043.6074245421974 4202.712720605662 3739.7221196909977
-4381.624274964129 2448.3690898610025 4775.555911212624
-4330.314580114086 476.47712099138494 5387.0606028410975
-3894.237431548376 -1537.7519310637106 5519.901319181068
-3112.1401976100788 -3415.3449757306553 5162.274579623834
-2053.5156497118587 -4989.469631309291 4345.957089398189
-812.4272246317188 -6120.258014219302 3143.4822398609435
500.84892463508936 -6707.234614256007 1661.6951983674714
1769.6224490087925 -6698.24398460177 32.2592462697477
2881.157252927821 -6094.084982156107 -1600.0430814263632
3736.6885911738846 -4948.439785594411 -3090.174559664364
4260.198749906357 -3363.103998212326 -4305.730467268491
4405.171554135366 -1478.9416618502933 -5138.703327468872
4158.725534002495 536.631131395748 -5515.079846195533
3542.7584999071014 2504.5218936503206 -5401.417318058452
2612.001825955361 4249.874894740769 -4807.815157482404
1449.157327186259 5617.607861164732 -3787.0175214147293
-427.30763874692474 6481.741298571168 -2409.048498583007
-1752.0650964650115 6650.871148364148 -833.8210922409969
-2921.1438815511797 6229.041909757664 815.4949773102645
-3830.6662135326983 5253.734961769073 2392.350739386668
-4399.817041840083 3811.6106067911173 3756.635639610341
-4578.024817700901 2030.8079224221917 4787.126977530622
-4349.454998177992 69.55904209223601 5392.261075536611
-3734.417014798083 -1897.8704643824658 5518.269113433199
-2787.559691434226 -3696.665851429408 5153.954724076102
-1593.015456482242 -5166.996255025934 4331.688839727089
-256.9248073886085 -6178.216366373843 3124.53339266494
1101.9947383374404 -6640.47484091348 1639.7494418755734
2362.9972155379537 -6512.697984594103 9.266557253660615
3414.0370202954514 -5806.23933183918 -1622.0397016458717
4161.724653545003 -4583.870834188718 -3109.220614850178
4539.624787899252 -2954.2052969347574 -4320.133631835116
4514.159338033401 -1062.045654731753 -5147.183817037316
4087.5910209213084 924.4814046047987 -5516.884132051623
3297.822303502628 2828.864234122357 -5396.385081485893
2215.027602162931 4481.890062171934 -4796.393534784272
935.4179778825337 5736.680289746952 -3770.221373890734
-1010.0280043240012 6424.54718255437 -2388.3286369077296
-2342.3967240067805 6469.4974774396605 -811.083673256789
-3466.6332153228764 5939.604530532369 838.2296341451363
-4282.8441323882 4881.951655562161 2413.062560043027
-4718.5055533389595 3390.515951903234 3773.484287930542
-4734.90704905498 1597.8180268835429 4798.615377172357
-4330.591274665138 -336.8530417336344 5397.368431775668
-3541.4834610345038 -2241.593239337592 5516.541615254492
-2437.699300346766 -3947.1580405564982 5145.545867273816
-1117.3148591560453 -5302.000528054194 4317.345788129752
302.34791052619187 -6185.737001188199 3105.5305893504305
1695.1457415262178 -6519.843596106915 1617.7753693108132
2937.3224343671054 -6274.633475649168 -13.726291782377514
3918.5051386872515 -5471.894635104542 -1644.0083116138117
4551.51146535849 -4182.953943216773 -3128.2129783467476
4780.096024353547 -2522.33943688316 -4334.46219401703
4583.948074478898 -637.604002478177 -5155.575422274857
3980.4962218620067 1303.7853456260677 -5518.593149393473
3023.3598118127397 3129.3276442036567 -5391.259657241339
1797.5846146878855 4676.815448765617 -4784.8890853899875
412.0861359778846 5808.74767683818 -3753.3601201618562
-1585.8559639119655 6314.963308683482 -2367.567532292537
-2914.2651319046554 6235.757191866688 -788.3322480446718
-3983.7290538857405 5602.476683382837 860.9498159810572
-4699.221167122085 4471.391535516435 2433.732710640855
-4997.166857467196 2943.003627340861 3790.2677737001013
-4851.092342820801 1153.1169317173658 4810.020911749936
-4273.976984846677 -739.2292636595333 5402.382583361703
-3317.1000157298554 -2565.891694906097 5514.718854476308
-2065.4841533617773 -4164.563388830021 5137.048154425609
-630.3409597396021 -5393.195349770977 4302.9281822896855
860.8107943611853 -6142.6182362368245 3086.4741580680106
2275.475731777014 -6346.242535976891 1595.773360133262
3487.9546646637077 -5985.975336368755 -36.71890378540621
4390.513518958078 -5093.827959104174 -1665.9485319644568
4902.955979641801 -3749.07161377738 -3147.1513221837513
4979.749285266431 -2071.1938030366864 -4348.715906380923
4614.070013625343 -209.28133361186198 -5163.877998270741
3838.4103727608895 1671.2267007203884 -5520.206868708854
2721.6911256901644 3403.2389086360326 -5386.041133833346
1363.1376781571007 4832.858404651399 -4773.302007964546
-116.53653411139511 5833.057222763713 -3736.434051397258
-2150.0821360035916 6153.77242362001 -2346.7655432513275
-3463.028625235266 5951.505384087016 -765.5672094884688
-4468.269823863992 5220.4209734266915 883.6551304738208
-5076.485639963251 4025.4792498373013 2454.360834236843
-5233.633429161477 2472.856029375158 3806.985807092793
-4925.7499207567 700.5086987530859 4821.343384306513
-4180.191915595201 -1134.081903884994 5407.303443707655
-3063.205514262983 -2867.9043525264497 5512.800862575054
-1674.0398603325311 -4346.900913854945 5128.461732274546
-136.1284184086288 -5439.656252926963 4288.436271177843
1413.8786308806389 -6049.074262388164 3067.364427894366
2838.256359111995 -6121.0054777110045 1573.7437942853835
4010.442554353336 -5649.058494749126 -59.71088170669989
4826.283329103145 -4675.167874043882 -1687.859983822305
5213.28765026658 -3285.8680710935905 -3166.035319323711
5137.068485567813 -1604.6044702320914 -4362.894522786079
4604.39824227261 219.23527950026394 -5172.091401651646
3662.607009082602 2023.595012550862 -5521.725262131197
2395.3770700494924 3648.14944833585 -5380.729601378191
915.3073664033349 4948.549795996053 -4761.632502599793
-646.0914135079357 5809.249777928889 -3719.4434598853672
-2698.0826930172975 5942.180457799049 -2325.9230290040073
-3984.2299558592877 5619.008184884638 -742.7889507070711
-4916.360902618013 4796.562376131951 906.3451855358226
-5411.651608084664 3547.9209508926556 2474.9465746135184
-5426.093319531071 1984.031179371909 3823.6380994126466
-4958.402827518819 243.8515307865525 4832.582599319539
-4050.1364846891106 -1517.9953964340161 5412.1309278374665
-2781.9977414635478 -3144.9617710683606 5510.787672671651
-1266.666290312956 -4492.484490905857 5119.786749095583
361.2140194053803 -5440.830248782892 4273.870305048302
1956.9988783379522 -5905.734362365306 3048.201728826558
3378.895798782086 -5845.888060963183 1551.687052185601
4500.56299946442 -5266.608951087286 -82.70182850847634
5222.335427248947 -4219.368523774572 -1709.7422888086107
5480.080434480857 -2797.2186867307137 -3184.864643667635
5250.896246172267 -1126.5236939788047 -4376.997798388516
4555.1468832126375 644.2678726509254 -5180.215490584114
3454.6527297467064 2357.8134114726477 -5523.148303440069
2047.1975207489954 3861.8568815912745 -5375.325151598259
457.83982805439643 5022.757420300731 -4749.880770811056
-1172.1989425598215 5737.3639202085815 -3702.388639028865
-3225.357368052089 5681.8074222843525 -2305.0403494702873
-4473.632679463401 5240.924581772139 -719.9978650476661
-5324.40609509074 4334.362592750753 929.0195893430433
-5702.08266339796 3042.6734663265356 2495.489576285276
-5573.104163884661 1480.6294498666232 3840.224363098942
-4948.9309022454245 -212.97499084925107 4843.738362704225
-3885.02341191613 -1887.6556690028262 5416.864952387553
-2475.9145422936454 -3394.609857125051 5508.679319530939
-846.8098002163747 -4599.93806244171 5111.023354692979
857.5377087736857 -5396.541584414714 4259.23053543401
2485.6892290970013 -5713.638704279816 3028.98639177636
3892.9763531475314 -5523.053951379185 1529.6035147215352
4954.355444175546 -4841.721617375467 -105.69134717073472
5575.518312157818 -3730.1810701225763 -1731.5950690480697
5701.271910345754 -2287.1975651592916 -3203.6389700606796
5320.442479679785 -640.9865193304138 -4391.025489645336
4466.868386317038 1062.1789916639405 -5188.250124777019
3216.393434300953 2670.9652379532786 -5524.475968061629
1680.1278107371134 4042.424501512583 -5369.827877820483
-5.4245419301179485 5054.696608224723 -4738.047015533499
-1690.4949002416822 5617.836739125415 -3685.2698833395
-3727.566512197064 5374.674894632317 -2284.1178652634517
-4927.255733304056 4820.285025875276 -697.1943460789504
-5689.136659601363 3837.5916790967817 951.67795034169
-5945.5128273280625 2513.9114706368377 2515.989484504566
-5673.60408889338 966.859195892078 3856.7443117311777
-4897.570728959073 -666.1027613994216 4854.810481816868
-3686.3667171216143 -2239.878565196758 5421.50543560824
-2147.6128451139944 -3614.6313289311984 5506.47583956109
-418.0341471742746 -4668.208236541768 5102.171700397726
1348.6887192544818 -5306.994356241172 4244.517215142332
2995.5746743545646 -5474.230738027428 3009.7187485645204
4376.290673775311 -5155.057695474031 1507.4935632435609
5368.154041795811 -4377.835154079681 -128.6790406981213
5883.033365446754 -3211.622747432219 -1753.4179471750958
5875.179357311069 -1760.0435657011465 -3222.357974297618
5345.2898804783445 -152.07678933350385 -4404.977354318792
4340.447940346844 1469.402677144397 -5196.195165483999
2949.9381529734887 2960.3192673905646 -5525.708233069053
1297.3134151180454 4188.198499581979 -5364.237874974746
-470.5833128367637 5043.937915479128 -4726.131441118751
-2196.66664832514 5451.501312628994 -3668.087488433162
-4200.566896543142 5023.190191267909 -2263.15593768422
-5341.40595141642 4360.467000366947 -674.3787875843179
-6007.637647132429 3310.297180889113 974.3198772550462
-6140.0643738171375 1965.9929298893965 2536.4459452679125
-5726.91943565951 447.0015794511438 3873.1976600340336
-4804.912573471539 -1111.7078229554775 4865.798765458172
-3455.9681431190797 -2571.6371066430956 5426.0522973651805
-1799.9457769841163 -3803.065147961892 5504.177270812978
16.009670367825628 -4696.574161407764 5093.231939064942
1830.5425882502948 -5172.7719500363255 4229.730598250776
3482.423763962928 -5189.346250568354 2990.399131915002
4824.876305882447 -4744.824363666458 1485.3575795581692
5738.617414403399 -3878.7040097340437 -151.66451212678507
6142.457182146886 -2667.943783124574 -1775.2105463405244
6000.512673527267 -1220.1250433060272 -3241.021333128753
5325.396281048609 336.1071610408107 -4418.853151480628
4177.095058882114 1862.4747691472141 -5204.050475505807
2657.6406098542216 3223.3533206789602 -5526.8450771829275
902.0431297770355 4297.822784215339 -5358.555239592209
-933.7048409318855 4990.411832689533 -4714.134253331381
-2686.489039027804 5239.580889767652 -3650.8417510246377
-4640.445962934338 4630.127351270994 -2242.1549287143857
-5712.70825079208 3865.1677484371266 -651.5515835550702
-6277.371340759721 2756.77102914533 996.9449790901564
-6284.26243931046 1403.4231060235472 2556.858605322266
-5732.769242097 -74.62511888922852 3889.5841238822586
-4671.8943398797555 -1546.0425745018033 4876.703023876572
-3195.901123293578 -2880.087362673795 5430.505459140715
-1435.9380669216994 -3958.2237496169982 5501.783652979521
451.61438820658617 -4684.654586027914 5084.204225071216
2299.0389230656074 -4994.833304202213 4214.870940102592
3942.183760444152 -4861.199163833222 2971.027875449361
5235.048270718715 -4295.626144736497 1463.1959459213992
6062.755768508989 -3348.3678916350877 -174.64736453133582
6351.760810301772 -2103.592457291454 -1796.9724902181013
6076.384029856046 -671.9036016540044 -3259.6287242651315
5261.093862585511 819.4868375907816 -4432.65264151615
3978.332417694108 2238.0622750568846 -5211.815919192746
2342.0786788662895 3457.77605780968 -5527.886480771621
497.7209713782597 4370.251263625751 -5352.78006980367
-1390.8614286292202 4894.410466136895 -4702.055659345248
-3155.8596870081897 4983.679819965231 -3633.532968922596
-5043.554239835399 4198.605082874256 -2221.1152010106084
-6038.133240960224 3338.3743821088074 -628.7131281835758
-6496.197605714452 2181.5144672783395 1019.5528651446613
-6377.046305107324 830.8174186116097 2577.227112170777
-5691.2664550846375 -593.701403680953 3905.903420305624
-4499.792604816214 -1965.4672508407618 4887.523068771474
-2908.492434595282 -3162.5927074524 5434.8648440352645
-1058.7599478517407 -4078.707923197394 5499.295027394996
885.0480065499302 -4632.4120408513945 5075.088714311954
2750.215561600425 -4774.506019670348 4199.938497302315
4371.014394880558 -4492.364186067026 2951.6053136808205
5603.429417294791 -3811.0560801161387 1441.0090450322366
6337.955145737414 -2791.1189169028 -197.62720103149212
6509.325745823234 -1523.1785892990263 -1818.7034030108898
6102.314187687119 -119.89715967686485 -3278.1798263843734
5153.085234410284 1294.0376587425749 -4446.375586128358
3745.982044114022 2592.991552392009 -5219.491362446975
2006.0319102267417 3661.54676745544 -5528.832425851612
87.83703778983038 4404.757483797095 -5346.912465337856
-1838.1625409211829 4756.586167743548 -4689.895867739975
-3600.833311227942 4685.77129675141 -3616.161441024361
-5406.535654385128 3732.061849164871 -2200.0371178982446
-6315.022030374068 2784.331614730081 -605.8638158566004
-6662.390985946554 1589.2012974885085 1042.1431450134414
-6417.777264996416 252.86347087001596 2597.551114079228
-5602.915870099714 -1105.942384808313 3922.155267493732
-4290.210812153334 -2366.480406248219 4898.258713296537
-2596.3016962670918 -3416.746258464755 5439.130376768632
-671.6997809852066 -4163.419211472706 5496.711437034327
1312.585607543208 -4540.154096677049 5065.885564198682
3180.2420046542734 -4513.476366253545 4184.9335277113805
4765.319943389703 -4085.7564536236155 2932.1317820085937
5926.9782928928 -3294.9991500423607 1418.7972600259775
6561.998610956543 -2211.4667121142506 -220.60362479915602
6613.956555580214 -931.4357519529563 -1840.4029094578448
6078.235435370289 431.357362307847 -3296.674319136078
5002.436422830875 1755.8224819469517 -4460.021748342069
3482.1489812922614 2924.275068765046 -5227.076672724824
1652.4573216067322 3832.89298275359 -5529.682896087817
-324.0624227930835 4400.941534850676 -5340.952527519714
-2271.7877988032146 4577.947118362457 -4677.655088497364
-4017.6548593131124 4348.182010417708 -3598.727467310787
-5726.355488630636 3234.2282932518715 -2178.9210433649123
-6541.108025837042 2207.50737951078 -583.0040411482853
-6774.654409768059 984.6397476135986 1064.7154285954416
-6406.24301930999 -325.7174468794356 2617.8302600817947
-5468.608823251788 -1607.1332168297558 3938.339384800998
-4045.0647346531364 -2745.7481476767825 4908.909772062899
-2262.098892906344 -3640.391306085456 5443.301983681309
-278.1356374673521 -4211.569721354322 5494.032926512332
1730.5411899388012 -4408.531684711559 5056.594933656346
3585.4518382639003 -4213.776261359531 4169.8562904436485
5121.77935626308 -3644.608325333153 2912.6076167120705
6203.014301899763 -2751.6009455007347 1396.5609744676476
6733.08420533275 -1614.101746458727 -243.57623906510338
6664.890029468566 -333.1825238749851 -1862.0706348402418
6004.491126097949 977.3414281024574 -3315.111883147416
4810.566835898257 2201.0243052007604 -4473.590892508042
3189.202571504155 3229.136513745921 -5234.571719039074
1284.4636630469292 3970.3257722125813 -5530.437876793862
-734.4054786479591 4358.734162330479 -5334.900359268637
-2688.019470679618 4359.8498941354965 -4665.333532997778
-4402.791136562217 3973.573829960454 -3581.231348841086
-6000.325746959504 2709.097225312945 -2157.7673420543124
-6714.535545713086 1612.5566138695992 -560.1341988134913
-6832.1293949761575 372.73327069581325 1087.2693261003333
-6342.658565189587 -900.2090592923321 2638.064199987321
-5289.6146875872555 -2093.1638638599684 3954.4554927513786
-3766.5653319011108 -3100.131873425305 4919.476061142359
-1908.84011717582 -3831.639561332178 5447.379592735751
118.49391876739342 -4222.689259341422 5491.259542082973
2135.2992500261616 -4238.5344856915935 5047.2169831205365
3962.373872313701 -3877.767322485834 4154.707045860915
5437.374187454796 -3172.4435153756135 2893.03315494501
6429.239944516942 -2185.2341798852094 1374.3005723453482
6849.839518253978 -1003.8571977697687 -266.54464712590953
6661.80079076854 266.71690172229904 -1883.7062049881533
5881.831828192076 1513.592034028467 -3333.492200028639
4579.236295686907 2625.977871821983 -4487.082784307027
2869.755522662471 3505.03405179003 -5241.976371961264
905.2843777347649 4072.652574667951 -5531.097354932333
-1139.625256929654 4278.398043745168 -5328.756065096722
-3083.274186352881 4103.989071195066 -4652.931414016436
-4752.960673592753 3564.922659609874 -3563.673387747584
-6226.127722712488 2160.8914142823573 -2136.576379259905
-6833.875093654302 1004.2835044679532 -537.2546837809222
-6834.402672558051 -241.55940194398852 1109.8044480553317
-6227.663581722889 -1465.9386954272477 2658.2525843852886
-5067.569252000155 -2560.062902655793 3970.50331304329
-3457.1991555758736 -3426.7142863323484 4929.957398070577
-1539.641742510035 -3988.887067780336 5451.363133517618
514.7195959843576 -4196.629728313462 5488.391331638529
2523.345839565693 -4031.483420879713 5037.75187453472
4307.761731780872 -3508.1221196272018 4139.486055568514
5709.4140898262995 -2673.048772905474 2873.4087347297163
6603.759950639619 -1600.4633122297655 1352.0164380636427
6911.3327597153975 -385.6696627448911 -289.5084523507847
6604.803323206205 863.3924287583363 -1905.3092462869688
5711.408126728156 2035.7383140311038 -3351.814952378626
4310.529254088604 3027.1999164117437 -4500.497190753776
2526.640940777195 3749.6815215711977 -5249.290503623857
518.2494918965621 4138.987468332725 -5531.661319115006
-1536.190698639447 4160.526214885552 -5322.519751106925
-3454.133604139541 3812.3839490772325 -4640.4489457197815
-5065.161580696199 3125.4946390219943 -3546.053887230639
-6401.831574695548 1594.029445317169 -2115.3485209186024
-6898.135166832029 387.6025005080325 -514.3658911463057
-6781.509177427918 -853.2646274367937 1132.3204053118664
-6062.316337446488 -2018.3154487437312 2678.395064651843
-4804.460086845874 -3004.0300851983307 3986.482568554364
-3119.706473503209 -3722.823465614154 4940.353601850211
-1157.7532493834133 -4110.827643768478 5455.25253723699
907.0714316605978 -4133.566745703993 5485.428344708812
2891.2988353840806 -3789.020302424827 5028.199771347465
4618.621649327767 -3107.8027774334905 4124.1935824106395
5935.559661241406 -2150.4433372993426 2853.734694951204
6725.09714947921 -1002.0075695809976 1329.7089564369141
6917.080243383047 235.46096793243063 -312.46725818846255
6494.450402555626 1452.0077651415982 -1926.879385683783
5494.760143034971 2539.5373003868244 -3370.0798237902113
4006.8363314479684 3401.4178019167844 -4513.833880201146
2162.8875281001833 3961.067404870287 -5256.51398772251
126.75667620506186 4168.758786043075 -5532.129759603048
-1920.6370626333173 4006.037654779323 -5316.191524991271
-3797.37376987984 3487.36249768174 -4627.88634366177
-5336.697153172212 2658.8198786268936 -3528.373151553225
-6525.912748633231 1013.0899204275393 -2094.0841336044605
-6906.77050095252 -232.5015869422145 -491.46821616559447
-6673.931384399066 -1457.4343079957277 1154.816809052306
-5848.084176276277 -2552.8675949387152 2698.4912929558272
-4502.60902519661 -3421.467392996496 4002.392983346257
-2757.057302854027 -3986.0547983241677 4950.664492954023
-766.528940006139 -4196.463742307385 5459.04773672956
1292.1088830181782 -4033.9984669087758 5482.370632460262
3235.9371614598117 -3513.0947248146454 5018.56083850963
4892.238222429447 -2680.037099458458 4108.829890465922
6113.842448102392 -1608.8464166663098 2834.011375351356
6792.204942105794 -394.7026694471317 1307.3785126827252
6867.050219902654 854.5121420765604 -335.4206681738715
6331.727950107627 2027.7997998119786 -1948.4162506938608
5233.803865615093 3020.9085464812515 -3388.2864988558167
3670.833339492729 3745.5963117568517 -4527.092622344023
1781.6931619696318 4137.4714074541935 -5263.646699518237
-265.75827182616393 4161.714011605015 -5532.5026683071765
-2289.595916909188 3816.170062443604 -5309.77149602895
-4109.99291704863 3131.5426562476073 -4615.243824780153
-5565.19901010149 2168.663942495407 -3510.6314860356997
-6597.2651043163105 422.77429364231 -2072.783584522299
-6859.686683443242 -851.0140742489491 -468.5620542481215
-6512.594997507061 -2049.186107029421 1177.293270796687
-5586.8306659899545 -3065.278961495239 2718.5409222648213
-4164.651912397089 -3809.0083284770317 4018.2342826693703
-2372.425560113885 -4214.290589915905 4960.889893328024
-369.39878559644217 -4245.114638331118 5462.748666457784
1666.4506921011439 -3898.741621751854 5479.218247695094
3554.2287127070617 -3205.948302734157 5008.835242471471
5126.197914713201 -2228.2924079461195 4093.395245042833
6242.681936048047 -1052.6429540119034 2814.239116522984
6804.476271806572 216.53844583376855 1285.0254924151463
6761.663029862812 1466.4794545038153 -358.36828593529503
6118.046354646273 2586.1173281021092 -1969.9194694070643
4930.814412215203 3475.967328109563 -3406.434663172812
3305.457970736188 4056.9623769831032 -4540.273188223344
1386.3970827938788 4277.478514975553 -5270.688515839532
-655.8512700581057 4117.921915507137 -5532.7800387878015
-2639.8243594094647 3592.469882643246 -5303.25977508449
-4389.23746974894 2747.8111354120797 -4602.5216073927195
-5748.647569049843 1658.9973102289944 -3492.8291970507025
-6615.21063608478 -172.13135631403134 -2051.447241501437
-6757.241095872088 -1462.9311528659034 -445.64780094977687
-6298.861030627031 -2623.743096518017 1199.749402409434
-5280.799520714419 -3551.423951937568 2738.543606351026
-3793.515798979331 -4163.545204060155 4034.0061929676617
-1969.161550935079 -4405.717193384813 4971.029626394511
30.16134243291755 -4256.421875905784 5466.355262512024
2026.8042681649076 -3728.9247957527705 5475.971244850381
3843.356740186339 -2870.096383380219 4999.023151179797
5318.410099549015 -1756.247312133786 4077.8899126751126
6320.899382108454 -486.34796003988345 2794.418259904118
6761.749015757496 826.765542606405 1262.650281638125
6601.787575909686 2066.417298591322 -381.3097152009468
5855.228338474707 3122.4588092734393 -1991.3886704942804
4588.406367919907 3901.056152066825 -3424.524003348961
2913.884355685767 4333.027536246115 -4553.375350230006
980.4509310780412 4379.990408651803 -5277.639315084537
-1040.099861394048 4037.771911977449 -5532.961866255146
-2968.233216778146 3336.779661453734 -5296.65647460576
-4632.626024974619 2339.2998947934834 -4589.719911193559
-5885.38968090761 1133.963066632362 -3474.9665920177595
-6579.505702133073 -766.7953037319535 -2030.0754729892587
-6600.240176666006 -2063.300562851401 -422.7258519661818
-6034.514346825224 -3176.472512316154 1222.1848161059784
-4932.595435238994 -4007.4009393415863 2758.4989997973853
-3392.393772893235 -4482.254206717158 4049.7084418833288
-1550.76303655109 -4558.839517777306 4981.083517055138
428.6598010001448 -4230.35193154524 5469.8674626116435
2369.99433408997 -3525.9790116017007 5472.629679997112
4100.744470047057 -2508.307382973329 4989.12473407506
5467.125464019778 -1267.7616358421208 4062.314161117158
6347.728368429412 85.43029611396767 2774.5491477719243
6664.307750756964 1431.031371355616 1240.2532667388077
6388.734143596906 2649.47902927462 -404.24455980591154
5545.493471280244 3632.5088483953627 -2012.8234832138512
4209.511368043094 4292.774315333637 -3442.5542070078363
2499.495706618939 4571.6079458247295 -4566.398882108882
567.3888828054456 4444.234148158269 -5284.498977223129
-1415.1329331904299 3921.9706432276153 -5533.0481475693105
-3271.9139778637027 3051.2228353615237 -5289.961708622102
-4837.971107045824 1909.3604885026805 -4576.838957249224
-5974.1532722804095 597.8430831498879 -3457.0439793978144
-6490.3437066984225 -1356.3795853450526 -2008.6686480449955
-6389.933025281783 -2647.2618602627535 -399.7966031258358
-5721.748752809642 -3702.923301578809 1244.5991244595841
-4545.161994169557 -4429.563757538315 2778.406758003445
-2964.717646232585 -4762.61803482018 4065.3407582615073
-1120.84512497881 -4672.49279930327 4991.051391693927
822.6194043771785 -4167.196073671351 5473.285206106089
2692.990589648495 -3291.625689454951 5469.193610839209
4324.077743034919 -2123.5799176691094 4979.140162088437
5570.951613050119 -766.844751021352 4046.6682593393843
6322.821984527316 658.02793699739 2754.6321232368873
6512.881875432012 2024.4319551058766 1217.8348344808312
6124.243630393227 3210.9563099299057 -427.17242369899606
5191.439462993489 4112.173105566998 -2034.2235374178802
3797.3531170499527 4648.00527480001 -3460.524962794207
2065.8552822468523 4770.8417779318615 -4579.343558962605
150.79713975953257 4469.768052600168 -5291.267383798971
-1777.6599903577878 3771.535820540923 -5533.038881240345
-3548.1642291993817 2738.1860797143163 -5283.175592742329
-5003.398505414424 1461.5364893733588 -4563.878967994929
-6014.058867370688 55.02296810434454 -3439.061668688211
-6348.354208262196 -1936.0795188525776 -1987.2271363331377
-6128.001398903065 -3210.0859496652956 -376.8604503832918
-5363.148772960196 -4198.862156620096 1266.9919404079628
-4121.756842749076 -4814.551034556125 2798.266537191421
-2514.12872902773 -5002.445924762628 4080.9028721549776
-683.1092446600969 -4745.851541681623 5000.933078180274
1208.6074938711615 -4067.567422295751 5476.608433975934
2992.934152685375 -3027.8620872132533 5465.663096712571
4511.32547775823 -1719.1179181279929 4969.06960763887
5628.865736506534 -257.62257779229856 4030.9524775236387
6246.256572695797 1226.7636591382857 2734.6675302368576
6308.64010115556 2602.146561390788 1195.3953719977424
5810.473271616567 3746.3173223316226 -450.0929109495587
4796.020393052474 4557.611348740517 -2055.588463558793
3355.4200555768452 4963.941606065839 -3478.4359603794264
1616.6759211448345 4929.203867793276 -4592.209157255565
-265.71696354632303 4456.484734412397 -5297.944417931595
-2124.4997299467186 3587.7873754178313 -5532.934067428268
-3794.5113721277935 2400.2993633718597 -5276.298244152718
-5127.3640269564885 999.5342193499913 -4550.840167230717
-6004.627886923649 -490.0439264447629 -3421.0199704171537
-6154.598456217487 -2501.1630066071843 -1965.7513081172249
-5816.546182248673 -3747.2135589104428 -353.91778981239355
-4961.668254494555 -4660.307742128677 1289.3628772599386
-3665.924328406087 -5159.3131310350955 2818.0779944119327
-2044.4469380948447 -5199.890906976287 4096.394514828803
-241.31146542626442 -4778.4355564872585 5010.728405871913
1583.2655899233948 -3932.395236985284 5479.837088833895
3267.162549561777 -2736.94434364489 5462.038198584004
4660.757778964871 -1298.303934489245 4958.913244630092
5640.224226308313 255.69647675874177 4015.167087058461
6118.531999427926 1786.977133941191 2714.6557135311655
6053.181353662951 3159.4770307530125 1172.9352667862142
5449.978980676185 4251.2435282458355 -473.00562575431263
4362.522058417503 4965.268381979085 -2076.9178926955865
2887.43590665573 5238.107350252086 -3496.286890466776
1155.7884032838094 5045.517493399706 -4604.99545481771
-678.5559718137357 4404.611265369942 -5304.529964318391
-2452.6076710218126 3372.3359970938836 -5532.733707943055
-4008.7344155680935 2040.4138762232844 -5269.329781615019
-5208.667515249941 527.1920282414158 -4537.722780117608
-5945.78764834092 -1032.8731449937961 -3402.9191961383303
-5910.561387794476 -3047.0093018986213 -1944.2415342533602
-5458.070439935429 -4254.292341900355 -330.9690175992556
-4520.605981140495 -5083.562837669822 1311.7115487021842
-3181.465842568638 -5461.136466464247 2837.8407875501002
-1559.6385022516977 -5353.464154410682 4111.815418764995
200.7695633511737 -4770.11305894724 5020.437205617888
1943.3383721875462 -3762.9164848999812 5482.971114925829
3513.2330384551183 -2421.368267882323 5458.318979050193
4770.961531686677 -864.6708542637182 4948.67124844764
5604.769155808045 768.8563593017611 3999.31236053444
5940.568444311553 2334.0673112727213 2694.5970186945387
5748.522156782758 3691.8861397514074 1150.454906699391
5045.694448649821 4721.664683137742 -495.910172444248
3894.534646089 5331.902598743083 -2098.2114565002107
2397.328349339375 5468.377569780956 -3514.0774447968297
687.1089082487587 5118.963196164091 -4617.702230848397
-1084.1631746675687 4314.706478368048 -5311.023909236626
-2759.1026017429003 3127.069155191527 -5532.437806244628
-4188.883654531069 1661.578014659262 -5262.270325464379
-5246.464012001002 48.448375809519554 -4524.527033173668
-5837.87301827656 -1568.9861138431015 -3384.7596584256303
-5618.140146144947 -3569.146919276268 -1922.6981861838642
-5055.459188807976 -4727.21230619522 -308.0145300355854
-4043.5784970281807 -5465.244134679205 1334.0375688058543
-2672.40811083547 -5717.6650379680905 2857.5545753314514
-1063.7825363252252 -5462.046311073779 4127.165317667122
639.3647848703055 -4721.100799645131 5030.059309761408
2285.7017391239892 -3560.6647639583803 5486.010458131696
3728.9440632196133 -2083.848038273995 5454.505502336614
4840.853343096672 -421.8722695724973 4938.343795955795
5522.63155970462 1277.5887016365061 3983.3885717394987
5713.699726563391 2863.530310099426 2674.491792111331
5397.080598558756 4195.034684114219 1127.9546799401687
4600.907174674055 5153.791816839005 -518.8061554913088
3395.922957571019 5654.611929594752 -2119.4687872640125
1889.1960829253587 5652.994957550287 -3531.807316152748
214.6058457113123 5149.084575767715 -4630.329265920202
-1479.0530626764403 4187.655433042693 -5317.426140545351
-3041.291615727917 2854.134727868657 -5532.04636744277
-4333.298062233537 1267.0116269595458 -5255.119997607283
-5240.271959544381 -432.6910171938647 -4511.253154270129
-5681.624696694995 -2093.9471656363776 -3366.5416708676653
-5279.62920913007 -4063.290376992007 -1901.1216359308269
-4611.956054497342 -5162.139275944466 -285.0547235118252
-3534.490365186733 -5802.309446554175 1356.3405520332592
-2142.969696073793 -5926.918959821934 2877.219017327711
-561.0367651971084 -5524.895713654072 4142.443946464886
1070.746744336653 -4631.961237722552 5039.594552142838
2607.389706741414 -3327.456678792291 5488.955065966477
3912.354651360947 -1727.2929916481958 5450.597834296432
4869.689716121435 26.348257904240974 4927.931065494537
5394.331479323218 1777.6483491144904 3967.39599565416
5439.663217953342 3370.996583424645 2654.3403809693345
5001.657008099469 4664.81697792263 1105.4349750545218
4119.231623665702 5544.1479127200855 -541.6931795153938
2870.7944325190088 5930.856975379982 -2140.6895179039925
1367.274557769133 5790.583368640225 -3549.4761983656135
-257.7336616240859 5135.791018040228 -4642.876341982707
-1859.8411141364868 4024.6610974396804 -5323.736547687417
-3296.6935218795456 2555.9223763973096 -5531.5593982970595
-4440.620242902374 860.0787357314401 -5247.87892151942
-5189.978368002372 -912.1866749975436 -4497.901372627453
-5478.1841392604265 -2603.4002965877075 -3348.265548062475
-4897.702246294018 -4525.375468855014 -1879.5122560896905
-4131.137001980368 -5555.546116621286 -262.0899945102019
-2997.502105844637 -6092.082111813187 1378.6201132445099
-1597.5259932832628 -6087.309876708481 2896.833773962748
-55.60268559136234 -5541.653445338843 4157.65104131873
1491.2611647237286 -4503.596786205253 5049.042768102496
2905.6199162612843 -3065.375788908353 5491.804887581115
4061.8015871360512 -1354.7827005868485 5446.596042409353
4857.074362071087 476.18877604771836 4917.433236876478
5220.774765016353 2264.8487902104325 3951.3349084468086
5120.586419097223 3852.2670502377496 2634.1431332539946
4565.411498517931 5097.39447745593 1082.8961809248315
3604.5797313169514 5889.596035804941 -564.5708492911261
2323.46523655085 6158.481140306184 -2161.8732819692063
835.900659157968 5880.158169441883 -3567.083786319676
-725.9373600907195 5079.357340573576 -4655.3432423662825
-2223.2726591717274 3827.233321602752 -5329.9550216913285
-3523.0604258139574 2235.042826470732 -5530.97690721674
-4509.808812926587 444.2589678829072 -5240.547222243577
-5095.840896040693 -1385.9992495996846 -4484.471918811385
-5229.0851528121475 -3093.105351397834 -3329.9316056119214
-4475.390848509671 -4951.592774500231 -1857.8704198228004
-3616.881353873154 -5904.241466281538 -239.12073959797834
-2436.9960785225944 -6332.272393446837 1400.8758677042435
-1040.573007014183 -6197.653129734684 2916.3985065184247
448.30954264687836 -5512.345187492816 4172.786339624412
1897.3578220697113 -4337.241184813822 5058.403794483517
3177.817532584021 -2776.7542691946596 5494.559873763357
4175.914209705695 -969.5405511721475 5442.500195780468
4802.962583597346 923.821099580634 4906.850491383765
5003.246654482238 2735.097191513551 3935.2055874689117
4758.970303730082 4303.34789520417 2613.900397742159
4091.838557094309 5489.227253474712 1060.33868676305
3061.1289979229755 6187.364681196981 -587.4387697546183
1758.4246937428286 6335.727604192233 -2183.019713647026
299.4766388039814 5921.133325672374 -3584.6297759576573
-1186.0812297241932 4980.4203667009115 -4667.729751785793
-2566.250575959633 3597.1752019332803 -5336.081455173138
-3718.3972967158875 1894.30523453053 -5530.2989042605805
-4540.148099741187 23.117934018103384 -5233.125026387462
-4958.486819992699 -1850.123496383159 -4470.965024728914
-4936.242226326864 -3558.973334997578 -3311.540160116344
-4016.0603006283645 -5338.419131187761 -1836.1965008530187
-3073.3403324064807 -6205.395738404431 -216.147355420568
-1857.5405885183363 -6520.995702333219 1423.1074310881052
-476.6902116577765 -6257.176581191404 2935.9128771404453
946.5161824291388 -5437.379861643577 4187.849580017433
2285.620459989347 -4134.448079840247 5067.677469634678
3421.637329399352 -2464.1524424165254 5497.219976938625
4253.626706484113 -574.9060467292346 5438.31036513905
4707.662683964426 1365.4232741436012 4896.18301176492
4743.402172737081 3184.4287450474285 3919.0083112502275
4357.669562384472 4720.483747318409 2593.612523996257
3584.7388880961107 5837.103053138426 1037.7628821041335
2493.288432232902 6435.070136982268 -610.2965460103546
1180.2983575497447 6461.252999315073 -2204.128447769528
-237.56640585574365 5913.325177916975 -3602.1138642860133
-1634.3223515579464 4839.972464260836 -4680.0356563443565
-2885.8615842187223 3336.5669572857955 -5342.115742338308
-3880.979350726685 1536.6928338730106 -5529.525401136699
-4531.255070525236 -399.7231914948434 -5225.612462121553
-4778.908892222264 -2300.6220571420567 -4457.3809236243205
-4601.935686949096 -3997.100556898546 -3293.0915291690962
-3523.3825919389856 -5682.646806658086 -1814.4908734572152
-2504.903381317892 -6456.564183635472 -193.17023869469597
-1263.8525126792433 -6656.787498731622 1445.314419489517
89.49719803633286 -6265.526031734685 2955.376548844194
1434.8946899543844 -5317.545081010025 4202.84050237769
2652.795491738368 -3897.0769141753967 5076.863633413184
3634.983772480152 -2130.3363614758914 5499.785151170833
4294.187793173505 -174.3060742321675 5434.026622837341
4571.834383710661 1797.2120726367261 4885.430982231693
4443.253426090387 3609.040039916564 3902.743359494017
3919.8699026654826 5100.188961638464 2573.279862358158
3048.1887363230226 6138.163712308166 1015.1691567991135
1905.6626240023263 6630.735680251519 -633.1437833379941
593.8100246763414 6534.137684500278 -2225.199119819797
-770.805201234522 5856.95288089025 -3619.535749380128
-2066.9310023927737 4659.352110998764 -4692.260743537012
-3179.4009134111357 3047.747458815073 -5348.057778983531
-4009.3671007018334 1165.3370700961907 -5528.656411202361
-4483.0834262774215 -820.6186312981421 -5218.009659176822
-4558.458115740705 -2733.65876607616 -4443.719850075186
-4228.793797156478 -4403.801323024371 -3274.5860313510234
-3001.3068821402753 -5981.410131134404 -1792.7539124597354
-1916.162542086252 -6655.706821761141 -170.1897862015059
-660.7587512270304 -6738.614753186114 1467.4964494263352
653.3563543707247 -6222.767191866734 2974.789185520542
1909.4178806754946 -5153.999457385976 4217.758847833921
2995.8192489399144 -3627.2762531623744 5085.962127187439
3816.0289299997853 -1778.2536358056448 5502.255352163171
4297.167694262042 228.7746208299635 5429.6490428493
4396.484251079292 2215.4752484439246 4874.5945884559105
4105.15388853479 4005.321177780689 3886.411013072184
3449.0625878228675 5439.276743409121 2552.902763943203
2486.5069402210206 6389.928700512833 992.557901008615
1303.0142391245472 6772.807450835758 -655.9800871992085
3.743004698080736 6553.89253717598 -2246.2313659381516
-1295.8608121217437 5752.63551030444 -3636.895130389536
-2480.3217089930286 4440.2315733172345 -4704.404802254395
-3444.395137307759 2733.29357540546 -5353.907462498531
-4102.418942193605 783.4904484575865 -5527.691949463753
-4395.924820896531 -1235.9292431268743 -5210.316748842551
-4298.8334880644725 -3145.5311976734 -4429.982039988238
-3819.771934697854 -4775.638901370327 -3256.023986225007
-2454.027661664082 -6232.209367138091 -1770.9859932261768
-1311.8751748816146 -6801.205080801844 -147.20639477980438
-53.15682174154896 -6765.883876439457 1489.653137847358
1210.2847482851284 -6129.384198063085 2994.15045194167
2366.1872071795283 -4948.261835329311 4232.604358768121
3311.843548874519 -3327.464693437108 5094.9727938397555
3963.228057465974 -1411.0077111947269 5504.630537258887
4262.462360811712 630.8234982926576 5425.177700769333
4182.958177891354 2616.603271633408 4863.674017566222
3731.77980425574 4369.8863615151895 3870.0115540204883
2949.0164183660695 5734.885871245928 2532.4815806340534
1904.2199821591762 6590.315604184346 969.9295051959116
690.2252440057005 6860.166874567309 -678.8050632443949
-585.099036081276 6520.462212798507 -2267.224822928486
-1808.4346991476277 5601.3858688454275 -3654.191707543152
-2871.0830030097145 4184.601809168464 -4716.467622786391
-3678.6229825141863 2395.997514924259 -5359.664691867838
-4159.3011666511975 394.4983268171428 -5526.632032575719
-4270.407189338718 -1642.0537688550526 -5202.533863964047
-4002.068792880209 -3532.702181130236 -4416.167730595338
-3378.129021384693 -5109.454501603761 -3237.4057143303985
-1885.9508643792071 -6432.93161820013 -1749.1874916566064
-696.9253281735529 -6891.875007006395 -124.22046131914392
554.0250818467204 -6738.44505694482 1511.7841021390004
1755.7479320458922 -5986.274692394633 3013.460013766844
2801.4648735099117 -4702.197551091373 4247.376778820071
3598.259366936452 -3000.309522119599 5103.895477769123
4075.33272490955 -1031.8308254660271 5506.91066544201
4190.294885971346 1028.330568145208 5420.61267381097
3932.9309576083583 2997.120278022378 4852.669458144911
3326.108854278646 4699.602698551535 3853.54526553353
2423.74738285798 5984.504795447656 2512.0166650746282
1306.0253200301813 6737.657378701527 947.2843601202788
72.25717611999802 6892.139536135365 -701.6183173196836
-1167.9313349838437 6434.224850127403 -2288.1791282645245
-2304.34402159215 5404.601050054923 -3671.425182154378
-3236.005629434793 3894.7547289840268 -4728.448996825751
-3880.1339361253604 2038.842358393277 -5365.329367672522
-4179.495314903871 1.7698969469623531 -5525.476678841469
-4107.490193540082 -2035.4598276101383 -5194.661138940338
-3670.5165430564357 -3891.830014015769 -4402.277160449421
-2907.401389925702 -5402.394024661356 -3218.7315371774826
-1301.6582077988846 -6581.868601624335 -1727.3587841792114
-76.28407202502817 -6926.976937546206 -101.23238275293029
1155.8682383153564 -6656.592974029491 1533.888960131901
2285.3165832372147 -5794.741512793141 3032.717537548195
3211.7045207918136 -4418.001838340838 4262.075852891637
3852.7184173409137 -2648.703312470219 5112.730024893841
4151.401375132977 -644.0558736435912 5509.095697338065
4081.214102619611 1417.8187559489002 5415.954040805542
3648.393046975398 3353.7139670802267 4841.581100224609
2891.3962583982593 4991.6169747051135 3837.012431960037
1877.486223578933 6185.992908777192 2491.5083706640808
696.7532985820357 6830.716226121659 924.622856830228
-545.8892146453804 6868.500430670784 -724.4194554735861
-1740.0270755561642 6295.988230037137 -2309.0939200961147
-2779.555894820739 5164.049845675433 -3688.5952566263472
-3572.108974950358 3573.262970465989 -4740.348717471664
-4047.2644967136052 1664.9759993243615 -5370.901392091924
-4162.802806816144 -391.25139598410067 -5524.225908212271
-3908.4578193738485 -2412.7143877808107 -5186.698709721863
-3306.829202695547 -4219.797118200567 -4388.310569420273
-2411.374299576833 -5651.932356393527 -3200.001777241978
-705.8700507629922 -6677.731135995306 -1705.5002477438222
545.0308813962956 -6906.221556611577 -78.24255605163897
1747.5034279149017 -6521.063884468793 1555.9673301075438
2794.7026260707617 -5556.481068973473 3051.9226907364737
3593.580231549786 -4098.180526284302 4276.701327151367
4073.1524632885134 -2275.7386592657494 5121.476282654212
4190.807223928882 -251.0874254568462 5511.185595214745
3936.090371668591 1795.874027982915 5411.201882200829
3331.6346166374506 3683.26419297306 4830.409135285034
2431.1485052803623 5243.380170678873 3820.4133387978086
1314.6441803096523 6337.598810024952 2470.9570515506375
81.32795069745298 6868.693983006049 901.9453866567575
-1159.2146242360668 6789.475552829985 -747.2080839637365
-2296.755892676598 6106.982424662267 -2329.968837255351
-3230.2203209055924 4881.857108012364 -3705.7016344570006
-3876.6654980337416 3222.957363638491 -4752.1665792333915
-4178.651933195257 1277.6837137899442 -5376.38066890534
-4109.346806380409 -781.1177410514938 -5522.879742287107
-3674.9081822472367 -2770.5134567217374 -5178.646713808121
-2913.9378390524585 -4513.7368935642335 -4374.268198690492
-1894.0513312522978 -5855.8949992054295 -3181.2167579594134
-103.40707104781625 -6719.660220912671 -1683.6122598154084
1161.9959407012288 -6829.772285168712 -55.25137821591848
2324.150513783765 -6333.029109925511 1578.0188308047211
3279.794114350083 -5273.568506224942 3071.0751416867924
3944.0136147170037 -3745.5281980720492 4291.252949038734
4257.790197397636 -1884.681272540726 5130.134100015169
4193.243436034969 143.62785484339355 5513.180322982579
3756.1085936348677 2159.1750170242235 5406.356280059639
2985.2270192792566 3982.870003558927 4819.153756249656
1949.0949238076519 5452.669511740349 3803.748272688935
739.7771908935669 6437.975405157582 2450.363062625465
-535.2729918901117 6851.238931236841 879.2523412065763
-1762.7618203375432 6655.739812108892 -769.9838092638897
-2833.6215252951592 5868.849002441985 -2350.8035192629804
-3652.7015225870555 4560.485203888462 -3722.7440202442326
-4147.222959980473 2846.9022816097886 -4763.902378033721
-4273.2454375914385 880.359598185185 -5381.767103493679
-4019.571305243674 -1164.406898932637 -5521.438204312288
-3408.7406228268837 -3105.7107331647608 -5170.505290245292
-2495.028377060073 -4771.058539568165 -4360.150290751253
-1359.6219107397972 -6012.47685728537 -3162.3768037195805
500.84892463508993 -6707.234614256007 -1661.695198367466
1769.6224490087784 -6698.243984601772 -32.25924626976177
2881.157252927826 -6094.0849821561005 1600.0430814263764
3736.6885911738814 -4948.439785594412 3090.1745596643636
4260.198749906357 -3363.1039982123184 4305.730467268498
4405.171554135364 -1478.9416618502617 5138.703327468882
4158.725534002496 536.6311313957461 5515.079846195533
3542.7584999070946 2504.5218936503393 5401.4173180584485
2612.0018259553626 4249.874894740769 4807.815157482403
1449.1573271862676 5617.607861164724 3787.0175214147343
157.54884037448866 6486.191716658141 2429.7267595167023
-1148.0585522962506 6778.448973942959 856.5441123553643
-2351.6559044235164 6468.411293159575 -792.7462380707026
-3346.2983093707653 5583.626882823568 -2371.5976063345747
-4043.607424542189 4202.712720605683 -3739.7221196909836
-4381.624274964128 2448.36908986101 -4775.555911212622
-4330.314580114085 476.4771209913851 -5387.0606028410975
-3894.23743154836 -1537.7519310637633 -5519.9013191810645
-3112.1401976101047 -3415.344975730609 -5162.274579623849
-2053.515649711853 -4989.469631309299 -4345.957089398182
-812.4272246317357 -6120.258014219292 -3143.4822398609576
1101.9947383374474 -6640.474840913481 -1639.7494418755675
2362.99721553797 -6512.697984594098 -9.266557253640281
3414.037020295466 -5806.239331839164 1622.0397016458946
4161.724653545 -4583.870834188725 3109.2206148501696
4539.624787899253 -2954.205296934746 4320.133631835121
4514.159338033399 -1062.0456547317472 5147.183817037316
4087.591020921313 924.4814046047845 5516.884132051622
3297.8223035026326 2828.864234122348 5396.385081485896
2215.027602162944 4481.890062171916 4796.393534784282
935.4179778825387 5736.680289746948 3770.2213738907403
-427.30763874691394 6481.741298571163 2409.0484985830212
-1752.0650964650163 6650.871148364147 833.8210922409927
-2921.143881551168 6229.041909757672 -815.4949773102434
-3830.6662135327 5253.7349617690725 -2392.3507393866685
-4399.81704184008 3811.6106067911337 -3756.6356396103274
-4578.024817700902 2030.8079224221892 -4787.126977530622
-4349.454998177992 69.55904209223243 -5392.261075536611
-3734.4170147980817 -1897.8704643824676 -5518.269113433199
-2787.559691434245 -3696.6658514293777 -5153.954724076114
-1593.0154564822342 -5166.996255025941 -4331.688839727084
-256.9248073886023 -6178.216366373846 -3124.533392664936
1695.1457415262223 -6519.843596106914 -1617.77536931081
2937.3224343670972 -6274.633475649172 13.726291782362091
3918.505138687253 -5471.8946351045415 1644.008311613811
4551.5114653584915 -4182.953943216769 3128.212978346749
4780.096024353547 -2522.339436883154 4334.462194017032
4583.948074478895 -637.6040024781647 5155.575422274861
3980.4962218620117 1303.7853456260536 5518.593149393471
3023.359811812733 3129.327644203666 5391.259657241337
1797.5846146878928 4676.815448765609 4784.889085389993
412.08613597788326 5808.74767683818 3753.3601201618567
-1010.0280043239903 6424.547182554368 2388.3286369077437
-2342.3967240067855 6469.49747743966 811.0836732567849
-3466.633215322866 5939.604530532379 -838.2296341451151
-4282.844132388206 4881.951655562147 -2413.062560043041
-4718.505553338957 3390.5159519032563 -3773.4842879305247
-4734.907049054982 1597.8180268835492 -4798.615377172354
-4330.5912746651375 -336.85304173363807 -5397.368431775669
-3541.483461034491 -2241.5932393376156 -5516.54161525449
-2437.699300346763 -3947.1580405565 -5145.545867273815
-1117.3148591560362 -5302.000528054201 -4317.345788129746
302.347910526199 -6185.737001188202 -3105.5305893504255
2275.4757317770172 -6346.242535976891 -1595.7733601332616
3487.9546646637145 -5985.975336368751 36.718903785412905
4390.513518958088 -5093.827959104158 1665.948531964475
4902.9559796418025 -3749.071613777377 3147.151322183753
4979.74928526643 -2071.193803036659 4348.715906380938
4614.070013625338 -209.2813336118456 5163.877998270746
3838.4103727608936 1671.2267007203807 5520.206868708854
2721.6911256901553 3403.2389086360436 5386.041133833343
1363.1376781570991 4832.858404651399 4773.302007964546
-116.53653411142302 5833.057222763727 3736.4340513972365
-1585.8559639119505 6314.963308683479 2367.5675322925554
-2914.2651319046577 6235.757191866688 788.3322480446726
-3983.7290538857496 5602.476683382829 -860.9498159810698
-4699.22116712208 4471.391535516449 -2433.732710640838
-4997.166857467196 2943.0036273408787 -3790.267773700088
-4851.092342820801 1153.116931717363 -4810.020911749937
-4273.976984846677 -739.229263659534 -5402.382583361703
-3317.1000157298404 -2565.891694906119 -5514.718854476306
-2065.4841533617905 -4164.563388830006 -5137.048154425615
-630.3409597395931 -5393.195349770983 -4302.92818228968
860.8107943611877 -6142.618236236824 -3086.47415806801
2838.256359111968 -6121.00547771101 -1573.7437942854156
4010.442554353348 -5649.058494749116 59.71088170672131
4826.283329103154 -4675.167874043862 1687.8599838223324
5213.287650266582 -3285.868071093584 3166.035319323719
5137.068485567811 -1604.604470232086 4362.894522786082
4604.398242272605 219.23527950027693 5172.091401651651
3662.6070090826074 2023.5950125508527 5521.725262131196
2395.3770700495047 3648.149448335837 5380.729601378193
915.3073664033705 4948.549795996028 4761.632502599811
-646.0914135079472 5809.249777928893 3719.4434598853572
-2150.0821360035857 6153.772423620009 2346.765543251332
-3463.028625235265 5951.505384087017 765.5672094884695
-4468.269823864007 5220.420973426675 -883.6551304738506
-5076.485639963251 4025.479249837302 -2454.3608342368434
-5233.633429161478 2472.8560293751793 -3806.9858070927785
-4925.7499207567025 700.5086987530971 -4821.343384306509
-4180.191915595203 -1134.0819038849913 -5407.303443707655
-3063.205514262994 -2867.904352526435 -5512.800862575055
-1674.0398603325598 -4346.900913854921 -5128.461732274558
-136.1284184086169 -5439.6562529269695 -4288.436271177834
1413.8786308806639 -6049.07426238817 -3067.3644278943425
3378.895798782076 -5845.888060963187 -1551.6870521856122
4500.562999464431 -5266.608951087277 82.70182850849777
5222.3354272489605 -4219.368523774537 1709.7422888086564
5480.080434480857 -2797.218686730701 3184.8646436676463
5250.896246172264 -1126.5236939787983 4376.997798388519
4555.146883212629 644.2678726509383 5180.215490584119
3454.6527297467123 2357.813411472639 5523.148303440068
2047.1975207489863 3861.8568815912827 5375.3251515982565
457.8398280544074 5022.757420300723 4749.880770811062
-1172.1989425598344 5737.363920208586 3702.388639028855
-2698.0826930172975 5942.180457799049 2325.9230290040055
-3984.2299558592863 5619.0081848846385 742.7889507070718
-4916.360902618025 4796.562376131934 -906.34518553585
-5411.65160808466 3547.9209508926683 -2474.946574613506
-5426.093319531069 1984.0311793719045 -3823.6380994126503
-4958.402827518823 243.85153078656302 -4832.582599319535
-4050.1364846891115 -1517.9953964340132 -5412.130927837466
-2781.9977414635573 -3144.961771068351 -5510.787672671653
-1266.6662903129638 -4492.484490905851 -5119.786749095586
361.21401940536543 -5440.830248782886 -4273.87030504831
1956.9988783379729 -5905.734362365309 -3048.201728826539
3892.9763531475296 -5523.0539513791855 -1529.603514721537
4954.35544417555 -4841.721617375464 105.69134717074142
5575.518312157824 -3730.1810701225545 1731.595069048097
5701.271910345754 -2287.197565159307 3203.638970060667
5320.442479679783 -640.9865193304101 4391.025489645339
4466.86838631703 1062.1789916639534 5188.250124777024
3216.393434300964 2670.9652379532663 5524.475968061628
1680.12781073714 4042.424501512563 5369.8278778204885
-5.424541930105815 5054.696608224717 4738.047015533504
-1690.494900241681 5617.836739125417 3685.269883339501
-3225.357368052094 5681.807422284352 2305.040349470281
-4473.6326794634 5240.924581772141 719.9978650476693
-5324.406095090744 4334.362592750744 -929.0195893430564
-5702.082663397958 3042.673466326548 -2495.4895762852634
-5573.104163884659 1480.6294498666184 -3840.2243630989465
-4948.930902245417 -212.97499084926383 -4843.738362704232
-3885.0234119161314 -1887.6556690028237 -5416.864952387553
-2475.914542293669 -3394.6098571250295 -5508.679319530941
-846.8098002163821 -4599.938062441705 -5111.023354692982
857.5377087737052 -5396.54158441472 -4259.230535433996
2485.68922909701 -5713.638704279818 -3028.9863917763514
4376.290673775299 -5155.057695474036 -1507.4935632435745
5368.154041795807 -4377.835154079686 128.67904069811323
5883.033365446758 -3211.6227474321963 1753.4179471751231
5875.179357311064 -1760.0435657011253 3222.357974297637
5345.289880478338 -152.0767893334931 4404.9773543187985
4340.447940346853 1469.402677144385 5196.195165483994
2949.938152973501 2960.3192673905533 5525.708233069052
1297.3134151180736 4188.198499581963 5364.237874974752
-470.5833128367574 5043.937915479127 4726.131441118754
-2196.6666483251533 5451.501312628996 3668.087488433152
-3727.5665121970587 5374.674894632319 2284.117865263457
-4927.255733304053 4820.285025875279 697.1943460789535
-5689.136659601366 3837.5916790967726 -951.6779503417027
-5945.512827328063 2513.9114706368728 -2515.9894845045314
-5673.604088893376 966.8591958920647 -3856.7443117311886
-4897.570728959065 -666.1027613994338 -4854.810481816873
-3686.366717121612 -2239.8785651967596 -5421.505435608241
-2147.6128451140203 -3614.6313289311797 -5506.4758395610925
-418.0341471742823 -4668.208236541765 -5102.171700397729
1348.688719254503 -5306.994356241177 -4244.517215142319
2995.5746743545897 -5474.230738027427 -3009.7187485644968
4824.876305882433 -4744.824363666467 -1485.3575795581826
5738.617414403396 -3878.7040097340496 151.66451212678194
6142.457182146888 -2667.9437831245477 1775.2105463405605
6000.512673527265 -1220.1250433060268 3241.021333128757
5325.3962810485955 336.1071610408325 4418.853151480645
4177.095058882125 1862.4747691472005 5204.050475505804
2657.6406098542416 3223.3533206789452 5526.845077182927
902.0431297770673 4297.822784215325 5358.555239592216
-933.7048409318635 4990.41183268953 4714.134253331391
-2686.489039027798 5239.580889767654 3650.84175102464
-4200.566896543163 5023.190191267904 2263.155937684194
-5341.405951416413 4360.467000366954 674.378787584326
-6007.6376471324265 3310.297180889118 -974.3198772550442
-6140.0643738171375 1965.9929298894133 -2536.4459452679
-5726.919435659503 447.00157945113267 -3873.1976600340445
-4804.912573471531 -1111.707822955486 -4865.798765458178
-3455.9681431191016 -2571.637106643075 -5426.052297365176
-1799.9457769841451 -3803.065147961874 -5504.177270812981
16.009670367805217 -4696.574161407758 -5093.231939064948
1830.5425882502973 -5172.771950036328 -4229.730598250772
3482.4237639629237 -5189.3462505683565 -2990.3991319150027
5235.048270718712 -4295.6261447365 -1463.1959459213986
6062.75576850898 -3348.367891635103 174.64736453131795
6351.760810301769 -2103.5924572914296 1796.9724902181333
6076.384029856045 -671.9036016540043 3259.628724265135
5261.093862585494 819.4868375908018 4432.652641516165
3978.332417694107 2238.062275056883 5211.815919192746
2342.0786788663254 3457.7760578096577 5527.886480771619
497.72097137829206 4370.251263625738 5352.780069803676
-1390.86142862923 4894.410466136897 4702.055659345242
-3155.8596870081838 4983.679819965232 3633.5329689225982
-4640.445962934331 4630.127351270999 2242.154928714391
-5712.708250792073 3865.1677484371344 651.5515835550783
-6277.3713407597215 2756.771029145322 -996.9449790901716
-6284.262439310466 1403.4231060235848 -2556.858605322232
-5732.769242096989 -74.62511888924561 -3889.5841238822754
-4671.894339879737 -1546.0425745018224 -4876.703023876584
-3195.901123293601 -2880.0873626737766 -5430.5054591407115
-1435.9380669216944 -3958.223749617001 -5501.783652979521
451.6143882065662 -4684.654586027908 -5084.20422507122
2299.03892306561 -4994.833304202214 -4214.870940102588
3942.1837604441475 -4861.199163833226 -2971.027875449363
5603.429417294793 -3811.0560801161364 -1441.0090450322361
6337.955145737414 -2791.1189169027994 197.62720103148897
6509.325745823233 -1523.178589299005 1818.7034030109123
6102.314187687116 -119.89715967685922 3278.179826384376
5153.085234410276 1294.0376587425865 4446.375586128365
3745.982044114005 2592.9915523920226 5219.49136244698
2006.0319102267758 3661.546767455424 5528.832425851611
87.83703778982562 4404.757483797096 5346.912465337855
-1838.162540921209 4756.586167743549 4689.895867739962
-3600.8333112279543 4685.771296751407 3616.161441024352
-5043.554239835388 4198.605082874261 2221.1152010106225
-6038.133240960215 3338.3743821088196 628.7131281835985
-6496.197605714453 2181.514467278337 -1019.552865144662
-6377.046305107325 830.8174186116071 -2577.227112170778
-5691.266455084641 -593.7014036809492 -3905.9034203056194
-4499.792604816201 -1965.467250840776 -4887.523068771481
-2908.4924345952895 -3162.5927074523966 -5434.8648440352645
-1058.7599478517216 -4078.7079231974017 -5499.2950273949955
885.0480065499362 -4632.412040851396 -5075.088714311953
2750.2155616004666 -4774.506019670345 -4199.938497302291
4371.014394880546 -4492.364186067029 -2951.6053136808323
5926.978292892799 -3294.9991500423616 -1418.7972600259814
6561.998610956544 -2211.4667121142506 220.60362479915284
6613.956555580213 -931.4357519529472 1840.4029094578534
6078.235435370295 431.35736230784016 3296.6743191360692
5002.436422830865 1755.8224819469622 4460.021748342076
3482.148981292257 2924.275068765049 5227.076672724825
1652.457321606735 3832.8929827535894 5529.682896087817
-324.0624227931046 4400.94153485068 5340.952527519709
-2271.7877988032074 4577.947118362457 4677.6550884973685
-4017.6548593131256 4348.182010417704 3598.727467310778
-5406.535654385105 3732.061849164887 2200.0371178982764
-6315.02203037406 2784.3316147300943 605.863815856623
-6662.390985946553 1589.2012974885058 -1042.1431450134419
-6417.777264996424 252.8634708700297 -2597.551114079211
-5602.915870099719 -1105.9423848083097 -3922.1552674937275
-4290.210812153319 -2366.4804062482312 -4898.258713296545
-2596.301696267099 -3416.7462584647515 -5439.13037676863
-671.6997809851856 -4163.419211472712 -5496.711437034325
1312.5856075431916 -4540.154096677047 -5065.885564198688
3180.2420046542784 -4513.476366253544 -4184.933527711378
4765.319943389692 -4085.756453623619 -2932.1317820086056
6203.01430189975 -2751.600945500749 -1396.560974467673
6733.084205332752 -1614.1017464587103 243.57623906512237
6664.890029468566 -333.18252387498313 1862.070634840241
6004.491126097953 977.3414281024516 3315.1118831474073
4810.566835898246 2201.02430520077 4473.590892508049
3189.202571504152 3229.136513745924 5234.571719039075
1284.4636630469317 3970.325772212581 5530.437876793862
-734.4054786479808 4358.734162330482 5334.900359268633
-2688.0194706796096 4359.8498941354965 4665.333532997783
-4402.791136562221 3973.5738299604527 3581.2313488410846
-5726.355488630614 3234.2282932518888 2178.921043364944
-6541.108025837035 2207.5073795107974 583.0040411483128
-6774.654409768059 984.6397476135958 -1064.715428595442
-6406.243019309998 -325.71744687942316 -2617.830260081778
-5468.608823251799 -1607.1332168297458 -3938.3393848009864
-4045.064734653121 -2745.748147676794 -4908.909772062906
-2262.098892906329 -3640.3913060854625 -5443.301983681311
-278.13563746733644 -4211.569721354325 -5494.032926512331
1730.5411899388196 -4408.531684711558 -5056.59493365634
3585.4518382639044 -4213.77626135953 -4169.856290443647
5121.77935626307 -3644.6083253331576 -2912.6076167120827
6429.23994451694 -2185.234179885213 -1374.3005723453523
6849.839518253981 -1003.8571977697554 266.5446471259285
6661.8007907685405 266.71690172229785 1883.7062049881526
5881.8318281920865 1513.5920340284551 3333.492200028627
4579.236295686921 2625.9778718219736 4487.082784307018
2869.7555226624913 3505.0340517900217 5241.976371961257
905.2843777348131 4072.652574667942 5531.097354932332
-1139.625256929666 4278.398043745168 5328.756065096719
-3083.2741863528727 4103.989071195068 4652.931414016441
-4752.960673592747 3564.922659609877 3563.6733877475885
-6000.325746959491 2709.097225312957 2157.7673420543306
-6714.535545713078 1612.5566138696197 560.1341988135188
-6832.129394976155 372.7332706957945 -1087.269326100358
-6342.658565189594 -900.2090592923208 -2638.0641999873087
-5289.614687587269 -2093.163863859956 -3954.4554927513664
-3766.5653319010976 -3100.1318734253123 -4919.476061142365
-1908.8401171758228 -3831.6395613321765 -5447.3795927357505
118.49391876739838 -4222.689259341422 -5491.259542082972
2135.2992500261794 -4238.534485691592 -5047.216983120531
3962.373872313697 -3877.767322485836 -4154.707045860918
5437.374187454784 -3172.4435153756212 -2893.033154945022
6603.759950639624 -1600.4633122297573 -1352.0164380636302
6911.332759715398 -385.66966274487766 289.5084523508037
6604.803323206205 863.392428758335 1905.3092462869681
5711.408126728164 2035.738314031096 3351.8149523786174
4310.529254088584 3027.199916411755 4500.497190753789
2526.6409407771976 3749.6815215711963 5249.290503623856
518.249491896611 4138.987468332721 5531.661319115006
-1536.1906986394426 4160.526214885552 5322.5197511069255
-3454.133604139543 3812.3839490772325 4640.448945719781
-5065.161580696176 3125.4946390220075 3546.053887230658
-6226.127722712477 2160.891414282371 2136.576379259923
-6833.875093654301 1004.2835044679564 537.2546837809253
-6834.402672558051 -241.55940194398826 -1109.8044480553324
-6227.663581722896 -1465.938695427237 -2658.2525843852764
-5067.569252000155 -2560.062902655793 -3970.5033130432903
-3457.199155575876 -3426.714286332347 -4929.957398070576
-1539.6417425100378 -3988.887067780335 -5451.363133517618
514.7195959843046 -4196.629728313461 -5488.391331638533
2523.345839565711 -4031.4834208797097 -5037.751874534712
4307.761731780884 -3508.122119627197 -4139.486055568506
5709.41408982631 -2673.0487729054657 -2873.408734729703
