6882.375916252772 478.4253411824189 634.8918715481068
6342.289522276671 1678.0217786164944 2226.8101118792883
5238.662871567157 2728.518617143199 3620.866501574764
3669.558035225552 3536.574602630004 4693.193012694405
1774.3968638639392 4030.390414671124 5348.508728897851
-278.42725566433694 4166.088351291699 5528.58597299476
-2306.5118916689685 3931.611055322409 5217.424091591158
-4129.652824138102 3347.792863496785 4442.671183361172
-5585.855980499621 2466.508584202484 3273.167444148195
-6545.731319868552 1366.0641931071364 1812.8284134638886
-6923.989705998389 144.2390035802614 191.41162277687363
-6687.021221321923 -1090.4024543971586 -1447.0129305899343
-5855.881555621715 -2228.156869149048 -2956.864034962189
-4504.421115591585 -3167.9297679716715 -4203.9847938439525
-2752.7230921146866 -3826.2182046792004 -5077.563054909274
-756.433541777028 -4144.530362818968 -5499.97755602747
1307.0684483013724 -4094.5828102503424 -5433.694915038662
3254.4316707728544 -3680.8136062102676 -4884.604635471282
4912.624357457991 -2939.9879602739543 -3901.4957983079016
6134.308811286083 -1937.9314821426378 -2571.721938032553
6810.933007260575 -763.6812873507234 -1013.4392977471857
6809.638973038995 1093.2925383844185 657.7273224071976
6158.927624723557 2239.175134607762 2247.839402232934
4960.968528942719 3186.0971936629776 3638.2210866895343
3322.2056085135537 3849.9205351039836 4705.330861523482
1388.2501405087419 4171.661541903025 5354.3513403067145
-669.0574447156637 4122.732113668834 5527.614205319851
-2666.916339866818 3707.4798448232914 5209.724290654929
-4427.80801465126 2962.8017217578677 4428.92751026682
-5795.269516218477 1954.865663673076 3254.601084563275
-6647.795889148321 773.2312125842495 1791.08906991465
-6909.636423955584 -477.10822501195236 168.43093133921496
-6557.525440054379 -1685.0545030609155 -1469.1930346327206
-5622.749543577945 -2743.276293773002 -2976.2727520300673
-4188.36767512464 -3557.7459471136426 -4218.897574251718
-2381.8309583877603 -4056.0942601422908 -5086.65483267402
-363.65810850506335 -4194.040798280829 -5502.440486796199
1686.827360205563 -3959.3284062472267 -5429.310156604179
3587.4308154420473 -3372.8123100920207 -4873.761792862685
5169.275299545647 -2486.6070388421153 -3885.158305674002
6291.806988293614 -1379.4558198958196 -2551.3414532897673
6855.284014991488 -149.73389770965798 -990.8267164032268
6682.024062888762 1698.9646677897979 680.551415278088
5926.015097044201 2780.976952986074 2268.829875690121
4643.453683938343 3615.8872317931823 3655.51284505116
2948.3010335537465 4129.5100619956975 4717.38745617548
991.1788979318825 4276.207801133484 5360.1014899047605
-1054.0138324881739 4042.945711311713 5526.546983838044
-3005.552808428132 3450.4501528648716 5201.934525405343
-4690.035227687996 2551.366956284893 4415.107356076716
-5957.787435087173 1425.5836091495453 3235.9785227811863
-6696.164083559355 173.13090227061429 1769.31879687868
-6839.557167575211 -1094.7052450474894 145.4473313458793
-6375.225582349753 -2265.2720273083014 -1491.347767862128
-5344.427226915853 -3234.559448960216 -2995.630073223704
-3838.753058737882 -3916.442068941672 -4233.737500473309
-1991.988835200794 -4250.331624074713 -5095.658771354825
31.772338042973455 -4206.5605621356135 -5504.808398471299
2052.710399621031 -3789.018134063782 -5424.831641929824
3891.25613402148 -3034.8048169481963 -4862.8347875213485
5384.046684417869 -2010.9357738251758 -3868.753722042623
6398.4410594040255 -808.3862623514964 -2530.9169106143386
6844.30586716603 465.9919160767829 -968.1970249320609
6500.595441324393 2290.5490789778974 703.3637560221587
5645.5446650221475 3299.0611358443025 2289.781169776105
4288.862470167991 4014.4371330996078 3672.741478056289
2551.096023476461 4373.112774011823 4729.3625884506655
586.6534997985524 4343.218153863772 5365.759078395324
-1429.915761822973 3927.409540845984 5525.3843269786885
-3319.4307329245116 3162.633354971152 5194.05493036026
-4913.999716323892 2116.8433165192473 4401.210959444692
-6071.938260195319 882.9624597807359 3217.3000803863097
-6690.358443386243 -429.3734863262482 1747.5179702967296
-6714.310918727854 -1703.5577138986284 122.4612196899938
-6141.667403672354 -2826.3733626512153 -1513.476747698396
-5023.309787537069 -3698.053334797054 -3014.935664270506
-3458.6090523472462 -4241.145039506394 -4248.504316244902
-1586.595725000502 -4407.3923954971515 -5104.574715466859
426.39359517318996 -4182.023595625029 -5507.081250162408
2401.4959732182647 -3585.0636467733557 -5420.259448353017
4163.214895251396 -2669.555060113192 -4851.823808140658
5555.013903873818 -1516.8447912125318 -3852.2823306969008
6453.225549360028 -229.3562060489433 -2510.448662708194
6778.0397852717415 1078.511684535233 -945.550614115364
6266.853047946175 2863.2700781459275 726.1639507036281
5319.892892870361 3789.2630647218007 2310.6929226926964
3900.236908297579 4378.563399090087 3689.906688191665
2134.0277585147915 4578.809160440229 4741.256051556016
178.20087736140144 4372.207634112218 5371.324008080134
-1793.459933767224 3777.1162723761604 5524.126254819168
-3605.763959311345 2846.4115542377326 5186.085641588738
-5097.680033436122 1662.7906782339396 4387.238560341182
-6136.644865789772 331.42355343233083 3198.5660799279863
-6630.341871595558 -1029.392008520026 1725.6869666371658
-6534.903905334031 -2298.7415731029664 99.4729933081028
-5858.811049130148 -3363.8378610544646 -1535.5795920064133
-4662.13712024222 -4130.042393091981 -3034.189191791148
-3051.21184876902 -4529.274534110742 -4263.19776656526
-1169.1730145100614 -4526.060756379858 -5113.402511044795
816.7519729194079 -4120.686618154144 -5509.259002620696
2730.1049632979903 -3349.1713905700562 -5415.59365482883
4400.876146819248 -2280.067587337253 -4840.7290448641115
5680.610171768739 -1008.3697730577411 -3835.744416073702
6455.597054009441 352.92612071580623 -2489.937063028037
6656.9758080803595 1682.8629798730096 -922.8878750234759
5982.720084879709 3412.5076742347264 748.9516055964925
4951.800098858561 4247.653262331571 2331.5647733245314
3480.890943437008 4705.376217550949 3707.0081790392237
1700.6893520527587 4745.005846637504 4753.067640108841
-230.62595161365093 4363.020883135133 5376.796182860997
-2141.4491273938747 3593.3623673644242 5522.772789084547
-3861.9951506104485 2504.4178360423666 5178.026796708743
-5239.385956608693 1192.9447895313174 4373.1904000490595
-6151.234327695726 -224.52663668161026 3179.776844915017
-6516.518534519749 -1622.0478859064124 1703.8261628894782
-6302.7814722811345 -2875.443062228562 76.48304917320982
-5529.014616929411 -3873.34250379767 -1557.655919102442
-4263.9705491825225 -4527.078466020729 -3053.390323305401
-2620.053986014213 -4778.563639781226 -4277.817597699952
-743.3341282710263 -4605.452463766035 -5122.142005645535
1199.434228837162 -4023.1266256499807 -5511.34161823957
3035.627591082751 -3083.328331644523 -5410.834341928691
4602.092120228371 -1869.5627844089327 -4829.550689282038
5759.640568543069 -489.67837933747114 -3819.1402637585675
6405.4196765764045 933.7160986563234 -2469.3824657791274
6482.04913662466 2274.145803738836 -900.209199008818
5650.527154440041 3933.8350373541443 771.7263271913223
4544.347326748497 4670.569074720255 2352.3963612453017
3034.3822965355394 4992.30255334269 3724.0456552812725
1254.7990831080663 4870.448041741716 4764.797150140287
-636.2785354486502 4315.832848022806 5382.175508241462
-2470.820013868398 3377.736966036568 5521.323953147198
-4085.8182910408937 2139.5143316634612 5169.8785348847305
-5337.773682736168 711.186459818061 4359.066721159495
-6115.444458286364 -780.333449972578 3160.932699809987
-6349.73115653183 -2202.517308296178 1681.9359365577138
-6019.81637618323 -3428.9978381896717 53.491784287986356
-5155.014493281701 -4350.7968622508515 -1579.7053477605589
-3832.1669502436116 -4886.0084919434885 -3072.538727237829
-2168.8145564886663 -4987.076825231849 -4292.363557185931
-312.7534717038602 -4645.02149717219 -5130.793048350808
1571.0971315378956 -3890.2356247476782 -5513.329061055308
3315.348859996246 -2789.7852450465266 -5405.981591838974
4765.017293075153 -1441.4502035520595 -4818.288934428283
5791.293028730359 34.964014228039375 -3802.4701604809156
6302.986964112016 1508.2715259069403 -2448.785225909351
6254.632847529609 2847.5624935683913 -877.5149776988274
5272.993087112869 4423.054364439768 794.487722202029
4100.930566348795 5054.644117098895 2373.1873267239653
2564.482368127247 5237.10655801345 3741.0188227054587
800.1686574520638 4954.229098584922 4776.444379098887
-1035.2435499200305 4231.146642470826 5387.461891328457
-2778.6698247902455 3132.108239091987 5519.779772026397
-4275.199091736159 1754.76827363922 5161.640996825245
-5391.858157979123 221.5094463998785 4344.86776756775
-6029.426965105858 -1331.4314672303142 3142.033970023695
-6131.254726678506 -2766.0688521063025 1660.0166656540982
-5688.293599217575 -3954.9288807794505 30.49959567795558
-4739.902622800857 -4792.376122475809 -1601.7274972194368
-3370.35049762824 -5203.999714693972 -3091.634072923521
-1701.3279402018045 -5153.225094884985 -4306.835393835697
118.86507086623142 -4644.563810839629 -5139.355489769743
1928.4963987570914 -3723.2126498685748 -5515.221296747675
3566.772358551289 -2471.0377059071225 -5401.035488359552
4888.124941765502 -999.3002178054867 -4806.943974776851
5775.146172720896 561.2294800049777 -3785.7343941090326
6149.020322418488 2071.891475601971 -2428.1456991028936
5976.5270319379715 3398.4568212457757 -854.805602989541
4853.202617954159 4876.230860233835 817.2353975725936
3625.2324388214297 5396.835245314283 2393.9373107309834
2075.1444484288577 5437.907135227186 3757.9273882101174
340.6707671719901 4995.797112312748 4788.009125854045
-1424.0730067571506 4109.788592274801 5392.655240833881
-3062.2816445944673 2858.6073203030583 5518.140272387893
-4428.393119707911 1353.4262431307934 5153.314324780516
-5401.022432452195 -272.0126951568878 4330.593784468963
-5893.747200076548 -1873.2821117718186 3123.080981909549
-5862.786664690524 -3308.1021919926934 1638.0687286923117
-5310.891805731235 -4448.9828750876595 7.5068803845478085
-4287.100903367912 -5194.551905691316 -1623.7219871887864
-2882.382272107928 -5478.562203558726 -3110.676030613802
-1221.5513268448833 -5275.778207365715 -4321.232857741881
547.8198144980283 -4604.218165076937 -5147.82918204154
2268.514761255149 -3523.553133542443 -5517.018292640536
3787.642216261667 -2129.804943234479 -5395.996116902415
4970.221038559237 -546.8142372251046 -4795.516006238601
5711.173910125071 1084.763313416511 -3768.9332536451066
5944.663916702393 2619.954883255673 -2407.464241774083
5649.944446552797 3922.3519642349293 -832.0814670386287
4394.581095203858 5289.724557229787 839.9689604839812
3121.1915828894275 5694.4468355960535 2414.6459549445017
1570.4705013115736 5593.19252295128 3774.7710598090075
-119.79377620406574 4994.958509321187 4799.49119069951
-1799.4138509976508 3952.9005121235305 5397.755467076191
-3319.14810853247 2559.6099574055283 5516.405482543443
-4543.96149078263 938.8868253087461 5144.898662539985
-5365.023953730195 -765.2605214536964 4316.2450183539395
-5709.380494368993 -2401.4111125944564 3104.0740627578925
-5546.433522879495 -3824.185787962138 1616.0925046811294
-4890.661592759538 -4907.164773906467 -15.485964541698205
-3800.332917807997 -5554.12063495129 -1645.6884378559585
-2372.3279856229165 -5707.568503723743 -3129.6642714819423
-733.5313011253091 -5353.873863688505 -4335.5557002813475
970.4428585263172 -4524.4640357761 -5156.21397883791
2588.1889114795936 -3293.0357230015716 -5518.720017702398
3975.9630215679204 -1769.0067349891292 -5390.863564490123
5010.455368963609 -87.79373541471142 -4784.00522615781
5599.746768805657 1601.2201228277559 -3752.067029220245
5691.476094155391 3147.9585463182284 -2386.7412110614923
5277.4927919079655 4414.987038379774 -809.3429622586469
3900.8664290876436 5660.219716022801 862.6880183608314
2592.9699966425874 5945.152177640944 2435.312901756577
1054.6768009344578 5701.831778405087 3791.5495466365865
-577.3290569096264 4951.878603581315 4810.890375356829
-2158.0366944804505 3761.9292838680226 5402.762481981942
-3546.9933013586656 2237.71603832828 5514.575432450326
-4620.783987687394 514.6719027280463 5136.394155429823
-5283.997738733598 -1254.1030900300775 4301.821717004877
-5477.70510225117 -2911.445519698241 3085.0135407903967
-5184.694328920826 -4310.09323827299 1594.088373117765
-4431.0007118095555 -5325.770258094562 -38.478542048001074
-3283.5932363276593 -5868.229218726607 -1667.6264698925004
-1844.4240919864922 -5889.270260975029 -3148.5984676288094
-241.3697729504909 -5387.023795898959 -4349.803674119529
1383.1313096459571 -4406.116625992719 -5164.5097353657075
2884.7351056085786 -3033.706657942694 -5520.326442546962
4130.017527986372 -1391.738540132083 -5385.637919754345
5008.329768719185 373.8916545132511 -4772.411833308829
5441.6299308081225 2106.2999348586127 -3735.1360120894306
5391.417393345131 3651.554222646735 -2365.976964821501
4862.153760637905 4872.35189317092 -786.5904813103062
3376.0785112434837 5984.751567422056 885.3921788782532
2044.918606065279 6147.011810095903 2455.937794279224
532.0587087607181 5763.083077725717 3808.2625589529566
-1028.0769397184395 4867.079123026076 4822.206482978767
-2496.86344046227 3538.6138294206403 5407.676199087318
-3743.7926672163208 1895.7271681201316 5512.650153710835
-4658.069486124652 84.39682867055151 5127.8009503104095
-5158.456389589576 -1734.4325393758209 4287.324129491072
-5200.49180532646 -3399.149964866809 3065.89974515441
-4780.440702177703 -4761.8379990554495 1572.0567139813652
-3935.626464021968 -5701.415830046164 -61.47045508620142
-2741.1145433256147 -6134.397844286009 -1689.5357044607088
-1303.0425662717546 -6022.311689699504 -3167.478292088548
250.81046110349115 -5375.116713003645 -4363.976533214805
1782.3778783461053 -4250.319028046235 -5172.716308369339
3155.573199261176 -2747.8618452290843 -5521.837539433623
4248.38199341699 -1001.2450786702514 -5380.319272934315
4963.70340374041 834.336707020091 -4760.736027892566
5237.977983787896 2595.7840148653927 -3718.1404946266025
5046.835233488052 4126.584521579345 -2345.171861622283
4407.259025021173 5290.719884333086 -763.8244170956224
2824.4863557752337 6260.73017953872 908.0810499686535
1481.541345583476 6298.4886528761635 2476.5202763507673
6.9548851995476 5776.598768943372 3824.9098081488582
-1468.2495472553974 4741.432734203791 4833.43931815272
-2812.993564129661 3284.969593595394 5412.496533539618
-3907.790758212103 1536.6224887443889 5510.6296795717135
-4655.363594370097 -348.2602675882426 5119.1191955738295
-4989.286945441679 -2202.1985708306565 4272.75250616464
-4879.890256285636 -3860.4618668655457 3046.733005917167
-4336.893902812967 -5175.7061846715105 1549.9979077264368
-3408.5454939299384 -6031.066294756972 -84.46130661961291
-2177.332859755706 -6350.539697654768 -1711.4157632201695
-752.6546459243032 -6105.739779531499 -3186.30341883424
738.9002361679724 -5318.418087399168 -4378.074032822634
2164.800589666458 -4058.53160870806 -5180.833556133306
3398.3489107021605 -2438.0267860106355 -5523.253282267947
4329.939017613415 -600.8925842718501 -5374.907715875282
4876.795041185316 1289.6335605531638 -4748.978011533096
4990.326423885368 3065.5701040593913 -3701.080770319439
4660.445404136403 4569.117290787088 -2324.326260737485
3916.4633582021347 5666.678354987394 -741.0451627512178
2250.573231434896 6485.961256687373 930.754239828425
907.4580477360383 6398.459817292396 2497.0599925418687
-516.2887658181866 5742.42714395258 3841.4910067506494
-1894.1610568335614 4576.154618646107 4844.588686904041
-3103.7288255603635 3003.2706733491837 5417.223402098716
-4037.5166676465356 1163.5329490888935 5508.514044923592
-4612.553435462253 -779.589783778197 5110.3490411412795
-4777.744588679795 -2653.4425431831505 4258.10709865619
-4518.4121684063475 -4291.525288185515 3027.5136540602502
-3857.598998244795 -5548.287178284035 1527.9123352762394
-2854.021228294843 -6312.059404334769 -107.45069962987985
-1596.8511475449923 -6514.977452293927 -1733.2662683343062
-197.79383466995344 -6139.011163109129 -3205.0735227834657
1218.8383284194713 -5217.566791475326 -4392.09592949984
2527.1713572449084 -3832.5187135042192 -5188.861338484625
3610.9541206703007 -2106.934529106918 -5524.573646602129
4373.887764062995 -194.1399656685587 -5369.403342026913
4748.182285128386 1735.9047856886452 -4737.13798727415
4700.579973105368 3511.70677894476 -3683.9571337644147
4235.31050231649 4975.478214020239 -2303.4405221401257
3393.7151070427904 5997.156575253514 -718.2531116414547
1659.0000707173308 6658.663702133209 953.4113569247597
327.3664484194197 6446.225002442319 2517.5565881616885
-1033.35511944454 5661.010922491946 3858.005868425319
-2302.2585501415965 4372.791179140921 4855.654396699463
-3366.596205363329 2696.0297498452237 5421.856723138513
-4131.797013674436 779.7142459440819 5506.3032863003855
-4529.869525228031 -1205.8822904288238 5101.490638460494
-4525.4432504601255 -3084.3308933698318 4243.388159870471
-4118.911483308229 -4688.723161071777 3008.242021473711
-3346.39635531908 -5876.50179978978 1505.8003780163604
-2276.5392257413178 -6542.127464993074 -130.43823712384784
-1004.401595528584 -6626.456395278236 -1755.086842476849
356.9815241906553 -6121.995595118009 -3223.7882798040205
1686.6452688979527 -5073.568620396377 -4406.041981108773
2866.443179742805 -3574.3328087633727 -5196.799516795241
3791.5450348887994 -1757.501841370595 -5525.798609635409
4379.751474763619 215.49087729780757 -5363.806246441689
4578.797775882909 2169.336285852131 -4725.21615957562
4370.997800891922 3930.426645433031 -3666.7698806616686
3774.815489483785 5342.2813491739425 -2282.5150064963623
2843.224256330085 6279.450910825203 -695.4486573517281
1054.5674555845446 6777.483803274758 976.0520100024405
-253.99637903449477 6441.511414518993 2538.0097092640217
-1539.9915207315807 5533.18246847597 3874.4541079853507
-2689.151657670169 4133.20597813757 4866.636256450362
-3599.3688686771147 2365.9759983659337 5426.396416648337
-4189.766360131977 388.518668224852 5503.997441878657
-4407.884724002288 -1623.4602505741298 5092.544140503116
-4234.343186461487 -3491.187601671628 4228.5959439820035
-3684.5616746945693 -5048.707613536152 2988.918440950438
-2807.390688698475 -6157.627798049534 1483.6624177879228
-1680.770719980388 -6719.415730401731 -153.4235221403603
-404.80689685122684 -6684.154087437483 -1776.8771088384337
907.1257955289881 -6054.976020877328 -3242.4473667194698
2138.456380120418 -4887.786763037656 -4419.911946821532
3179.7757308769314 -3286.296201603147 -5204.647953984436
3938.5580537290625 -1392.8038009828767 -5526.9281502144695
4347.382209430042 624.4453295735507 -5358.11652577326
4369.922377650567 2586.2097522641834 -4713.212734310007
4004.1757655283473 4318.178089071563 -3649.519307809907
3282.6405646030175 5666.457352652511 -2261.550075159212
2269.428343881872 6511.247013611773 -672.6321936815912
442.1764910073423 6841.505925554318 998.6758080904639
-831.8928434661113 6384.475174367223 2558.4190026534034
-2032.044848095999 5360.155786129773 3890.835441393735
-3051.640750490602 3859.5630336384957 4877.534076516116
-3800.0849802992884 2016.0311681949813 5430.842404234329
-4210.874983210104 -6.633913749663255 5501.596551476965
-4247.510264742212 -2028.7095433452164 5083.509701762075
-3906.735619360192 -3870.5254271693707 4213.730706430735
-3218.83036977113 -5368.428141268454 2969.543246180384
-2244.917916223511 -6389.322456056948 1461.4988368810507
-1071.534654159403 -6842.497431545034 -176.40615775720187
197.05916427914502 -6687.686482434946 -1798.636691133053
1448.1434111915814 -5938.645240931785 -3261.0504613146086
2570.5537609469598 -4661.929308456457 -4433.705587124126
3464.5591283528374 -2970.9804983849544 -5212.406514521184
4050.723213237248 -1016.0470330987807 -5527.962248833799
4276.962764319497 1029.166669927184 -5352.334278274768
4123.175404650013 2982.934397906563 -4701.12791875892
3603.0258160201415 4671.655314239955 -3632.205713101275
2762.731572018522 5945.279154681453 -2240.546090162355
1676.9565037952557 6690.6388518016665 -649.8041146379543
-173.21111357351526 6850.259630007274 1021.2823605089812
-1401.6235900982542 6275.699207543877 2578.78411589121
-2505.4956597189453 5143.515370037862 3907.1495857688064
-3386.7434447870246 3554.3076199585435 4888.3476687073235
-3967.0642123069583 1649.2840400238476 5435.1946091207765
-4194.893915388872 -402.28566463080557 5499.1006565551725
-4049.9888850997477 -2418.110522581403 5074.387478248893
-3545.2245692860283 -4219.075648897412 4198.792703917536
-2725.4514925294757 -5645.157388700368 2950.116771744817
-1663.5100902147967 -6569.642121152138 1439.3100180283473
-453.75851619076195 -6910.385320739947 -199.3857470978937
796.3114932832847 -6637.110458853529 -1820.365213604565
1975.6257320236914 -5774.099206218457 -3279.5972423413214
2979.396954583041 -4398.033899893903 -4447.422663820574
3718.4356828595364 -2631.1839811098525 -5220.075064426506
4127.075082627729 -630.541818843504 -5528.900887636025
4169.005749933758 1426.12675111429 -5346.459603797173
3840.5019609777833 3356.0777007814077 -4688.961921609425
3170.7527190236797 4987.826418829684 -3614.82939551622
2219.268183365193 6176.384870849249 -2219.5034142138684
1070.5919305167133 6816.144422475283 -626.9648144283308
-786.6134284758245 6803.723158662065 1043.87127687592
-1958.5658712929262 6116.1876400687825 2599.104697301744
-2956.4911414208827 4885.202009208038 3923.3962593891974
-3691.719199285946 3220.1447414732033 4899.076846289061
-4098.921805451571 1268.9634820860772 5439.452956151488
-4141.9172213807615 -794.9707514389381 5496.509800213736
-3816.8851156859323 -2788.2683450268996 5065.177627491034
-3152.706017337965 -4533.816060045147 4183.7821943998515
-2208.3951539270447 -5876.514321804314 2930.639353110492
-1067.858689707192 -6697.058497412832 1417.0963443982846
167.56170531379829 -6922.53963596907 -222.36189333856169
1388.093507485239 -6532.922748804639 -1842.0623010331983
2485.2871099686095 -5562.82700614962 -3298.0873895237974
3361.6520462283934 -4098.449671934018 -4461.0629400370435
3939.319445813782 -2269.9070986169104 -5227.653471275762
4166.9610252199645 -239.6733182644739 -5529.744050412228
4024.3498311280896 1811.8564882048104 -5340.492603787502
3524.157493972137 3702.3948944958483 -4676.714952950485
2710.8282979663363 5263.959266718546 -3597.3906551182954
1656.63011141216 6357.7977575885725 -2198.422410689949
455.2330694575545 6886.71801696092 -604.1146874540115
-1393.0688236942942 6702.323261743816 1066.4421671137545
-2498.211219444201 5907.356751751772 2619.3803959782986
-3381.376585127126 4587.495670358477 3939.5751816986317
-3964.0918022947817 2860.0154667606494 4909.721423984129
-4194.580066698194 878.4103379700197 5443.617371791034
-4052.3614845640427 -1181.2454041895387 5493.82402719295
-3550.0728010309153 -3135.942308376771 5055.880308529133
-2732.344569888305 -4811.99697660859 4168.699437087213
-1671.8355330144723 -6060.484596367821 2911.1113266239336
-462.7765723029015 -6770.47156374118 1394.8581995884701
787.4021177192991 -6878.872420951056 -245.33419971478898
1967.6166741248746 -6376.055276125027 -1863.7275787420047
2972.9998542908993 -5306.6976391575845 -3316.520583564222
3714.21895060822 -3765.816628891953 -4474.626180225916
4125.413393582593 -1890.3262851352204 -5235.14160420096
4170.046752458667 153.12784461605915 -5530.491722602224
3844.1531574300398 2182.9758933826847 -5334.4333812871155
3176.6896845754736 4018.8569541903867 -4664.387224269326
2226.963392573325 5497.644938154992 -3579.8897930490352
1079.3616302731448 6487.943043347109 -2177.303443628728
-164.14614957730186 6901.758937268743 -581.2541283032231
-1987.6762936041425 6546.931370572263 1088.9946414562503
-3016.2021138259583 5651.022567211676 2639.6108617892396
-3776.7251398493686 4252.995609650282 3955.6860733107674
-4201.669563311891 2477.0713282075867 4920.281217976258
-4253.277207350965 481.0483888052164 5447.687784126054
-3926.962506317317 -1557.7178109885974 5491.043383872183
-3251.719953406267 -3458.073947344044 5046.495681914282
-2287.54781269709 -5051.165037970421 4153.5446924367625
-1120.1170100915508 -6195.437948300459 2891.533029505581
146.84110441316454 -6789.219008692384 1372.5959676191255
1400.7517423892054 -6779.748166165098 -268.30226952849216
2530.199440956165 -6167.866946639278 -1885.3606726033483
3434.8278155968237 -5007.943681666281 -3334.896506148382
4034.2566653281147 -3403.042643578359 -4488.1121501698735
4275.224106301225 -1495.7663326018537 -5242.539333893
4136.3191239174985 544.4153810887955 -5531.143891294809
3629.8840354362105 2536.2233990421164 -5328.282040929905
2800.9178209226875 4302.676837957512 -4651.978948447769
1723.0777663948095 5686.8185578340435 -3562.3271115227135
492.1346907204962 6565.661492654864 -2156.146877723801
-782.5367119218494 6861.116590922408 -558.3835317444062
-2565.6352573532486 6338.856149932896 1111.528310455196
-3508.3673419717547 5349.385192233087 2659.795745384031
-4139.3655920396 3884.5978848130676 3971.728656014161
-4402.563043948007 2074.647008050435 4930.756045913263
-4274.573449071946 80.35464018404932 5451.664122866488
-3766.7692445892435 -1921.0775900931792 5488.167918269075
-2924.2710625302198 -3751.813645980519 5037.023909705245
-1821.938563613204 -5249.184594859483 4138.318222148764
-557.7188278734209 -6280.142456818035 2871.904799843929
756.0566732316208 -6753.082101537032 1350.3100329263941
2002.6532210200025 -6625.9807661217965 -291.2657061546636
3071.3052416218407 -5910.131961998987 -1906.9612090453659
3867.0583133045393 -4669.141996865621 -3353.2148399509883
4319.20628354422 -3013.2782751186264 -4501.520616985977
4387.573820966429 -1089.6715550734073 -5249.846532603931
4066.0861698451945 930.7572645849432 -5531.700545227983
3383.308918807968 2868.484216723919 -5322.0386889405245
2399.909822928004 4551.333758071354 -4639.490339758596
1203.2682074501106 5829.7773218149105 -3544.702913821119
-100.28906871528216 6590.219586958829 -2134.9530783181144
-1394.935221014008 6765.091921099151 -535.5032927192601
-3122.2845103492023 6079.832493293854 1134.0427849870812
-3970.7557673764727 5005.01002970959 2679.934698199278
-4466.407949097687 3485.4704608608386 3987.7026527767957
-4565.200184033114 1656.2315458295088 4941.145726910186
-4258.35434856617 -320.17081030128804 5455.546319346777
-3573.135041748883 -2268.1245848902827 5485.19768003871
-2570.4270060273307 -4014.5455366110295 5027.465155465665
-1339.3252506871174 -5404.256499860977 4123.020289162039
10.78143070869182 -6313.775556909238 2852.2269765898495
1359.9301346724812 -6662.287948178446 1328.0007803557542
2588.243078215543 -6418.826818282904 -314.2241130484071
3586.5792659414806 -5605.024757025402 -1928.5288150583992
4266.232146444655 -4293.191648860193 -3371.4752686411466
4566.811578684822 -2599.889622332509 -4514.851349129618
4461.609761036322 -675.5759934328945 -5257.063074149115
3959.9743366677963 1308.765527199647 -5532.161674789145
3106.477814425203 3176.8174873175617 -5315.703433132526
1976.9571058175584 4762.59527245343 -4626.921613861778
671.7750826246836 5925.195567326673 -3527.0175042883616
-693.0971046957902 6561.316233750484 -2113.7224113975444
-1996.3845726574964 6614.435158943535 -512.6138063360391
-3653.140009408048 5772.007053297239 1156.5376762598976
-4399.668228879615 4620.806034880498 2700.027372464741
-4755.26661858923 3059.026122191292 4003.60778775117
-4688.338701093351 1225.4383142304553 4951.4500815524625
-4204.831315569811 -717.0350656973145 5459.334306527076
-3347.7062150595993 -2595.7967333812862 5482.132720472749
-2193.1227261746135 -4243.9104698379715 5017.81958426124
-843.6706587084319 -5514.93413695524 4107.651157649562
580.7452491716982 -6295.931704114202 2832.4998995505207
1953.559393104363 -6517.508110121407 1305.6685951553545
3152.7912119055227 -6159.97531893108 -337.17709375162855
4071.8836957325266 -5255.101688047299 -1950.0631182014645
4629.171444026429 -3883.289210546572 -3389.67747688809
4775.136994734293 -2166.4294451548253 -4528.104116398569
4496.810668116472 -257.07291634200806 -5264.188833909444
3818.922979707918 1675.1256692337079 -5532.527272015266
2801.707225484854 3458.4819879300885 -5309.276382906494
1535.5474891878116 4934.537004700658 -4614.272987800832
132.94761983729467 5972.136753744587 -3509.2711883256084
-1281.465228966819 6479.085943927861 -2092.455243584672
-2582.01426855968 6410.339914992795 -489.7154678626685
-4153.931183888071 5417.920428234441 1179.0125958197996
-4791.687312903115 4200.00119367285 2720.0734212093475
-5003.6809961933 2608.893421651765 4019.443786278858
-4771.07566467933 785.9740201766936 4961.668931898977
-4114.539322837912 -1106.7826221812265 5463.028018994389
-3092.4081058039383 -2901.1967715228034 5478.973092498568
-1795.5028577598323 -4437.826856022262 5008.0873626568655
-339.0593013692475 -5580.136549281765 4092.211093013697
1147.5111618852313 -6226.626622111672 2812.7239093836665
2532.1202226364053 -6319.853594466094 1283.3138629693424
3691.739289579775 -5851.533840731511 -360.12425189995093
4523.3311197129415 -4863.27962621464 -1971.5637466086644
4953.00512954796 -3442.9016747574574 -3407.8211503662355
4942.582897717633 -1716.6068005729599 -4541.278689936943
4492.990485257309 162.21612104731219 -5271.223688833477
3644.1761510178962 2026.625428438802 -5532.797330593015
2471.560773556895 3710.9601728143257 -5302.757649248198
1079.336375099549 5065.559820554811 -4601.544679999014
-408.79179687504046 5970.062248395858 -3491.4642723857055
-1860.5970237440224 6344.09844628028 -2071.151942132345
-3147.0800399578034 6154.433656595236 -466.808672719929
-4620.635477404443 5020.4861524883 1201.4671555578166
-5143.704757638921 3746.1154305149475 2740.0724982671686
-5209.733297380652 2138.8859129835323 4035.210374895399
-4812.854171112101 341.60699573730625 4971.802101485108
-3988.331830877595 -1486.0252021977751 5466.627392963708
-2809.4287049636564 -3181.6175396034023 5475.718850678309
-1380.8955096388922 -4594.509196316672 4998.268658713759
170.33631167743766 -5599.158548265704 4076.70036188175
1706.433004192609 -6106.298091698737 2792.8993475916955
3090.905635727358 -6070.866252636542 1260.9369698312285
4200.737737311796 -5496.01130546985 -383.06519122952966
4937.315856302153 -4432.811634963794 -1993.0303289956482
5235.1917944062925 -2975.737197617793 -3425.9059757609207
5067.897967316652 -1254.2554514557962 -4554.374842239133
4450.299165727026 578.6723957773766 -5278.167517439568
3437.2717534463322 2360.1826611837787 -5532.971845858878
2118.8276616532926 3931.980339652992 -5296.147344726612
612.1164338002991 5154.4043097325375 -4588.736910255568
-948.9840254245562 5918.836837161583 -3473.5970639680736
-2425.7630894426575 6157.354737221188 -2049.8128749173584
-3687.0024576777637 5848.764647772491 -443.89381647463824
-5049.51083940538 4582.966664968184 1223.9009677165654
-5452.946268162415 3262.9311728076973 2760.024258283418
-5371.863491132671 1652.9699268056277 4050.9072813348457
-4813.467068881142 -103.86495113215918 4981.849415325865
-3827.372974007219 -1851.4709723580172 5470.132366279116
-2501.199994243112 -3434.5656726433267 5472.3700512079695
-952.7844186551125 -4712.484140571087 4988.363641986576
680.2902337559652 -5571.677712213088 4061.119232101386
2252.9181134932837 -5935.80326822003 2773.0265565157924
3625.36433207842 -5772.506655002034 1238.5383021571765
4675.681020109076 -5096.297493258898 -405.9995155839294
5310.5429306148535 -3967.2599345065146 -2014.4624946658926
5473.539796801697 -2485.7139205398 -3443.9316407737033
5150.188631808952 -783.3013163572258 -4567.392347153727
4369.220605649439 988.7110472448826 -5285.020199817957
3200.0281546691563 2672.8720954123246 -5533.050814799228
1746.4991590542645 4119.536728196391 -5289.445583492024
137.78604877206405 5200.162444391052 -4575.849899741929
-1483.1699566076304 5818.730906864541 -3455.669871613235
-2972.339802558584 5920.27959318312 -2028.4384104342614
-4197.404213153829 5495.785456928315 -420.9712948328614
-5437.125902866405 4108.946454163453 1246.3136448969449
-5716.993543120347 2754.4618181564256 2779.9283567204075
-5488.881218455105 1155.2311618495935 4066.5342345346116
-4773.05770997165 -546.6468528360001 4991.810699918842
-3633.1270777384575 -2199.952895726921 5473.542878414849
-2170.377160932636 -3657.783469498235 5468.926751916413
-514.779708834649 -4790.603930086273 4978.372483520456
1186.5581794668597 -5497.758208267076 4045.4679727358916
2782.465166397909 -5716.412543128825 2753.105879329969
4131.137912647221 -5427.138537470337 1216.1182467394563
5112.740926157742 -4655.639456152407 -428.92682892092637
5640.054471485138 -3470.46637821809 -2035.8598735172973
5666.224426049698 -1976.927132688267 -3461.897834127732
5188.925474543407 -307.72923581724314 -4580.33097988752
4250.567723399551 1388.811754103646 -5291.781617632862
2934.5283767224287 2961.9507249724234 -5533.03423605039
1357.7433058078884 4271.907375620711 -5282.652481274043
-339.6832161860915 5202.286308988401 -4562.883870997911
-2006.9273937467035 5670.4192739450245 -3437.6830048975426
-3495.847265117062 5634.710602186511 -2007.0289177886898
-4674.145765708767 5098.3331659035375 -398.04150363294775
-5780.387603485439 3602.3026013959197 1268.704800064855
-5933.803336925017 2224.918367324908 2799.78444986348
-5559.974603811763 649.8403724236139 4082.0909646400746
-4692.11772760316 -982.9787913450123 5001.685783247246
-3407.3456002775565 -2528.45597577122 5476.858870476356
-1819.8158634773943 -3849.268750803895 5465.389012264379
-70.5875010768881 -4828.0571050899625 4968.29535584808
1684.9128705624753 -5377.851398009169 4029.746854059608
3290.7013395339877 -5449.799993903107 2733.13766003516
4604.096553482915 -5037.509944285413 1193.6771907395525
5508.397583909986 -4177.615029369677 -451.84673531937653
5923.253315802005 -2946.5206859328414 -2057.2220960484483
5811.801996815973 -1453.6150489578322 -3479.8042455731265
5183.946565739864 168.45066420165148 -4593.190517009224
4095.4747329229945 1775.5487966132214 -5298.45165412446
2643.101997391032 3224.8816265782107 -5532.922109898654
955.8780503288256 4387.669571861782 -5275.76815537959
-816.2798563068102 5160.593820714657 -4549.839047927848
-2515.907715524477 5474.976661704077 -3419.6367744278996
-3991.98613333861 5302.88379976174 -1985.5847666912398
-5113.35906466299 4659.606440888335 -375.10483883886724
-6076.566016879177 3067.1729649750155 1291.0740465577753
-6101.723406085459 1678.674500538812 2819.5921948269743
-5584.715893688915 141.01843998799737 4097.5772030092785
-4571.4818660160945 -1409.1677278049506 5011.4744947828085
-3152.0516129300113 -2834.1431589517174 5480.080285201309
-1452.547741484425 -4007.2925329932327 5461.756893343455
376.0213711928559 -4824.376379764683 4958.13243298668
2171.179334897012 -5212.793213766997 4013.956147553245
3773.418486631989 -5138.030494759883 2713.12224345329
5040.372846455438 -4606.731218417919 1171.2155216816564
5859.467959559423 -3666.1036570125334 -474.75883898608197
6157.923630604931 -2399.726697250694 -2078.548793365029
5909.220763468447 -920.123489410981 -3497.6505658923534
5135.457699309605 641.2367283583234 -4605.970736453453
3905.3866819821815 2145.6202487919727 -5305.030194111024
2328.3049194534824 3459.3559942210727 -5532.714438280274
544.3430472334695 4465.712778429911 -5268.792724690918
-1287.986093543328 5075.271384817497 -4536.715655796741
-3005.87201767495 5233.869856202426 -3401.531491836272
-4456.673021984047 4927.416022404213 -1964.1063274510825
-5511.479070502441 4183.139651406341 -352.16169653322044
-6323.31621321643 2507.9222670780496 1313.4209980915766
-6219.50521421549 1120.2303871200986 2839.351249560126
-5563.0638830824255 -366.9988787835641 4112.992682217543
-4412.319912833716 -1821.6186837592802 5021.17666548885
-2869.521955182776 -3114.3796746410085 5483.207066960589
-1071.7543791241178 -4130.414364200827 5458.030457875013
821.2432768363442 -4779.443611476511 4947.883890435085
2641.269863683121 -5003.798319629678 3998.0961258991915
4226.608032119768 -4783.543588276507 2693.0599752213
5436.393528738732 -4138.250016869697 1148.7336274459556
6163.131603109224 -3125.2547710529166 -497.6627442624838
6342.248388085888 -1834.5669238734379 -2099.83959718619
5957.828571282498 -380.86975464345693 -3515.43648690562
5044.029540420632 1106.6693637059625 -4618.671417524551
3682.046349533327 2495.876052551622 -5311.517123990772
1992.897182095735 3663.31320115641 -5532.4112247814355
126.67035434369062 4505.248895653263 -5261.726309663499
-1750.8116902755216 4946.873454812194 -4523.513921226352
-3472.726432903143 4948.946598514457 -3383.367469774391
-4886.0741921583785 4511.284118844292 -1942.5939709694042
-5865.272817256953 3672.77424777053 -329.2124729105288
-6518.696953286464 1929.106362137539 1335.7452687671403
-6286.313297162269 554.1755283775555 2859.0612728530086
-5495.363117553706 -869.9962330379993 4128.33713606213
-4216.125808946652 -2216.865011232576 5030.792127823043
-2562.2672200513143 -3366.755604627276 5486.239161759255
-680.7399443299355 -4217.495187787218 5454.209770209145
1261.274062823199 -4693.49181533948 4937.549905170613
3091.218334484429 -4752.4510980492505 3982.1670629768096
4646.494291538492 -4389.134244909218 2672.951201785202
5788.908839985018 -3635.8235527106276 1126.2318962618433
6416.953433790879 -2559.453982304815 -520.5580556316902
6474.823554668087 -1255.6656935924414 -2121.094139850913
5957.377188417885 159.6940023937518 -3533.161701476066
4910.591715457575 1560.8641854616749 -4631.292340900329
3427.4786188020294 2823.3447359117 -5317.912331743933
1639.8190056237825 3834.958716531643 -5532.012474638191
-293.54572243131685 4505.819785748625 -5254.569032323969
-2200.8276248442626 4776.318993537404 -4510.234072191349
-3912.5563346167837 4622.421298219713 -3365.145021908331
-5276.637244087931 4057.801185393461 -1921.0480687330828
-6171.865778280749 3132.627629877793 -306.2575642702827
-6661.186075988085 1335.4349801788644 1358.0464730769352
-6301.7312173736245 -14.849058865885732 2878.72192434231
-5382.339885403591 -1363.8136938663597 4143.610299566768
-3984.7040346058693 -2591.597497169035 5040.320715740464
-2233.0097437478066 -3589.106489809925 5489.176517237463
-282.90273775588633 -4267.707620296805 5450.294896323534
1692.3414179838605 -4567.104200193897 4927.130655646063
3517.2136120177283 -4460.6935294971 3966.169233857713
5029.565941586165 -3957.9306632733446 2652.7962703940652
6095.019265358031 -3103.4882885251477 1103.7107167012737
6618.903379851379 -1973.2873599074285 -543.4443777251844
6554.6688824658595 -667.7511897330025 -2142.3120543243635
5908.023290182648 697.1176040270134 -3550.8259035152055
4736.423901633533 2000.0444394190333 -4643.833288635924
3143.9724639703177 3125.258549318226 -5324.215706934619
1272.1652757874833 3972.77972213922 -5531.518194736373
-712.6793799544612 4467.301982391508 -5247.321016268033
-2634.199345245493 4564.884857076462 -4496.876338015286
-4321.659138718053 4256.857679542934 -3346.8644629131063
-5625.120552426759 3570.5900162697776 -1899.4689928083149
-6428.7653196173815 2567.0597607748655 -283.29736701014707
-6749.692454423344 731.7332507963814 1380.324225911826
-6265.764064838321 -582.1890058209028 2898.332864517389
-5225.095041239732 -1844.3812143766124 4158.811908986287
-3720.1533932750594 -2942.6920581013414 5049.762264696321
-1884.6597906936302 -3779.5317986723644 5492.019082671384
118.2941049841708 -4280.543552729234 5446.285903822323
2110.737050309016 -4401.2102272701395 4916.626321786625
3915.631745896907 -4130.810058725141 3950.1029148009666
5372.60537739501 -3493.3692887010384 2632.5955290940888
6352.199443821166 -2545.5273269772592 1081.1704776720594
6767.372713495726 -1371.5040913888345 -566.3213153296809
6581.235219450181 -75.61669853395739 -2163.492974204196
5810.32609488144 1226.9895698240607 -3568.428787988114
4523.143998586365 2420.5724303482066 -4656.294044167516
2834.060708526404 3399.076807928748 -5330.427140712767
893.1586874433387 4075.5582945219285 -5530.928393611471
-1127.1044025814267 4389.90854135386 -5239.982386658333
-3047.2193202206495 4314.196149490176 -4483.440949366647
-4696.575428756534 3855.1484972063226 -3328.5261084671956
-5928.620199865604 3053.55398290516 -1877.8571158341945
-6633.881048895387 1980.637796921949 -260.3322776191278
-6783.564425964158 122.90232318662613 1402.578142567628
-6178.837490457341 -1143.2147877408584 2917.893754726003
-5025.0937285416985 -2307.752247862088 4173.941701811123
-3424.848336584499 -3267.2357933568605 5059.116611648888
-1520.290140222387 -3936.411100583756 5494.766808974075
519.3525067818346 -4255.8190068681915 5442.182861934944
2512.8484044175952 -4197.0787180382995 4906.03708498677
4283.066693867226 -3765.4095665341283 3933.968383248408
5672.715711638187 -2999.167250815677 2612.349326722508
6558.319044127226 -1966.4357632335432 1058.6115684110991
6861.186948836463 -758.9778285269223 -589.1884733939512
6554.408283318595 515.9186169636656 -2184.6365337269335
5665.241678280896 1744.9734292654573 -3585.9700509187423
4272.6934886242925 2818.979694687278 -4668.674392316083
2500.4977320969174 3642.50724334748 -5336.546525816004
506.1217788191518 4142.382038556517 -5530.243081448486
-1533.2253155855303 4274.188011095645 -5232.553270222241
-3436.3386122519896 4026.213621883778 -4469.928138254924
-5034.11814309618 3420.4924836200985 -3310.130275247159
-6184.594185062733 2510.8455776027245 -1856.2128110161884
-6785.541893041904 1378.0990233510045 -237.36269267066217
-6762.5946305990155 -486.12059520701104 1424.8078387517767
-6041.793286299042 -1693.3596380541774 2937.404257180209
-4784.152094538287 -2750.136245873849 4188.999416771908
-3101.4179942721253 -3562.551179473513 5068.383595062287
-1143.109294866184 -4058.417806778609 5497.419648696323
916.769681841085 -4193.676201878226 5437.985841514924
2895.1896491393436 -3956.3080627960762 4895.36312810712
4616.359310781077 -3367.4045903625133 3917.765917819732
5927.3451891006835 -2479.2924424636367 2592.0580129015716
6711.660435642819 -1370.8842808561512 1036.0343784778197
6899.615198841384 -140.66703486803837 -612.0454570356444
6474.508873160306 1102.049094475221 -2205.7423677742513
5474.1140211847505 2246.843325511549 -3603.449389395152
3987.320115673187 3191.995666966675 -4680.974119291143
2146.2353198179576 3853.5251855695346 -5342.5737565715235
114.44809719837122 4172.652080517797 -5529.46227008176
-1927.5083411045289 4121.020526730012 -5225.033795249743
-3798.1972045692837 3703.218214341545 -4456.338138026631
-5331.399578294107 2956.3687123033915 -3291.677280922078
-6390.883703025844 1946.8328763666643 -1834.5364521197548
-6882.509764812543 764.312395829387 -214.38900881595615
-6687.0212213219165 -1090.4024543971714 1447.0129305899525
-5855.881555621711 -2228.15686914905 2956.864034962193
-4504.421115591595 -3167.929767971665 4203.984793843945
-2752.723092114674 -3826.218204679203 5077.563054909278
-756.4335417770324 -4144.530362818968 5499.977556027469
1307.0684483013908 -4094.5828102503406 5433.694915038659
3254.431670772845 -3680.813606210271 4884.604635471285
4912.624357458006 -2939.987960273946 3901.4957983078903
6134.308811286073 -1937.9314821426503 2571.7219380325687
6810.9330072605735 -763.6812873507339 1013.4392977471985
6882.375916252772 478.42534118241855 -634.8918715481075
6342.289522276673 1678.0217786164908 -2226.8101118792847
5238.66287156714 2728.51861714321 -3620.8665015747792
3669.5580352255333 3536.57460263001 -4693.1930126944135
1774.3968638639255 4030.3904146711266 -5348.508728897855
-278.42725566433575 4166.088351291699 -5528.58597299476
-2306.5118916689553 3931.611055322412 -5217.424091591161
-4129.652824138117 3347.792863496779 -4442.671183361163
-5585.855980499626 2466.5085842024814 -3273.167444148191
-6545.731319868551 1366.0641931071418 -1812.8284134638948
-6923.989705998388 144.23900358027467 -191.41162277689014
-6557.525440054386 -1685.0545030609035 1469.193034632706
-5622.749543577942 -2743.2762937730035 2976.2727520300714
-4188.367675124664 -3557.7459471136317 4218.897574251702
-2381.8309583877535 -4056.0942601422917 5086.654832674023
-363.6581085050497 -4194.040798280829 5502.4404867962
1686.8273602055806 -3959.328406247223 5429.310156604176
3587.4308154420487 -3372.8123100920216 4873.761792862685
5169.275299545677 -2486.6070388420926 3885.158305673974
6291.806988293605 -1379.4558198958337 2551.341453289783
6855.284014991491 -149.73389770964874 990.826716403213
6809.6389730389965 1093.2925383844083 -657.7273224071861
6158.927624723565 2239.1751346077517 -2247.839402232921
4960.968528942736 3186.0971936629676 -3638.2210866895207
3322.2056085135373 3849.9205351039873 -4705.33086152349
1388.2501405087285 4171.661541903025 -5354.351340306716
-669.0574447156378 4122.732113668838 -5527.614205319852
-2666.9163398668206 3707.479844823291 -5209.724290654928
-4427.808014651277 2962.801721757858 -4428.927510266808
-5795.2695162184955 1954.8656636730575 -3254.601084563251
-6647.795889148321 773.2312125842524 -1791.0890699146519
-6909.636423955582 -477.1082250119661 -168.43093133919464
-6375.225582349751 -2265.272027308305 1491.3477678621318
-5344.42722691585 -3234.559448960219 2995.6300732237078
-3838.753058737913 -3916.4420689416634 4233.73750047329
-1991.9888352007492 -4250.331624074716 5095.65877135484
31.77233804300658 -4206.56056213561 5504.808398471302
2052.7103996209976 -3789.0181340637923 5424.831641929831
3891.2561340214825 -3034.8048169481945 4862.834787521347
5384.046684417899 -2010.9357738251488 3868.7537220425957
6398.4410594040255 -808.3862623514957 2530.916910614339
6844.305867166033 465.9919160767987 968.197024932042
6682.024062888752 1698.9646677898256 -680.5514152781252
5926.015097044206 2780.9769529860696 -2268.8298756901127
4643.453683938359 3615.887231793176 -3655.512845051146
2948.3010335537283 4129.5100619957 -4717.387456175488
991.1788979318676 4276.207801133484 -5360.101489904763
-1054.0138324881648 4042.945711311715 -5526.546983838044
-3005.552808428114 3450.4501528648784 -5201.934525405349
-4690.035227688012 2551.366956284882 -4415.107356076705
-5957.7874350871825 1425.5836091495346 -3235.9785227811753
-6696.164083559358 173.1309022706049 -1769.31879687867
-6839.557167575207 -1094.7052450475203 -145.44733134583927
-6141.667403672352 -2826.373362651218 1513.4767476984
-5023.309787537077 -3698.0533347970495 3014.9356642704975
-3458.6090523472235 -4241.1450395063985 4248.504316244916
-1586.5957250004876 -4407.3923954971515 5104.574715466864
426.3935951732044 -4182.023595625026 5507.08125016241
2401.495973218251 -3585.0636467733607 5420.259448353019
4163.214895251395 -2669.5550601131927 4851.823808140659
5555.013903873829 -1516.8447912125205 3852.28233069689
6453.225549360027 -229.3562060489472 2510.448662708199
6778.0397852717415 1078.5116845352482 945.5506141153451
6500.595441324384 2290.5490789779114 -703.3637560221789
5645.544665022153 3299.061135844298 -2289.7811697760962
4288.862470167988 4014.4371330996087 -3672.7414780562904
2551.0960234764602 4373.112774011822 -4729.3625884506655
586.6534997985378 4343.2181538637715 -5365.759078395327
-1429.9157618229253 3927.409540845998 -5525.384326978689
-3319.4307329244944 3162.6333549711608 -5194.054930360265
-4913.999716323907 2116.843316519234 -4401.210959444681
-6071.938260195326 882.9624597807252 -3217.3000803862988
-6690.358443386246 -429.373486326259 -1747.5179702967173
-6714.310918727858 -1703.557713898615 -122.46121969001277
-5858.811049130126 -3363.8378610544855 1535.5795920064504
-4662.137120242232 -4130.042393091974 3034.189191791135
-3051.2118487690227 -4529.274534110742 4263.1977665652585
-1169.1730145100412 -4526.060756379856 5113.402511044802
816.7519729194345 -4120.6866181541345 5509.259002620698
2730.104963297977 -3349.1713905700626 5415.593654828832
4400.876146819239 -2280.0675873372606 4840.729044864116
5680.610171768738 -1008.3697730577416 3835.744416073702
6455.59705400944 352.9261207158048 2489.9370630280378
6656.9758080803595 1682.8629798729974 922.8878750234911
6266.853047946174 2863.2700781459293 -726.1639507036311
5319.892892870373 3789.263064721794 -2310.692922692684
3900.2369082975756 4378.563399090087 -3689.9066881916674
2134.0277585147655 4578.809160440229 -4741.256051556028
178.2008773613968 4372.207634112216 -5371.324008080134
-1793.4599337672173 3777.116272376163 -5524.126254819169
-3605.7639593113327 2846.41155423774 -5186.085641588742
-5097.680033436143 1662.7906782339187 -4387.238560341166
-6136.644865789765 331.42355343234067 -3198.5660799279954
-6630.341871595559 -1029.3920085200298 -1725.6869666371604
-6534.903905334031 -2298.7415731029687 -99.47299330809967
-5529.014616929413 -3873.342503797668 1557.6559191024414
-4263.970549182538 -4527.078466020724 3053.3903233053884
-2620.053986014217 -4778.563639781226 4277.817597699951
-743.3341282710296 -4605.452463766035 5122.1420056455345
1199.4342288371874 -4023.1266256499703 5511.341618239572
3035.6275910827385 -3083.3283316445318 5410.834341928694
4602.092120228362 -1869.5627844089427 4829.550689282044
5759.640568543085 -489.6783793374477 3819.1402637585466
6405.419676576395 933.716098656288 2469.3824657791633
6482.049136624656 2274.1458037388606 900.2091990087848
5982.720084879712 3412.507674234725 -748.9516055964908
4951.800098858556 4247.6532623315725 -2331.564773324537
3480.890943437006 4705.376217550949 -3707.0081790392255
1700.689352052759 4745.005846637503 -4753.067640108841
-230.62595161364902 4363.020883135133 -5376.796182860996
-2141.4491273938675 3593.362367364428 -5522.772789084547
-3861.995150610437 2504.4178360423766 -5178.0267967087475
-5239.385956608712 1192.9447895312956 -4373.190400049043
-6151.234327695711 -224.52663668157356 -3179.776844915051
-6516.51853451975 -1622.0478859064233 -1703.8261628894631
-6302.781472281132 -2875.443062228572 -76.4830491731944
-5155.014493281701 -4350.796862250852 1579.7053477605584
-3832.166950243606 -4886.008491943489 3072.5387272378325
-2168.8145564886972 -4987.076825231852 4292.363557185912
-312.7534717038451 -4645.021497172185 5130.793048350813
1571.0971315378874 -3890.235624747682 5513.329061055308
3315.348859996254 -2789.7852450465193 5405.981591838971
4765.017293075157 -1441.4502035520538 4818.28893442828
5791.2930287303725 34.96401422806684 3802.4701604808947
6302.98696411201 1508.2715259069114 2448.785225909383
6254.632847529605 2847.5624935684054 877.5149776988111
5650.527154440038 3933.8350373541475 -771.7263271913254
4544.347326748482 4670.569074720261 -2352.396361245316
3034.3822965355625 4992.302553342689 -3724.045655281255
1254.7990831080647 4870.448041741716 -4764.797150140287
-636.2785354486506 4315.832848022806 -5382.175508241462
-2470.8200138683933 3377.736966036571 -5521.323953147199
-4085.8182910408964 2139.5143316634576 -5169.878534884729
-5337.773682736186 711.1864598180345 -4359.066721159477
-6115.444458286353 -780.333449972549 -3160.9326998100146
-6349.731156531829 -2202.5173082961855 -1681.9359365577063
-6019.816376183235 -3428.9978381896653 -53.491784287997966
-4739.902622800864 -4792.3761224758055 1601.7274972194268
-3370.3504976282543 -5203.999714693971 3091.634072923508
-1701.3279402017972 -5153.225094884984 4306.8353938357
118.86507086628468 -4644.563810839608 5139.35548976976
1928.4963987570786 -3723.212649868584 5515.221296747674
3566.7723585512545 -2471.0377059071543 5401.03548835956
4888.124941765502 -999.3002178054874 4806.943974776852
5775.1461727209025 561.2294800049913 3785.734394109022
6149.02032241849 2071.891475601997 2428.1456991028676
5976.527031937971 3398.4568212457802 854.8056029895366
5272.993087112891 4423.05436443975 -794.4877222019932
4100.930566348782 5054.644117098899 -2373.1873267239794
2564.4823681272355 5237.106558013451 -3741.018822705467
800.1686574520489 4954.229098584919 -4776.4443790988935
-1035.2435499200255 4231.146642470829 -5387.461891328456
-2778.669824790241 3132.1082390919914 -5519.779772026398
-4275.199091736157 1754.7682736392228 -5161.640996825246
-5391.858157979132 221.50944639986312 -4344.86776756774
-6029.426965105854 -1331.4314672302999 -3142.0339700237087
-6131.254726678505 -2766.068852106311 -1660.0166656540885
-5688.29359921758 -3954.928880779444 -30.49959567796719
-4287.100903367919 -5194.551905691313 1623.7219871887762
-2882.3822721079378 -5478.562203558726 3110.676030613794
-1221.5513268448763 -5275.778207365714 4321.232857741886
547.819814498042 -4604.218165076931 5147.829182041544
2268.5147612551214 -3523.5531335424635 5517.018292640533
3787.6422162616586 -2129.804943234488 5395.996116902418
4970.221038559236 -546.8142372251054 4795.516006238602
5711.173910125075 1084.7633134165246 3768.9332536450966
5944.663916702393 2619.954883255679 2407.464241774077
5649.944446552795 3922.3519642349315 832.0814670386245
4853.202617954168 4876.230860233829 -817.2353975725796
3625.2324388214292 5396.835245314283 -2393.937310730984
2075.1444484288418 5437.907135227184 -3757.927388210129
340.67076717198967 4995.797112312748 -4788.009125854045
-1424.0730067571449 4109.788592274804 -5392.655240833879
-3062.2816445944627 2858.6073203030633 -5518.140272387894
-4428.393119707931 1353.4262431307664 -5153.314324780505
-5401.022432452195 -272.01269515688864 -4330.593784468962
-5893.74720007655 -1873.2821117718333 -3123.080981909536
-5862.786664690524 -3308.10219199269 -1638.0687286923155
-5310.89180573124 -4448.982875087653 -7.506880384559418
-3800.3329178080053 -5554.120634951289 1645.6884378559482
-2372.3279856229074 -5707.568503723742 3129.6642714819504
-733.5313011253277 -5353.873863688511 4335.555700281337
970.4428585263361 -4524.464035776089 5156.213978837917
2588.188911479568 -3293.035723001595 5518.720017702395
3975.963021567905 -1769.0067349891497 5390.863564490128
5010.455368963613 -87.79373541470177 4784.005226157805
5599.746768805663 1601.220122827785 3752.067029220223
5691.476094155392 3147.9585463182207 2386.7412110614996
5277.492791907965 4414.987038379777 809.3429622586426
4394.581095203868 5289.7245572297825 -839.9689604839672
3121.191582889427 5694.446835596053 -2414.6459549445026
1570.4705013115588 5593.192522951278 -3774.771059809019
-119.79377620406574 4994.958509321186 -4799.49119069951
-1799.413850997645 3952.9005121235346 -5397.755467076189
-3319.1481085324735 2559.6099574055247 -5516.405482543443
-4543.961490782639 938.8868253087322 -5144.898662539979
-5365.023953730195 -765.2605214536952 -4316.2450183539395
-5709.380494368994 -2401.4111125944705 -3104.07406275788
-5546.433522879494 -3824.1857879621393 -1616.0925046811262
-4890.661592759527 -4907.164773906479 15.48596454171964
-3283.593236327669 -5868.229218726605 1667.6264698924904
-1844.4240919864892 -5889.270260975028 3148.598467628813
-241.3697729504952 -5387.023795898961 4349.803674119527
1383.1313096459528 -4406.116625992721 5164.509735365706
2884.735105608555 -3033.70665794272 5520.326442546961
4130.0175279863615 -1391.7385401321021 5385.637919754349
5008.329768719183 373.89165451324516 4772.411833308832
5441.629930808123 2106.2999348586086 3735.1360120894337
5391.417393345135 3651.554222646717 2365.9769648215197
4862.153760637899 4872.351893170929 786.5904813102923
3900.866429087633 5660.219716022805 -862.6880183608466
2592.9699966426015 5945.152177640943 -2435.3129017565643
1054.6768009344466 5701.831778405083 -3791.549546636596
-577.329056909627 4951.878603581314 -4810.89037535683
-2158.0366944804578 3761.9292838680162 -5402.762481981945
-3546.993301358639 2237.716038328315 -5514.57543245033
-4620.783987687404 514.6719027280266 -5136.394155429815
-5283.9977387335975 -1254.1030900300748 -4301.821717004878
-5477.7051022511705 -2911.4455196982353 -3085.0135407904
-5184.694328920821 -4310.093238273 -1594.08837311775
-4431.00071180955 -5325.770258094569 38.478542048012685
-2741.1145433256247 -6134.397844286005 1689.5357044606988
-1303.0425662717525 -6022.311689699502 3167.4782920885514
250.81046110347742 -5375.116713003651 4363.976533214798
1782.3778783461007 -4250.319028046238 5172.716308369337
3155.5731992611504 -2747.8618452291175 5521.83753943362
4248.38199341698 -1001.2450786702722 5380.31927293432
4963.703403740409 834.3367070200837 4760.73602789257
5237.977983787896 2595.784014865392 3718.140494626601
5046.835233488051 4126.58452157935 2345.1718616222765
4407.259025021168 5290.719884333093 763.8244170956086
3376.078511243478 5984.751567422058 -885.3921788782633
2044.9186060652926 6147.011810095902 -2455.937794279211
532.0587087607078 5763.0830777257115 -3808.262558952966
-1028.0769397184547 4867.079123026064 -4822.206482978777
-2496.86344046228 3538.613829420629 -5407.676199087321
-3743.7926672163035 1895.7271681201594 -5512.650153710838
-4658.069486124654 84.39682867054796 -5127.800950310408
-5158.456389589576 -1734.4325393758168 -4287.324129491073
-5200.491805326461 -3399.1499648668023 -3065.8997451544137
-4780.440702177705 -4761.8379990554495 -1572.0567139813645
-3935.62646402197 -5701.415830046162 61.470455086200744
-2177.3328597557047 -6350.539697654768 1711.4157632201734
-752.6546459243203 -6105.739779531503 3186.3034188342267
738.900236167981 -5318.418087399161 4378.074032822641
2164.8005896664536 -4058.531608708064 5180.833556133305
3398.348910702161 -2438.026786010635 5523.253282267947
4329.939017613407 -600.8925842718722 5374.907715875286
4876.795041185316 1289.6335605531547 4748.9780115331
4990.32642388537 3065.5701040593704 3701.0807703194523
4660.445404136402 4569.1172907870905 2324.326260737479
3916.4633582021293 5666.6783549874 741.0451627512039
2824.486355775228 6260.73017953872 -908.0810499686638
1481.5413455834776 6298.488652876162 -2476.5202763507677
6.95488519954669 5776.5987689433705 -3824.909808148861
-1468.2495472553899 4741.432734203798 -4833.4393181527175
-2812.993564129658 3284.969593595397 -5412.496533539617
-3907.7907582120874 1536.6224887444182 -5510.629679571715
-4655.363594370096 -348.2602675882337 -5119.119195573832
-4989.286945441679 -2202.1985708306393 -4272.752506164649
-4879.89025628564 -3860.461866865531 -3046.7330059171786
-4336.893902812968 -5175.706184671512 -1549.9979077264338
-3408.545493929941 -6031.066294756971 84.46130661961223
-1596.8511475449911 -6514.977452293928 1733.2662683343056
-197.79383466996464 -6139.011163109135 3205.0735227834534
1218.838328419483 -5217.566791475317 4392.095929499847
2527.1713572449075 -3832.5187135042215 5188.861338484624
3610.954120670311 -2106.934529106899 5524.57364660213
4373.887764062989 -194.1399656685785 5369.403342026918
4748.182285128386 1735.9047856886455 4737.137987274151
4700.57997310537 3511.7067789447333 3683.957133764435
4235.31050231649 4975.478214020236 2303.4405221401307
3393.7151070427835 5997.15657525352 718.2531116414456
2250.5732314348884 6485.961256687376 -930.7542398284331
907.4580477360548 6398.4598172924025 -2497.0599925418496
-516.2887658181912 5742.427143952576 -3841.4910067506516
-1894.1610568335439 4576.154618646126 -4844.58868690403
-3103.7288255603635 3003.2706733491846 -5417.223402098716
-4037.516667646531 1163.5329490889042 -5508.514044923593
-4612.553435462249 -779.5897837781805 -5110.349041141285
-4777.744588679794 -2653.442543183136 -4258.107098656198
-4518.412168406354 -4291.52528818549 -3027.513654060274
-3857.5989982447954 -5548.287178284033 -1527.9123352762433
-2854.021228294841 -6312.05940433477 107.45069962987917
-1004.4015955285944 -6626.456395278238 1755.0868424768341
356.9815241906405 -6121.995595118019 3223.788279804004
1686.645268897952 -5073.568620396379 4406.04198110877
2866.4431797428074 -3574.3328087633704 5196.799516795242
3791.545034888805 -1757.5018413705818 5525.79860963541
4379.751474763614 215.4908772977878 5363.8062464416935
4578.797775882908 2169.3362858521596 4725.216159575607
4370.997800891926 3930.4266454330145 3666.769880661682
3774.8154894837835 5342.2813491739425 2282.515006496363
2843.224256330079 6279.450910825206 695.4486573517215
1659.0000707173072 6658.663702133212 -953.4113569247869
327.36644841941904 6446.22500244232 -2517.556588161687
-1033.355119444528 5661.010922491957 -3858.0058684253067
-2302.2585501415833 4372.791179140939 -4855.654396699453
-3366.596205363332 2696.029749845219 -5421.856723138514
-4131.797013674436 779.7142459440813 -5506.3032863003855
-4529.86952522803 -1205.8822904288133 -5101.490638460498
-4525.44325046012 -3084.3308933698763 -4243.388159870446
-4118.911483308239 -4688.723161071753 -3008.2420214737353
-3346.3963553190806 -5876.5017997897785 -1505.8003780163642
-2276.539225741318 -6542.127464993074 130.43823712384471
-404.8068968512112 -6684.154087437479 1776.8771088384515
907.1257955289614 -6054.976020877346 3242.4473667194416
2138.4563801204267 -4887.786763037647 4419.9119468215395
3179.775730876932 -3286.2962016031447 5204.647953984436
3938.5580537290616 -1392.80380098288 5526.9281502144695
4347.382209430041 624.4453295735533 5358.116525773259
4369.922377650567 2586.209752264177 4713.21273431001
4004.1757655283463 4318.1780890715645 3649.5193078099055
3282.6405646030175 5666.457352652511 2261.550075159213
2269.4283438818466 6511.247013611785 672.6321936815552
1054.567455584547 6777.483803274758 -976.0520100024364
-253.99637903449394 6441.511414518994 -2538.0097092640203
-1539.991520731582 5533.1824684759695 -3874.4541079853516
-2689.1516576701706 4133.205978137567 -4866.636256450363
-3599.368868677114 2365.975998365935 -5426.396416648337
-4189.7663601319755 388.51866822485647 -5503.997441878657
-4407.884724002288 -1623.4602505741175 -5092.544140503121
-4234.343186461482 -3491.1876016716437 -4228.5959439819935
-3684.5616746945752 -5048.707613536141 -2988.91844095045
-2807.390688698462 -6157.627798049544 -1483.662417787903
-1680.7707199803897 -6719.41573040173 153.42352214035714
197.05916427915264 -6687.686482434943 1798.636691133062
1448.1434111915996 -5938.645240931771 3261.050461314628
2570.5537609469734 -4661.929308456437 4433.705587124139
3464.559128352838 -2970.980498384952 5212.406514521184
4050.7232132372424 -1016.0470330988082 5527.962248833798
4276.962764319496 1029.1666699271625 5352.334278274771
4123.175404650014 2982.9343979065566 4701.1279187589225
3603.02581602014 4671.655314239957 3632.205713101273
2762.731572018513 5945.279154681462 2240.546090162342
1676.9565037952436 6690.638851801672 649.8041146379379
442.1764910073564 6841.50592555432 -998.6758080904451
-831.8928434661104 6384.475174367225 -2558.419002653402
-2032.0448480959883 5360.155786129786 -3890.8354413937236
-3051.6407504906038 3859.5630336384925 -4877.534076516118
-3800.0849802992884 2016.031168194983 -5430.842404234329
-4210.874983210101 -6.633913749646261 -5501.596551476966
-4247.510264742211 -2028.7095433452319 -5083.50970176207
-3906.735619360189 -3870.525427169379 -4213.73070643073
-3218.8303697711367 -5368.428141268444 -2969.543246180396
-2244.9179162234873 -6389.322456056964 -1461.498836881017
-1071.534654159412 -6842.497431545032 176.4061577571889
796.3114932832761 -6637.110458853533 1820.3652136045553
1975.625732023694 -5774.099206218454 3279.597242341325
2979.3969545830523 -4398.033899893882 4447.422663820586
3718.4356828595323 -2631.1839811098666 5220.075064426503
4127.07508262773 -630.54181884349 5528.900887636025
4169.005749933758 1426.1267511142862 5346.459603797174
3840.5019609777855 3356.0777007814004 4688.961921609428
3170.7527190236733 4987.826418829695 3614.829395516209
2219.2681833651845 6176.384870849257 2219.503414213855
1070.5919305167017 6816.144422475287 626.9648144283143
-173.21111357350009 6850.259630007276 -1021.2823605089625
-1401.6235900982508 6275.699207543878 -2578.7841158912065
-2505.4956597189466 5143.5153700378605 -3907.1495857688087
-3386.7434447870164 3554.3076199585616 -4888.347668707315
-3967.064212306962 1649.2840400238265 -5435.194609120779
-4194.893915388872 -402.2856646307801 -5499.100656555174
-4049.988885099748 -2418.110522581401 -5074.387478248894
-3545.2245692860256 -4219.075648897419 -4198.792703917531
-2725.451492529476 -5645.157388700368 -2950.1167717448166
-1663.5100902147985 -6569.642121152137 -1439.3100180283488
-453.7585161907725 -6910.385320739946 199.38574709788074
1388.0935074852305 -6532.922748804644 1842.062301033188
2485.287109968602 -5562.827006149629 3298.0873895237887
3361.652046228391 -4098.449671934023 4461.062940037042
3939.3194458137787 -2269.907098616925 5227.6534712757575
4166.9610252199645 -239.6733182644722 5529.744050412228
4024.3498311280896 1811.8564882048122 5340.492603787501
3524.157493972132 3702.3948944958624 4676.714952950478
2710.8282979663295 5263.959266718557 3597.3906551182854
1656.630111412165 6357.79775758857 2198.4224106899546
455.23306945755405 6886.718016960921 604.1146874540098
-786.6134284758097 6803.723158662069 -1043.8712768759015
-1958.5658712929192 6116.187640068788 -2599.104697301736
-2956.4911414209037 4885.202009208004 -3923.3962593892256
-3691.7191992859443 3220.1447414732083 -4899.076846289058
-4098.921805451571 1268.9634820860738 -5439.452956151489
-4141.917221380763 -794.9707514389186 -5496.509800213737
-3816.8851156859314 -2788.268345026903 -5065.1776274910335
-3152.7060173379473 -4533.816060045182 -4183.782194399828
-2208.3951539270497 -5876.5143218043095 -2930.6393531104977
-1067.8586897071941 -6697.0584974128315 -1417.0963443982862
167.56170531378766 -6922.53963596907 222.3618933385487
1967.6166741248783 -6376.055276125024 1863.727578742013
2972.9998542909084 -5306.69763915757 3316.5205835642378
3714.2189506082223 -3765.8166288919447 4474.626180225921
4125.41339358259 -1890.3262851352356 5235.141604200956
4170.046752458668 153.1278446160431 5530.491722602224
3844.153157430034 2182.975893382709 5334.43338128711
3176.6896845754786 4018.8569541903794 4664.38722426933
2226.9633925733306 5497.644938154986 3579.88979304904
1079.3616302731439 6487.94304334711 2177.3034436287244
-164.1461495773101 6901.7589372687435 581.2541283032091
-1393.06882369428 6702.3232617438225 -1066.4421671137382
-2498.2112194441906 5907.356751751782 -2619.3803959782863
-3381.3765851271332 4587.495670358459 -3939.5751816986453
-3964.091802294779 2860.0154667606553 -4909.721423984126
-4194.580066698194 878.4103379700172 -5443.617371791035
-4052.3614845640404 -1181.2454041895546 -5493.824027192948
-3550.072801030915 -3135.942308376773 -5055.880308529132
-2732.344569888303 -4811.996976608595 -4168.699437087208
-1671.8355330144789 -6060.484596367814 -2911.111326623939
-462.7765723029087 -6770.471563741178 -1394.8581995884765
787.4021177192961 -6878.872420951056 245.3341997147883
2530.1994409561685 -6167.866946639273 1885.360672603357
3434.827815596831 -5007.9436816662665 3334.8965061483973
4034.256665328113 -3403.0426435783647 4488.112150169872
4275.224106301224 -1495.7663326018524 5242.539333893
4136.319123917498 544.4153810888039 5531.143891294809
3629.8840354362083 2536.2233990421246 5328.282040929901
2800.91782092269 4302.6768379575105 4651.97894844777
1723.077766394786 5686.818557834069 3562.3271115226858
492.13469072049514 6565.661492654866 2156.146877723797
-782.5367119218727 6861.116590922409 558.3835317443727
-1987.6762936041562 6546.931370572256 -1088.9946414562726
-3016.202113825949 5651.0225672116885 -2639.610861789227
-3776.7251398493686 4252.995609650279 -3955.686073310769
-4201.669563311887 2477.071328207613 -4920.281217976248
-4253.277207350965 481.04838880521396 -5447.687784126055
-3926.962506317321 -1557.7178109885836 -5491.043383872184
-3251.719953406267 -3458.073947344047 -5046.49568191428
-2287.5478126970866 -5051.165037970427 -4153.544692436756
-1120.117010091555 -6195.437948300457 -2891.533029505583
146.84110441317205 -6789.2190086923865 -1372.595967619113
1400.751742389201 -6779.7481661651 268.30226952848903
3071.305241621841 -5910.131961998986 1906.961209045372
3867.0583133045316 -4669.141996865637 3353.2148399509765
4319.20628354422 -3013.278275118616 4501.520616985983
4387.573820966429 -1089.6715550734118 5249.84653260393
4066.0861698451927 930.7572645849505 5531.700545227983
3383.3089188079557 2868.484216723948 5322.038688940517
2399.9098229280035 4551.333758071357 4639.490339758593
1203.2682074500974 5829.777321814923 3544.7029138211024
-100.28906871528159 6590.2195869588295 2134.9530783181103
-1394.9352210139978 6765.0919210991515 535.5032927192682
-2565.6352573532345 6338.856149932904 -1111.5283104551802
-3508.3673419717475 5349.385192233095 -2659.795745384023
-4139.365592039592 3884.5978848130944 -3971.7286560141442
-4402.5630439480055 2074.647008050463 -4930.756045913254
-4274.573449071949 80.35464018407194 -5451.664122866485
-3766.7692445892462 -1921.0775900931735 -5488.167918269076
-2924.27106253022 -3751.813645980521 -5037.023909705244
-1821.9385636131728 -5249.184594859518 -4138.318222148732
-557.7188278734569 -6280.142456818015 -2871.904799843964
756.0566732316272 -6753.082101537034 -1350.3100329263816
2002.653221019988 -6625.980766121802 291.26570615464817
3586.5792659414856 -5605.024757025398 1928.5288150584054
4266.232146444662 -4293.191648860174 3371.4752686411616
4566.811578684824 -2599.889622332481 4514.851349129632
4461.609761036324 -675.5759934329074 5257.063074149111
3959.974336667792 1308.7655271996575 5532.161674789145
3106.4778144251995 3176.817487317566 5315.703433132524
1976.957105817568 4762.595272453416 4626.921613861786
671.7750826246861 5925.19556732667 3527.0175042883657
-693.0971046957801 6561.31623375048 2113.7224113975585
-1996.384572657492 6614.435158943536 512.6138063360471
-3122.2845103491945 6079.83249329386 -1134.0427849870653
-3970.7557673764773 5005.010029709584 -2679.934698199283
-4466.407949097684 3485.4704608608613 -3987.7026527767794
-4565.200184033113 1656.2315458295034 -4941.145726910186
-4258.354348566175 -320.17081030126934 -5455.546319346774
-3573.135041748881 -2268.1245848902863 -5485.19768003871
-2570.4270060273307 -4014.5455366110286 -5027.465155465666
-1339.3252506871147 -5404.256499860979 -4123.020289162038
10.78143070867018 -6313.775556909228 -2852.226976589874
1359.9301346724915 -6662.287948178445 -1328.000780355744
2588.2430782155493 -6418.826818282901 314.22411304841376
4071.8836957325293 -5255.1016880472935 1950.0631182014686
4629.171444026426 -3883.2892105465876 3389.6774768880764
4775.136994734293 -2166.429445154825 4528.104116398568
4496.810668116472 -257.072916342009 5264.188833909443
3818.9229797079156 1675.1256692337124 5532.527272015266
2801.707225484847 3458.4819879300976 5309.276382906492
1535.5474891878237 4934.537004700646 4614.272987800842
132.94761983728276 5972.136753744592 3509.2711883255997
-1281.465228966817 6479.085943927861 2092.4552435846776
-2582.0142685596807 6410.339914992795 489.7154678626715
-3653.1400094080414 5772.007053297247 -1156.5376762598814
-4399.668228879617 4620.806034880492 -2700.027372464746
-4755.2666185892285 3059.0261221913156 -4003.6077877511534
-4688.338701093349 1225.438314230436 -4951.45008155247
-4204.83131556982 -717.0350656972893 -5459.334306527072
-3347.7062150596016 -2595.7967333812812 -5482.1327204727495
-2193.1227261746135 -4243.910469837971 -5017.81958426124
-843.670658708417 -5514.934136955251 -4107.651157649552
580.7452491716992 -6295.931704114201 -2832.4998995505216
1953.5593931043734 -6517.5081101214055 -1305.6685951553443
3152.7912119055295 -6159.975318931078 337.1770937516352
4523.331119712944 -4863.2796262146385 1971.5637466086662
4953.005129547962 -3442.901674757449 3407.8211503662405
4942.582897717631 -1716.606800572937 4541.278689936953
4492.99048525731 162.2161210473112 5271.223688833476
3644.1761510178812 2026.6254284388276 5532.797330593015
2471.5607735568847 3710.960172814337 5302.757649248194
1079.3363750995566 5065.559820554805 4601.544679999021
-408.7917968750507 5970.06224839586 3491.464272385698
-1860.5970237440242 6344.098446280279 2071.151942132345
-3147.0800399578275 6154.433656595225 466.80867271989786
-4153.931183888063 5417.920428234451 -1179.012595819781
-4791.687312903116 4200.001193672848 -2720.0734212093485
-5003.680996193301 2608.8934216517523 -4019.4437862788654
-4771.075664679335 785.974020176714 -4961.668931898968
-4114.53932283792 -1106.7826221812077 -5463.028018994385
-3092.408105803936 -2901.1967715228066 -5478.973092498568
-1795.5028577598302 -4437.826856022263 -5008.0873626568655
-339.0593013692312 -5580.136549281774 -4092.211093013686
1147.5111618852152 -6226.626622111668 -2812.723909383685
2532.1202226364157 -6319.8535944660925 -1283.3138629693321
3691.7392895797784 -5851.533840731509 360.1242518999527
4937.3158563021425 -4432.81163496382 1993.0303289956175
5235.1917944062925 -2975.73719761777 3425.905975760939
5067.897967316645 -1254.2554514557694 4554.374842239147
4450.299165727021 578.672395777384 5278.16751743957
3437.271753446329 2360.1826611837832 5532.971845858878
2118.827661653283 3931.9803396530015 5296.147344726608
612.1164338003099 5154.40430973253 4588.736910255573
-948.984025424546 5918.83683716158 3473.5970639680813
-2425.7630894426293 6157.35473722119 2049.812874917389
-3687.002457677773 5848.764647772487 443.8938164746244
-4620.63547740444 5020.486152488304 -1201.4671555578125
-5143.704757638921 3746.1154305149475 -2740.072498267169
-5209.73329738065 2138.885912983504 -4035.2103748954187
-4812.854171112101 341.60699573730665 -4971.802101485109
-3988.3318308776065 -1486.0252021977553 -5466.627392963706
-2809.4287049636637 -3181.6175396033946 -5475.7188506783095
-1380.8955096388927 -4594.509196316672 -4998.268658713759
170.33631167742425 -5599.1585482656965 -4076.7003618817585
1706.4330041925828 -6106.298091698733 -2792.89934759172
3090.905635727369 -6070.86625263654 -1260.9369698312134
4200.737737311811 -5496.011305469838 383.06519122955586
5310.542930614851 -3967.259934506524 2014.4624946658826
5473.539796801696 -2485.7139205397775 3443.9316407737224
5150.1886318089355 -783.3013163571753 4567.392347153755
4369.220605649431 988.7110472448952 5285.020199817961
3200.028154669152 2672.8720954123287 5533.050814799228
1746.4991590542547 4119.536728196399 5289.445583492021
137.786048772075 5200.162444391047 4575.849899741935
-1483.1699566076381 5818.730906864544 3455.6698716132287
-2972.3398025585793 5920.279593183121 2028.4384104342664
-4197.404213153836 5495.785456928313 420.9712948328498
-5049.51083940538 4582.966664968185 -1223.9009677165661
-5452.9462681624145 3262.9311728076973 -2760.0242582834185
-5371.863491132665 1652.969926805602 -4050.907281334863
-4813.467068881148 -103.86495113214303 -4981.849415325859
-3827.3729740072135 -1851.4709723580245 -5470.1323662791165
-2501.19999424312 -3434.5656726433194 -5472.37005120797
-952.7844186551131 -4712.484140571088 -4988.363641986576
680.2902337559505 -5571.6777122130825 -4061.1192321013955
2252.9181134932787 -5935.80326822003 -2773.026556515796
3625.364332078407 -5772.506655002038 -1238.5383021571927
4675.681020109087 -5096.297493258887 405.9995155839508
5640.054471485137 -3470.4663782180914 2035.8598735172968
5666.224426049696 -1976.9271326882608 3461.897834127737
5188.9254745433955 -307.7292358172166 4580.330979887534
4250.567723399563 1388.8117541036272 5291.781617632857
2934.5283767224273 2961.9507249724243 5533.03423605039
1357.743305807877 4271.907375620719 5282.652481274039
-339.68321618607683 5202.286308988395 4562.883870997918
-2006.9273937466762 5670.419273945022 3437.6830048975644
-3495.8472651170564 5634.710602186513 2007.028917788695
-4674.145765708766 5098.333165903538 398.04150363294843
-5437.125902866409 4108.946454163447 -1246.3136448969549
-5716.993543120345 2754.4618181564297 -2779.928356720404
-5488.881218455101 1155.23116184958 -4066.534234534621
-4773.057709971658 -546.6468528359849 -4991.810699918837
-3633.127077738451 -2199.952895726928 -5473.54287841485
-2170.377160932623 -3657.783469498246 -5468.926751916411
-514.779708834649 -4790.603930086274 -4978.372483520455
1186.5581794668299 -5497.758208267068 -4045.467972735911
2782.465166397905 -5716.412543128827 -2753.1058793299726
4131.137912647235 -5427.13853747033 -1216.1182467394365
5112.740926157745 -4655.639456152402 428.92682892093546
5923.253315802003 -2946.5206859328587 2057.2220960484296
5811.801996815974 -1453.6150489578386 3479.804245573122
5183.9465657398505 168.45066420167637 4593.190517009239
4095.4747329229763 1775.5487966132428 5298.451654124467
2643.1019973910225 3224.881626578219 5532.922109898654
955.8780503288398 4387.669571861774 5275.768155379594
-816.2798563067952 5160.593820714653 4549.839047927856
-2515.907715524449 5474.976661704076 3419.6367744279214
-3991.9861333386048 5302.883799761742 1985.5847666912448
-5113.359064662997 4659.6064408883285 375.10483883885314
-5780.387603485437 3602.3026013959256 -1268.7048000648483
-5933.803336925018 2224.9183673249127 -2799.7844498634763
-5559.974603811758 649.840372423605 -4082.090964640081
-4692.117727603186 -982.9787913449741 -5001.685783247229
-3407.3456002775447 -2528.4559757712304 -5476.858870476358
-1819.8158634773802 -3849.2687508039044 -5465.389012264377
-70.58750107688284 -4828.057105089966 -4968.295355848078
1684.912870562445 -5377.851398009164 -4029.746854059628
3290.701339533983 -5449.799993903108 -2733.1376600351637
4604.096553482928 -5037.509944285407 -1193.6771907395325
5508.397583909996 -4177.615029369662 451.8467353194028
6157.92363060493 -2399.7266972507164 2078.5487933650097
5909.220763468448 -920.1234894109874 3497.6505658923516
5135.4576993095825 641.2367283583551 4605.970736453474
3905.3866819821797 2145.6202487919736 5305.030194111025
2328.3049194534588 3459.355994221089 5532.7144382802735
544.3430472334866 4465.712778429905 5268.792724690922
-1287.9860935433016 5075.2713848174935 4536.715655796753
-3005.87201767492 5233.869856202428 3401.5314918362938
-4456.673021984029 4927.416022404223 1964.1063274511014
-5511.479070502437 4183.139651406345 352.16169653322345
-6076.56601687918 3067.172964974998 -1291.0740465578024
-6101.723406085459 1678.6745005388236 -2819.592194826966
-5584.7158936889155 141.01843998800305 -4097.577203009277
-4571.481866016106 -1409.1677278049342 -5011.474494782802
-3152.0516129300004 -2834.143158951725 -5480.08028520131
-1452.5477414844122 -4007.2925329932405 -5461.756893343452
376.02137119282634 -4824.376379764675 -4958.132432986691
2171.1793348969786 -5212.793213766995 -4013.9561475532646
3773.4184866319742 -5138.030494759889 -2713.1222434533024
5040.372846455436 -4606.731218417921 -1171.2155216816534
5859.467959559421 -3666.1036570125398 474.75883898607896
6342.248388085887 -1834.5669238734417 2099.83959718619
5957.828571282504 -380.86975464347415 3515.4364869056085
5044.029540420608 1106.669363705989 4618.671417524569
3682.0463495333247 2495.8760525516227 5311.517123990773
1992.8971820957097 3663.313201156424 5532.4112247814355
126.67035434368749 4505.248895653265 5261.726309663497
-1750.8116902754819 4946.873454812189 4523.513921226371
-3472.7264329031136 4948.9465985144625 3383.3674697744127
-4886.074192158387 4511.284118844289 1942.593970969391
-5865.272817256949 3672.7742477705356 329.2124729105319
-6323.316213216428 2507.922267078059 -1313.4209980915703
-6219.505214215492 1120.2303871201111 -2839.351249560118
-5563.0638830824155 -366.99887878357697 -4112.992682217555
-4412.31991283375 -1821.6186837592445 -5021.176665488833
-2869.5219551827595 -3114.379674641019 -5483.207066960592
-1071.7543791240905 -4130.4143642008385 -5458.030457875008
821.243276836314 -4779.443611476505 -4947.883890435096
2641.269863683121 -5003.798319629679 -3998.0961258991892
4226.608032119751 -4783.543588276513 -2693.059975221312
5436.393528738731 -4138.250016869699 -1148.7336274459524
6163.131603109222 -3125.254771052923 497.6627442624807
6474.823554668088 -1255.6656935924402 2121.0941398509126
5957.377188417886 159.6940023937517 3533.1617014760636
4910.591715457557 1560.8641854616956 4631.2923409003415
3427.4786188020266 2823.3447359117026 5317.9123317439335
1639.8190056237695 3834.9587165316493 5532.012474638191
-293.5457224313366 4505.819785748629 5254.569032323964
-2200.827624844233 4776.318993537403 4510.234072191364
-3912.5563346167864 4622.421298219711 3365.1450219083295
-5276.637244087945 4057.80118539345 1921.0480687330648
-6171.865778280756 3132.6276298777802 306.2575642702663
-6518.696953286464 1929.1063621375483 -1335.7452687671264
-6286.313297162276 554.175528377574 -2859.061272852988
-5495.363117553703 -869.9962330380029 -4128.337136062132
-4216.125808946648 -2216.86501123258 -5030.792127823044
-2562.2672200513202 -3366.7556046272734 -5486.239161759255
-680.7399443299148 -4217.495187787226 -5454.209770209142
1261.274062823187 -4693.491815339478 -4937.549905170617
3091.218334484441 -4752.451098049248 -3982.1670629768014
4646.494291538498 -4389.134244909214 -2672.9512017851976
5788.908839985041 -3635.8235527106035 -1126.2318962618042
6416.953433790875 -2559.453982304822 520.5580556316773
6554.668882465862 -667.7511897330091 2142.312054324354
5908.023290182652 697.117604027012 3550.8259035152023
4736.423901633527 2000.0444394190404 4643.833288635928
3143.972463970329 3125.2585493182205 5324.215706934616
1272.16527578747 3972.7797221392248 5531.518194736372
-712.6793799544643 4467.301982391508 5247.3210162680325
-2634.1993452454885 4564.884857076463 4496.87633801529
-4321.659138718068 4256.857679542929 3346.8644629130954
-5625.120552426754 3570.590016269779 1899.4689928083203
-6428.765319617386 2567.059760774852 283.2973670101306
-6661.186075988086 1335.4349801788908 -1358.0464730769002
-6301.731217373634 -14.84905886586832 -2878.7219243422896
-5382.3398854035895 -1363.8136938663638 -4143.61029956677
-3984.7040346058843 -2591.5974971690252 -5040.320715740458
-2233.009743747813 -3589.1064898099226 -5489.176517237462
-282.9027377558649 -4267.70762029681 -5450.294896323531
1692.341417983848 -4567.104200193896 -4927.130655646069
3517.213612017747 -4460.693529497095 -3966.1692338577
5029.565941586155 -3957.930663273349 -2652.7962703940775
6095.019265358035 -3103.4882885251427 -1103.7107167012682
6618.903379851378 -1973.287359907438 543.444377725169
6581.235219450189 -75.61669853397876 2163.4929742041686
5810.326094881428 1226.989569824077 3568.428787988128
4523.143998586367 2420.572430348206 4656.294044167515
2834.0607085264164 3399.0768079287436 5330.427140712764
893.1586874433248 4075.5582945219326 5530.928393611471
-1127.1044025814347 4389.90854135386 5239.98238665833
-3047.219320220645 4314.196149490176 4483.44094936665
-4696.575428756547 3855.148497206316 3328.526108467184
-5928.6201998656015 3053.5539829051613 1877.8571158341995
-6633.881048895389 1980.6377969219457 260.33227761912605
-6749.692454423349 731.7332507964074 -1380.324225911791
-6265.764064838335 -582.1890058208824 -2898.3328645173647
-5225.09504123973 -1844.3812143766174 -4158.811908986289
-3720.153393275075 -2942.692058101333 -5049.762264696314
-1884.6597906936483 -3779.5317986723594 -5492.019082671383
118.29410498419247 -4280.5435527292375 -5446.2859038223205
2110.7370503090274 -4401.210227270139 -4916.626321786622
3915.631745896922 -4130.810058725136 -3950.102914800957
5372.605377395022 -3493.369288701029 -2632.595529094075
6352.19944382117 -2545.527326977254 -1081.1704776720537
6767.372713495725 -1371.5040913888438 566.3213153296656
6554.408283318599 515.9186169636587 2184.6365337269267
5665.241678280884 1744.9734292654696 3585.970050918756
4272.693488624295 2818.979694687276 4668.674392316081
2500.4977320969374 3642.5072433474734 5336.546525816
506.12177881917296 4142.382038556513 5530.243081448487
-1533.2253155855067 4274.188011095646 5232.553270222246
-3436.3386122519455 4026.2136218837895 4469.928138254949
-5034.118143096187 3420.492483620095 3310.1302752471515
-6184.594185062731 2510.845577602727 1856.2128110161914
-6785.541893041902 1378.0990233510113 237.36269267067019
-6783.56442596416 122.90232318664155 -1402.5781425676096
-6178.837490457357 -1143.2147877408358 -2917.8937547259784
-5025.093728541675 -2307.7522478621063 -4173.941701811142
-3424.848336584512 -3267.235793356854 -5059.116611648883
-1520.2901402224077 -3936.4111005837512 -5494.766808974074
519.3525067818517 -4255.819006868193 -5442.182861934942
2512.8484044175893 -4197.0787180383 -4906.037084986773
4283.066693867231 -3765.409566534127 -3933.9683832484043
5672.715711638198 -2999.167250815669 -2612.3493267224944
6558.3190441272245 -1966.435763233545 -1058.611568411101
6861.186948836463 -758.9778285269344 589.1884733939359
6474.508873160302 1102.0490944752266 2205.7423677742595
5474.114021184738 2246.8433255115583 3603.4493893951635
3987.320115673191 3191.9956669666726 4680.9741192911415
2146.2353198179717 3853.5251855695305 5342.57375657152
114.44809719834643 4172.652080517799 5529.462270081759
-1927.5083411045246 4121.0205267300125 5225.033795249744
-3798.197204569241 3703.21821434156 4456.3381380266555
-5331.399578294102 2956.368712303395 3291.677280922082
-6390.883703025846 1946.8328763666623 1834.5364521197507
-6882.509764812541 764.312395829405 214.38900881597894
-6762.594630599021 -486.1205952069959 -1424.8078387517583
-6041.793286299044 -1693.3596380541735 -2937.4042571802047
-4784.152094538284 -2750.13624587385 -4188.99941677191
-3101.417994272138 -3562.5511794735075 -5068.383595062282
-1143.1092948661806 -4058.4178067786097 -5497.419648696323
916.7696818410841 -4193.676201878226 -5437.985841514924
2895.189649139338 -3956.3080627960776 -4895.363128107121
4616.359310781038 -3367.4045903625333 -3917.7659178197614
5927.3451891006935 -2479.2924424636276 -2592.0580129015575
6711.6604356428215 -1370.884280856143 -1036.0343784778072
6899.615198841382 -140.66703486802857 612.0454570356584
