4964.6453495104 2908.1663045833784 3859.2670349083355
3319.727032109387 3659.633601927229 4856.497820465577
1379.8363995233456 4085.926393702302 5422.207462284795
-682.6587524726466 4149.166694604287 5506.1301761144905
-2684.496678512876 3843.7353263725477 5100.809060542125
-4447.805293947576 3196.771206437965 4242.2586754087315
-5815.90689014301 2265.7599360119925 3006.764990119706
-6667.2396364622355 1133.4259521476406 1504.107040487709
-6926.158882382557 -99.61790152287823 -132.1974203566275
-6569.6585166555615 -1323.8102674771528 -1756.7555602634852
-5629.41516125219 -2430.3762817203897 -3225.2182592461095
-4188.973564490032 -3320.992697802132 -4407.106162257514
-2376.323283515214 -3916.5243387477535 -5197.403342485506
-352.5262504771146 -4164.055604811663 -5525.8884273047615
1702.5942869518203 -4041.5922567310226 -5363.374075396049
3606.431850273179 -3560.015700404334 -4724.3004001089275
5189.8221171322075 -2762.116126225166 -3665.4519020213334
6312.073913724856 -1718.7904128838916 -2280.911916868374
6873.470243002905 -522.7426285704026 -693.7028982845941
6824.128577462804 719.7531323098115 955.1446670768049
6168.433140620128 1898.2956687996918 2519.1234371850833
4671.162869617049 3340.3869413524144 3875.7101640619153
2962.2133827248895 3941.075073279928 4867.473255215353
990.0582373182984 4191.581389823425 5426.739987088351
-1070.0679272729874 4069.647305429157 5503.817056252366
-3035.113860610363 3586.107198594465 5091.855826865031
-4730.476608054709 2783.925729792419 4227.460862019484
-6005.515749518699 1734.3802428414979 2987.4374476771027
-6746.938461866202 530.7274601117447 1481.9671059552686
-6888.866083425116 -720.0827865079996 -155.18251663617332
-6418.687722180838 -1906.9105175152756 -1778.54349161727
-5378.180788873695 -2924.300880702323 -3243.873072358581
-3859.798890717436 -3681.8542775559526 -4420.970295118364
-1998.4569226725237 -4112.258764297352 -5205.244906048269
40.45671303561834 -4177.271013480586 -5527.010664234762
2075.7755922491333 -3871.1144014641745 -5357.677270017202
3926.652700700234 -3220.992286771915 -4712.290738579162
5428.629484862508 -2284.670872308167 -3648.1964954711
6448.248716146689 -1145.3464247268194 -2259.9439838937665
6894.912751327814 95.74707896148449 -670.8855317466732
6728.933530727224 1328.333034504943 977.7840440287996
5965.059036483115 2442.890770639093 2539.5732165576615
4340.208777646193 3743.438023952787 3892.0863653735832
2581.0586423865166 4187.931650915698 4878.364635826226
592.5701199615091 4260.3091722594 5431.178800035108
-1448.5708580731655 3954.1395275889986 5501.408893525274
-3360.9999584195803 3296.627233436802 5082.814664290442
-4974.789462955031 2346.1951425834122 4212.590046568637
-6146.547092202942 1187.293317203697 2968.0583165622884
-6772.15703863099 -77.10472976047649 1459.801580019986
-6796.031113055014 -1334.6516831168778 -178.16493314078292
-6216.047999192784 -2473.6089774059305 -1800.3007101280982
-5083.741741924956 -3392.7752587982422 -3262.471868530959
-3499.7227212539005 -4010.4785694973593 -4434.758084292893
-1604.7379785192327 -4271.833259601312 -5212.9965826500975
432.8347758835079 -4153.616817958197 -5528.037457780135
2431.9482609847923 -3666.3332941923377 -5351.887945393603
4214.972470668496 -2853.279967798816 -4700.199702685437
5623.47787923128 -1786.7001948534553 -3630.878089906992
6532.312599998127 -561.3642687907408 -2238.937024994296
6860.722679673475 713.8513360605616 -648.0565799975427
6579.527441474261 1925.6381170178965 1000.4065360814559
5713.712316319467 2966.3235007544945 2559.979141217831
3974.6473686965032 4114.085655838674 3908.3953560503564
2179.580983491184 4398.238607310161 4889.171774220001
190.84926296906778 4291.588757169921 5435.523824473264
-1814.8402520960458 3803.612412628076 5498.90572951866
-3659.273246467153 2977.6684133460863 5073.685728946
-5178.563754433534 1887.1455082556743 4197.646485853382
-6237.716147065738 628.9414431551187 2948.627931424526
-6742.620086264726 -685.1468292338502 1437.6108454480368
-6648.412641298213 -1938.3567991280343 -201.1442729977661
-5963.464557074028 -3019.3352610810134 -1822.0268400806508
-4748.636476720661 -3832.03253495238 -3281.0143265892616
-3111.871206362734 -4304.236901495433 -4448.469291686198
-1198.60252309758 -4393.990930508094 -5220.658238430887
821.1672543252707 -4093.319582633519 -5528.968790209654
2767.972717568227 -3428.938826604832 -5346.006201498405
4468.83165780704 -2459.881808182112 -4688.02750122222
5772.615294104971 -1272.253496088904 -3613.4969843926115
6563.47672881671 28.420122324307957 -2217.891402929395
6771.144452829881 1326.5684881493712 -625.216437259769
6377.166277531115 2506.845422252405 1023.0117525774865
5416.548892740461 3464.3781394783887 2580.3408587851145
3577.620642738908 4449.374433055042 3924.636854459802
1761.2597964311535 4570.347330961151 4899.894483773211
-211.5967119508403 4285.224811872454 5439.774985370613
-2165.651923899131 3619.3412628495416 5496.307607458505
-3927.279458602046 2631.8633594049284 5064.469178475054
-5339.950978826142 1410.5328467350605 4182.630437927164
-6278.144420592634 63.8703006113428 2929.146627798095
-6658.49717940647 -1288.4674020118637 1415.3952854409426
-6447.213243496459 -2526.319121620292 -224.12013938758648
-5663.06611777249 -3539.696300703875 -1843.7215062964624
-4375.73071552811 -4238.555929768565 -3299.500126332345
-2699.5924366311074 -4560.80126387699 -4462.103680525784
-783.5835227731127 -4477.799390943258 -5228.229741085048
1202.0502257828934 -3996.9253916252515 -5529.804645440577
3080.8765366675425 -3160.907031043175 -5340.032139900732
4685.953447065317 -2044.0282093408691 -4675.774344385643
5874.66282972334 -745.5285111685739 -3596.0534790741485
6541.38263942724 619.2146669190306 -2196.8074811261504
6626.8718952331365 1928.937904472067 -602.3654979492558
6123.5345015992625 3067.2665442081843 1045.599303157864
5076.094194809734 3933.0550910139023 2600.6580176424773
3152.5214492904556 4746.651159661848 3940.8105801350052
1329.705758055949 4702.938350933995 4910.532579320357
-611.2601250994525 4241.348831220639 5443.932209315824
-2497.9128636689074 3402.896855000545 5493.614572210572
-4162.6150823913085 2262.08255984678 5055.165172033946
-5457.450683707841 920.2723022648134 4167.542162095136
-6267.367842149074 -503.30818792186227 2909.614742096628
-6520.401863924599 -1882.1675368800493 1393.1552836288813
-6194.069565778145 -3093.7880404302973 -247.0921355506058
-5317.367004485754 -4030.511899723084 -1865.3843341403874
-3968.193049964028 -4609.107089115359 -3317.92894853752
-2266.4277288246103 -4778.16288690642 -4475.661015365729
-363.2803579248866 -4522.657943573386 -5235.710959863815
1572.1460670060608 -3865.294994596377 -5530.545009038904
3367.8804146341263 -2864.4836227817973 -5333.965863763875
4864.36380772221 -1609.1503105037104 -4663.440443769776
5928.627129585207 -210.83693149754282 -3578.5478751754226
6466.105913632924 1206.2102341148145 -2175.6856236730446
6429.0428112159325 2516.0803270596402 -579.5041566682232
5820.7310416327155 3602.385641308582 1068.1687977686981
4695.221775143032 4368.603182518222 2620.930266942245
2702.964619475181 5003.585991536596 3956.916253779411
888.6298684555057 4795.031542627557 4921.085877157104
-1004.6635460644364 4160.417498506712 5447.995424519734
-2808.6881956231455 3156.132101952094 5490.826670279641
-4363.148573275626 1871.4105176814276 5045.77387028925
-5529.924052830434 420.40589636496946 4152.381918909741
-6205.341512619257 -1067.9536337643888 2890.032611607204
-6329.387147319168 -2461.420796896457 1370.8912240641462
-5891.038957921763 -3636.1799204570475 -270.0598647940926
-4929.246104714368 -4487.84850097225 -1887.0149495271405
-3529.468103462852 -4940.752047577318 -3336.3004749660104
-1816.081372403002 -4954.648092621904 -4489.141062090667
58.672158336673625 -4528.301911522009 -5243.10176557749
1928.212410329659 -3699.5962334577334 -5531.189868219641
3626.4225278439867 -2542.165194640124 -5327.807477843539
5002.409089466291 -1158.851622170494 -4651.026012363015
5933.909650778771 327.43100246550785 -3560.9804749926047
6338.156299085999 1784.6199456252125 -2154.526195313645
6179.229945678642 3083.2375749404787 -556.6328081985893
5471.251894493749 4107.896015157049 1090.7198466677683
4277.1291022896485 4767.549867222153 2641.1572566124382
2232.756330242603 5218.190838973565 3972.953597271619
441.81172024030883 4845.993435144887 4931.554195043436
-1388.3897999641658 4043.20824831167 5451.964560816541
-3095.226793593562 2881.1662652887985 5487.943949808697
-4527.039303433093 1463.1200158051292 5036.295435415
-5556.604504577838 -84.93086787926718 4137.14997016619
-6092.441010733607 -1625.435271239598 2870.400574484522
-6086.937396848697 -3021.5126176450976 1348.6034912144598
-5540.582683168978 -4149.115308283129 -293.0229304989794
-4501.922883643086 -4908.050895687555 -1908.6129789275997
-3063.2474795423163 -5230.884622383554 -3354.614388368424
-1352.389094044068 -5088.931295021702 -4502.54358791994
478.63499732176876 -4494.804089690021 -5250.402030597677
2267.130268720483 -3501.2938158665256 -5531.739211847011
3854.1810666060555 -2196.6782213284714 -5321.557088486053
5098.7709629286965 -696.8781268617405 -4638.531264544457
5890.312683607268 864.8426473759131 -3543.3515818889223
6158.474273135881 2349.718357094745 -2133.329561440287
5879.428397477174 3625.8112792165766 -533.7518474950665
5077.969507256082 4579.734957569278 1113.252060431467
3825.3107420131223 5126.729087106133 2661.3386373624994
1745.86195968482 5388.834881672708 3988.9223336701507
-6.932729581521982 4855.5415653027885 4941.93735220683
-1759.111415400818 3890.8120726624993 5455.839549665096
-3354.985332228416 2580.366852818623 5484.966460578101
-4652.754079176904 1040.6447143483854 5026.730031089894
-5537.105207915561 -591.5432737858254 4121.846578897943
-5929.46023974494 -2171.170046099252 2850.7189697451417
-5794.956708265312 -3557.878831793958 1326.2924699563328
-5145.545842507669 -4628.454469789681 -315.9809361267261
-4038.930647787209 -5287.771616506708 -1930.1780493754395
-2573.4387404556473 -5477.24705009358 -3372.87037249029
-879.2855076846964 -5180.045046776857 -4515.8683614115425
892.9961011249127 -4422.573308800752 -5257.611628859479
2585.931087500748 -3272.1365241943968 -5532.193030434654
4049.0947485804772 -1830.9560498787494 -5315.21480362647
5152.478572089209 -227.08709551307786 -4625.956416080088
5798.042063188014 1396.959543844212 -3525.6615002896415
5928.424072684066 2896.8801972749457 -2112.0960880878247
5532.039586861613 4139.400332428476 -510.861669678357
4644.109106790638 5014.116582586575 1135.7650499615424
3343.5291522441894 5443.306570293655 2681.47406068952
1246.3727043795034 5514.257074058223 4004.8221872183212
-453.7836113968926 4823.745848382367 4952.2351693453575
-2113.6192619041494 3704.623635417721 5459.620324149996
-3585.6505655258297 2256.3293549731893 5481.894254004735
-4739.08108103222 607.5503096009996 5017.077822494462
-5471.423445374123 -1095.2122469698575 4106.472009372176
-5717.605825648229 -2700.6603891376653 2830.9881372615782
-5455.753837013594 -4066.143004077696 1303.9585455684569
-4709.134177778954 -5070.330969130724 -338.93348522620227
-3544.0872811536833 -5623.9977767955415 -1951.7097884734437
-2064.132676627044 -5677.947701484339 -3391.0681120774843
-400.77082548503824 -5227.387055633169 -4529.115152466139
1298.2012722550935 -4312.350129878753 -5264.730435863694
2881.822489892953 -3014.141970647736 -5532.551316145791
4209.381132634078 -1448.1140699805467 -5308.780732786785
5162.917789175862 246.58512074838853 -4613.301684119141
5657.706543057819 1919.3741413778228 -3507.910535676537
5649.783242152875 3421.618346511156 -2090.8261419272444
5139.85190651727 4619.836746032175 -487.96267002832866
4173.222173119021 5407.5623768486175 1158.25842649153
2835.783335755296 5714.802359785429 2701.5631788842197
738.4712393934042 5593.575544181584 4020.652883348927
-894.9495434015158 4751.026960995349 4962.447468630804
-2448.850131843801 3486.3287827862946 5463.306818982803
-3785.1596394699914 1911.854992724794 5478.727383141111
-4785.141102229789 167.50449652225737 5007.338976308221
-5359.941778810629 -1591.7295092776985 4091.026527085162
-5458.48810662706 -3209.531362988355 2811.2084177564293
-5072.023811989167 -4542.152270301161 1281.602103725041
-4234.887943446157 -5471.1830154907575 -361.8801814404841
-3021.463696628329 -5914.0751398628045 -1973.2078243999977
-1539.5691408900225 -5831.475734566774 -3409.2072928816788
79.12288930425574 -5230.724119244727 -4542.283732331038
1690.7845035587525 -4165.199711273084 -5271.758328678939
3152.2124947864972 -2729.5790302769415 -5532.814062793348
4333.552572595765 -1051.4232738804205 -5302.254987073969
5129.837486847664 720.1560544954087 -4600.56728719031
5470.313828472129 2427.7463570765244 -3490.098994582793
5324.728780360016 3919.620741841983 -2069.5200902594306
4706.01821292553 5063.219622722493 -465.0552439771601
3669.1572752518537 5756.92922055075 1180.7318015937722
2306.2756118405805 5939.110393265315 2721.6056450369174
226.3967089304692 5626.293815533296 4036.4141486890076
-1326.6997065952667 4638.151756705471 4972.5740737116785
-2761.913031064208 3237.8895601006634 5466.898970503151
-3951.718262267415 1549.9266668365988 5475.465902674453
-4790.395984038201 -275.75401251703886 4997.513660706791
-5203.42600032068 -2076.9327377320274 4075.5103987578327
-5154.108781615767 -3693.566874730264 2791.3801527964806
-4646.8263792304515 -4982.011385957497 1259.2235304891
-3726.653060788827 -5827.782322345539 -384.82062851367436
-2475.350263748536 -6155.729224591701 -1994.6717859154855
-1004.1017328784621 -5936.7125712601355 -3427.2876016657697
556.3656433857404 -5190.192953138098 -4555.373873604137
2067.3974906646913 -3982.501914343134 -5278.695185943792
3394.731998273655 -2420.948103536969 -5532.981265840078
4420.429670299995 -644.2824295757871 -5295.637679178113
5053.3527673840845 1189.630565640069 -4587.753445197995
5237.263294812741 2917.839664491051 -3472.227184587653
4955.819995145878 4386.785904423541 -2048.1783010086815
4234.030340652458 5465.946965655158 -442.1397871026348
3136.0285096559764 6059.434652075124 1203.1847871859454
1759.3767833421314 6114.5149782672415 2741.6011130435836
-285.5906594539709 5612.3038076934035 4052.1057110645984
-1745.3953236422124 4486.225760086399 4982.614809716348
-3050.1139537835998 2961.5268662182602 5470.396716679841
-4083.816573926708 1173.6833138400211 5472.109868925751
-4754.654169942563 -718.447151597259 4987.602045358985
-5003.019877502882 -2546.7404347617767 4059.9238923309886
-4806.845313555958 -4148.744654111352 2771.5036847868623
-4183.561449006379 -5382.114704477107 1236.82321230583
-3188.5497904555373 -6137.2602443287315 -407.7544302978776
-1910.2214903024874 -6347.083278548763 -2016.101302368708
-462.16162786708946 -5992.940109753555 -3445.3087262092877
1026.9633233671977 -5106.297912622245 -4568.385350237857
2424.8380765659945 -3765.9387373351465 -5285.540887868889
3607.255325435266 -2090.9593786858895 -5533.052922398628
4469.152108460363 -230.18910321628329 -5288.928923370435
4933.94511409776 1651.0344842423235 -4574.860379418489
4960.335444086072 3385.5564123305 -3454.2954143111183
4545.978201793785 4819.256795913509 -2026.801142716465
3727.6908465753586 5824.745064219514 -419.21669512111384
2578.181800936894 6312.679172096903 1225.6169955378803
1199.589988120713 6239.704032797239 2761.5492376117386
-793.2450216646428 5551.885598670284 4067.7272995053786
-2147.5202764796345 4296.68280950858 4992.569503255999
-3310.9789304918745 2659.700897040132 5473.799997111912
-4180.242576538218 786.3928879644939 5468.659339848803
-4678.073324966734 -1156.7895802350984 4977.604301423904
-4760.2367290853135 -2997.186217743372 4044.2672769607957
-4419.432209869851 -4571.269706870073 2751.579356965094
-3685.941744448649 -5739.175821854657 1214.4015359959449
-2624.9391795442407 -6397.130979109216 -430.68119075984504
-1330.6992491814854 -6486.672975522998 -2037.496003703322
81.77914914848132 -5999.845611766091 -3463.270355313789
1486.9911111947715 -4979.905635514954 -4581.31793754305
2760.077387458368 -3517.4791895924086 -5292.295316238964
3787.9186754461907 -1742.5092814713832 -5533.029031231593
4479.186766113298 187.29022318438575 -5282.128835501325
4772.459456023883 2100.4481696006105 -4561.888312496178
4641.678179673386 3826.9720784828723 -3436.303993408616
4098.463427389726 5213.452723801572 -2005.3889845350166
3191.0822137719683 6136.695215750074 -396.2863638808496
2000.1593416269427 6514.665407335784 1248.028039278174
631.5135344236737 6313.7789883414625 2781.449674266485
-1292.370169475032 5445.703958785094 4083.2786442493725
-2529.7106053934604 4071.271942917188 5002.437982427639
-3542.275152570524 2335.089548438458 5477.108753029695
-4240.093007423228 391.4242002092776 5465.114375029193
-4561.159991224696 -1587.0209059452895 4967.520601547947
-4476.947893484922 -3424.4522400801034 4028.5408230140656
-3994.9393286467757 -4957.605964722686 2731.607513395156
-3157.9628729558876 -6050.2546433042035 1191.958888748977
-2040.3875575110394 -6605.311645722972 -453.6005139880093
-741.5148534880361 -6573.457721486523 -2058.855520464067
623.2446993516976 -5957.523231551939 -3481.1721788082405
1932.6262255897404 -4812.236658333872 -4594.171412192842
3070.285430493625 -3239.3617398701144 -5298.958354414932
3935.1363011724766 -1378.6553151140274 -5532.90959275154
4450.333042430924 604.55068451912 -5275.237532998351
4570.098162904511 2534.0397028057414 -4548.837468439663
4283.790006058574 4238.368173048054 -3418.253232565652
3616.8483080715373 5566.099031342645 -1983.9421962209688
2628.5337656349598 6399.2575642791835 -373.34918935510086
1406.6624629912915 6663.81397995023 1270.4175314008783
59.803027474302986 6336.26127983672 2801.302079356383
-1778.8542755461528 5294.801692830633 4098.75947674764
-2888.7826422684084 3812.0416439934233 5012.220076817083
-3742.0299940113023 1990.5649662181734 5480.322927295816
-4262.781559158137 -7.782144255997999 5461.475035683279
-4404.766275865029 -2005.4377770616923 4957.351119861851
-4155.3681789628945 -3824.901462656705 4012.7448020636407
-3536.7473838270016 -5304.505867991091 2711.58849896154
-2603.8710628778244 -6312.781648513873 1169.4956581165773
-1439.6293710920045 -6760.139076380223 -476.51200419920394
-147.47029197525023 -6606.8284809284905 -2080.179483803365
1157.7921697462496 -5866.47218135702 -3499.0138875543257
2360.1797162985426 -4604.854083882846 -4606.945552226548
3352.8549375796306 -2934.0744929863545 -5305.529887335884
4047.6142838951937 -1002.5895074142636 -5532.694609020995
4382.725338423974 1017.9799556832213 -5268.255134864219
4328.412013360425 2948.0974323867763 -4535.708072617903
3889.500285986545 4616.263514710297 -3400.1434434924477
3104.989389411888 5874.254325613045 -1962.4611481289467
2044.5865595664877 6610.291860944554 -350.4055676353
802.5132413832764 6758.975955643111 1292.7850852722463
-510.8669000681861 6307.095375405349 2821.1061100594457
-2248.703842946738 5100.58985374444 4114.169529668825
-3221.7595427844826 3521.3215881863816 5021.915617501873
-3908.547768786952 1629.1684464526907 5483.442464406189
-4248.04437315333 -407.7434612362542 5457.741384657116
-4210.083592729361 -2408.4255730417253 4947.096031977672
-3798.0384094438577 -4195.10850348083 3996.8794868836812
-3048.5208460622343 -5609.037633455248 2691.5226593633397
-2028.1288272945874 -6524.579154840952 1147.0122320059043
-827.5286619250535 -6860.38318567501 -499.41526574552705
446.60105660620934 -6586.612064166118 -2101.4675254876347
1681.0483113815817 -5727.5915558851075 -3516.795173451862
2766.127046531692 -4359.649402742157 -4619.640137053468
3605.4232546488493 -2604.3332681592965 -5312.009801521038
4124.361784451111 -617.6106937721897 -5532.384083752415
4276.832670241321 1423.9893010964947 -5261.181761674727
4049.2882047095463 3339.061597488628 -4522.500351756359
3461.9467121807284 4957.443617713426 -3381.9749389185363
2566.9960617717475 6135.335017121387 -1940.9462112052472
1443.9565461976729 6768.07497578387 -327.45589492421294
192.61515479500747 6799.441771640132 1315.1303146373587
-1075.840938388873 6226.648327227435 2840.8614243890693
-2698.076578337296 4864.834916965343 4129.508536903887
-3525.8959963612783 3201.702048977907 5031.524437054216
-4040.42408196884 1254.0839035007814 5486.467310490975
-4195.9427567844405 -804.9651002589867 5453.913486425394
-3978.6335040682425 -2792.4894223295673 4936.755514985798
-3407.805204570019 -4531.88880458821 3980.9451514449547
-2534.1784577389476 -5868.609978692701 2671.4103411082056
-1435.3788338787738 -6683.8794022196635 1124.50899867279
-209.039501572212 -6905.256809137772 -522.3099031211592
1035.873907803797 -6513.071845343598 -2122.7192779035536
2188.745374613643 -5542.171865945644 -3534.5157294440673
3147.137209738211 -4078.8255948377728 -4632.254947456697
3825.89209279338 -2253.057769997243 -5318.397985071792
4164.699673752936 -227.0958749113468 -5531.978022308114
4133.455412216063 1819.0444852543192 -5254.01753557667
3734.935497933487 3703.5547601598687 -4509.214533933052
3004.5501741650532 5258.987941842849 -3363.7480325874317
2007.1973821707945 6347.136966204632 -1919.3977569813223
831.4962943300357 6871.3150171673415 -304.5005675291071
-418.0868882233429 6784.946574585453 1337.452833626814
-1630.5212160139763 6095.705853604039 2860.5676811998906
-3123.312917576947 4589.643029777444 4144.776233570621
-3798.7009085257646 2856.011144224361 5041.046369543862
-4136.557653427706 868.6101351084988 5489.397413315511
-4106.8630978383335 -1195.9706963446115 5449.991407090315
-3712.2557333341724 -3154.2842829964957 4926.329747451789
-2987.798155957306 -4832.3258687555835 3964.942070910152
-1997.8616006873988 -6080.994094762935 2651.251891506475
-830.4062747251783 -6789.3393094475705 1101.9863467151426
410.83429292428207 -6894.421931962971 -545.1955209692517
1615.570430730834 -6386.904910151145 -2143.9343740644085
2676.7560459528677 -5311.883358601864 -3552.175249522877
3500.1001397415753 -3764.8776598246295 -4644.78976559693
4012.44497617778 -1883.3460590784582 -5324.694327673552
4168.2664681558235 165.52910394481725 -5531.47643170018
3953.7191923021196 2199.6962796701246 -5246.762580285757
3387.866615601479 4038.4107877386036 -4495.850848574606
2520.9872226968805 5518.294775042679 -3345.4630392511135
1430.1070518854663 6507.854054946453 -1897.816157567438
212.15559359260408 6919.161942821116 -281.53998185486887
-1024.6468202204733 6715.671927834063 1359.7522567633985
-2170.404867468415 5915.464990818135 2880.224540193692
-3520.965944352754 4277.441474074383 4159.972356018254
-4037.957867961309 2487.2901203444353 5050.48125054097
-4196.15951471527 476.1321241289834 5492.232722281211
-3981.513974044052 -1577.3323007867696 5445.975214380453
-3413.09344419274 -3490.643828768793 4915.8189094134095
-2541.4045837110198 -5093.796334126598 3948.870521629017
-1443.900773196268 -6244.342681440213 2631.047658665046
-218.1000425288394 -6840.051778661372 1079.4446650661966
1027.0798340335425 -6827.9922582756435 -568.0717240886656
2180.999160076444 -6209.235661591627 -2165.112447616567
3141.1271395893623 -5038.761227593327 -3569.7734287342255
3822.152188140372 -3420.5707462839105 -4657.244375016203
4163.562241536502 -1498.4475432396937 -5330.898720597683
4135.021518280165 556.8192998501298 -5530.879320590349
3739.0659868815874 2562.6103045869872 -5239.417021084442
3010.878033927758 4340.702137931213 -4482.409526452294
2015.1603546388455 5733.103537462645 -3327.12027466467
840.3868344546919 6616.093528380074 -1876.2017856462278
-409.05874394762407 6911.214575052696 -258.57453439721655
-1622.157657825474 6592.243877366279 1382.0281989686555
-2691.1207450839015 5687.523381590104 2899.8316619253073
-3887.8294564101857 3930.9575039030988 4175.0966418319895
-4241.7432296339175 2098.766888342099 5059.828917118957
-4218.759502321117 80.09162446514087 5494.973188426435
-3820.9204795059386 -1945.7001317219137 5441.864977649574
-3083.5759042533255 -3798.607892641034 4905.223182377443
-2072.2420778578253 -5313.992672382851 3932.7307811336896
-876.7804489600969 -6357.205883110701 2610.797991481453
396.5869705153754 -6835.553452985664 1056.8843429878007
1634.7158972672923 -6706.532101230607 -590.9381174408512
2727.593142714464 -5981.605941149837 -2186.2531328456816
3578.111767586107 -4725.187843352577 -3587.3099631833334
4110.699459622846 -3048.9160695281726 -4669.6185606416375
4278.033465164655 -1101.734722978377 -5337.011056703424
4065.2454234859447 943.3405885912545 -5530.186699289858
3491.2424858948116 2904.595949082547 -5231.980984819787
2607.027332366614 4607.765212888509 -4468.890799678091
1491.1663596066517 5901.514316684717 -3308.7200555807563
242.80871191983246 6670.887975074495 -1854.5550144662432
-1027.1235553695087 6847.5239621692 -235.6046217358196
-2205.7913873068196 6415.7273953612175 1404.280275569724
-3188.4649745258507 5413.865294519451 2919.388707808408
-4220.963949962081 3553.194740679294 4190.148829837561
-4408.441665921981 1693.828040034526 5069.089207857303
-4204.209993737108 -316.0427152092927 5497.618764427352
-3626.4158137370337 -2297.8316882760796 5437.660767875451
-2726.3986744227373 -4075.448231971304 4894.542749316577
-1584.12904828249 -5490.943315445864 3916.523128133876
-301.1026043664991 -6418.54398873524 2590.50323963781
1008.6781273144624 -6775.828861309135 1034.305770063712
2228.8333808725197 -6531.051604320512 -613.7943061567117
3250.9470074658116 -5705.961751240139 -2207.356064683089
3984.199725899831 -4373.872156361353 -3604.7845500398716
4363.438814315134 -2653.1448259680633 -4681.912108789164
4354.9672154426935 -696.6739346531796 -5343.031230439677
3959.537668019336 1321.699493058786 -5529.398579759259
3212.2858226475987 3222.6341206298243 -5224.454599901242
2179.608285049476 4837.2235642860005 -4455.294901700615
953.2629862713077 6022.00446644938 -3290.26269974426
-357.78391216279715 6671.703844637425 -1832.8762178355767
-1637.0401398923827 6728.593057939347 -212.630640527423
-2770.8381671602074 6187.617250099085 1426.508102305791
-3658.435063652845 5096.844495676451 2938.895340121461
-4517.72031073353 3147.407328930116 4205.128660105692
-4536.759059422468 1275.9895852772743 5078.26196284434
-4152.686856442502 -708.8054326155807 5500.169404598725
-3399.630202501545 -2630.619977279033 5433.362657658636
-2344.501486036873 -4318.69239267571 4883.777794666279
-1081.0535238625598 -5623.03003671369 3900.2478425120044
278.4507880322274 -6427.736785728818 2570.163753594769
1613.2135254491948 -6661.310913673653 1011.7093361927751
2804.6351616590414 -6302.9983342571195 -636.6398955432337
3746.8526558167814 -5384.636692589258 -2228.420878712033
4356.145848713164 -3987.826450695914 -3622.196887543339
4578.376366320193 -2236.6803283701133 -4694.124807167193
4393.798051905924 -286.79534335868107 -5348.959137846825
3818.8114987146505 1688.572666490819 -5528.514975608225
2904.506785284344 3513.9035847435175 -5216.837996298469
1732.1238977634368 5027.008748979859 -4441.622067301125
405.834200625739 6093.442125204791 -3271.748525886693
-956.5156462116414 6618.446427974968 -1811.1657701152787
-2233.874880283318 6555.3727210458 -189.65298749907876
-3312.74452804338 5909.825380072362 1448.711295334844
-4097.262286746877 4739.164119237989 2958.3512220134594
-4775.761019709456 2717.072073648804 4220.035873956648
-4625.732633883665 848.8666613416683 5087.347023680015
-4064.687603843985 -1094.7642790157213 5502.625064894736
-3142.4772426150616 -2941.12060888856 5428.970721221196
-1941.043987845505 -4526.145465766534 4872.928504321548
-567.1404566246504 -5709.002435348902 3883.9052053184114
857.1559930221798 -6384.589485005977 2549.7798845854995
2205.2903711218905 -6492.877740610816 989.0954315824264
3357.4750219900334 -6024.24531543773 -659.47449109056
4211.333283117901 -5020.332257022883 -2249.4472111739988
4690.9961009090375 -3570.3406462063153 -3639.5466750081437
4753.8433290370895 -1803.1086007924678 -4706.2564448803
4394.2907154823515 124.33755661359162 -5354.794676558618
3644.2860878298484 2040.7357764680887 -5527.535902095306
2570.4706485875645 3775.805666961992 -5209.131305539062
1268.2576118936308 5175.378654096069 -4427.872532589458
-146.6456792739113 6115.096536038568 -3253.1778537207224
-1548.5188582940027 6511.461255094895 -1789.424046213031
-2812.799341191568 6329.254066558985 -166.67205944125803
-3827.150258857695 5584.66487873532 1470.8894712401936
-4501.442080852024 4343.853708537881 2977.756017509805
-4993.078702822671 2265.8587966934515 4234.870213964665
-4674.738243328022 416.1424738177371 5096.344233478627
-3941.0267761627956 -1470.5499340678605 5504.985702909723
-2857.137785024347 -3226.577526909457 5424.48503440544
-1519.3795633438497 -4695.909546882868 4861.995065633751
-46.617799772862185 -5747.989395956121 3867.495498766596
1430.2861598867928 -6289.335162562688 2529.3519846095787
2780.1029175330814 -6271.845899682802 966.4644467416375
3882.895330675855 -5697.075605073703 -682.2976984786718
4640.675453882573 -4616.095141749314 -2270.434698975004
4986.111197743035 -3124.954367680615 -3656.8336128288533
4888.50908049544 -1356.147684407145 -4718.306812432859
4356.541478577065 533.1586719820244 -5360.537745803818
3437.4760479197475 2375.0915406372606 -5526.461376127668
2212.975785289592 4005.987102989331 -5201.334660706291
791.8429126521854 5280.933131255956 -4414.046534999969
-699.6486777197765 6086.645075817172 -3234.5510039347187
-2128.973412718688 6351.53189459006 -1767.6514215765787
-3369.1295171515912 6052.057231289994 -143.68825320087905
-4309.923678804209 5214.830723974115 1493.0422470372177
-4867.762207806547 3914.2436219254378 2997.109391518089
-5168.011876374046 1797.599163992807 4249.6314239624035
-4683.494763677579 -18.463265575978138 5105.253436871527
-3782.8285880501107 -1832.885152973652 5507.251277878931
-2546.0414917045578 -3484.4471510456056 5419.905674672628
-1083.0274357020119 -4826.400728502684 4850.977667407371
476.21836075028494 -5739.507420921568 3851.0190062281076
1993.1500660000595 -6142.633691578113 2508.88040642693
3332.9816410907547 -5999.96000223398 943.8167724743732
4376.663170821488 -5324.16353630058 -705.1091235841822
5031.458971154761 -4175.291775460052 -2291.3829796918467
5239.187561706932 -2655.42701740371 -3674.057402485345
4981.391345605515 -899.6159157015081 -4730.275701732676
4280.976647971206 936.1300080101436 -5366.188246408031
3200.178388408042 2688.6966723712767 -5525.291416260802
1835.0302352833194 4202.360838241163 -5193.448196436799
306.8315928561052 5342.626801876564 -4400.144313287366
-1248.630383104644 6008.176928433687 -3215.868298187078
-2693.146070002373 6139.874168449304 -1745.848272187275
-3898.363909903513 5726.016644204207 -120.70196567469692
-4757.195008721495 4803.377412911395 1515.1692401799487
-5193.328454408117 3453.937019206858 3016.4110098338715
-5299.257763721357 1316.254247521973 4264.319249045368
-4652.065555872436 -451.22613514423546 5114.074480009814
-3591.5169081308036 -2178.61309552962 5509.421750679191
-2211.8462219894036 -3712.4207216910904 5415.232721101594
-635.6432924969796 -4916.363475040306 4839.876499896745
997.0393330084446 -5683.465758526443 3834.4760122278863
2541.130638341023 -5945.567167888837 2488.3655035517636
3859.4313348888904 -5679.378842692539 921.152799872893
4834.804620496412 -4908.5527837794725 -727.9083724871429
5380.584298382218 -3701.580269198518 -2312.2916915784076
5448.27544905149 -2165.7061035818106 -3691.2177465479904
5031.863416709536 -437.39944661714924 -4742.162906094519
4168.348237824062 1329.7720706752598 -5371.7460807953885
2934.457025512959 2978.7875038795924 -5524.026042698205
1439.82642883249 4363.124595170561 -5185.472048918282
-182.73906462396138 5359.778918923719 -4386.166107522697
-1789.067390251399 5880.193364728133 -3197.1300591007944
-3236.429227062086 5878.126825272897 -1724.0149745536
-4396.220124212561 5353.762921657467 -97.71359380223157
-5165.387570832498 4353.693687851177 1537.2700685674993
-5475.58766385398 2966.7796640092533 3035.660539146432
-5385.882083509443 825.8810959808826 4278.9334355763185
-4580.856994370826 -878.448762732542 5122.807210566986
-3368.802658522537 -2504.7245938682936 5511.497083829616
-1857.4154227175814 -3908.444653035981 5410.466254387405
-180.98867547083552 -4964.882252854581 4828.691754802796
1511.5197098472142 -5580.168276480154 3817.8668024392186
3069.722935750347 -5699.631860575329 2467.8076302464165
4355.167807554862 -5312.658141435936 898.4729203107884
5253.63690731898 -4453.631432213718 -750.6950514779002
5685.297312661978 -3198.8800257997113 -2333.1604735717774
5611.794102258655 -1659.894091039588 -3708.3143486827544
5039.658358916851 26.58071803464002 -4753.9682202437825
4019.726854208861 1710.6937136639078 -5377.211152990227
2642.6249782236505 3242.8040655784457 -5522.665277291021
1030.7142759545663 4486.777045455085 -5177.40635588712
-672.7799129481729 5332.08019494628 -4372.112159089088
-2316.4946541394165 5703.604619667973 -3178.3366102578298
-3754.378679541071 5568.338744075564 -1702.1519057046485
-4858.669683446035 4938.301534819939 -74.72353455899402
-5531.246564056079 3869.4745628162573 1559.3443505510008
-5712.347913974018 2456.827794996903 3054.8576470446055
-5427.3257352326655 330.59859576996524 4293.473731189663
-4470.614079826089 -1296.4922788448077 5131.451477741565
-3116.668744460192 -2808.3841249215966 5513.477241492237
-1485.7937138735026 -4070.7387171083506 5405.606356839961
277.10060848911957 -4971.3903101373835 4817.423625269699
2015.3733257515285 -5430.312057523695 3801.1916636788465
3574.5712787007437 -5406.726748067073 2447.207141515272
4816.152886789733 -4902.7300400151535 875.7775254363888
5629.798175548611 -3963.1042526314895 -773.468767063864
5943.211190447631 -2671.339260604992 -2353.988965298688
5728.543809722662 -1142.2140522944494 -3725.34691365634
5004.87017220338 488.4018870862735 -4765.69144031997
3836.4918563728406 2075.6211754829847 -5382.583368618741
2327.2244029363733 3478.412413724527 -5521.209143537682
611.172848442968 4572.131444245176 -5169.251256626069
-1159.1840957225297 5259.596531476313 -4357.98271067771
-2826.542445987439 5479.723385526557 -3159.4882761935173
-4242.75009584913 5212.952769402772 -1680.259443183619
-5281.970780692525 4482.988423051111 -51.73218494970738
-5851.86518212439 3354.6908820407066 1581.3917049399167
-5901.795681637138 1928.3143343425625 3074.002002022411
-5423.408334006854 -165.44709084944287 4307.939884795749
-4322.413179440765 -1701.8071967105009 5140.00713225971
-2837.352645283528 -3086.954264885986 5515.362189472632
-1100.1808770758853 -4197.8118997506635 5400.653112382596
734.74679012421 -4935.675525528403 4806.072305881555
2504.3889806386005 -5234.982721007664 3784.450883902011
4051.5052198932503 -5069.138728382108 2426.5643930985916
5238.627440622545 -4452.8795141908995 853.0670071659464
5960.2746239146645 -3440.9624140239457 -796.229125976294
6152.325250637599 -2123.3007029561313 -2374.776807081573
5797.714779806715 -616.9744064789764 -3742.315147341315
4927.951907937768 944.1727735613906 -4777.332363880229
3620.3188830878066 2421.4260592368605 -5387.862634910626
1991.0046379677622 3683.5250132959 -5519.657666583487
184.78089338432375 4618.32660504034 -5161.006891961705
-1637.8614444738946 5142.769610734455 -4343.778006283428
-3314.97260535407 5210.254967842103 -3140.5853823910447
-4697.533902730841 4814.7863062296565 -1658.3379650412905
-5662.698698062003 3991.5027519670098 -28.739942001303838
-6124.707863726416 2813.55666177079 1603.4117510086355
-6042.509857860983 1385.6137150861969 3093.0932734848843
-5374.3285728625215 -658.1172206380548 4322.331646585289
-4137.651962792445 -2090.963458019451 5148.474026377789
-2533.326818041687 -3338.018416113836 5517.151895220507
-703.904468186262 -4288.475789283976 5395.606606550569
1188.0628827013215 -4857.883268910185 4794.637992659039
2974.4656327328566 -4995.6465016241455 3767.6447521974687
4496.574058068646 -4689.524619635215 2405.8797414664805
5619.142145454782 -3966.717895551873 830.341757676871
6242.424794018119 -2891.450878793985 -818.9757351771143
6311.040605202954 -1559.2657625320714 -2395.5236399447954
5818.892763069973 -88.53304054406298 -3759.2187567210653
4809.710763147942 1390.0662306171068 -4788.890789902851
3373.16485485218 2745.1520169827786 -5393.048860700691
1636.8984463126808 3856.318999738312 -5518.010873220168
-244.8135725922451 4624.835116189927 -5152.673404262169
-2104.7728312256695 4982.4143368134455 -4329.498291200688
-3777.7137871612717 4897.2841786459085 -3121.62825527571
-5114.988294883718 4377.008829828029 -1636.387849829488
-5997.773645849291 3467.8170382930743 -5.747202756166805
-6347.630487585046 2250.49448464138 1625.4041085032143
-6133.472504381297 833.2056198968952 3112.131131753676
-5280.661417433266 -1143.315007075307 4336.648768033634
-3918.036624604442 -2460.6793906172657 5156.852013884947
-2207.277083659021 -3559.40161178922 5518.846327830264
-300.3912873545214 -4341.855379577034 5390.466926489673
1633.1855930768852 -4738.516242970929 4783.120883055993
3421.646766446472 -4714.139143540827 3750.7735587825237
4906.079608967781 -4270.890093548233 2385.1535438125716
5954.585748256546 -3448.153716251415 807.6021694009604
6474.0008125435725 -2319.0337492923145 -841.7082018656722
6418.172493951494 -983.8574567966142 -2416.2291056209306
5792.061383585736 438.7388883228346 -3776.057449895022
4651.3002012456745 1822.3513578408708 -4800.366518790731
3097.250584130214 3044.0399119575322 -5398.141956430397
1267.9966605544698 3995.2521613476465 -5516.268791885438
-673.9243308232747 4591.468723326709 -5144.250937434581
-2555.9641879391124 4779.713139909565 -4315.143812019266
-4210.895410292476 4543.259068585831 -3102.6172222093282
-5491.670096231249 3903.116491254197 -1614.4094765946288
-6284.485794322563 2916.1648851300506 17.245635734750003
-6518.897350576672 1670.0992315832973 1647.3683976478612
-6174.076269522221 275.6379322005858 3131.1152480728515
-5143.352164379686 -1617.019712610895 4350.891001905027
-3665.5665087981124 -2807.8493341665685 5165.140950105577
-1862.079182836186 -3749.189220337684 5520.445458041532
106.86205012069937 -4357.397191235929 5385.234160954637
2066.3081209679444 -4578.431299570235 4771.521175956059
3842.1536474233544 -4392.651694822904 3733.8375949979995
5276.606961291643 -3816.5657101560996 2364.386158047961
6242.210590640904 -2901.36111341919 784.8486350176358
6653.1664155217595 -1728.357849341422 -864.426133485559
6472.9592074435905 -401.7824055762201 -2436.8928465569006
5717.601167670436 960.4931681175229 -3792.8309360836
4454.2091728703235 2237.424708769157 -4811.759352374833
2795.041146085707 3315.551245270031 -5403.141834149443
887.5214476353071 4099.076503571693 -5514.431452662491
-1098.8584262612305 4518.38082603006 -5135.739636922627
-2987.5999067236244 4536.2071835079905 -4300.714816620029
-4610.88002460742 4150.971625913897 -3083.5526114846143
-5824.463217791127 3396.9040231184144 -1592.4032248710503
-6520.51729383827 2341.0065908010824 40.23817641876921
-6637.194793509046 1077.1004495528618 1669.3042391514498
-6164.128408926943 -282.5107934155851 3150.0452946145156
-4963.7074210392375 -2075.3200115887107 4365.058102256943
-3382.516270018821 -3129.5697015451715 5173.340691901895
-1500.7737044791002 -3905.743389628912 5521.949258239674
514.3191907405516 -4334.8746374715865 5379.908400307679
2483.7125688103065 -4378.833250490889 4759.839071669195
4232.417185548164 -4033.7133130108687 3716.8371533031955
5605.052961693191 -3330.180246010517 2343.5779427950065
6479.655184821984 -2330.7460498968485 762.0815474471043
6778.51160928094 -1124.2148389392423 -887.129137731308
6475.06753024705 182.20779399363204 -2457.514505920139
5596.285285784861 1472.4404648244854 -3809.5389256332423
4220.248534787228 2631.84033865711 -4823.06909391759
2469.224181218124 3557.3896487589486 -5408.048407517256
498.798423135897 4166.849277221234 -5512.498887279487
-1515.9477637827556 4406.066061485533 -5127.139649704011
-3395.995339262091 4253.784540484413 -4286.211554170596
-4974.293825767934 3723.5355956352714 -3064.4347523195293
-6110.604476525405 2862.434172647109 -1570.369474674449
-6703.961103597525 1746.9929118337845 63.230022248385616
-6701.641366766269 476.3236642519104 1691.2112542140667
-6103.851384829105 -836.6690312107035 3168.9209444844673
-4743.3830894086395 -2514.4463467016376 4379.149824444295
-3071.415729493398 -3423.163257466482 5181.45109767636
-1126.539603326776 -4027.7170905008984 5523.35770245626
918.4345103330852 -4274.390584698998 5374.489736516885
2881.8016872663934 -4141.265717592466 4748.074771928247
4589.108137707644 -3640.171217832588 3699.7725272708653
5888.652191144251 -2815.631530739998 2322.72925738113
6664.963655473171 -1740.9106259457271 739.3012998436595
6849.063850302064 -511.5021721757127 -909.8168225552649
6424.594665409958 763.3554942824387 -2478.093727604807
5429.272050626877 1970.3856751431576 -3826.1811300214245
3951.5347881776365 3002.338441872302 -4834.295548116322
2122.686318774041 3767.5202624958465 -5412.861591804495
105.22785469183806 4197.9413743063 -5510.4711291090025
-1921.5805660645194 4255.356972647343 -5118.451124287929
-3777.6481208086498 3934.6654296421775 -4271.634275121077
-5298.055062083198 3264.3615962184717 -3045.2639748514653
-6347.706560959978 2304.0049095558265 -1548.3086064954398
-6833.336475444019 1138.9272757201834 86.22077618804643
-6711.794456481675 -127.3490446632707 1713.0890645336442
-5993.88004583608 -1382.3098435663221 3187.7418717278965
-4484.369462433033 -2930.8020108819887 4393.165925123671
-2735.027601376092 -3686.201411354497 5189.472027374135
-742.6665354659685 -4114.065639799706 5524.670766369519
1315.6837112587452 -4176.377081869029 5368.978263154649
3257.1296864552564 -3867.599092485335 4736.228479885451
4909.165395331981 -3215.1679510552717 3682.6440115821124
6125.000215316007 -2277.05502764177 2301.840461832612
6796.601887048472 -1136.6157723308843 716.5082855887823
6864.295654720557 104.81678230770635 -932.4887961743581
6322.066630005401 1336.935905857433 -2498.6301562377907
5218.094241281834 2450.2624071251207 -3842.7572618616355
3650.4712799909685 3345.8723407202797 -4845.438521106595
1758.4879256435793 3944.1868337235137 -5417.581303894514
-289.7447978944541 4192.043017771596 -5508.348213167453
-2312.232424615436 4067.4177832128885 -5109.674210712474
-4129.268053344441 3581.384629046782 -4256.983231199769
-5579.400094539442 2777.129733942284 -3026.0406101317403
-6533.777952540594 1726.1146747438945 -1526.2210012929925
-6907.600966446216 521.7267517650628 109.21004122113287
-6667.653320975554 -729.0188826682559 1734.9372923124192
-5835.255417421545 -1914.9879901298423 3206.5077513348606
-4188.973564490016 -3320.9926978021394 4407.106162257524
-2376.3232835152126 -3916.5243387477535 5197.403342485506
-352.5262504771298 -4164.055604811662 5525.888427304761
1702.5942869518324 -4041.5922567310213 5363.374075396047
3606.431850273172 -3560.0157004043367 4724.300400108931
5189.822117132219 -2762.116126225159 3665.4519020213224
6312.073913724853 -1718.7904128838961 2280.911916868379
6873.470243002907 -522.7426285703929 693.7028982845801
6824.128577462808 719.7531323097966 -955.1446670767863
6168.433140620136 1898.2956687996816 -2519.123437185071
4964.645349510397 2908.1663045833798 -3859.2670349083387
3319.727032109392 3659.6336019272267 -4856.497820465575
1379.836399523318 4085.9263937023043 -5422.207462284799
-682.65875247267 4149.166694604285 -5506.130176114489
-2684.4966785128904 3843.7353263725436 -5100.809060542119
-4447.805293947576 3196.7712064379652 -4242.2586754087315
-5815.906890143004 2265.7599360119993 -3006.7649901197137
-6667.23963646224 1133.4259521476304 -1504.1070404876943
-6926.158882382557 -99.61790152288243 132.19742035663418
-6569.658516655565 -1323.8102674771446 1756.7555602634754
-5629.415161252202 -2430.37628172038 3225.218259246097
-3859.798890717454 -3681.8542775559454 4420.9702951183535
-1998.4569226725228 -4112.258764297351 5205.244906048269
40.456713035588955 -4177.2710134805875 5527.010664234761
2075.775592249139 -3871.114401464174 5357.677270017201
3926.652700700248 -3220.992286771909 4712.290738579155
5428.629484862518 -2284.6708723081592 3648.1964954710897
6448.248716146691 -1145.3464247268175 2259.9439838937624
6894.912751327818 95.74707896151602 670.88553174663
6728.9335307272295 1328.3330345049278 -977.7840440287807
5965.059036483106 2442.890770639101 -2539.573216557675
4671.16286961706 3340.386941352408 -3875.710164061907
2962.2133827249036 3941.075073279924 -4867.473255215346
990.0582373183198 4191.581389823424 -5426.739987088347
-1070.067927273007 4069.647305429154 -5503.817056252364
-3035.113860610377 3586.107198594461 -5091.855826865027
-4730.476608054686 2783.9257297924337 -4227.4608620194995
-6005.515749518701 1734.3802428414956 -2987.4374476770986
-6746.938461866204 530.7274601117367 -1481.9671059552563
-6888.866083425113 -720.0827865080214 155.18251663620458
-6418.687722180841 -1906.9105175152706 1778.543491617265
-5378.180788873681 -2924.300880702332 3243.873072358596
-3499.7227212538974 -4010.47856949736 4434.758084292894
-1604.73797851923 -4271.833259601312 5212.9965826500975
432.8347758834696 -4153.616817958204 5528.037457780134
2431.948260984835 -3666.3332941923227 5351.887945393594
4214.972470668519 -2853.279967798801 4700.199702685423
5623.477879231259 -1786.7001948534755 3630.878089907015
6532.3125999981285 -561.3642687907367 2238.937024994292
6860.722679673476 713.8513360605957 648.0565799974994
6579.52744147426 1925.6381170178981 -1000.4065360814566
5713.712316319453 2966.3235007545068 -2559.9791412178492
4340.208777646159 3743.438023952801 -3892.0863653736087
2581.058642386524 4187.931650915698 -4878.364635826223
592.5701199615288 4260.309172259402 -5431.178800035105
-1448.5708580731862 3954.139527588994 -5501.408893525273
-3360.9999584195943 3296.627233436795 -5082.814664290438
-4974.789462955022 2346.195142583419 -4212.5900465686445
-6146.5470922029335 1187.2933172037067 -2968.0583165623007
-6772.157038630994 -77.10472976048949 -1459.801580019971
-6796.031113055013 -1334.6516831168892 178.16493314079696
-6216.0479991927805 -2473.608977405934 1800.300710128102
-5083.741741924923 -3392.7752587982613 3262.4718685309904
-3111.8712063627313 -4304.236901495434 4448.4692916861995
-1198.6025230975938 -4393.990930508095 5220.658238430883
821.167254325297 -4093.3195826335127 5528.968790209655
2767.9727175682387 -3428.9388266048268 5346.006201498403
4468.831657807048 -2459.881808182105 4688.027501222215
5772.615294104962 -1272.2534960889136 3613.496984392621
6563.476728816711 28.420122324309467 2217.8914029293933
6771.144452829879 1326.5684881493837 625.2164372597526
6377.166277531117 2506.8454222524024 -1023.0117525774823
5416.548892740447 3464.378139478399 -2580.3408587851327
3974.6473686964855 4114.0856558386795 -3908.395356050369
2179.580983491192 4398.23860731016 -4889.171774219997
190.84926296906383 4291.588757169921 -5435.5238244732645
-1814.840252096048 3803.612412628075 -5498.90572951866
-3659.2732464671662 2977.668413346078 -5073.685728945995
-5178.563754433504 1887.1455082557022 -4197.646485853407
-6237.716147065731 628.9414431551294 -2948.627931424538
-6742.620086264728 -685.146829233863 -1437.6108454480218
-6648.41264129821 -1938.3567991280447 201.14427299778018
-5963.464557074022 -3019.3352610810184 1822.0268400806592
-4748.636476720678 -3832.0325349523723 3281.0143265892457
-2699.592436631068 -4560.8012638769915 4462.1036805258045
-783.5835227731337 -4477.799390943261 5228.229741085042
1202.0502257828894 -3996.925391625253 5529.804645440577
3080.8765366675602 -3160.907031043165 5340.032139900728
4685.953447065335 -2044.028209340853 4675.774344385632
5874.662829723334 -745.5285111685847 3596.0534790741585
6541.38263942724 619.2146669190254 2196.807481126156
6626.871895233137 1928.9379044720642 602.365497949259
6123.5345015992625 3067.2665442081843 -1045.5993031578646
5076.094194809745 3933.0550910138963 -2600.658017642465
3577.620642738908 4449.374433055042 -3924.636854459803
1761.2597964311667 4570.347330961151 -4899.894483773206
-211.59671195084374 4285.224811872453 -5439.774985370614
-2165.651923899158 3619.3412628495294 -5496.307607458502
-3927.279458602051 2631.8633594049247 -5064.469178475052
-5339.950978826135 1410.5328467350682 -4182.6304379271705
-6278.144420592629 63.87030061135493 -2929.1466277981067
-6658.497179406471 -1288.4674020118869 -1415.3952854409138
-6447.213243496463 -2526.3191216202813 224.1201393875711
-5663.0661177724905 -3539.6963007038744 1843.721506296462
-4375.730715528106 -4238.555929768565 3299.500126332348
-2266.4277288246117 -4778.16288690642 4475.661015365729
-363.2803579249073 -4522.657943573391 5235.710959863811
1572.1460670060565 -3865.294994596379 5530.545009038904
3367.880414634122 -2864.4836227818005 5333.965863763876
4864.363807722227 -1609.1503105036948 4663.440443769765
5928.627129585201 -210.83693149755527 3578.5478751754326
6466.105913632924 1206.2102341148084 2175.68562367305
6429.042811215928 2516.080327059659 579.5041566681971
5820.731041632738 3602.3856413085596 -1068.1687977686602
4695.221775143004 4368.603182518233 -2620.930266942276
3152.5214492904583 4746.651159661848 -3940.810580135004
1329.705758055941 4702.938350933994 -4910.532579320361
-611.2601250994552 4241.348831220638 -5443.932209315824
-2497.912863668909 3402.896855000545 -5493.614572210572
-4162.615082391309 2262.0825598467804 -5055.165172033946
-5457.450683707834 920.272302264823 -4167.542162095142
-6267.3678421490695 -503.30818792184846 -2909.6147420966395
-6520.401863924597 -1882.1675368800718 -1393.155283628852
-6194.069565778161 -3093.788040430268 247.09213555056337
-5317.367004485745 -4030.5118997230893 1865.3843341404004
-3968.193049964016 -4609.10708911536 3317.9289485375307
-1816.0813724030018 -4954.648092621904 4489.141062090667
58.672158336678315 -4528.301911522008 5243.101765577492
1928.2124103296237 -3699.596233457752 5531.189868219639
3626.4225278439985 -2542.165194640114 5327.807477843537
5002.409089466284 -1158.8516221705022 4651.0260123630205
5933.9096507787735 327.4310024655153 3560.9804749925997
6338.156299085999 1784.61994562522 2154.5261953136387
6179.229945678634 3083.237574940499 556.632808198563
5471.251894493768 4107.896015157033 -1090.7198466677353
4277.129102289634 4767.549867222157 -2641.157256612452
2702.9646194751786 5003.585991536596 -3956.916253779412
888.6298684554869 4795.031542627554 -4921.085877157111
-1004.6635460644114 4160.417498506723 -5447.99542451973
-2808.688195623148 3156.132101952092 -5490.826670279641
-4363.148573275627 1871.4105176814253 -5045.773870289249
-5529.92405283043 420.40589636497634 -4152.381918909748
-6205.341512619258 -1067.9536337643945 -2890.032611607199
-6329.387147319164 -2461.420796896482 -1370.8912240641168
-5891.038957921776 -3636.179920457029 270.05986479406005
-4929.246104714361 -4487.848500972254 1887.0149495271494
-3529.4681034628616 -4940.752047577318 3336.3004749660026
-1352.3890940440795 -5088.931295021705 4502.543587919933
478.63499732175103 -4494.804089690029 5250.402030597671
2267.1302687204907 -3501.293815866521 5531.739211847011
3854.1810666061006 -2196.6782213284273 5321.557088486039
5098.770962928689 -696.8781268617519 4638.531264544464
5890.312683607254 864.8426473758756 3543.3515818889537
6158.474273135882 2349.7183570947427 2133.32956144029
5879.428397477171 3625.8112792165844 533.751847495055
5077.969507256059 4579.734957569295 -1113.2520604315014
3825.310742013118 5126.729087106135 -2661.3386373625044
2232.756330242639 5218.190838973569 -3972.953597271594
441.8117202402909 4845.993435144882 -4931.5541950434435
-1388.3897999641795 4043.2082483116633 -5451.964560816543
-3095.226793593576 2881.1662652887876 -5487.943949808695
-4527.039303433091 1463.1200158051327 -5036.295435415002
-5556.604504577835 -84.93086787925905 -4137.149970166195
-6092.441010733607 -1625.435271239597 -2870.400574484524
-6086.937396848694 -3021.512617645112 -1348.6034912144423
-5540.582683168985 -4149.11530828312 293.022930498964
-4501.922883643081 -4908.0508956875565 1908.6129789276035
-3063.2474795423273 -5230.884622383554 3354.6143883684153
-879.2855076847073 -5180.0450467768605 4515.868361411537
892.9961011249013 -4422.573308800757 5257.611628859476
2585.931087500755 -3272.1365241943918 5532.193030434655
4049.0947485804863 -1830.9560498787382 5315.214803626466
5152.478572089193 -227.08709551310665 4625.956416080105
5798.042063188012 1396.959543844207 3525.661500289645
5928.424072684067 2896.8801972749434 2112.0960880878274
5532.039586861609 4139.400332428484 510.86166967834544
4644.109106790631 5014.116582586578 -1135.765049961553
3343.529152244184 5443.306570293655 -2681.4740606895252
1745.8619596848341 5388.834881672711 -3988.922333670141
-6.932729581524959 4855.541565302788 -4941.937352206831
-1759.1114154008308 3890.81207266249 -5455.839549665097
-3354.985332228418 2580.3668528186213 -5484.9664605781
-4652.7540791769015 1040.6447143483895 -5026.730031089896
-5537.105207915558 -591.5432737858165 -4121.846578897949
-5929.460239744942 -2171.1700460992793 -2850.718969745116
-5794.956708265311 -3557.8788317939607 -1326.2924699563296
-5145.54584250766 -4628.45446978969 315.98093612674256
-4038.9306477872124 -5287.771616506708 1930.1780493754366
-2573.4387404556564 -5477.247050093581 3372.8703724902816
-400.7708254850495 -5227.387055633175 4529.115152466134
1298.2012722551026 -4312.350129878748 5264.730435863697
2881.8224898929357 -3014.141970647753 5532.55131614579
4209.381132634091 -1448.1140699805292 5308.7807327867795
5162.917789175849 246.58512074835957 4613.301684119156
5657.706543057817 1919.3741413778073 3507.9105356765494
5649.783242152875 3421.618346511164 2090.826141927236
5139.851906517259 4619.8367460321915 487.9626700283024
4173.222173119029 5407.562376848615 -1158.2584264915208
2835.7833357552913 5714.80235978543 -2701.5631788842247
1246.3727043795175 5514.257074058226 -4004.8221872183112
-453.7836113968956 4823.745848382365 -4952.235169345358
-2113.6192619041617 3704.6236354177113 -5459.620324149998
-3585.6505655258316 2256.329354973188 -5481.894254004735
-4739.081081032218 607.5503096010044 -5017.077822494464
-5471.423445374124 -1095.2122469698584 -4106.472009372175
-5717.605825648229 -2700.66038913768 -2830.9881372615646
-5455.753837013596 -4066.1430040776927 -1303.958545568461
-4709.134177778945 -5070.330969130732 338.93348522621875
-3544.08728115368 -5623.997776795542 1951.7097884734476
-2064.1326766270217 -5677.947701484335 3391.0681120775034
79.12288930424438 -5230.724119244733 4542.283732331031
1690.784503558756 -4165.199711273081 5271.75832867894
3152.212494786493 -2729.579030276946 5532.814062793348
4333.552572595762 -1051.4232738804255 5302.2549870739695
5129.837486847655 720.1560544953787 4600.567287190325
5470.313828472129 2427.7463570765094 3490.0989945828046
5324.728780360017 3919.6207418419817 2069.520090259431
4706.018212925532 5063.219622722491 465.0552439771632
3669.1572752518687 5756.929220550745 -1180.7318015937537
2306.2756118405678 5939.110393265315 -2721.6056450369315
738.4712393933873 5593.575544181576 -4020.652883348939
-894.9495434015009 4751.026960995358 -4962.447468630798
-2448.850131843812 3486.328782786283 -5463.3068189828045
-3785.1596394699927 1911.854992724793 -5478.727383141111
-4785.141102229794 167.50449652224697 -5007.338976308217
-5359.941778810621 -1591.7295092776578 -4091.0265270851883
-5458.488106627058 -3209.531362988372 -2811.2084177564125
-5072.023811989168 -4542.152270301157 -1281.6021037250453
-4234.88794344616 -5471.183015490755 361.8801814404809
-3021.4636966283188 -5914.075139862807 1973.207824400011
-1539.56914089001 -5831.47573456677 3409.2072928816897
556.3656433857294 -5190.192953138104 4555.373873604131
2067.397490664694 -3982.501914343131 5278.695185943794
3394.731998273644 -2420.9481035369845 5532.981265840078
4420.429670299994 -644.2824295757935 5295.637679178115
5053.352767384078 1189.6305656400377 4587.753445198009
5237.263294812743 2917.8396644910345 3472.2271845876644
4955.819995145879 4386.785904423538 2048.178301008682
4234.030340652458 5465.946965655156 442.13978710263297
3136.02850965597 6059.434652075126 -1203.1847871859557
1759.3767833421189 6114.514978267238 -2741.6011130435973
226.39670893045894 5626.2938155332895 -4036.414148689016
-1326.6997065952528 4638.151756705481 -4972.574073711673
-2761.9130310642176 3237.8895601006516 -5466.898970503154
-3951.718262267427 1549.9266668365774 -5475.465902674449
-4790.395984038208 -275.7540125170551 -4997.513660706783
-5203.426000320678 -2076.932737731995 -4075.510398757853
-5154.108781615768 -3693.5668747302675 -2791.3801527964756
-4646.826379230452 -4982.011385957496 -1259.2235304890996
-3726.6530607888303 -5827.782322345536 384.8206285136712
-2475.350263748538 -6155.7292245917 1994.6717859154849
-1004.1017328784618 -5936.712571260134 3427.287601665771
1026.9633233671998 -5106.297912622243 4568.385350237859
2424.8380765659813 -3765.9387373351624 5285.540887868885
3607.255325435272 -2090.95937868588 5533.052922398628
4469.15210846036 -230.18910321629028 5288.928923370435
4933.945114097762 1651.0344842423233 4574.860379418489
4960.335444086076 3385.556412330483 3454.2954143111306
4545.978201793787 4819.256795913507 2026.8011427164656
3727.690846575369 5824.745064219505 419.21669512112675
2578.181800936888 6312.679172096904 -1225.6169955378907
1199.5899881207022 6239.704032797235 -2761.549237611752
-285.5906594539801 5612.303807693396 -4052.105711064607
-1745.3953236422133 4486.225760086397 -4982.61480971635
-3050.1139537835975 2961.5268662182634 -5470.396716679841
-4083.816573926705 1173.6833138400277 -5472.1098689257515
-4754.654169942564 -718.4471515972576 -4987.602045358985
-5003.019877502883 -2546.740434761744 -4059.923892331008
-4806.845313555962 -4148.744654111342 -2771.5036847868705
-4183.561449006388 -5382.114704477097 -1236.8232123058438
-3188.549790455548 -6137.260244328726 407.7544302978647
-1910.2214903024858 -6347.083278548761 2016.1013023687117
-462.16162786708986 -5992.940109753553 3445.308726209289
1486.9911111947708 -4979.905635514955 4581.317937543048
2760.0773874583583 -3517.479189592423 5292.2953162389595
3787.918675446197 -1742.5092814713703 5533.029031231593
4479.186766113298 187.29022318438138 5282.128835501328
4772.459456023884 2100.448169600628 4561.888312496169
4641.678179673388 3826.97207848286 3436.3039934086282
4098.463427389725 5213.452723801572 2005.3889845350175
3191.0822137719847 6136.695215750064 396.2863638808772
2000.159341626942 6514.665407335783 -1248.0280392781722
631.5135344236592 6313.778988341459 -2781.449674266498
-793.2450216646512 5551.885598670278 -4067.7272995053836
-2147.520276479617 4296.6828095086 -4992.569503255988
-3310.9789304918777 2659.700897040128 -5473.7999971119125
-4180.242576538209 786.3928879645191 -5468.659339848807
-4678.073324966734 -1156.7895802351002 -4977.604301423904
-4760.236729085314 -2997.186217743363 -4044.267276960802
-4419.432209869854 -4571.269706870062 -2751.5793569651064
-3685.9417444486553 -5739.175821854652 -1214.4015359959585
-2624.9391795442602 -6397.130979109211 430.68119075981497
-1330.6992491814922 -6486.672975522999 2037.4960037033122
81.77914914848412 -5999.845611766089 3463.27035531379
1932.626225589729 -4812.236658333885 4594.171412192833
3070.285430493617 -3239.36173987013 5298.958354414927
3935.136301172475 -1378.6553151140315 5532.90959275154
4450.333042430925 604.5506845191222 5275.237532998351
4570.098162904509 2534.0397028057528 4548.837468439658
4283.790006058579 4238.368173048041 3418.2532325656643
3616.848308071522 5566.0990313426655 1983.942196220942
2628.5337656349666 6399.257564279179 373.3491893551139
1406.6624629912912 6663.8139799502305 -1270.4175314008764
59.80302747429629 6336.261279836717 -2801.3020793563874
-1292.3701694750555 5445.703958785074 -4083.2786442493907
-2529.710605393461 4071.271942917189 -5002.437982427639
-3542.275152570516 2335.089548438476 -5477.108753029693
-4240.093007423223 391.42420020930086 -5465.114375029197
-4561.159991224696 -1587.0209059452977 -4967.520601547944
-4476.94789348492 -3424.4522400801043 -4028.540823014065
-3994.9393286467775 -4957.605964722678 -2731.6075133951636
-3157.9628729558594 -6050.254643304224 -1191.9588887489356
-2040.3875575110592 -6605.311645722967 453.6005139879793
-741.5148534880408 -6573.457721486527 2058.8555204640593
623.2446993516965 -5957.52323155194 3481.1721788082373
2360.1797162985545 -4604.85408388283 4606.945552226557
3352.854937579612 -2934.074492986394 5305.529887335874
4047.6142838951973 -1002.5895074142506 5532.694609020995
4382.725338423973 1017.9799556832222 5268.255134864219
4328.412013360426 2948.0974323867704 4535.708072617906
3889.500285986545 4616.263514710298 3400.143443492448
3104.9893894118904 5874.254325613041 1962.461148128952
2044.586559566486 6610.291860944554 350.4055676352982
802.513241383277 6758.97595564311 -1292.7850852722447
-510.86690006821465 6307.0953754053335 -2821.1061100594757
-1778.8542755461522 5294.801692830634 -4098.759476747639
-2888.7826422684075 3812.0416439934243 -5012.2200768170815
-3742.029994011303 1990.5649662181693 -5480.322927295816
-4262.781559158137 -7.782144256003523 -5461.475035683278
-4404.766275865028 -2005.4377770616936 -4957.351119861851
-4155.368178962895 -3824.901462656701 -4012.744802063643
-3536.7473838270057 -5304.505867991084 -2711.5884989615483
-2603.871062877812 -6312.781648513882 -1169.49565811656
-1439.6293710920133 -6760.139076380222 476.51200419919104
-147.47029197523256 -6606.828480928484 2080.1794838033848
1157.7921697462477 -5866.472181357021 3499.013887554323
2766.1270465316966 -4359.6494027421495 4619.640137053471
3605.423254648859 -2604.3332681592715 5312.009801521044
4124.361784451115 -617.6106937721629 5532.384083752415
4276.832670241321 1423.9893010964952 5261.181761674727
4049.2882047095522 3339.0615974886005 4522.500351756374
3461.946712180737 4957.443617713408 3381.974938918552
2566.9960617717506 6135.335017121384 1940.9462112052524
1443.9565461976713 6768.07497578387 327.4558949242111
192.61515479499508 6799.4417716401285 -1315.1303146373737
-1075.840938388889 6226.6483272274245 -2840.861424389087
-2248.703842946727 5100.589853744454 -4114.169529668814
-3221.759542784482 3521.321588186383 -5021.9156175018725
-3908.547768786947 1629.1684464527102 -5483.442464406187
-4248.04437315333 -407.7434612362599 -5457.741384657115
-4210.083592729361 -2408.425573041721 -4947.096031977674
-3798.0384094438627 -4195.108503480817 -3996.8794868836912
-3048.5208460622252 -5609.037633455259 -2691.5226593633265
-2028.128827294583 -6524.579154840954 -1147.0122320058988
-827.5286619250629 -6860.38318567501 499.41526574551415
446.6010566062357 -6586.612064166106 2101.467525487666
1681.0483113815728 -5727.591555885116 3516.795173451852
3147.1372097382055 -4078.8255948377832 4632.25494745669
3825.89209279338 -2253.057769997242 5318.397985071792
4164.699673752939 -227.09587491132356 5531.978022308114
4133.455412216065 1819.044485254303 5254.017535576673
3734.9354979334844 3703.5547601598782 4509.214533933046
3004.5501741650573 5258.9879418428445 3363.7480325874367
2007.197382170799 6347.136966204629 1919.3977569813278
831.4962943300278 6871.315017167343 304.5005675290955
-418.08688822335375 6784.9465745854495 -1337.452833626829
-1630.5212160139897 6095.705853604028 -2860.567681199908
-2698.076578337285 4864.8349169653575 -4129.508536903875
-3525.895996361277 3201.702048977909 -5031.524437054214
-4040.42408196884 1254.0839035007775 -5486.467310490975
-4195.9427567844405 -804.9651002589671 -5453.9134864253965
-3978.6335040682393 -2792.489422329584 -4936.755514985792
-3407.80520457003 -4531.888804588188 -3980.945151444971
-2534.1784577389476 -5868.609978692702 -2671.410341108205
-1435.3788338787706 -6683.879402219664 -1124.5089986727846
-209.03950157221144 -6905.256809137772 522.309903121161
1035.8739078037904 -6513.071845343602 2122.7192779035463
2188.7453746136343 -5542.171865945652 3534.5157294440583
3500.1001397415703 -3764.8776598246404 4644.789765596925
4012.4449761777773 -1883.346059078473 5324.694327673548
4168.2664681558235 165.52910394481125 5531.47643170018
3953.719192302123 2199.696279670109 5246.762580285761
3387.8666156014788 4038.4107877386073 4495.850848574604
2520.987222696881 5518.294775042678 3345.4630392511135
1430.1070518854533 6507.854054946461 1897.81615756742
212.1555935925962 6919.161942821117 281.53998185485733
-1024.6468202204692 6715.671927834063 -1359.7522567633944
-2170.4048674684145 5915.4649908181345 -2880.2245401936925
-3123.3129175769373 4589.6430297774605 -4144.776233570609
-3798.700908525762 2856.011144224369 -5041.046369543859
-4136.55765342771 868.6101351084465 -5489.397413315517
-4106.863097838334 -1195.9706963446072 -5449.991407090316
-3712.2557333341706 -3154.2842829965016 -4926.329747451787
-2987.798155957314 -4832.32586875557 -3964.942070910162
-1997.861600687396 -6080.9940947629375 -2651.25189150647
-830.4062747251533 -6789.3393094475805 -1101.9863467151083
410.8342929242752 -6894.421931962972 545.1955209692436
1615.5704307308274 -6386.904910151148 2143.934374064401
2676.75604595286 -5311.8833586018745 3552.1752495228675
3822.1521881403733 -3420.5707462839023 4657.244375016207
4163.562241536504 -1498.4475432396748 5330.898720597688
4135.021518280164 556.8192998501382 5530.879320590349
3739.065986881593 2562.610304586971 5239.417021084447
3010.8780339277637 4340.702137931204 4482.409526452298
2015.1603546388349 5733.103537462657 3327.1202746646545
840.3868344546984 6616.093528380071 1876.2017856462332
-409.05874394761565 6911.214575052697 258.5745343972246
-1622.157657825479 6592.243877366275 -1382.0281989686653
-2691.120745083909 5687.523381590095 -2899.8316619253205
-3520.965944352745 4277.4414740744005 -4159.972356018242
-4037.957867961306 2487.2901203444517 -5050.481250540965
-4196.159514715269 476.1321241289579 -5492.232722281215
-3981.5139740440527 -1577.3323007867643 -5445.975214380453
-3413.0934441927384 -3490.6438287687974 -4915.818909413407
-2541.4045837110143 -5093.796334126605 -3948.870521629009
-1443.9007731962658 -6244.3426814402155 -2631.047658665041
-218.10004252883758 -6840.051778661373 -1079.4446650661912
1027.0798340335343 -6827.992258275645 568.0717240886577
2180.9991600764347 -6209.235661591633 2165.1124476165573
3141.1271395893586 -5038.76122759333 3569.7734287342228
4110.699459622848 -3048.916069528164 4669.618560641642
4278.033465164655 -1101.7347229783581 5337.011056703429
4065.2454234859465 943.3405885912478 5530.186699289858
3491.242485894813 2904.5959490825467 5231.980984819787
2607.0273323666083 4607.76521288852 4468.890799678084
1491.1663596066487 5901.51431668472 3308.7200555807503
242.80871191983343 6670.887975074496 1854.5550144662413
-1027.1235553695335 6847.523962169197 235.60462173578344
-2205.7913873068246 6415.727395361214 -1404.280275569734
-3188.464974525867 5413.865294519426 -2919.3887078084376
-3887.8294564101925 3930.957503903077 -4175.096641832005
-4241.743229633917 2098.7668883421156 -5059.828917118952
-4218.759502321117 80.09162446513824 -5494.973188426436
-3820.920479505947 -1945.7001317218887 -5441.864977649578
-3083.575904253324 -3798.6078926410387 -4905.22318237744
-2072.2420778578366 -5313.99267238284 -3932.7307811336987
-876.7804489600957 -6357.205883110702 -2610.7979914814487
396.58697051537723 -6835.553452985665 -1056.8843429877954
1634.7158972672878 -6706.5321012306085 590.938117440848
2727.5931427144706 -5981.60594114983 2186.2531328456944
3578.1117675861046 -4725.187843352581 3587.309963183331
4363.438814315133 -2653.1448259680587 4681.912108789168
4354.967215442695 -696.6739346532023 5343.031230439672
3959.537668019333 1321.6994930587962 5529.398579759258
3212.285822647603 3222.634120629819 5224.454599901243
2179.6082850494713 4837.223564286009 4455.2949017006085
953.262986271287 6022.004466449397 3290.2626997442353
-357.78391216279846 6671.703844637426 1832.87621783557
-1637.040139892393 6728.593057939346 212.630640527404
-2770.8381671602106 6187.617250099081 -1426.5081023058012
-3658.4350636528375 5096.84449567646 -2938.8953401214526
-4220.963949962075 3553.1947406793133 -4190.14882983755
-4408.4416659219805 1693.8280400345366 -5069.089207857301
-4204.209993737114 -316.0427152092628 -5497.6187644273505
-3626.4158137370446 -2297.831688276054 -5437.660767875454
-2726.3986744227486 -4075.4482319712884 -4894.5427493165835
-1584.1290482824948 -5490.94331544586 -3916.5231281338774
-301.1026043664985 -6418.543988735242 -2590.503239637805
1008.6781273144969 -6775.828861309138 -1034.3057700636632
2228.8333808724888 -6531.051604320526 613.7943061566721
3250.9470074658157 -5705.961751240132 2207.3560646831015
3984.199725899823 -4373.87215636137 3604.78455003986
4578.3763663201935 -2236.6803283701042 4694.124807167196
4393.79805190592 -286.79534335865975 5348.959137846829
3818.8114987146396 1688.5726664908468 5528.514975608224
2904.506785284351 3513.9035847435052 5216.837996298474
1732.1238977634264 5027.008748979868 4441.622067301118
405.83420062573515 6093.442125204791 3271.748525886691
-956.5156462116306 6618.446427974966 1811.1657701152935
-2233.8748802833175 6555.3727210458 189.65298749908186
-3312.744528043375 5909.825380072368 -1448.7112953348326
-4097.262286746874 4739.164119237995 -2958.351222013452
-4517.720310733529 3147.4073289301336 -4205.128660105681
-4536.759059422468 1275.9895852772647 -5078.261962844343
-4152.68685644251 -708.8054326155548 -5500.169404598722
-3399.6302025015425 -2630.619977279039 -5433.362657658636
-2344.501486036881 -4318.692392675697 -4883.7777946662845
-1081.053523862556 -5623.030036713692 -3900.247842512003
278.4507880322261 -6427.736785728817 -2570.1637535947725
1613.2135254491993 -6661.310913673652 -1011.709336192772
2804.6351616590237 -6302.99833425713 636.6398955432037
3746.852655816788 -5384.63669258925 2228.4208787120415
4356.145848713168 -3987.826450695904 3622.1968875433463
4753.8433290370895 -1803.1086007924644 4706.2564448803005
4394.290715482359 124.33755661357043 5354.794676558614
3644.2860878298484 2040.7357764680878 5527.535902095306
2570.470648587566 3775.8056669619896 5209.131305539064
1268.2576118936274 5175.378654096072 4427.8725325894575
-146.64567927392318 6115.096536038573 3253.177853720713
-1548.5188582939895 6511.461255094893 1789.424046213048
-2812.79934119158 6329.25406655898 166.672059441244
-3827.1502588576927 5584.6648787353215 -1470.8894712401873
-4501.442080852024 4343.853708537885 -2977.7560175098015
-4775.7610197094555 2717.0720736488197 -4220.035873956637
-4625.732633883664 848.8666613416596 -5087.347023680018
-4064.687603843995 -1094.7642790156963 -5502.625064894733
-3142.47724261505 -2941.1206088885783 -5428.970721221193
-1941.0439878455202 -4526.145465766516 -4872.928504321558
-567.1404566246566 -5709.002435348897 -3883.905205318418
857.1559930221774 -6384.589485005975 -2549.7798845855036
2205.2903711219064 -6492.877740610814 -989.0954315824088
3357.4750219900347 -6024.245315437729 659.4744910905594
4211.333283117907 -5020.332257022875 2249.4472111740074
4690.99610090904 -3570.340646206305 3639.5466750081514
4888.50908049544 -1356.1476844071424 4718.30681243286
4356.541478577063 533.158671982032 5360.53774580382
3437.4760479197353 2375.0915406372806 5526.461376127667
2212.9757852895923 4005.9871029893293 5201.334660706291
791.8429126521645 5280.93313125597 4414.046534999956
-699.6486777197914 6086.645075817176 3234.5510039347073
-2128.9734127186853 6351.53189459006 1767.6514215765842
-3369.1295171516017 6052.057231289989 143.68825320086745
-4309.923678804212 5214.830723974114 -1493.0422470372184
-4867.762207806554 3914.243621925409 -2997.109391518114
-4993.078702822673 2265.85879669347 -4234.870213964653
-4674.738243328022 416.1424738177335 -5096.344233478628
-3941.026776162788 -1470.5499340678746 -5504.985702909724
-2857.137785024359 -3226.57752690944 -5424.485034405443
-1519.3795633438622 -4695.9095468828555 -4861.99506563376
-46.61779977286214 -5747.9893959561205 -3867.4954987665974
1430.286159886794 -6289.335162562687 -2529.35198460958
2780.102917533095 -6271.8458996827985 -966.4644467416223
3882.8953306758453 -5697.075605073713 682.2976984786517
4640.675453882578 -4616.095141749305 2270.434698975012
4986.111197743036 -3124.9543676806106 3656.833612828856
4981.391345605524 -899.6159157015421 4730.27570173266
4280.976647971194 936.1300080101678 5366.188246408037
3200.178388408023 2688.696672371301 5525.2914162608
1835.030235283314 4202.360838241168 5193.448196436796
306.8315928560969 5342.626801876569 4400.144313287359
-1248.6303831046557 6008.176928433691 3215.868298187066
-2693.1460700023677 6139.874168449304 1745.8482721872801
-3898.3639099035067 5726.016644204211 120.70196567470498
-4757.19500872148 4803.37741291142 -1515.1692401799164
-5193.328454408118 3453.937019206845 -3016.4110098338842
-5168.0118763740475 1797.5991639928127 -4249.631423962401
-4683.494763677578 -18.463265575979104 -5105.253436871528
-3782.8285880500894 -1832.885152973686 -5507.251277878934
-2546.041491704557 -3484.447151045607 -5419.905674672628
-1083.0274357020278 -4826.400728502672 -4850.977667407379
476.21836075027335 -5739.507420921564 -3851.0190062281163
1993.1500660000615 -6142.633691578113 -2508.8804064269275
3332.98164109074 -5999.960002233986 -943.816772474392
4376.663170821473 -5324.163536300599 705.1091235841523
5031.458971154763 -4175.291775460041 2291.382979691859
5239.187561706931 -2655.4270174036824 3674.057402485366
5031.86341670954 -437.3994466171618 4742.162906094513
4168.348237824049 1329.7720706752825 5371.746080795395
2934.4570255129197 2978.7875038796356 5524.026042698202
1439.826428832479 4363.12459517057 5185.472048918277
-182.739064623969 5359.778918923724 4386.166107522691
-1789.067390251411 5880.193364728136 3197.1300591007825
-3236.429227062081 5878.126825272898 1724.0149745536055
-4396.2201242125675 5353.762921657463 97.71359380221998
-5165.387570832496 4353.693687851181 -1537.2700685674954
-5475.58766385398 2966.7796640092442 -3035.6605391464404
-5299.257763721356 1316.2542475219732 -4264.319249045369
-4652.065555872434 -451.22613514423637 -5114.074480009814
-3591.516908130783 -2178.6130955296467 -5509.421750679194
-2211.8462219894154 -3712.4207216910786 -5415.232721101595
-635.6432924969702 -4916.363475040312 -4839.87649989674
997.039333008432 -5683.4657585264395 -3834.476012227895
2541.130638341025 -5945.567167888837 -2488.365503551761
3859.4313348888795 -5679.378842692544 -921.1527998729069
4834.804620496409 -4908.552783779478 727.9083724871374
5380.584298382213 -3701.580269198531 2312.2916915783935
5448.275449051488 -2165.7061035817906 3691.2177465480063
5039.658358916851 26.58071803463878 4753.9682202437825
4019.7268542088573 1710.6937136639126 5377.211152990228
2642.624978223628 3242.8040655784666 5522.665277291019
1030.714275954587 4486.777045455072 5177.406355887128
-672.7799129481747 5332.080194946281 4372.112159089086
-2316.494654139429 5703.604619667974 3178.3366102578193
-3754.378679541058 5568.338744075569 1702.151905704663
-4858.66968344602 4938.301534819953 74.7235345590217
-5531.246564056077 3869.4745628162605 -1559.3443505509968
-5712.3479139740175 2456.827794996903 -3054.857647044606
-5385.882083509438 825.881095980873 -4278.933435576325
-4580.856994370828 -878.4487627325382 -5122.807210566985
-3368.8026585225266 -2504.724593868305 -5511.497083829617
-1857.4154227175948 -3908.4446530359714 -5410.466254387408
-180.9886754708254 -4964.882252854585 -4828.6917548027905
1511.519709847224 -5580.168276480157 -3817.866802439211
3069.722935750347 -5699.63186057533 -2467.807630246416
4355.1678075548425 -5312.658141435948 -898.4729203108145
5253.636907318978 -4453.631432213722 750.6950514778946
5685.29731266198 -3198.880025799696 2333.1604735717947
5611.794102258652 -1659.8940910395793 3708.3143486827616
5004.870172203393 488.40188708625186 4765.691440319959
3836.491856372847 2075.6211754829765 5382.583368618739
2327.2244029363487 3478.4124137245462 5521.209143537681
611.1728484429447 4572.1314442451885 5169.251256626061
-1159.1840957225386 5259.596531476316 4357.982710677704
-2826.5424459874243 5479.723385526558 3159.48827619353
-4242.750095849117 5212.952769402777 1680.2594431836337
-5281.970780692512 4482.988423051126 51.732184949735085
-5851.865182124389 3354.690882040711 -1581.3917049399126
-5901.795681637135 1928.3143343425486 -3074.002002022424
-5427.32573523267 330.5985957699744 -4293.473731189658
-4470.614079826091 -1296.4922788448039 -5131.451477741563
-3116.6687444601807 -2808.3841249216075 -5513.477241492239
-1485.7937138735422 -4070.7387171083255 -5405.6063568399695
277.1006084891355 -4971.39031013739 -4817.423625269692
2015.373325751538 -5430.312057523697 -3801.191663678839
3574.571278700743 -5406.726748067073 -2447.207141515271
4816.152886789715 -4902.730040015166 -875.777525436415
5629.798175548608 -3963.1042526314945 773.4687670638584
5943.211190447631 -2671.339260604974 2353.9889652987076
5728.543809722653 -1142.2140522944226 3725.346913656361
4927.951907937782 944.1727735613687 4777.332363880219
3620.318883087808 2421.4260592368587 5387.862634910626
1991.004637967725 3683.525013295924 5519.657666583485
184.7808933843232 4618.326605040342 5161.006891961703
-1637.8614444739164 5142.76961073446 4343.778006283414
-3314.9726053540526 5210.254967842106 3140.585382391057
-4697.533902730823 4814.786306229668 1658.337965041312
-5662.698698061989 3991.5027519670307 28.739942001331542
-6124.707863726411 2813.556661770809 -1603.4117510086176
-6042.509857860982 1385.6137150862046 -3093.0932734848807
-5423.40833400684 -165.4470908494647 -4307.939884795766
-4322.413179440773 -1701.8071967104897 -5140.007132259706
-2837.352645283532 -3086.954264885983 -5515.362189472632
-1100.1808770759023 -4197.811899750655 -5400.653112382599
734.7467901242243 -4935.675525528409 -4806.072305881548
2504.3889806386073 -5234.982721007666 -3784.4508839020036
4051.5052198932235 -5069.138728382118 -2426.5643930986175
5238.6274406225275 -4452.879514190916 -853.0670071659723
5960.274623914657 -3440.96241402396 796.2291259762789
6152.325250637598 -2123.3007029561318 2374.776807081577
5797.714779806716 -616.9744064789843 3742.3151473413122
4809.710763147946 1390.0662306171007 4788.890789902849
3373.164854852194 2745.152016982766 5393.048860700687
1636.8984463126474 3856.3189997383297 5518.010873220166
-244.81357259224532 4624.835116189928 5152.673404262168
-2104.7728312256977 4982.414336813448 4329.49829120067
-3777.713787161277 4897.284178645909 3121.628255275702
-5114.988294883692 4377.008829828048 1636.3878498295217
-5997.773645849277 3467.817038293096 5.747202756194513
-6347.630487585045 2250.494484641367 -1625.4041085032338
-6133.472504381298 833.2056198969028 -3112.1311317536724
-5374.328572862529 -658.1172206380426 -4322.331646585283
-4137.651962792455 -2090.963458019441 -5148.474026377786
-2533.32681804167 -3338.018416113846 -5517.151895220507
-703.9044681863076 -4288.475789283958 -5395.606606550578
1188.0628827013416 -4857.883268910189 -4794.637992659028
2974.4656327328807 -4995.6465016241455 -3767.6447521974483
4496.574058068621 -4689.524619635226 -2405.8797414665064
5619.142145454781 -3966.717895551875 -830.3417576768679
6242.424794018114 -2891.450878793998 818.9757351771017
6311.040605202953 -1559.2657625320717 2395.5236399447995
5818.8927630699745 -88.53304054406955 3759.218756721063
4651.300201245676 1822.3513578408702 4800.36651879073
3097.250584130212 3044.039911957535 5398.141956430397
1267.9966605544423 3995.252161347658 5516.268791885436
-673.9243308232772 4591.468723326709 5144.250937434581
-2555.964187939129 4779.713139909564 4315.143812019258
-4210.895410292489 4543.259068585827 3102.6172222093164
-5491.670096231232 3903.116491254211 1614.4094765946577
-6284.485794322565 2916.1648851300465 -17.245635734753137
-6518.897350576672 1670.0992315832796 -1647.3683976478806
-6174.076269522215 275.63793220056596 -3131.1152480728683
-5280.661417433274 -1143.3150070752988 -4336.648768033627
-3918.036624604463 -2460.6793906172497 -5156.852013884939
-2207.2770836590153 -3559.401611789224 -5518.846327830265
-300.3912873545149 -4341.855379577037 -5390.466926489672
1633.1855930768822 -4738.516242970928 -4783.1208830559935
3421.646766446492 -4714.139143540823 -3750.77355878251
4906.079608967771 -4270.890093548237 -2385.153543812584
5954.585748256553 -3448.1537162514055 -807.6021694009476
6474.000812543574 -2319.0337492923077 841.7082018656789
6418.172493951485 -983.857456796577 2416.229105620968
5792.061383585742 438.73888832282597 3776.0574498950123
4454.209172870333 2237.424708769151 4811.759352374828
2795.0411460857044 3315.551245270033 5403.141834149443
887.5214476353007 4099.076503571695 5514.43145266249
-1098.8584262612162 4518.380826030059 5135.739636922633
-2987.599906723641 4536.207183507988 4300.714816620019
-4610.88002460742 4150.971625913896 3083.552611484615
-5824.4632177911235 3396.904023118417 1592.4032248710578
-6520.517293838274 2341.006590801071 -40.23817641878217
-6637.194793509046 1077.1004495528587 -1669.3042391514507
-6164.128408926934 -282.51079341560376 -3150.0452946145324
-5143.352164379715 -1617.0197126108674 -4350.8910019050045
-3665.566508798135 -2807.8493341665544 -5165.140950105569
-1862.07918283618 -3749.1892203376874 -5520.445458041533
106.86205012068223 -4357.397191235926 -5385.23416095464
2066.3081209679353 -4578.431299570234 -4771.521175956064
3842.1536474233726 -4392.651694822898 -3733.837594997986
5276.606961291633 -3816.5657101561046 -2364.386158047974
6242.210590640912 -2901.3611134191788 -784.8486350176207
6653.1664155217595 -1728.35784934143 864.4261334855463
6472.959207443589 -401.7824055762127 2436.8928465569065
5717.601167670447 960.4931681175101 3792.830936083587
4220.248534787256 2631.8403386570926 4823.069093917576
2469.2241812180982 3557.3896487589595 5408.04840751726
498.7984231359009 4166.849277221234 5512.4988872794875
-1515.9477637827424 4406.066061485533 5127.139649704016
-3395.9953392621064 4253.784540484409 4286.211554170587
-4974.2938257679425 3723.5355956352655 3064.4347523195215
-6110.6044765254 2862.4341726471116 1570.3694746744573
-6703.961103597528 1746.9929118337727 -63.23002224839856
-6701.64136676627 476.32366425190753 -1691.2112542140676
-6103.851384829104 -836.6690312107063 -3168.920944484468
-4963.707421039269 -2075.3200115886857 -4365.05810225692
-3382.516270018851 -3129.569701545157 -5173.340691901885
-1500.773704479095 -3905.743389628914 -5521.949258239674
514.3191907405342 -4334.874637471585 -5379.908400307682
2483.7125688102915 -4378.83325049089 -4759.839071669202
4232.417185548182 -4033.7133130108623 -3716.8371533031827
5605.052961693196 -3330.180246010512 -2343.5779427950015
6479.65518482199 -2330.7460498968376 -762.0815474470913
6778.511609280939 -1124.2148389392287 887.129137731322
6475.067530247048 182.20779399363775 2457.5145059201427
5596.285285784872 1472.4404648244745 3809.5389256332296
3951.534788177642 3002.3384418722985 4834.295548116318
2122.686318774016 3767.5202624958547 5412.861591804501
105.22785469184397 4197.9413743063 5510.4711291090025
-1921.580566064498 4255.356972647344 5118.451124287935
-3777.6481208086307 3934.6654296421834 4271.634275121089
-5298.055062083182 3264.3615962184826 3045.2639748514825
-6347.706560959958 2304.0049095558556 1548.3086064954807
-6833.33647544402 1138.9272757201763 -86.22077618805694
-6711.794456481677 -127.34904466326655 -1713.0890645336399
-5993.880045836086 -1382.3098435663144 -3187.741871727889
-4743.383089408654 -2514.446346701627 -4379.1498244442855
-3071.4157294934307 -3423.1632574664686 -5181.45109767635
-1126.5396033267425 -4027.717090500905 -5523.357702456261
918.4345103330719 -4274.390584698997 -5374.489736516888
2881.8016872663766 -4141.26571759247 -4748.074771928254
4589.108137707658 -3640.171217832582 -3699.772527270854
5888.652191144245 -2815.631530740004 -2322.729257381138
6664.9636554731715 -1740.9106259457274 -739.3012998436589
6849.063850302062 -511.5021721757006 909.8168225552813
6424.594665409958 763.3554942824375 2478.093727604806
5429.2720506268915 1970.3856751431454 3826.181130021412
3650.4712799909594 3345.872340720283 4845.438521106598
1758.4879256435595 3944.1868337235182 5417.581303894518
-289.74479789444814 4192.043017771596 5508.348213167454
-2312.23242461542 4067.4177832128908 5109.674210712478
-4129.268053344464 3581.384629046773 4256.983231199753
-5579.400094539438 2777.1297339422877 3026.040610131745
-6533.777952540578 1726.1146747439243 1526.221001293033
-6907.600966446216 521.7267517650687 -109.21004122112619
-6667.653320975551 -729.0188826682628 -1734.937292312429
-5835.255417421561 -1914.987990129825 -3206.5077513348406
-4484.36946243305 -2930.8020108819796 -4393.1659251236615
-2735.027601376095 -3686.201411354496 -5189.472027374135
-742.6665354659651 -4114.065639799707 -5524.670766369519
1315.6837112587318 -4176.37708186903 -5368.97826315465
3257.1296864552623 -3867.5990924853345 -4736.228479885449
4909.165395331981 -3215.1679510552717 -3682.644011582112
6125.000215316001 -2277.0550276417766 -2301.8404618326203
6796.601887048462 -1136.615772330915 -716.508285588823
6864.295654720554 104.81678230771804 932.4887961743743
6322.066630005394 1336.9359058574425 2498.6301562378035
5218.094241281825 2450.262407125127 3842.757261861643
