980.5558349095651 4127.485366260992 5477.3580816106705
-1084.555032029749 4118.051701043429 5464.839185034802
-3053.2984248818384 3742.7110704159263 4966.745344816836
-4750.742853503738 3034.8141365649694 4027.3343845089576
-6026.0629313002255 2057.2606486177265 2730.077090471599
-6765.940872709071 896.9105239011595 1190.2404661998826
-6904.635275735257 -343.13403689104405 -455.35424677796664
-6429.822534019529 -1552.6896326865583 -2060.488736640393
-5383.691843344742 -2624.281940751638 -3482.539759946421
-3859.1965064462356 -3462.695281909341 -4595.151842707216
-1991.7946241450836 -3993.43295148143 -5299.464518751741
52.58695135809615 -4169.336578422541 -5532.89651598819
2092.295945459093 -3974.7763535385984 -5274.706377062652
3946.095262916514 -3427.039806624027 -4547.835428867425
5449.266699109956 -2574.7957335744422 -3416.8693449702882
6468.246875374483 -1493.7697602917754 -1982.2994250883612
6912.494931328085 -280.01578850660303 -371.5935021096434
6742.537477648834 958.6188149164714 1272.1301342427973
5973.475979942117 2112.075929804823 2802.819425516602
4673.644927249968 3077.865829637463 4084.465910862801
2958.5400128187252 3770.173843515085 5003.189675645411
588.4795745395542 4197.162810036017 5480.565015092866
-1467.4179556507215 4002.641177702074 5461.192625631985
-3392.928960823804 3452.4673114278053 4956.5693053346
-5016.963338204154 2595.526573629949 4011.5330507121294
-6195.218506404126 1507.9619094842915 2710.0544802110303
-6823.00132304147 286.4082120991069 1167.775676264973
-6844.530529878442 -960.5941118127926 -478.265121216338
-6257.8931624082115 -2122.2434333923293 -2081.809963845704
-5115.214525146219 -3095.3221126030226 -3500.376855314791
-3518.0266295757497 -3793.367838511598 -4607.9199020383685
-1608.2466293619395 -4154.356185047841 -5306.029043942398
444.4331415448275 -4146.21175345075 -5532.674220167225
2457.6230774625737 -3769.658212208975 -5267.717012189283
4252.442417846558 -3058.1539959398365 -4534.700030682966
5669.413587868658 -2074.919376643706 -3398.7550512471876
6582.632480796936 -907.3190650990404 -1960.815770317178
6910.955590399545 340.9005270837682 -348.6494032962628
6625.209967566085 1558.8296114179045 1294.4959932302868
5750.785364859316 2638.249843966463 2822.6197399561984
4365.378245578878 3483.250000109869 4099.941335924313
2592.088112031913 4018.7481077526418 5012.965151899318
191.9342970559595 4229.837013875036 5483.677307238811
-1838.172658745098 3851.8071496951297 5457.451759425732
-3704.949907128803 3131.527316887542 4946.307673155093
-5242.526097359204 2132.997539493241 3995.662443610948
-6314.2808373924345 944.9415702094173 2689.9850712761267
-6824.984015258289 -327.0766043952978 1145.2907205533638
-6729.257412419407 -1570.0325873474362 -501.1677367160878
-6035.606757627306 -2673.4842849392394 -2103.0952412399406
-4805.665955596043 -3539.3851714216357 -3518.1535042981504
-3148.72064409236 -4090.796153087243 -4620.608389337141
-1211.997685428159 -4278.721944387814 -5312.501941777576
832.4165863506099 -4086.464514067549 -5532.35638316031
2802.8669914321067 -3531.106778518234 -5260.636681553145
4524.270364145668 -2661.9947096907 -4521.486324866139
5843.672460571364 -1556.3527289358174 -3380.5820659989026
6643.838614341136 -312.42197827349264 -1939.298255127579
6853.670551221154 959.2688361997149 -325.6992838179322
6454.523782787352 2145.7244048945845 1316.8394981666468
5481.864251041817 3141.522943858133 2842.371311884187
4022.117023826183 3858.183382913524 4115.34596099977
2204.987048273776 4232.027297038145 5022.65406158223
-205.60782492202642 4225.278830761029 5486.694904303785
-2193.5565948143612 3666.8040085849093 5453.616651015326
-3986.598234992888 2782.517558741667 4935.960625481677
-5425.413127094089 1650.99221292705 3979.7228372675568
-6382.156253819631 372.76896373387575 2669.8692102362056
-6771.816789761894 -938.5764437567296 1122.785987347292
-6559.771686305304 -2166.525215344636 -524.0616977825377
-5764.862081436587 -3201.968713909879 -2124.3442012575306
-4457.719181951698 -3952.90324063596 -3535.869399919793
-2754.4883707719546 -4352.6049674014 -4633.217085491925
-806.5091799760188 -4365.558641720932 -5318.883100479804
1213.1318907680134 -3990.613272785015 -5531.943010456023
3124.9808692757333 -3261.0844020442337 -5253.465507421177
4759.161583795586 -2241.793871148666 -4508.194539598322
5970.469906358623 -1023.3101168511533 -3362.350703046262
6651.275776766059 286.0992320510634 -1917.7472510955165
6741.0866057648445 1570.0874086597387 -302.74353998974465
6231.922307070109 2714.5664287938885 1339.160263212254
5169.024363051588 3617.844309051153 2862.0738002198464
3646.8359204861767 4199.660845800956 4130.67952007387
1800.610102509726 4408.319086493292 5032.256237380845
-600.6704779908537 4183.583229498403 5489.617754178293
-2530.435721116906 3449.1853263598346 5449.687366627477
-4235.36064578749 2408.312170473692 4925.528340992714
-5563.955190505794 1153.44990953708 3963.714506935647
-6398.167899532475 -203.9014376934567 2649.707244462737
-6663.875312788335 -1543.1352473782163 1100.261865270585
-6337.46816056781 -2745.254718395924 -546.9466090705232
-5447.949150759911 -3703.446260332233 -2145.5564769600223
-4074.3559509759048 -4332.570349731825 -3553.524236252153
-2338.738344931126 -4576.726550385919 -4645.745772768996
-395.31357355502706 -4414.220512404572 -5325.1724098558
1583.236543636467 -3859.4916104084336 -5531.434109192709
3421.1091460067687 -2961.8299417275243 -5246.203613629073
4955.001187464134 -1800.996684947522 -4494.824904409139
6048.6196287507455 -480.13696916617437 -3344.061277218267
6604.791672092833 883.3850233719919 -1896.1631303753338
6574.098990718618 2168.4143799122335 -279.7825682237112
5959.2687640608165 3260.7706028674975 1361.4579029201614
4814.931355895984 4063.3930481018874 2881.7268647299784
3242.7661667815887 4504.965189105737 4145.941748358473
1382.4669731036772 4546.251403343441 5041.771513479654
-989.8033194775747 4105.168108724741 5492.445806388996
-2845.8318194219255 3200.7908217891036 5445.663974115176
-4448.995673483426 2012.009223898328 4915.0109998384905
-5656.8467378599935 644.4517769071282 3947.6377290556375
-6362.062144914662 -780.368038592295 2629.4995221233685
-6501.9804109438 -2135.8487292740656 1077.7187432818453
-6064.169183989518 -3301.549887342074 -569.8220753910821
-5087.5299128696515 -4173.89384930668 -2166.731702042488
-3658.8412827339903 -4675.369025928948 -3571.1177084220067
-1905.048548066964 -4761.417147078392 -4658.194234816252
18.01611026370817 -4424.392459574936 -5331.3697612984015
1939.479958135062 -3694.2410859117285 -5530.829688158343
3688.612500458477 -2635.8401798552954 -5238.851125579103
5109.995634906824 -1343.2333066246088 -4481.377650172665
6077.333232347206 68.72574058193291 -3325.7141043465053
6504.673102155943 1474.578204139847 -1874.546265693181
6354.044221550377 2749.4079231800697 -256.8167650222248
5638.830627596271 3779.940682667799 1383.7320322427618
4422.582186779611 4474.609124504029 2901.330166034974
2813.3679104853045 4771.688909129363 4161.132382297269
954.173549082731 4644.783193966683 5051.199725563727
-1369.6118357182781 3990.770325726639 5495.179012099576
-3136.948506528827 2923.7308420037702 5441.54654295652
-4625.553536262551 1596.9050423873634 4904.408783638084
-5703.157835391957 128.187221852523 3931.4927812499704
-6274.011532950869 -1351.9205958842808 2609.2463921758963
-6287.391772760982 -2711.904335870954 1055.1570106677987
-5742.1096617969515 -3830.923474619327 -592.6877017183928
-4686.615908549066 -4609.548250917015 -2187.86951083977
-3214.695764951406 -4978.59443645142 -3588.649512615857
-1457.1357951778455 -4905.270658105284 -4670.562256667001
429.89708453239825 -4396.092055360769 -5337.475047788424
2278.731721709657 -3496.301381565218 -5530.129757790395
3925.091045363548 -2285.848986751711 -5231.408170237974
5222.688804658578 -872.2888781822234 -4467.853009103267
6056.227744267332 618.7779251903855 -3307.3095012597864
6351.644271480255 2054.8635944476773 -1852.8970303406468
6082.689331440388 3308.3656157178875 -233.84652697111537
5273.260750859567 4267.904833508239 1405.9822665384386
3995.279811241223 4848.221977449504 2920.883365614498
2362.300727397414 4997.753322622664 4176.251159570188
519.4208571384033 4703.212352801593 5060.540710821689
-1736.786690536205 3841.438976547012 5497.817324111571
-3401.195709466064 2620.36848997135 5437.335144253522
-4763.3935637083705 1166.466763763997 4893.721875476289
-5702.342996006846 -391.0806533588799 3915.279942318252
-6134.614228790037 -1913.8788382016232 2588.9482043622234
-6021.79806603411 -3266.620489351213 1032.5770570365457
-5373.918718885509 -4329.108574694038 -615.5430931965944
-4248.543110510073 -5006.936365195239 -2208.969538332849
-2745.6658023414407 -5239.875887070517 -3606.1193460851027
-998.8240384788908 -5007.229441562993 -4682.849624743575
836.7676244696323 -4329.668686308116 -5343.488163896497
2598.0088118897843 -3267.3978678366866 -5529.334330175638
4128.405515199633 -1914.8044100686068 -5223.874876134634
5291.975271274803 -392.07217748517866 -4454.251214751764
5985.329801046239 1165.4973886482048 -3288.847785778716
6146.8615118075195 2619.507397099195 -1831.2157981684009
5762.217602187253 3840.7626777990167 -210.87225073268544
4865.575371537223 4720.749339666989 1428.2082215782307
3536.6054169002623 5181.276706038316 2940.3861258134134
1893.3925508344992 5181.4248994198215 4191.297819098074
81.94344761069853 4721.180752179222 5069.794307948368
-2088.1323119138597 3658.5259874137205 5500.360696865188
-3636.2123932212235 2293.2995488403208 5433.029850730872
-4861.199046135669 724.3033813731058 4882.950459900316
-5654.246830780295 -909.0503200821141 3898.9994922324813
-5944.889971256577 -2461.630911296421 2568.6053092023435
-5707.303549066781 -3795.484793352721 1009.9792723108367
-4962.598160453313 -4792.093195308955 -638.3878551465135
-3776.9441472802396 -5362.9030871073855 -2230.0314201551455
-2255.6920717749367 -5457.195504903765 -3623.5269071512894
-534.011856750807 -5066.592153581425 -4695.056126861132
1235.117655218065 -4225.799855039927 -5349.409005784912
2894.5015432962587 -3009.526694760911 -5528.4434190499405
4296.69626694176 -1525.8438805620383 -5216.2513733580445
5317.110671528503 93.41685848036704 -4440.57250200117
5865.076459194083 1704.3770996936582 -3270.3292767100356
5891.904464996161 3163.8959560634717 -1809.502943579555
5395.21090288646 4342.288772208314 -187.89433303917514
4419.129175562241 5134.850175122035 1450.4095135524153
3050.3884279603285 5471.15760605734 2959.838109847597
1410.6072821250134 5321.328673914753 4206.272101047209
-354.51251107519647 4698.67633682859 5078.960357147689
-2420.594471564341 3443.6741005333092 5502.809086440107
-3839.887343617152 1945.3303731674396 5428.630736734688
-4917.989374121565 274.1355052038614 4872.094722916783
-5559.106466494366 -1421.4175054208956 3882.6517121322036
-5706.272553582238 -2990.6713329010317 2548.2180579882815
-5346.411282719688 -4294.190888107937 987.3640467213435
-4511.497907048027 -5216.152738160134 -661.221593072538
-3275.7181439526616 -5674.636526717545 -2251.0547925987785
-1748.8764485148395 -5628.903957143872 -3640.87189521133
-66.63940580856439 -5083.018568939816 -4707.181552231237
1621.5188405460176 -4085.484674425872 -5355.237471209395
3165.598021999859 -2724.937537734998 -5527.457039798037
4428.399927200893 -1122.2677426249652 -5208.5377935549395
5297.719065157161 580.120466408208 -4426.8171070628405
5696.312615517002 2230.9624261842173 -3251.754293841346
5588.763792131989 3683.573583976459 -1787.7588415233304
4984.628779930113 4808.883063735948 -164.91317068553752
3937.587625948344 5506.902179846768 1472.5857590771946
2540.6745315823878 5715.608870636037 2979.238981809754
918.0113555187858 5416.458630732898 4221.1737468336005
-786.2211581091309 4636.032271751952 5088.0387001354
-2731.2866209107665 3198.8023595838486 5505.162450556224
-4010.377824413001 1579.4539346411132 5424.137878231224
-4933.129358962918 -180.23590371388207 4861.1548519883745
-5417.550701287378 -1923.9109910716936 3866.2368843196527
-5420.598889272788 -3496.638143928453 2527.786802778027
-4942.003078039881 -4758.673652953441 964.7317707998682
-4024.288605699871 -5597.880124818112 -684.0439126694343
-2748.9984304437226 -5939.690381700416 -2272.039292620855
-1229.4476808617637 -5753.73308226672 -3658.1540107426713
399.3448905070391 -5056.53134863189 -4719.225691465543
1992.6539158581209 -3910.03461444878 -5360.973459520877
3408.9068961675302 -2416.114145867609 -5526.37520945325
4522.263539010929 -707.5113324838313 -5200.734269927552
5233.797220786555 1063.9569676535057 -4412.985267472354
5480.285051354491 2740.8880221165714 -3233.1231579353685
5239.8255052747545 4174.279147625602 -1765.9838674885468
4533.7844684558695 5236.76725234578 -141.92916052281535
3424.8967854292555 5833.945605520471 1494.736575201223
2011.6919931052382 5912.752289796068 2998.5884066752474
419.73953902894874 5466.184985437241 4236.002499127661
-1209.5086150866753 4533.92315716463 5097.0291801418
-3017.5147578056676 2926.089221615935 5507.420748574383
-4146.125945734452 1198.8242259273636 5419.551352805582
-4906.335648410682 -634.9615631882708 4850.131036030636
-5230.595897626279 -2412.328230931735 3849.7552922548807
-5090.094747245759 -3975.34894902883 2507.3118963894526
-4497.31634105956 -5185.142467473216 942.0828353727629
-3504.931641822554 -5934.213323059644 -706.8544198291708
-2201.1183850704274 -6156.003283026004 -2292.9845578497857
-701.7261003558679 -5830.80533612006 -3675.3729553084468
860.0176278495704 -4987.514747032098 -4731.188336579395
2345.345015695397 -3701.0615853223617 -5366.616871667238
3622.278206519608 -2085.7528599154816 -5525.197946697208
4577.356082588455 -285.1158397294674 -5192.8409372313145
5125.7157833230185 1540.8549740267943 -4399.077222085302
5218.633142876105 3229.9140614100866 -3214.4361907245934
4847.85204609031 4631.981110192689 -1744.1783974971302
4046.318020561099 5622.476310220376 -118.94269945122387
2885.2508819308823 6113.3898162540945 1516.861579412356
1467.8165407261356 6061.101808944315 3017.886050307776
-80.03974152888665 5470.258307202657 4250.758101858523
-1620.7841415004482 4393.358349032869 5105.93164191447
-3276.8006110679044 2627.953442350535 5509.583941497084
-4245.872600372911 806.7292405519049 5414.871239660339
-4837.680176429758 -1086.1763945426915 4839.023465408733
-4999.638639001046 -2882.5704903755927 3833.207220550846
-4717.357267944307 -4422.83554818636 2486.793692394215
-4015.9180018493103 -5570.11225824668 919.4176315539588
-2957.646797724139 -6222.460050126732 -729.6527206476607
-1636.5756962019977 -6321.91495973687 -2313.890226591506
-170.08766207812337 -5859.639981907531 -3692.5284315627223
1311.5134072387373 -4876.710277079229 -4743.069280995421
2676.5807548406947 -3460.4634630418554 -5372.167610195009
3803.8221563938773 -1736.7392843194305 -5523.925271859515
4593.077266552874 141.30180136959234 -5184.8579317725225
4974.217305191054 2006.7876019141727 -4385.09321107328
4913.3763072699085 3693.9615173863526 -3195.6937149055743
4415.9602624510535 5052.910741355633 -1722.3428080976341
3526.166769191005 5962.88667162191 -95.95418441330189
2323.057884160352 6343.033953417427 1538.9603896441477
913.5351115504158 6159.574832505785 3037.1315794653115
-577.159264703547 5428.810456877084 4265.440300218543
-2016.5705074668858 4215.6724482125765 5114.7459317209195
-3506.902944475419 2307.032900873257 5511.651991969152
-4308.668845172329 406.56275917222933 5410.097619614195
-4727.59061069387 -1530.0322678524774 4827.83233193417
-4726.445203765588 -3330.677213442521 3816.5929549685525
-4305.334398819596 -4835.376872181961 2466.232545111685
-3501.675738889662 -5910.432076126156 896.7365507383668
-2386.8778227085054 -6460.319452602588 -752.4384214315927
-1059.9953373389153 -6436.17909507032 -2334.7559378357105
361.0723854661918 -5840.1559802343 -3709.620143255486
1750.057242282538 -4725.2093774520845 -4754.868319547123
2983.541833122346 -3190.407185243481 -5377.625579251059
3951.9256390315945 -1372.1233137546094 -5522.557206917403
4569.16350917285 568.0797356253025 -5176.785391406011
4780.41115008031 2457.8064075180732 -4371.033475919683
4566.898281814338 4129.146194197077 -3176.8960541334372
3947.596459706159 5433.5932210620595 -1700.4774763587402
2977.5333684113534 6255.241645304591 -72.96401238705727
1742.9033706432458 6521.08439868598 1561.0326242824913
353.4087597879975 6207.500185936586 3056.324661805731
-1067.487770283192 5342.352340500851 4280.048840667647
-2393.533327371792 4002.513045084532 5123.47189735127
-3705.8367981025804 1966.1615473046927 5513.62486427838
-4333.884626472547 1.795183075435622 5405.230575100585
-4576.847786840991 -1962.7306910480713 4816.557828861421
-4413.137936182923 -3752.859329970189 3799.9127824120364
-3857.301413158164 -5209.529948272542 2445.628809602771
-2958.726732085864 -6203.310969025264 874.0399845950412
-1797.256196709311 -6645.900587398296 -775.2111287052841
-476.09156112625067 -6497.97277352663 -2355.5813312621053
887.3758989563144 -5772.671562843275 -3726.6477952379155
2171.9961162315944 -4534.443150849406 -4766.585248482329
3263.624946931726 -2893.3095658265775 -5382.990684584256
4065.2663789148114 -995.0927288001318 -5521.093775495353
4505.6910530036475 991.5424640726948 -5168.623455532728
4545.765304133606 2890.074757700255 -4356.898259415576
4181.928359228832 4531.811226221952 -3158.0435330162704
3446.508727516261 5770.876379767821 -1678.5827798627129
2404.8516706094165 6497.173841897484 -49.97258037911406
1149.5129892512118 6646.1688957967635 1583.0779021722
-207.96496575665176 6204.622677072689 3075.4649658925937
-1546.964320917797 5211.768504952572 4294.583470937704
-2748.50910742429 3755.8258296980503 5132.109388120857
-3871.890502690434 1608.344673027538 5515.502524356155
-4321.2147712119 -404.056335826439 5400.270190166243
-4386.580143972512 -2380.555166070213 4805.200150884672
-4062.1786207512796 -4145.531222914354 3783.1669909234797
-3376.834700499034 -5542.15863823846 2424.982841663831
-2391.444198112456 -6446.340937192479 851.328325060445
-1193.5633840435585 -6777.737554575701 -797.9704492174109
110.37077456423751 -6506.902446623509 -2376.3660472466454
1404.498005497836 -5657.900501217753 -3743.6110934673843
2573.8294251049474 -4306.169266991443 -4778.219865466833
3514.4648052271195 -2571.81599608034 -5388.2628335470745
4142.824564430091 -608.945587688893 -5519.535002864681
4403.076180597295 1408.0323084824265 -5160.37226509735
4272.095155536873 3299.9003549969993 -4342.687805655458
3761.5197281262012 4898.557773595957 -3139.136477109521
2916.716765714087 6061.956837044184 -1656.659096698891
1812.7507188675645 6686.724433061636 -26.98028541784702
547.7138155241522 6717.347218994708 1605.0958426236098
-765.9898639310641 6151.104225927366 3094.5521612008624
-2011.6319824848501 5038.308628710097 4309.043940036933
-3078.531771493301 3477.837199578706 5140.658254872854
-4003.64032193544 1236.732717336604 5517.28493977803
-4270.682188619227 -807.4582129170764 5395.216550469759
-4158.255201264105 -2779.9029374810834 4793.759494134392
-3676.3489910742896 -4505.3410866467675 3766.3558696781606
-2867.783039635684 -5830.4599089002295 2404.2949978204856
-1804.4019800668955 -6637.516781695989 828.6019643316966
-580.6918860814909 -6854.801160175448 -820.715989947805
694.6152303066435 -6463.0063737738965 -2397.109726867671
1908.2027352132925 -5496.9451086262125 -3760.5097450125595
2952.2380530864407 -4042.456147630841 -4789.771969587859
3733.9540642595794 -2228.777217891828 -5393.441935097224
4183.891870635735 -217.06165151540367 -5517.880915943109
4262.0725235988475 1813.9407951575133 -5152.031962585892
3961.5493290430054 3683.766641832619 -4328.402360033053
3309.025091628803 5226.273656437278 -3120.175212910371
2362.4794534059442 6304.4033215433 -1634.7068054572087
1206.01714817765 6822.359085111908 -3.987524546518061
-57.605073185300334 6734.118304538608 1627.08606541908
-1316.1088310000423 6047.521560415625 3113.58591812261
-2457.670543531951 4823.575986538479 4323.429998254195
-3380.8574429615123 3171.0345183428294 5149.118349980856
-4099.962598012531 854.5938368254148 5518.972079764303
-4182.638251247436 -1204.8909369888465 5390.06974328009
-3893.6681406533726 -3157.315863474853 4782.236056173985
-3258.7285286810566 -4829.199419838699 3749.479708979544
-2334.236586240831 -6071.987415157271 2383.5656353215936
-1202.337479484547 -6775.25268216125 805.8612948597831
36.39458869502517 -6876.507015648516 -843.4473581143128
1271.892837954043 -6366.7535237414195 -2417.812011912214
2394.3778269510503 -5291.286041212262 -3777.3434580584526
3304.111838469443 -3745.6645734950484 -4801.241361357476
3920.2610132838345 -1867.2243708445967 -5398.527899799201
4188.077793285872 177.12691133460544 -5516.1315432943
4083.7654822777818 2205.7396901331026 -5143.602692023132
3616.592686859683 4038.362817734021 -4314.042169237102
2828.069760058487 5512.159686916002 -3101.1600678520876
1788.2604242963826 6496.176978201111 -1612.726285221634
589.5563021839254 6902.980436969936 19.00530518350141
-661.5324846027827 6696.423790683294 1649.0481908196625
-1853.8412070450404 5894.8605038226715 3132.565907972707
-2881.428002793217 4569.512992028167 4337.741397163327
-3652.9872755546944 2838.1441979144965 5157.489527351397
-4160.04329713563 465.28547433059896 5520.5639151805335
-4057.760348214787 -1592.879502900472 5384.829857475064
-3594.9275851670814 -3509.5101460622527 4770.63003599634
-2812.669730097399 -5114.3054115148525 3732.5388002542286
-1780.4938263107765 -6264.67219739469 2362.7951121328247
-590.1132324879694 -6858.395366474901 783.1067093428402
652.7015117106507 -6842.720009671484 -866.1641611794329
1837.5208622603834 -6219.038951226593 -2438.4725448821127
2859.068420370788 -5042.76899016231 -3794.1119419114993
3626.575202516151 -3418.426874494872 -4812.627842716048
4071.8448629548016 -1490.3425295093527 -5403.520639825837
4155.313238323064 570.1652894835624 -5514.286915127357
3869.563797174518 2580.0114203767394 -5135.084598970254
3239.986631346004 4360.6122143757475 -4299.60748124707
2322.5224348752463 5753.753476895992 -3082.0913702984203
1198.6919278439996 6635.648493062777 -1590.7179155635652
-31.647617349076853 6927.93702055716 41.997806719717246
-1259.1751328573962 6604.647941024186 1670.9818395715995
-2374.81941201228 5694.506907911127 3151.491802994523
-3279.4505646865555 4278.38394609818 4351.977889627423
-3892.688143056651 2482.1077952957585 5165.771642426498
-4183.384874321169 72.22517272893398 5522.060418538056
-3897.0466277210307 -1968.0235094412515 5379.4969835398415
-3264.438686340438 -3833.404666268663 4758.941634020438
-2341.771041925273 -5358.170995878822 3715.5334360469333
-1211.0267637421114 -6406.840318559011 2341.9837869307553
27.322556902967705 -6886.233762979602 760.338600719197
1263.2441484641424 -6753.755117820332 -888.8660068572401
2386.920953778651 -6021.175692076559 -2459.0909690002018
3298.509357519844 -4753.588382597484 -3810.814907004514
3917.0107295755106 -3063.623884545584 -4823.931217035719
4187.468508789927 -1101.4429598598726 -5408.420068959821
4085.851334595489 958.6060054122275 -5512.347063296308
3621.1883388589918 2933.4786203302847 -5126.477830522273
2834.766867891582 4647.698786473125 -4285.09854532891
1796.4639205425178 5948.950519347622 -3062.969449537854
598.537270201178 6721.611892038734 -1568.6820765353152
-652.5720432350577 6897.028550814263 64.98958301525849
-1845.6974668646444 6459.613955738679 1692.8866329128768
-2874.824570853371 5448.234313146787 3170.3632763655437
-3648.5108957619486 3952.7551426493187 4366.1392298030605
-4098.011016355731 2106.0563313472217 5173.964552186158
-4169.810399564496 -321.1391147452338 5523.461563994448
-3701.8079699870887 -2327.0266636048464 5374.071213565348
-2904.8836571596357 -4126.147681414837 4747.171052087903
-1849.8476835215595 -5558.642370430313 3698.463910015392
-630.4446252797708 -6497.227291132765 2321.1320190965016
644.9762045788087 -6858.505054405741 737.5573621607796
1863.0880682290972 -6610.37454554108 -911.552503120087
2915.6563809899185 -5774.883249154202 -2479.6669282164744
3709.155829152497 -4426.2682334222645 -3827.4520649017345
4173.08050453263 -2684.35986079254 -4835.1512891237535
4266.208663822878 -703.9343344121638 -5413.226102595187
3980.2654613841137 1339.0388467456298 -5510.312021299556
3340.658205594092 3263.0325500949125 -5117.782535305453
2404.218807999963 4897.09149178578 -4270.51561203072
1254.1540185745882 6096.022363899425 -3043.794635777984
-7.3478591654168754 6753.294897027104 -1546.6191486636005
-1268.1968473730024 6810.507542207397 87.98023703585669
-2416.360980301321 6262.576704842482 1714.7621925797976
-3349.820836104334 5158.1884443871395 3189.180002203041
-3985.6344101728896 3595.4725043108306 4380.225173144659
-4267.30687622906 1713.2830537553034 5182.068115150807
-4119.464911169657 -711.3589617791703 5524.767327353977
-3473.657255524084 -2666.725437229644 5368.55264124669
-2519.1999088313837 -4385.141654850493 4735.318493459399
-1340.900594912345 -5713.918792560629 3681.3305169253367
-43.45637868997886 -6534.989170432172 2300.240168709552
1257.8491274841351 -6775.3970821831945 714.7633870662493
2447.3892187013353 -6413.78122984189 -934.2232582053826
3419.4680376462297 -5482.272768813809 -2500.200067214215
4087.712115357957 -4063.6403137187967 -3844.023128303828
4392.7450329909525 -2283.935583758144 -4846.287865225943
4307.463277198646 -301.29315429432125 -5417.938657738757
3839.444506236 1708.1204941317687 -5508.181824279297
3030.274241769575 3565.7601406909607 -5108.998863474816
1951.850812782474 5106.566350669072 -4255.858933178391
699.9968735234206 6193.631730592947 -3024.567260139742
-614.0548598338713 6730.365750948468 -1524.529512942874
-1873.5451241595397 6669.0772386086 110.96937176652021
-2966.562682286299 6015.211946854944 1736.60814081342
-3795.9881275460016 4826.868676300399 3207.9416555697217
-4288.12336925373 3209.6369414922706 4394.235476408579
-4399.240031483813 1307.2148791728084 5190.082191383783
-4032.813985788248 -1095.0153959504887 5525.9776860680195
-3214.4960168671314 -2984.116628891226 5362.941361881536
-2110.555970263915 -4608.066003774901 4723.384162811334
-819.0837636804922 -5822.568492058526 3664.1335526454072
545.1676297959026 -6519.710217901843 2279.3085965416303
1860.978486936136 -6637.547079607527 691.9570690541692
3011.433238742563 -6165.608754894494 -956.8778806223931
3894.3089318296043 -5145.829034980718 -2520.690031416229
4431.158186430318 -3668.8198232101304 -3860.5278110527233
4574.279590349284 -1865.8198697967457 -4857.340753029912
4310.956178770376 102.96636706373518 -5422.5576530116105
3664.5853923881336 2062.603590350137 -5505.956509020916
2692.6001121240965 3838.9694330471593 -5100.1269667115575
1481.3654956168582 5274.225994578085 -4241.128761871324
138.5050539586565 6240.844430931198 -3005.287654651802
-1216.6621695631886 6652.9364521013795 -1502.41355082882
-2463.723620085339 6473.88587357162 133.9565902185523
-3491.8724150899066 5719.6021249947935 1758.42410036623
-4209.7530221840225 4457.106627551685 3226.647912479279
-4553.578599060239 2798.577646560343 4408.169897657408
-4492.798734359413 891.3827603164038 5198.0066424937095
-3910.639538619511 -1468.7485576633958 5527.092619235455
-2926.498584413212 -3276.3835929784186 5357.237472368464
-1682.3253882542554 -4792.897567884783 4711.3682662321
-288.6701985856125 -5883.5415605999815 3646.8733141419707
1130.634605035736 -6451.407066159053 2258.3376640503284
2449.477562291389 -6446.03674235628 669.1388019562374
3550.673688782211 -5867.907766028846 -979.5159791589133
4336.37687614991 -4768.3894338006585 -2541.136466990735
4736.77394819521 -3245.1787746469076 -3876.96582813673
4716.287867953273 -1433.6197401333088 -4868.309761668462
4276.73891355528 505.3226996277482 -5427.083008650456
3457.1829385283118 2399.3649999547315 -5503.6361139523515
2330.441087815644 4080.2131905958963 -5091.166998220297
996.6293194783321 5398.5165335319025 -4226.325352478015
-425.73733753039056 6237.137991464036 -2985.956152244718
-1810.2753637820035 6521.562367625336 -1480.2716442317326
-3033.9624796989992 6226.517308018059 156.9414954363573
-3988.068714969694 5378.21886097223 1780.2096945085182
-4587.817543564028 4052.0420662043193 3245.2984499020004
-4779.918650107035 2365.823551760399 4422.028196264053
-4547.3030082605355 469.3912324969458 5205.841331636918
-3754.0328909976784 -1829.2868357204404 5528.112107603018
-2612.093858588148 -3540.920908973075 5351.4410712053
-1238.05882385796 -4937.928620388 4699.271011218661
245.9831705036816 -5896.179704138628 3629.55009947407
1708.1684806866815 -6330.529346218078 2237.327733372966
3018.575525186768 -6202.3836748156045 646.3089798106312
4060.7688874735127 -5523.128995193323 -1002.1371628881303
4742.145113717489 -4353.120066495743 -2561.5390208577724
5002.1609360466055 -2796.3173165372446 -3893.336895695369
4817.7128075862765 -991.0495015680054 -4879.19470172287
4205.189753987479 902.2774107646699 -5431.514646509028
3219.0171365756255 2715.433015571685 -5501.220679143429
1946.8207201549749 4287.310480463675 -5082.119112726616
501.6407392665685 5478.241594614287 -4211.448960631668
-988.1122227198013 6182.406902216166 -2966.5730867452435
-2390.067077458442 6337.238225510325 -1458.1041755099527
-3579.6539837283112 5928.978121956002 179.92369050420484
-4451.172924491151 4993.902293373945 1801.9645470349571
-4927.185617262299 3615.0963306463723 3263.8929457704685
-4965.396245341757 1915.0731943519445 4435.810132915991
-4562.409626740087 44.88740057904643 5213.586123519798
-3564.385166040496 -2173.4752287743204 5529.036133565636
-2273.9448610502886 -3775.357276992827 5345.55225848741
-781.4545761130852 -5041.78226326802 4687.09260667287
780.4713772686852 -5860.2227699548075 3612.1642077883284
2273.049023737891 -6157.956766367065 2216.2791673202764
3563.6562893366595 -5908.529280339449 623.4679968548717
4537.617054779818 -5134.103038600006 -1024.7410411753146
5108.39063190134 -3903.489211240844 -2581.8973406951154
5225.261283575372 -2326.0332372827093 -3909.6407310242635
4877.844539522289 -541.8990025632899 -4889.9953852261515
4097.009902064458 1290.38533661852 -5435.852490059425
2952.1379553763713 3008.013275879002 -5498.710246305169
1544.9555961090982 4458.366035128756 -5072.983466474246
0.4971522015209469 5512.5734069402715 -4196.499843225803
-1544.0054658608265 6076.9644400151765 -2947.13879287055
-2951.3164225250794 6101.390514275555 -1435.9115274631647
-4096.389963409189 5583.6812658312965 202.9027785532752
-4877.481279333134 4569.8374333362735 1823.6882822710954
-5225.186979114278 3149.943490488073 3282.431078984901
-5108.61188544574 1450.1632452106617 4449.515469619379
-4538.11420698136 -378.4703683402516 5221.240884401131
-3343.3750959550057 -2498.3026886252487 5529.864681166735
-1914.926236842469 -3977.5764405365935 5339.571135905967
-316.32777807108465 -5103.425070399572 4674.8332628979715
1310.3777919635 -5775.8119867455025 3594.7159393136185
2820.6505446838955 -5934.992661335672 2195.1923293701884
4080.296118288093 -5566.823192679866 600.6162475193526
4977.389475697808 -4704.017053753254 -1047.327223684563
5432.219935277839 -3423.2383563618173 -2602.2110749443123
5404.3738147038885 -1838.28990837356 -3925.8770525800255
4896.325363989654 -90.00133482393524 -4900.711625666323
3953.216917514991 1666.2842522891615 -5440.096464393438
2658.8477995124094 3274.5131712183806 -5496.104858789078
1128.2283863618038 4591.787224920448 -5063.760217222412
-502.6390700658014 5501.060832962025 -4181.478258409829
-2088.8448393228205 5921.54104498708 -2927.6536062224473
-3489.447577861418 5815.866348910177 -1413.694083325964
-4579.99758591856 5193.426405223514 225.8783627683361
-5263.594709478483 4109.5277344563365 1845.3805250798152
-5479.498344196313 2660.4794901173 3300.9125294188902
-5208.524504649886 975.0359677594188 4463.143969703047
-4474.750405632012 -797.0437792087585 5228.805482094387
-3092.9543467971666 -2800.928210138583 5530.597736098509
-1538.099897164273 -4145.7359539696 5333.497806746205
153.42147817190462 -5122.176865027847 4662.493191594878
1831.310681893412 -5643.489883325421 3577.205595355999
3346.479894954138 -5663.354059442102 2174.0675836615483
4564.29968356306 -5180.00437415742 577.7541264203235
5376.561415188156 -4236.388568154077 -1069.8953203855663
5711.0920704226455 -2916.3510467852043 -2622.479872816944
5538.167132485331 -1337.1829367137132 -3942.045579985148
4873.151740980558 360.799745415427 -4911.343237989569
3775.135431815466 2026.7237868208497 -5444.246496223842
2341.681772624593 3512.564525636391 -5493.404561586385
700.1594116348476 4686.298491713592 -5054.449524243132
-1003.5751856776437 5443.634271319852 -4166.384465584474
-2618.137723625509 5717.279256923811 -2908.1178632815604
-4000.067235321084 5482.918890683322 -1391.4522267610425
-5026.573219152429 4761.377119612403 248.85004639467624
-5606.446113708868 3616.766096504567 1867.040900867838
-5688.161667578737 2150.789533805696 3319.336977924856
-5264.459095197914 493.70588244384106 4476.695397822803
-4372.986229510535 -1207.245703165766 5236.279785970053
-2815.3304877715464 -3078.7054433782373 5531.235285702173
-1146.6890086006429 -4278.283630459157 5327.332375885631
623.840821146293 -5097.717542035329 4650.072605858576
2338.9396562540173 -5464.196879036686 3559.633478293467
3846.213438635914 -5345.158344102593 2152.9052949877946
5011.734278165381 -4751.179033453946 554.8820283531538
5731.940533446222 -3735.0366154771573 -1092.4449415603256
5942.83871812365 -2387.0198032769867 -2642.703384300533
5625.689602977632 -826.9058062918066 -3958.1460340328313
4808.67327867488 806.6824003987358 -4921.890038603532
3564.3852310467378 2368.593335746484 -5448.302513885659
2003.3859135931336 3720.0443588125127 -5490.609401327267
264.376966002518 4740.953115452255 -5045.051548318454
-1498.123035216621 5340.607382453997 -4151.218725397491
-3127.50823035208 5465.725246655234 -2888.531901401671
-4479.000594377004 5105.189436750976 -1369.1863418527987
-5432.514099821151 4291.035141636558 271.8174327449733
-5903.324887300722 3095.6035432901917 1888.6690355921749
-5849.599352229061 1625.1139852900617 3337.704106339502
-5276.111244167904 10.22591800167703 4490.1695199653195
-4233.817498229624 -1605.5707669768321 5243.663666957829
-2512.9477523543815 -3329.2056162913486 5531.777318968178
-744.050549071083 -4373.971525670966 5321.074949792211
1090.9588107092718 -5030.090870136851 4637.571720174393
2829.031692564191 -5239.264566600864 3541.999891570808
4315.732693533683 -4982.906614188548 2131.7058287906616
5418.9619054017485 -4283.79554198007 532.000348285501
6040.692571252236 -3204.0504367395483 -1114.9756978099217
6125.68119300423 -1839.6113894509956 -2662.881260164636
5666.376158648664 -311.71479720810754 -3974.1781366917967
4703.58873611497 1243.8790227045774 -4932.351845380401
3322.8668130182496 2688.9487327768056 -5452.26444733741
1646.8935914240571 3895.0935476846344 -5487.719426280052
-175.4133530416473 4755.142207544196 -5035.566451737675
-1982.1340513007797 5192.675614665592 -4135.981299739016
-3612.7334406498426 5168.817005742352 -2868.8960588035566
-4922.325609577587 4685.686322879084 -1346.8968131004222
-5794.547546824228 3786.2118474322583 294.7801252060148
-6151.898505582454 2550.315833824067 1910.2645557666037
-5962.6262849577515 1087.8130665038946 3356.0135974894197
-5243.548552360092 -471.34666556414203 4503.566103452185
-4058.5585199514335 -1988.625177926033 5250.9569975489085
-2188.4657574548614 -3550.2385708301344 5532.223826536404
-333.6466633316766 -4431.867333393154 5314.725636522535
1550.8184010128145 -4919.70523445475 4624.990750414336
3297.486444772877 -4970.405735664219 3524.305139694197
4751.1583471339 -4579.463874993626 2110.46955115391
5782.668980237129 -3781.616552383635 509.10948135048415
6300.364097621442 -2647.756003743445 -1137.4872000611035
6258.244216239639 -1278.6307146848362 -2683.0131519668694
5660.051872392563 204.1065245519931 -3990.1416111111016
4558.939080954889 1668.7080033756476 -4942.728477660068
3052.7445455997126 2985.037453094945 -5456.1322281622915
1275.300260619248 4036.133225485632 -5484.734686350379
-615.4600490802598 4728.600848513004 -5025.994398294509
-2451.534032517018 5000.91153502696 -4120.6724517370585
-4069.7784587847723 4828.869285514979 -2849.210674569548
-5326.405209060894 4227.760808841171 -1324.5840254114405
-6109.757481967701 3250.997231079099 317.7377272457355
-6350.230990372585 1985.3682825692588 1931.827088468108
-6026.45860775316 543.3306495079752 3374.2651351964982
-5167.208931156887 -946.9842961293609 4516.884916944026
-3848.830065104402 -2353.155531283503 5258.1596517981325
-1844.7363643358474 -3739.8717316315306 5532.574800696318
80.984938539974 -4451.363091195785 5308.28454571994
1999.5103742299361 -4767.331305622119 4612.329913833325
3740.37053846287 -4659.70121245509 3506.54952822616
5148.88236600762 -4138.036217799463 2089.1968287969553
6099.893399834495 -3248.6885457195117 486.20982283986655
6508.902136144794 -2070.680639717516 -1159.9790595732095
6339.566353812079 -708.683671844319 -2703.098712058929
5606.932280214455 716.2829502793176 -4006.0361816249056
4376.097667902752 2077.60468891468 -4953.019756253289
2756.4275736095456 3254.3221335219982 -5459.905789569394
891.8367930179965 4141.878775208405 -5481.655233080339
-1051.997600394498 4661.411311381924 -5016.3355532843325
-2902.357390396515 4766.756996272558 -4105.292445753032
-4494.829989476218 4448.555403475838 -2829.4760886373833
-5687.917218754404 3735.0801409164596 -1302.2483640950393
-6375.608042132688 2689.7266167074317 340.68984241997197
-6496.798112072428 1405.379078933074 1953.3562613432625
-6040.719159025612 -3.8425574089534416 3392.4584042833935
-5047.895799439992 -1412.7227656623984 4530.125730444446
-3606.5447457482587 -2696.0763565550274 5265.271505326212
-1484.778880944606 -3896.446844157723 5532.8302353871095
496.2612877102065 -4432.1811170711735 5301.751788612656
2433.206463145149 -4574.096647426388 4599.58942906548
4153.950566379021 -4309.583617565252 3488.733363780063
5505.59793247828 -3662.1451709872445 2067.8880290686084
6368.048761358273 -2689.30905490764 463.30176819725824
6664.670512069884 -1477.516027461086 -1182.4508879447462
6369.107040359283 -134.43921700235373 -2723.137593592575
5507.6204577468625 1220.5831078638691 -4021.8615737572536
4156.757627669397 2467.1512671555956 -4963.22550344475
2436.548640743057 3494.502209445584 -5463.585066394835
499.8416144691298 4211.351295055953 -5478.481119647578
-1481.2785327691522 4554.003336889845 -5006.590083501243
-3330.780581887153 4492.012197326605 -4089.8415473771165
-4884.328159414663 4030.8860611600458 -2809.692641794503
-6003.881745457059 3211.598009207317 -1279.8902148554223
-6589.964090814548 2106.9453802707776 363.6360743792886
-6590.49920712208 815.0814081196775 1974.8517026147617
-6005.439546947415 -549.2061240687077 3410.5930905789705
-4886.770228589101 -1864.6942819822061 4543.288315303977
-3333.88993018273 -3014.496169865505 5272.292435321845
-1111.7538195221869 -4018.5943383769277 5532.990126197794
908.58490984046 -4374.377121542436 5295.127478011825
2848.191882704557 -4341.477300821091 4586.76951612032
4534.724507706187 -3922.8181696624642 3470.8569540150265
5818.326959887388 -3155.599429125335 2046.543519940634
6584.94552837528 -2107.9918311904244 440.38571301121914
6766.4627891095515 -873.0799082844516 -1204.9022971201277
6346.750136898588 439.4089959206373 -2743.12945052568
5363.10088276994 1712.854482523603 -4037.617514226757
3902.916579626657 2834.1053316162133 -4973.34554299613
2095.941010716186 3703.5334847283666 -5467.1699951028895
102.7318851179819 4243.886435033387 -5475.212400864397
-1899.6054193043838 4407.151451596825 -4996.7581572352465
-3733.1544459405295 4178.821721220292 -4074.3200234237233
-5234.9963173763845 3579.185342456262 -2789.8606756720833
-6271.685792610384 2661.522639018846 -1257.5099637850903
-6751.108462331196 1507.371969204874 386.5760268758077
-6630.6655184223755 219.28468493410634 1996.3130410878528
-5921.058845005369 -1088.2870059080449 3428.668880923754
-4685.340109070877 -2299.159620406399 4556.372444224019
-3033.308343169042 -3305.741812935832 5279.222320543847
-728.9354357461681 -4105.245194470313 5533.054470367295
1314.3747624530704 -4278.340463773712 5288.4117283096
3240.896994969687 -4071.2864076829414 4573.870396378996
4879.451307041074 -3502.480687723416 3452.9206076304763
6084.444957362494 -2622.4641882763262 2025.163670001478
6748.80897207534 -1509.430237206372 417.4620530084963
6813.51169295894 -262.276785535108 -1227.3328993963785
6272.803999319574 1008.1811095136284 -2763.073937628123
5174.730142593711 2189.057688652179 -4053.303730951384
3616.858803769176 3175.426885632555 -4983.379700149177
1737.6136879063606 3879.6454686930915 -5470.660513787086
-296.0260295190216 4239.140526316542 -5471.849133176781
-2303.3625351327823 4221.96934501498 -4986.839944269318
-4106.035171360051 3829.6576596015307 -4058.7281419268684
-5543.868563573378 3097.0640849566694 -2769.9805327391578
-6489.104905046755 2089.2827751215227 -1235.1079973582086
-6857.755798738889 895.8595220503926 409.50930377017943
-6617.064994947432 -377.16478096969587 2017.7399061566352
-5788.418927843485 -1616.6763380401937 3446.6854631752776
-4445.446436942541 -2712.539107808616 4569.3778912608295
-2707.476521598866 -3567.380874066432 5286.061041323254
-339.68328610751365 -4155.640208514251 5533.023266784479
1710.0970918697165 -4144.791544562937 5281.604655477148
3607.927838596827 -3765.6599627591095 4560.892292590414
5185.178363734104 -3051.932967937572 3434.9246343608543
6301.703036473149 -2067.028335727543 2003.7488484498474
6858.2937398532595 -898.4591648837053 394.5311840471215
6805.494947321068 349.9420455831918 -1249.7423074298279
6147.9980632967145 1567.2493696046477 -2782.970710487849
4944.224571303381 2645.299709376108 -4068.919953053162
3301.135028777533 3488.303561262975 -4993.327801628646
1364.72515215237 4021.3563335635727 -5474.056562171275
-692.9465432392269 4197.09394819545 -5468.39137466344
-2689.0468973181783 3999.901346886746 -4976.835615876481
-4446.213633882518 3447.299957629202 -4043.06617213551
-5808.314777189216 2588.390838909617 -2750.052556296647
-6654.32166317307 1499.491835186831 -1212.6847024239923
-6909.062867374381 277.35640149614034 432.4355090382262
-6549.90351588647 -969.423365626021 2039.1319278104468
-5608.756493233923 -2130.0656124679 3464.6425262135826
-4169.246842535066 -3101.442182003051 4582.304431829371
-2359.2813134385315 -3797.2420032123996 5292.808479565343
52.586951358113254 -4169.336578422541 5532.89651598819
2092.295945459093 -3974.7763535385984 5274.706377062652
3946.0952629165013 -3427.0398066240327 4547.835428867433
5449.266699109964 -2574.795733574438 3416.8693449702814
6468.246875374481 -1493.7697602917801 1982.2994250883667
6912.494931328087 -280.0157885065933 371.59350210962936
6742.537477648835 958.6188149164674 -1272.130134242793
5973.475979942107 2112.075929804832 -2802.8194255166154
4673.644927249983 3077.8658296374533 -4084.4659108627898
2958.5400128187384 3770.1738435150814 -5003.189675645406
980.5558349095618 4127.485366260993 -5477.358081610671
-1084.555032029745 4118.051701043429 -5464.8391850348025
-3053.298424881866 3742.7110704159186 -4966.745344816825
-4750.742853503756 3034.814136564959 -4027.334384508943
-6026.062931300235 2057.260648617717 -2730.0770904715855
-6765.940872709071 896.9105239011599 -1190.240466199882
-6904.635275735259 -343.1340368910334 455.3542467779536
-6429.822534019521 -1552.689632686569 2060.4887366404087
-5383.691843344736 -2624.281940751642 3482.5397599464263
-3859.1965064462465 -3462.6952819093362 4595.151842707211
-1991.7946241451057 -3993.4329514814262 5299.464518751736
444.43314154480277 -4146.211753450752 5532.674220167226
2457.623077462573 -3769.6582122089753 5267.717012189283
4252.442417846532 -3058.1539959398506 4534.7000306829805
5669.413587868665 -2074.9193766437015 3398.7550512471803
6582.632480796942 -907.3190650990277 1960.81577031716
6910.955590399544 340.90052708377743 348.64940329624875
6625.20996756608 1558.8296114179102 -1294.495993230297
5750.785364859285 2638.249843966488 -2822.6197399562366
4365.378245578894 3483.2500001098606 -4099.941335924302
2592.088112031893 4018.748107752645 -5012.965151899325
588.4795745395678 4197.162810036017 -5480.565015092865
-1467.4179556507079 4002.6411777020767 -5461.192625631986
-3392.9289608237877 3452.4673114278125 -4956.569305334607
-5016.963338204168 2595.526573629939 -4011.533050712117
-6195.218506404134 1507.9619094842817 -2710.0544802110167
-6823.001323041463 286.40821209913025 -1167.7756762650013
-6844.530529878442 -960.5941118127905 478.2651212163375
-6257.893162408204 -2122.243433392337 2081.8099638457165
-5115.214525146193 -3095.322112603037 3500.376855314815
-3518.026629575757 -3793.367838511596 4607.919902038366
-1608.2466293619173 -4154.356185047842 5306.029043942403
832.4165863506112 -4086.464514067549 5532.35638316031
2802.866991432108 -3531.1067785182327 5260.636681553144
4524.270364145639 -2661.9947096907185 4521.486324866158
5843.672460571386 -1556.3527289357924 3380.582065998876
6643.8386143411435 -312.4219782734732 1939.2982551275566
6853.6705512211565 959.2688361996912 325.69928381796484
6454.523782787348 2145.724404894592 -1316.8394981666568
5481.864251041782 3141.5229438581578 -2842.3713118842256
4022.11702382618 3858.1833829135257 -4115.345960999773
2204.987048273749 4232.027297038148 -5022.65406158224
191.93429705592004 4229.837013875032 -5483.677307238816
-1838.172658745092 3851.8071496951316 -5457.451759425733
-3704.9499071287887 3131.527316887549 -4946.307673155099
-5242.5260973592185 2132.997539493229 -3995.6624436109355
-6314.280837392442 944.9415702094047 -2689.985071276113
-6824.9840152582865 -327.0766043952857 -1145.2907205533802
-6729.257412419411 -1570.0325873474262 501.16773671607245
-6035.606757627297 -2673.4842849392485 2103.0952412399533
-4805.665955596033 -3539.3851714216416 3518.153504298159
-3148.7206440923555 -4090.7961530872444 4620.608389337142
-1211.997685428111 -4278.721944387814 5312.501941777587
1213.1318907680143 -3990.6132727850145 5531.943010456023
3124.9808692757197 -3261.084402044241 5253.465507421181
4759.161583795607 -2241.7938711486495 4508.194539598308
5970.469906358629 -1023.3101168511458 3362.3507030462547
6651.275776766061 286.0992320510708 1917.747251095508
6741.086605764846 1570.0874086597278 302.74353998976005
6231.922307070107 2714.5664287938926 -1339.1602632122595
5169.024363051575 3617.844309051161 -2862.07380021986
3646.8359204861795 4199.660845800956 -4130.679520073868
1800.6101025096996 4408.319086493292 -5032.256237380855
-205.60782492204817 4225.278830761024 -5486.694904303787
-2193.5565948143553 3666.804008584912 -5453.616651015328
-3986.5982349928886 2782.517558741666 -4935.960625481676
-5425.4131270940925 1650.9922129270478 -3979.7228372675554
-6382.156253819638 372.76896373386325 -2669.869210236192
-6771.816789761893 -938.5764437567019 -1122.7859873473274
-6559.771686305308 -2166.5252153446254 524.0616977825224
-5764.862081436577 -3201.9687139098874 2124.344201257544
-4457.719181951688 -3952.903240635965 3535.8693999198026
-2754.4883707719437 -4352.6049674014 4633.2170854919295
-806.5091799760463 -4365.558641720935 5318.883100479798
1583.2365436365076 -3859.491610408418 5531.434109192708
3421.1091460067496 -2961.829941727536 5246.203613629078
4955.001187464133 -1800.9966849475227 4494.824904409139
6048.619628750754 -480.1369691661627 3344.0612772182553
6604.791672092837 883.3850233720108 1896.1631303753118
6574.098990718621 2168.4143799122216 279.78256822372657
5959.268764060816 3260.770602867498 -1361.457902920162
4814.9313558959875 4063.3930481018856 -2881.7268647299743
3242.7661667815855 4504.965189105738 -4145.941748358476
1382.4669731036927 4546.251403343441 -5041.771513479648
-600.6704779908571 4183.583229498402 -5489.617754178293
-2530.4357211168954 3449.18532635984 -5449.68736662748
-4235.36064578749 2408.3121704736914 -4925.528340992713
-5563.955190505811 1153.44990953706 -3963.7145069356297
-6398.167899532476 -203.9014376934632 -2649.7072444627297
-6663.875312788336 -1543.135247378209 -1100.2618652705942
-6337.468160567815 -2745.2547183959136 546.9466090705079
-5447.949150759892 -3703.446260332247 2145.556476960049
-4074.3559509759198 -4332.570349731822 3553.5242362521412
-2338.7383449311274 -4576.726550385919 4645.745772768995
-395.3135735550256 -4414.220512404572 5325.1724098558
1939.479958135059 -3694.2410859117304 5530.829688158343
3688.612500458459 -2635.8401798553095 5238.851125579108
5109.995634906823 -1343.2333066246113 4481.377650172666
6077.333232347204 68.7257405819272 3325.7141043465094
6504.673102155945 1474.5782041398652 1874.5462656931586
6354.044221550382 2749.407923180058 256.8167650222402
5638.830627596272 3779.940682667799 -1383.7320322427627
4422.582186779591 4474.609124504036 -2901.3301660349953
2813.3679104853436 4771.688909129361 -4161.132382297245
954.1735490826895 4644.783193966676 -5051.1997255637425
-989.8033194775705 4105.1681087247425 -5492.445806388996
-2845.8318194219346 3200.7908217890986 -5445.663974115174
-4448.995673483426 2012.0092238983286 -4915.0109998384905
-5656.846737859993 644.451776907131 -3947.637729055639
-6362.062144914662 -780.3680385922922 -2629.49952212337
-6501.980410943803 -2135.848729274058 -1077.7187432818541
-6064.169183989526 -3301.549887342063 569.8220753910668
-5087.5299128696315 -4173.893849306692 2166.731702042515
-3658.8412827340303 -4675.369025928941 3571.117708421976
-1905.0485480669515 -4761.417147078392 4658.194234816259
18.01611026372086 -4424.392459574932 5331.369761298404
2278.7317217096556 -3496.3013815652184 5530.129757790395
3925.09104536355 -2285.8489867517083 5231.4081702379735
5222.68880465856 -872.2888781822468 4467.853009103283
6056.227744267337 618.777925190399 3307.3095012597755
6351.644271480256 2054.8635944476723 1852.8970303406543
6082.689331440385 3308.365615717894 233.8465269711087
5273.260750859559 4267.904833508245 -1405.9822665384486
3995.2798112411992 4848.221977449511 -2920.883365614519
2362.3007273974454 4997.753322622666 -4176.251159570167
519.4208571383834 4703.212352801586 -5060.540710821695
-1369.6118357182825 3990.770325726636 -5495.179012099576
-3136.948506528844 2923.730842003757 -5441.546542956517
-4625.553536262534 1596.9050423873805 -4904.408783638094
-5703.157835391956 128.1872218525225 -3931.492781249971
-6274.011532950869 -1351.9205958842806 -2609.246392175898
-6287.391772760982 -2711.9043358709487 -1055.1570106678078
-5742.109661796951 -3830.923474619331 592.687701718397
-4686.6159085490435 -4609.548250917027 2187.8695108397965
-3214.6957649514356 -4978.594436451417 3588.649512615834
-1457.1357951778361 -4905.270658105283 4670.5622566670045
429.89708453238535 -4396.092055360774 5337.47504778842
2598.0088118897734 -3267.3978678366957 5529.334330175639
4128.405515199618 -1914.804410068622 5223.874876134639
5291.9752712748095 -392.0721774851687 4454.251214751757
5985.329801046251 1165.49738864825 3288.847785778677
6146.86151180752 2619.507397099183 1831.2157981684154
5762.217602187269 3840.76267779899 210.8722507327279
4865.575371537227 4720.749339666989 -1428.2082215782264
3536.6054169002527 5181.2767060383185 -2940.386125813422
1893.3925508344619 5181.424899419818 -4191.297819098097
81.94344761069051 4721.180752179219 -5069.794307948371
-1736.786690536167 3841.438976547035 -5497.817324111566
-3401.1957094660797 2620.3684899713357 -5437.335144253519
-4763.393563708378 1166.466763763989 -4893.721875476285
-5702.3429960068515 -391.0806533588903 -3915.2799423182446
-6134.614228790037 -1913.8788382016155 -2588.9482043622315
-6021.798066034113 -3266.6204893512067 -1032.5770570365548
-5373.91871888551 -4329.108574694038 615.5430931965936
-4248.543110510057 -5006.936365195244 2208.9695383328663
-2745.6658023414534 -5239.875887070518 3606.119346085093
-998.8240384788858 -5007.229441562992 4682.849624743576
836.76762446962 -4329.668686308123 5343.488163896494
2894.5015432962477 -3009.526694760921 5528.443419049941
4296.696266941751 -1525.8438805620494 5216.251373358048
5317.110671528508 93.4168584803763 4440.572502001163
5865.076459194086 1704.3770996936712 3270.3292767100243
5891.904464996164 3163.895956063447 1809.5029435795832
5395.210902886461 4342.288772208312 187.89433303917824
4419.129175562244 5134.850175122033 -1450.4095135524115
3050.388427960319 5471.15760605734 -2959.838109847605
1410.607282125003 5321.328673914751 -4206.272101047215
-354.51251107520426 4698.6763368285865 -5078.960357147692
-2088.1323119138483 3658.525987413729 -5500.360696865187
-3636.2123932212276 2293.2995488403176 -5433.029850730872
-4861.199046135678 724.3033813730907 -4882.9504599003085
-5654.246830780294 -909.0503200821119 -3898.9994922324827
-5944.889971256578 -2461.6309112964123 -2568.6053092023517
-5707.303549066784 -3795.4847933527144 -1009.9792723108457
-4962.598160453296 -4792.093195308969 638.387855146542
-3776.944147280236 -5362.903087107386 2230.0314201551496
-2255.692071774921 -5457.195504903764 3623.5269071513026
-534.0118567508104 -5066.592153581426 4695.05612686113
1235.1176552180525 -4225.799855039934 5349.409005784909
3165.598021999849 -2724.9375377350084 5527.457039798037
4428.399927200899 -1122.2677426249575 5208.537793554937
5297.7190651571555 580.1204664081918 4426.8171070628505
5696.312615517006 2230.9624261842378 3251.754293841329
5588.7637921319965 3683.5735839764343 1787.758841523359
4984.628779930123 4808.883063735938 164.9131706855554
3937.5876259483366 5506.902179846771 -1472.5857590772048
2540.674531582364 5715.608870636037 -2979.238981809776
918.0113555187949 5416.458630732902 -4221.173746833596
-786.2211581091373 4636.032271751948 -5088.038700135403
-2420.59447156433 3443.6741005333192 -5502.8090864401065
-3839.8873436171557 1945.3303731674357 -5428.630736734687
-4917.989374121573 274.1355052038456 -4872.094722916776
-5559.106466494365 -1421.4175054208931 -3882.6517121322054
-5706.272553582239 -2990.6713329010227 -2548.21805798829
-5346.41128271969 -4294.190888107934 -987.3640467213476
-4511.497907048018 -5216.152738160139 661.221593072552
-3275.718143952666 -5674.636526717544 2251.054792598774
-1748.8764485148238 -5628.903957143869 3640.8718952113427
-66.63940580856263 -5083.018568939815 4707.181552231237
1621.5188405460392 -4085.4846744258557 5355.2374712094
3408.906896167521 -2416.114145867621 5526.375209453251
4522.263539010931 -707.511332483829 5200.734269927551
5233.797220786556 1063.9569676535045 4412.985267472355
5480.285051354491 2740.8880221165696 3233.1231579353694
5239.825505274763 4174.27914762558 1765.983867488573
4533.7844684558795 5236.767252345771 141.92916052283326
3424.8967854292564 5833.945605520471 -1494.7365752012238
2011.691993105243 5912.752289796067 -2998.5884066752437
419.73953902896795 5466.1849854372485 -4236.002499127649
-1209.5086150866898 4533.923157164619 -5097.029180141806
-2731.286620910781 3198.802359583832 -5505.162450556226
-4010.3778244129917 1579.4539346411266 -5424.137878231227
-4933.129358962925 -180.23590371389764 -4861.154851988368
-5417.550701287378 -1923.9109910716902 -3866.236884319654
-5420.598889272787 -3496.638143928457 -2527.786802778022
-4942.0030780398965 -4758.673652953417 -964.7317707999038
-4024.2886056998595 -5597.880124818117 684.0439126694531
-2748.998430443728 -5939.690381700415 2272.0392926208497
-1229.4476808617655 -5753.733082266721 3658.1540107426713
399.34489050704985 -5056.531348631884 4719.22569146555
1992.6539158581368 -3910.0346144487658 5360.973459520882
3622.2782065195993 -2085.752859915495 5525.197946697209
4577.356082588456 -285.115839729465 5192.840937231314
5125.715783323018 1540.8549740267822 4399.077222085309
5218.633142876105 3229.9140614100843 3214.436190724594
4847.852046090321 4631.981110192668 1744.178397497156
4046.3180205611116 5622.476310220365 118.94269945124174
2885.250881930883 6113.3898162540945 -1516.8615794123564
1467.8165407261372 6061.101808944315 -3017.8860503077763
-80.03974152889509 5470.258307202651 -4250.75810185853
-1620.7841415004611 4393.358349032858 -5105.931641914477
-3017.5147578056785 2926.0892216159223 -5507.420748574385
-4146.125945734444 1198.8242259273788 -5419.551352805584
-4906.335648410686 -634.9615631882864 -4850.131036030629
-5230.59589762628 -2412.328230931749 -3849.75529225487
-5090.094747245757 -3975.348949028839 -2507.311896389441
-4497.3163410595735 -5185.142467473199 -942.082835372789
-3504.931641822551 -5934.213323059645 706.8544198291773
-2201.1183850704297 -6156.003283026003 2292.9845578497852
-701.7261003558706 -5830.805336120059 3675.372955308446
860.0176278495684 -4987.514747032099 4731.188336579395
2345.3450156953936 -3701.061585322364 5366.616871667237
3803.8221563938787 -1736.7392843194289 5523.925271859515
4593.077266552868 141.30180136957068 5184.857931772529
4974.217305191056 2006.7876019141806 4385.093211073276
4913.376307269911 3693.9615173863453 3195.693714905579
4415.960262451053 5052.910741355637 1722.3428080976278
3526.166769191019 5962.8866716219 95.95418441331978
2323.0578841603538 6343.033953417426 -1538.9603896441483
913.5351115504305 6159.5748325057875 -3037.1315794652996
-577.1592647035548 5428.810456877078 -4265.440300218549
-2016.5705074668967 4215.672448212564 -5114.745931720924
-3276.800611067913 2627.9534423505215 -5509.583941497085
-4245.8726003729125 806.7292405519015 -5414.871239660337
-4837.680176429759 -1086.1763945426903 -4839.023465408732
-4999.6386390010475 -2882.570490375587 -3833.207220550849
-4717.357267944309 -4422.835548186355 -2486.793692394219
-4015.9180018493266 -5570.112258246663 -919.4176315539847
-2957.646797724151 -6222.460050126728 729.6527206476477
-1636.5756962020125 -6321.91495973687 2313.890226591492
-170.08766207813733 -5859.639981907537 3692.528431562713
1311.5134072387395 -4876.710277079227 4743.0692809954235
2676.580754840692 -3460.463463041858 5372.167610195008
3951.9256390315945 -1372.123313754609 5522.557206917403
4569.163509172847 568.0797356252842 5176.785391406017
4780.41115008031 2457.80640751809 4371.033475919674
4566.898281814338 4129.146194197074 3176.896054133442
3947.5964597061507 5433.5932210620695 1700.4774763587268
2977.533368411364 6255.241645304585 72.96401238707513
1742.9033706432433 6521.08439868598 -1561.032624282492
353.40875978802023 6207.500185936597 -3056.324661805707
-1067.48777028319 5342.352340500854 -4280.048840667644
-2393.533327371805 4002.5130450845168 -5123.471897351275
-3506.9029444754256 2307.0329008732456 -5511.651991969153
-4308.668845172319 406.5627591722607 -5410.0976196142
-4727.590610693871 -1530.032267852485 -4827.832331934167
-4726.44520376559 -3330.6772134425 -3816.5929549685675
-4305.334398819596 -4835.37687218196 -2466.232545111689
-3501.675738889667 -5910.4320761261515 -896.7365507383782
-2386.877822708513 -6460.319452602586 752.4384214315797
-1059.9953373389264 -6436.179095070324 2334.7559378356964
361.07238546616594 -5840.155980234317 3709.6201432554617
1750.0572422825308 -4725.209377452093 4754.868319547118
2983.5418331223455 -3190.4071852434818 5377.625579251058
4065.2663789148037 -995.0927288001548 5521.093775495354
4505.691053003646 991.542464072676 5168.623455532735
4545.765304133606 2890.07475770025 4356.898259415579
4181.928359228831 4531.811226221953 3158.0435330162713
3446.508727516253 5770.87637976783 1678.5827798627017
2404.8516706094256 6497.17384189748 49.97258037912949
1149.5129892511814 6646.16889579676 -1583.0779021722335
-207.96496575664213 6204.622677072695 -3075.464965892582
-1546.9643209177952 5211.768504952574 -4294.583470937701
-2748.5091074242955 3755.825829698044 -5132.10938812086
-3705.8367981025954 1966.16154730466 -5513.624864278383
-4333.884626472545 1.7951830754408211 -5405.230575100585
-4576.84778684099 -1962.7306910480565 -4816.557828861427
-4413.137936182927 -3752.859329970171 -3799.912782412051
-3857.301413158162 -5209.529948272543 -2445.628809602771
-2958.7267320858614 -6203.310969025265 -874.0399845950404
-1797.2561967093193 -6645.900587398296 775.2111287052711
-476.09156112621275 -6497.97277352662 2355.581331262145
887.3758989562899 -5772.671562843294 3726.6477952378914
2171.996116231592 -4534.44315084941 4766.585248482325
3263.624946931725 -2893.3095658265797 5382.990684584255
4142.824564430096 -608.9455876888757 5519.53500286468
4403.076180597293 1408.0323084823815 5160.372265097362
4272.09515553687 3299.9003549970093 4342.687805655452
3761.519728126201 4898.557773595956 3139.1364771095214
2916.716765714087 6061.956837044184 1656.6590966988917
1812.7507188675643 6686.724433061636 26.980285417847696
547.7138155241549 6717.347218994709 -1605.0958426236054
-765.9898639310647 6151.104225927366 -3094.5521612008624
-2011.6319824848479 5038.3086287101005 -4309.0439400369305
-3078.5317714933235 3477.837199578666 -5140.658254872868
-3871.8905026904336 1608.3446730275398 -5515.502524356155
-4321.2147712118995 -404.0563358264325 -5400.270190166245
-4386.580143972511 -2380.55516607022 -4805.20015088467
-4062.178620751279 -4145.531222914355 -3783.1669909234797
-3376.834700499033 -5542.15863823846 -2424.9828416638306
-2391.4441981124564 -6446.340937192478 -851.3283250604467
-1193.5633840435696 -6777.737554575701 797.9704492173956
110.37077456425106 -6506.902446623503 2376.3660472466604
1404.4980054978269 -5657.90050121776 3743.6110934673748
2573.8294251049633 -4306.16926699142 4778.2198654668455
3514.4648052271186 -2571.8159960803437 5388.2628335470745
4183.891870635736 -217.06165151539656 5517.880915943109
4262.072523598846 1813.9407951575374 5152.031962585885
3961.5493290429995 3683.766641832638 4328.402360033042
3309.0250916288023 5226.273656437278 3120.1752129103716
2362.479453405959 6304.403321543289 1634.7068054572308
1206.0171481776663 6822.359085111905 3.987524546540853
-57.60507318529571 6734.118304538609 -1627.0860654190733
-1316.108831000043 6047.521560415625 -3113.5859181226106
-2457.670543531963 4823.575986538462 -4323.429998254207
-3380.8574429615196 3171.0345183428117 -5149.118349980861
-4003.640321935436 1236.7327173366225 -5517.284939778029
-4270.682188619227 -807.4582129170761 -5395.21655046976
-4158.255201264107 -2779.9029374810675 -4793.7594941344
-3676.3489910742887 -4505.3410866467675 -3766.35586967816
-2867.7830396356885 -5830.459908900223 -2404.294997820494
-1804.4019800669068 -6637.516781695985 -828.6019643317131
-580.691886081478 -6854.801160175448 820.7159899478213
694.6152303066436 -6463.006373773896 2397.1097268676704
1908.2027352132839 -5496.945108626222 3760.5097450125504
2952.2380530864602 -4042.4561476308068 4789.771969587876
3733.954064259575 -2228.7772178918426 5393.441935097221
4188.077793285872 177.12691133459026 5516.131543294302
4083.765482277782 2205.739690133102 5143.602692023132
3616.5926868596757 4038.3628177340397 4314.042169237089
2828.0697600584967 5512.15968691599 3101.160067852101
1788.260424296377 6496.176978201114 1612.726285221625
589.5563021839312 6902.980436969936 -19.005305183494716
-661.532484602777 6696.423790683298 -1649.0481908196564
-1853.841207045047 5894.860503822665 -3132.5659079727156
-2881.428002793226 4569.512992028151 -4337.741397163338
-3652.9872755547 2838.144197914479 -5157.489527351402
-4099.962598012528 854.5938368254341 -5518.972079764301
-4182.638251247436 -1204.8909369888454 -5390.06974328009
-3893.6681406533717 -3157.3158634748593 -4782.236056173982
-3258.728528681064 -4829.199419838687 -3749.479708979554
-2334.236586240822 -6071.98741515728 -2383.565635321579
-1202.3374794845686 -6775.252682161243 -805.8612948598118
36.39458869502585 -6876.507015648516 843.4473581143146
1271.8928379540419 -6366.75352374142 2417.8120119122136
2394.377826951051 -5291.286041212262 3777.343458058454
3304.1118384694396 -3745.664573495055 4801.241361357474
3920.2610132838304 -1867.2243708446126 5398.527899799197
4155.313238323064 570.1652894835473 5514.286915127358
3869.563797174522 2580.011420376724 5135.084598970258
3239.9866313460075 4360.612214375741 4299.607481247073
2322.5224348752567 5753.753476895981 3082.0913702984335
1198.6919278439993 6635.648493062778 1590.7179155635636
-31.647617349074668 6927.93702055716 -41.99780671971547
-1259.1751328574117 6604.647941024178 -1670.9818395716213
-2374.8194120122857 5694.506907911119 -3151.4918029945316
-3279.4505646865546 4278.383946098183 -4351.977889627422
-3892.6881430566496 2482.107795295764 -5165.771642426496
-4160.0432971356295 465.2854743306186 -5520.563915180533
-4057.760348214788 -1592.879502900465 -5384.829857475065
-3594.9275851670645 -3509.510146062301 -4770.630035996317
-2812.6697300974 -5114.305411514851 -3732.5388002542295
-1780.4938263107733 -6264.672197394692 -2362.7951121328197
-590.1132324879788 -6858.395366474899 -783.1067093428516
652.7015117106495 -6842.720009671485 866.1641611794323
1837.520862260402 -6219.038951226577 2438.472544882138
2859.0684203707824 -5042.768990162318 3794.1119419114925
3626.5752025161482 -3418.426874494879 4812.627842716044
4071.844862954799 -1490.3425295093691 5403.520639825833
4085.851334595488 958.606005412236 5512.347063296307
3621.188338858987 2933.478620330301 5126.477830522267
2834.766867891577 4647.698786473135 4285.098545328903
1796.4639205425299 5948.950519347612 3062.9694495378662
598.5372702011882 6721.611892038732 1568.6820765353255
-652.5720432350705 6897.028550814261 -64.98958301527884
-1845.6974668646392 6459.6139557386805 -1692.8866329128728
-2874.8245708533636 5448.234313146794 -3170.363276365536
-3648.5108957619514 3952.7551426493096 -4366.139229803067
-4098.011016355733 2106.056331347203 -5173.964552186164
-4183.38487432117 72.22517272895456 -5522.060418538055
-3897.046627721034 -1968.0235094412362 -5379.496983539843
-3264.4386863404306 -3833.40466626868 -4758.94163402043
-2341.7710419252758 -5358.17099587882 -3715.5334360469346
-1211.0267637421096 -6406.840318559014 -2341.9837869307503
27.322556902973382 -6886.233762979604 -760.3386007191865
1263.2441484641415 -6753.755117820332 888.8660068572419
2386.9209537786487 -6021.175692076559 2459.0909690002013
3298.5093575198375 -4753.5883825974925 3810.814907004508
3917.010729575507 -3063.6238845455973 4823.931217035713
4187.468508789926 -1101.442959859878 5408.42006895982
3980.2654613841123 1339.0388467456382 5510.312021299555
3340.6582055940867 3263.0325500949284 5117.782535305448
2404.2188079999682 4897.091491785775 4270.515612030724
1254.154018574591 6096.022363899425 3043.7946357779842
-7.347859165427382 6753.294897027107 1546.6191486635846
-1268.196847373006 6810.507542207397 -87.98023703586475
-2416.3609803013223 6262.57670484248 -1714.7621925798026
-3349.8208361043494 5158.188444387112 -3189.18000220307
-3985.6344101728923 3595.4725043108224 -4380.225173144665
-4267.306876229062 1713.2830537552616 -5182.06811515082
-4169.810399564492 -321.13911474526054 -5523.461563994448
-3701.807969987094 -2327.0266636048314 -5374.07121356535
-2904.8836571596353 -4126.147681414842 -4747.171052087901
-1849.8476835215752 -5558.642370430299 -3698.4639100154063
-630.4446252797687 -6497.227291132767 -2321.1320190964966
644.9762045787974 -6858.505054405741 -737.5573621607912
1863.0880682290947 -6610.37454554108 911.5525031200864
2915.6563809899167 -5774.883249154204 2479.6669282164744
3709.1558291524943 -4426.26823342227 3827.452064901732
4173.0805045326315 -2684.3598607925287 4835.15128912376
4266.208663822878 -703.9343344121692 5413.226102595187
3839.444506235999 1708.1204941317728 5508.181824279297
3030.2742417695877 3565.7601406909407 5108.998863474823
1951.8508127824666 5106.566350669082 4255.858933178382
699.9968735234291 6193.631730592943 3024.5672601397473
-614.0548598338784 6730.365750948469 1524.5295129428603
-1873.545124159563 6669.077238608594 -110.9693717665577
-2966.562682286302 6015.211946854939 -1736.6081408134303
-3795.988127546007 4826.868676300383 -3207.941655569738
-4288.123369253731 3209.636941492261 -4394.235476408587
-4399.240031483812 1307.214879172819 -5190.08219138378
-4119.464911169662 -711.3589617791478 -5524.767327353976
-3473.6572555240887 -2666.7254372296356 -5368.552641246692
-2519.1999088314005 -4385.141654850471 -4735.31849345941
-1340.9005949123632 -5713.918792560615 -3681.3305169253513
-43.45637868999774 -6534.989170432165 -2300.2401687095694
1257.8491274841322 -6775.397082183195 -714.7633870662486
2447.3892187013344 -6413.781229841889 934.2232582053867
3419.468037646251 -5482.2727688137775 2500.2000672142576
4087.712115357943 -4063.6403137188377 3844.023128303799
4392.745032990952 -2283.935583758133 4846.287865225949
4307.463277198649 -301.29315429434405 5417.938657738754
3664.5853923881305 2062.6035903501443 5505.956509020916
2692.600112124085 3838.9694330471752 5100.126966711552
1481.3654956168364 5274.225994578105 4241.128761871308
138.50505395866716 6240.844430931192 3005.287654651815
-1216.6621695632018 6652.93645210138 1502.4135508288064
-2463.7236200853426 6473.8858735716185 -133.9565902185554
-3491.872415089901 5719.602124994801 -1758.4241003662166
-4209.7530221840225 4457.106627551688 -3226.647912479276
-4553.578599060238 2798.5776465603567 -4408.1698976574
-4492.798734359414 891.3827603164107 -5198.006642493708
-4032.813985788254 -1095.0153959504703 -5525.977686068019
-3214.496016867125 -2984.1166288912355 -5362.941361881533
-2110.555970263929 -4608.066003774882 -4723.384162811344
-819.0837636804856 -5822.56849205853 -3664.133552645403
545.1676297958891 -6519.710217901838 -2279.308596541647
1860.9784869361422 -6637.547079607526 -691.9570690541638
3011.4332387425584 -6165.608754894498 956.8778806223828
3894.3089318296065 -5145.829034980713 2520.6900314162326
4431.1581864303125 -3668.81982321016 3860.5278110527015
4574.279590349284 -1865.8198697967366 4857.3407530299155
4310.956178770373 102.96636706374578 5422.557653011611
3457.1829385283104 2399.3649999547333 5503.6361139523515
2330.441087815658 4080.213190595878 5091.166998220305
996.6293194783333 5398.5165335319 4226.325352478017
-425.73733753038846 6237.137991464033 2985.9561522447225
-1810.275363782005 6521.562367625336 1480.2716442317335
-3033.9624796990115 6226.517308018054 -156.94149543637272
-3988.068714969686 5378.218860972241 -1780.2096945085004
-4587.817543564032 4052.042066204303 -3245.2984499020126
-4779.918650107036 2365.8235517604044 -4422.028196264049
-4547.3030082605355 469.3912324969463 -5205.841331636918
-3910.6395386195186 -1468.7485576633778 -5527.092619235454
-2926.498584413205 -3276.383592978428 -5357.2374723684625
-1682.3253882542713 -4792.8975678847655 -4711.368266232112
-288.67019858559485 -5883.541560599991 -3646.8733141419566
1130.6346050357179 -6451.407066159048 -2258.33766405035
2449.4775622913844 -6446.036742356281 -669.1388019562464
3550.673688782207 -5867.90776602885 979.5159791589032
4336.376876149918 -4768.389433800642 2541.1364669907516
4736.77394819521 -3245.1787746469063 3876.9658281367297
4716.287867953272 -1433.6197401332997 4868.309761668465
4276.738913555278 505.3226996277591 5427.083008650458
3219.017136575624 2715.433015571686 5501.220679143429
1946.8207201549699 4287.31048046368 5082.119112726614
501.6407392665471 5478.241594614301 4211.448960631654
-988.1122227197985 6182.406902216165 2966.5730867452485
-2390.0670774584614 6337.238225510323 1458.1041755099322
-3579.653983728323 5928.978121955995 -179.92369050422022
-4451.172924491153 4993.902293373945 -1801.9645470349558
-4927.185617262302 3615.09633064636 -3263.892945770477
-4965.396245341757 1915.0731943519413 -4435.810132915992
-4562.4096267400755 44.88740057900918 -5213.586123519809
-3754.0328909976874 -1829.2868357204236 -5528.112107603017
-2612.0938585881445 -3540.9209089730784 -5351.4410712052995
-1238.0588238579514 -4937.9286203880065 -4699.271011218658
245.98317050366487 -5896.17970413862 -3629.550099474086
1708.1684806866729 -6330.529346218077 -2237.3277333729784
3018.575525186771 -6202.383674815604 -646.3089798106304
4060.768887473512 -5523.128995193326 1002.1371628881246
4742.1451137174945 -4353.120066495731 2561.5390208577846
5002.160936046606 -2796.3173165372664 3893.336895695353
4817.712807586275 -991.0495015679965 4879.194701722873
4205.189753987477 902.2774107646728 5431.514646509028
2952.1379553763963 3008.013275878971 5498.710246305172
1544.9555961090794 4458.366035128772 5072.983466474237
0.4971522014945809 5512.573406940284 4196.4998432257835
-1544.0054658608294 6076.964440015177 2947.1387928705462
-2951.3164225250857 6101.390514275554 1435.9115274631558
-4096.389963409197 5583.68126583129 -202.90277855329057
-4877.481279333133 4569.837433336276 -1823.6882822710938
-5225.186979114276 3149.9434904880823 -3282.4310789848937
-5108.611885445746 1450.1632452106965 -4449.5154696193595
-4538.114206981353 -378.47036834026727 -5221.240884401134
-3564.3851660404985 -2173.4752287743163 -5529.036133565636
-2273.944861050287 -3775.357276992829 -5345.552258487409
-781.4545761130574 -5041.78226326804 -4687.092606672853
780.471377268684 -5860.222769954807 -3612.1642077883293
2273.0490237378776 -6157.956766367065 -2216.2791673202896
3563.656289336649 -5908.529280339453 -623.4679968548857
4537.617054779819 -5134.103038600004 1024.741041175319
5108.390631901337 -3903.489211240863 2581.8973406950972
5225.261283575373 -2326.0332372827415 3909.6407310242416
4877.844539522284 -541.8990025632779 4889.995385226157
4097.00990206444 1290.3853366185526 5435.85249005943
2658.84779951242 3274.5131712183697 5496.10485878908
1128.2283863617838 4591.787224920463 5063.760217222403
-502.6390700658504 5501.060832962045 4181.478258409796
-2088.8448393228323 5921.5410449870815 2927.653606222435
-3489.4475778614246 5815.866348910177 1413.6940833259553
-4579.997585918567 5193.426405223507 -225.87836276835154
-5263.594709478482 4109.527734456336 -1845.380525079816
-5479.498344196312 2660.479490117291 -3300.9125294188984
-5208.524504649886 975.0359677594219 -4463.1439697030455
-4474.750405632006 -797.0437792087699 -5228.805482094391
-3343.375095955005 -2498.3026886252496 -5529.864681166735
-1914.9262368424672 -3977.5764405365953 -5339.571135905967
-316.3277780710562 -5103.425070399588 -4674.833262897955
1310.3777919634836 -5775.811986745499 -3594.7159393136317
2820.6505446839 -5934.992661335673 -2195.1923293701834
4080.296118288083 -5566.823192679872 -600.6162475193665
4977.389475697809 -4704.017053753252 1047.3272236845673
5432.219935277836 -3423.2383563618323 2602.2110749442986
5404.373814703889 -1838.2899083735672 3925.877052580021
4896.325363989661 -90.00133482395307 4900.711625666316
3953.2169175149734 1666.2842522891876 5440.096464393442
2341.6817726245954 3512.564525636389 5493.404561586385
700.1594116348437 4686.298491713594 5054.44952424313
-1003.5751856776731 5443.634271319862 4166.384465584455
-2618.1377236254893 5717.279256923812 2908.1178632815777
-4000.067235321087 5482.9188906833215 1391.452226761038
-5026.573219152437 4761.377119612395 -248.85004639469162
-5606.446113708866 3616.7660965045793 -1867.040900867825
-5688.161667578739 2150.7895338057237 -3319.3369779248337
-5264.459095197915 493.70588244384356 -4476.695397822802
-4372.986229510534 -1207.2457031657673 -5236.279785970054
-3092.9543467971566 -2800.928210138593 -5530.597736098509
-1538.0998971642755 -4145.735953969599 -5333.497806746206
153.4214781719204 -5122.1768650278555 -4662.49319159487
1831.3106818933952 -5643.489883325419 -3577.205595356012
3346.4798949541414 -5663.354059442102 -2174.0675836615433
4564.299683563064 -5180.004374157416 -577.7541264203154
5376.561415188156 -4236.388568154076 1069.895320385568
5711.092070422645 -2916.351046785227 2622.479872816922
5538.167132485334 -1337.1829367137195 3942.0455799851443
4873.15174098055 360.7997454154437 4911.343237989578
3775.135431815461 2026.7237868208554 5444.246496223842
2003.3859135931557 3720.0443588124963 5490.60940132727
264.3769660025286 4740.95311545225 5045.051548318458
-1498.12303521665 5340.607382454003 4151.218725397472
-3127.5082303520976 5465.725246655233 2888.5319014016522
-4479.00059437701 5105.189436750973 1369.1863418527898
-5432.514099821144 4291.035141636569 -271.8174327449568
-5903.324887300721 3095.6035432902045 -1888.6690355921614
-5849.599352229065 1625.1139852900908 -3337.7041063394777
-5276.111244167906 10.225918001681329 -4490.169519965317
-4233.817498229613 -1605.570766976846 -5243.663666957835
-2815.3304877715536 -3078.7054433782305 -5531.235285702172
-1146.6890086006451 -4278.2836304591565 -5327.332375885632
623.8408211463054 -5097.717542035333 -4650.072605858569
2338.939656253981 -5464.196879036684 -3559.6334782934946
3846.213438635926 -5345.15834410259 -2152.9052949877805
5011.734278165384 -4751.179033453944 -554.8820283531459
5731.940533446222 -3735.0366154771573 1092.4449415603274
5942.83871812365 -2387.019803277011 2642.703384300511
5625.6896029776335 -826.9058062918122 3958.1460340328276
4808.673278674865 806.6824003987559 4921.890038603542
3564.3852310467114 2368.5933357465115 5448.302513885665
1646.8935914240826 3895.0935476846194 5487.719426280055
-175.41335304164338 4755.142207544196 5035.566451737675
-1982.1340513008142 5192.675614665598 4135.981299738993
-3612.733440649841 5168.817005742355 2868.8960588035548
-4922.325609577599 4685.68632287908 1346.8968131004012
-5794.547546824221 3786.211847432272 -294.7801252060007
-6151.8985055824505 2550.315833824091 -1910.2645557665812
-5962.626284957759 1087.8130665039243 -3356.013597489397
-5243.548552360104 -471.3466655641209 -4503.5661034521745
-4058.5585199514385 -1988.6251779260265 -5250.956997548908
-2512.947752354355 -3329.205616291367 -5531.777318968178
-744.0505490710946 -4373.9715256709615 -5321.074949792213
1090.9588107092688 -5030.090870136852 -4637.571720174393
2829.0316925641714 -5239.264566600866 -3541.99989157082
4315.732693533693 -4982.906614188546 -2131.705828790647
5418.961905401749 -4283.795541980069 -532.000348285493
6040.692571252227 -3204.0504367395765 1114.9756978098897
6125.681193004233 -1839.611389451022 2662.881260164614
5666.376158648671 -311.7147972081258 3974.1781366917858
4703.588736114968 1243.879022704578 4932.351845380403
3322.866813018254 2688.9487327768006 5452.264447337409
1275.3002606192556 4036.133225485629 5484.73468635038
-615.4600490802392 4728.6008485130005 5025.994398294515
-2451.5340325170478 5000.911535026963 4120.672451737038
-4069.778458784771 4828.869285514981 2849.2106745695464
-5326.405209060908 4227.7608088411625 1324.5840254114148
-6109.757481967703 3250.997231079094 -317.7377272457485
-6350.230990372585 1985.3682825692908 -1931.8270884680765
-6026.45860775317 543.3306495080044 -3374.2651351964755
-5167.208931156873 -946.9842961293756 -4516.884916944038
-3848.8300651044074 -2353.155531283497 -5258.159651798132
-2188.4657574548723 -3550.238570830128 -5532.223826536404
-333.64666333168884 -4431.86733339315 -5314.725636522538
1550.8184010128273 -4919.705234454753 -4624.9907504143275
3297.4864447728387 -4970.405735664224 -3524.305139694225
4751.158347133914 -4579.463874993621 -2110.469551153891
5782.668980237139 -3781.6165523836216 -509.10948135045663
6300.3640976214365 -2647.756003743474 1137.4872000610715
6258.244216239638 -1278.6307146848367 2683.0131519668735
5660.05187239257 204.1065245519795 3990.1416111110943
4558.939080954886 1668.7080033756483 4942.72847766007
3052.7445455997176 2985.0374530949402 5456.132228162291
891.8367930180001 4141.878775208404 5481.655233080339
-1051.9976003944985 4661.411311381924 5016.3355532843325
-2902.3573903965394 4766.756996272556 4105.292445753017
-4494.8299894762185 4448.555403475838 2829.476088637384
-5687.917218754413 3735.0801409164505 1302.2483640950256
-6375.6080421326915 2689.726616707421 -340.68984241998487
-6496.798112072431 1405.3790789330958 -1953.3562613432352
-6040.71915902561 -3.84255740895813 -3392.458404283396
-5047.895799439975 -1412.7227656624168 -4530.125730444458
-3606.544745748243 -2696.07635655504 -5265.271505326216
-1844.736364335858 -3739.871731631526 -5532.574800696318
80.98493853994846 -4451.363091195778 -5308.284545719946
1999.5103742299432 -4767.331305622119 -4612.329913833322
3740.3705384628715 -4659.70121245509 -3506.54952822616
5148.882366007617 -4138.036217799463 -2089.196828796959
6099.8933998345 -3248.6885457195012 -486.20982283985353
6508.902136144794 -2070.6806397175274 1159.979059573192
6339.566353812074 -708.683671844305 2703.0987120589407
5606.932280214448 716.2829502793273 4006.036181624911
4376.0976679027135 2077.6046889147156 4953.0197562533085
2756.4275736095583 3254.322133521991 5459.905789569391
499.84161446914277 4211.351295055951 5478.48111964758
-1481.278532769153 4554.003336889845 5006.590083501243
-3330.780581887158 4492.012197326603 4089.841547377114
-4884.328159414652 4030.8860611600508 2809.692641794516
-6003.881745457067 3211.598009207307 1279.8902148554087
-6589.964090814549 2106.945380270775 -363.63607437928925
-6590.499207122082 815.0814081196829 -1974.851702614753
-6005.4395469474075 -549.2061240687204 -3410.5930905789805
-4886.770228589098 -1864.6942819822098 -4543.288315303978
-3333.889930182713 -3014.496169865516 -5272.29243532185
-1484.7788809446486 -3896.446844157707 -5532.830235387109
496.2612877101806 -4432.181117071169 -5301.751788612662
2433.206463145157 -4574.096647426388 -4599.589429065477
4153.9505663790105 -4309.583617565255 -3488.733363780073
5505.597932478275 -3662.1451709872476 -2067.8880290686166
6368.048761358278 -2689.309054907629 -463.3017681972452
6664.670512069885 -1477.5160274610982 1182.4508879447285
6369.1070403592785 -134.4392170023396 2723.137593592587
5507.620457746872 1220.5831078638607 4021.861573757245
4156.757627669387 2467.151267155604 4963.2255034447535
2436.548640743076 3494.5022094455753 5463.585066394832
102.73188511801894 4243.886435033381 5475.212400864401
-1899.6054193044079 4407.151451596825 4996.758157235239
-3733.154445940525 4178.821721220293 4074.320023423727
-5234.9963173763745 3579.185342456268 2789.860675672097
-6271.685792610391 2661.522639018835 1257.5099637850767
-6751.108462331198 1507.371969204862 -386.5760268758206
-6630.665518422378 219.28468493411103 -1996.313041087844
-5921.058845005361 -1088.2870059080565 -3428.6688809237635
-4685.340109070873 -2299.159620406403 -4556.372444224021
-3033.308343169046 -3305.7418129358307 -5279.222320543845
-1111.7538195222307 -4018.5943383769163 -5532.990126197794
908.5849098404282 -4374.377121542433 -5295.127478011833
2848.1918827045647 -4341.47730082109 -4586.769516120317
4534.724507706175 -3922.818169662469 -3470.8569540150384
5818.326959887381 -3155.5994291253396 -2046.543519940645
6584.945528375284 -2107.991831190413 -440.38571301120624
6766.4627891095515 -873.0799082844496 1204.9022971201268
6346.750136898582 439.408995920651 2743.1294505256924
5363.100882769928 1712.8544825236158 4037.6175142267666
3902.916579626652 2834.105331616218 4973.345542996131
2095.9410107162057 3703.5334847283602 5467.169995102887
-296.02602951901287 4239.14052631654 5471.849133176781
-2303.36253513281 4221.969345014977 4986.839944269308
-4106.035171360045 3829.657659601533 4058.728141926872
-5543.868563573367 3097.0640849566785 2769.9805327391714
-6489.104905046749 2089.282775121534 1235.1079973582237
-6857.755798738888 895.8595220504078 -409.50930377016044
-6617.0649949474455 -377.16478096966136 -2017.7399061565945
-5788.418927843477 -1616.676338040202 -3446.685463175287
-4445.446436942544 -2712.539107808614 -4569.377891260828
-2707.4765215988755 -3567.3808740664285 -5286.061041323252
-728.9354357461859 -4105.245194470311 -5533.054470367295
1314.3747624530367 -4278.340463773712 -5288.411728309608
3240.896994969719 -4071.286407682934 -4573.8703963789785
4879.451307041066 -3502.4806877234205 -3452.9206076304836
6084.444957362488 -2622.464188276334 -2025.163670001489
6748.808972075343 -1509.4302372063598 -417.4620530084785
6813.511692958943 -262.2767855351208 1227.3328993963635
6272.803999319574 1008.1811095136275 2763.0739376281226
5174.730142593697 2189.0576886521903 4053.303730951396
3616.8588037691798 3175.426885632552 4983.379700149175
1737.6136879063824 3879.6454686930856 5470.660513787083
-692.9465432392363 4197.09394819545 5468.391374663438
-2689.0468973181937 3999.9013468867433 4976.8356158764755
-4446.213633882512 3447.299957629205 4043.0661721355136
-5808.3147771892045 2588.3908389096264 2750.05255629666
-6654.32166317308 1499.4918351868112 1212.6847024239642
-6909.062867374381 277.35640149614056 -432.43550903822694
-6549.903515886487 -969.4233656259879 -2039.131927810406
-5608.756493233926 -2130.0656124678944 -3464.6425262135767
-4169.246842535056 -3101.4421820030557 -4582.304431829377
-2359.281313438557 -3797.242003212393 -5292.808479565338
-339.68328610753167 -4155.640208514249 -5533.023266784479
1710.097091869715 -4144.791544562937 -5281.604655477148
3607.9278385968323 -3765.6599627591086 -4560.892292590412
5185.178363734096 -3051.932967937577 -3434.9246343608606
6301.703036473151 -2067.02833572754 -2003.748848449842
6858.2937398532595 -898.4591648837057 -394.5311840471208
6805.494947321071 349.9420455831794 1249.7423074298129
6147.998063296737 1567.2493696046188 2782.9707104878144
4944.224571303365 2645.299709376118 4068.919953053174
3301.1350287775213 3488.3035612629797 4993.327801628651
1364.725152152356 4021.356333563575 5474.056562171276
